557892739.1525275707
536296939.1181541085
539354925.6891497374
568355799.9255185127
585047816.0134768486
582607192.1383409500
534816193.9443501234
536509641.4935774207
567489455.8207024336
473118579.7383258939
548171449.9770880938
464987721.1466166377
486769390.5042830110
462745657.9818711877
454351966.0631425381
495712682.6943762302
502310430.2717284560
423248587.9990814924
392099740.2664631605
393449701.6562629342
384629665.5291256905
385017085.3216195703
401487715.0736815929
357396755.5591667891
354534936.4689003825
422542928.5932596326
389072543.2075968981
403641548.5675823689
447410404.2074702978
330520886.7695288658
364816487.7257713675
291776479.6903327703
302171336.4651528597
291359743.7623752356
300662860.4656341672
291906230.8778336048
304442155.6045179367
296325942.4188082814
335079781.3419991136
289501914.7977635860
295893730.7934836745
284666778.4190145731
295121676.3955611587
287182951.1588574052
308531887.3958005905
284735770.1653899550
271306562.0270210505
269294619.6672286987
294399571.3646867871
269422269.8867151737
264504867.2361811996
266624361.1010764837
262112287.2814374268
260308238.2164422572
251730527.3503735662
252356506.8255802691
251066188.2123937607
250975477.5522692204
264473571.2313637733
249823933.8662192523
266822465.7332352996
249329644.2383759022
292134035.6014661193
250263913.4359334707
241241549.7746936083
238150007.5772500634
244976057.1070381999
241359999.1411339045
224648405.7389504015
231156890.6573612392
251116796.1440689266
221240609.3602129221
220694302.6293403506
211021799.9274728298
238851861.8388508558
214780381.7601586282
197315449.0034054220
218082958.7736280262
199164899.0781159401
228937116.0755097568
215725215.3093868494
234046078.4155550897
203435252.6357251704
264606553.3720242679
181365382.8377940953
183265936.1033324003
186034139.8858443499
182260898.6235329211
182492490.0068369806
190477300.6414690018
173843920.8332784772
190478693.8958472908
183512485.8492849469
204677796.8084640801
173364110.0070782602
217028179.2737642825
172040111.8632678688
214610844.8017370701
170132424.6192423403
180709645.6509052813
175379210.1276501417
188926214.0232762396
171911176.3336222470
169903149.7242748737
168161087.1696110368
210240651.8349713981
171701311.2500777245
196688170.5869494975
172674128.5025831461
205762849.6139867902
169568807.9210673869
188614161.8725206256
177430388.5514432490
199294980.5140680373
165666415.3187893927
184491397.6424210370
168942813.9717525542
158735463.3535134792
175458698.3795931339
190639701.8957910538
173978369.8570799232
221032815.4495733380
168808382.0555038154
206342062.6844531000
159715391.7561767697
210040995.2677560449
150836310.0830848217
189031386.3074129820
173887288.2011656761
168593293.1068754792
157179408.7611595094
206146169.9915507436
164161621.5112887919
196911777.1850922406
172740792.0630604625
154492383.1733184457
161697775.1100835502
180259386.1813821495
172978243.1530926228
207436878.4342675507
152530243.8337176442
161032836.3645064533
173644562.6651285887
151004024.2681778967
160595968.8683944941
186361465.8400465846
167664436.0007627308
228056821.8229733407
165149017.3714685142
208003779.3291553855
153168343.4237002432
207066016.0530675352
152808140.2605323493
216303264.9358809292
173957300.4438791573
190514671.3808601499
159049567.7270768583
186827830.8850947022
160422276.8488350213
141622230.9898803234
133142126.8044795245
164252968.7938787937
133240586.9893302768
146555028.8464742303
132359890.6473733634
167852434.1780200303
170655390.1432515383
201523796.8973771632
130623892.8656288534
159290877.4211240709
129958161.2325085700
184153800.0692417622
135439737.7002222836
156769810.7818317115
126406841.0331059247
164116015.3131125867
126409059.1721687317
172603881.1858545542
130016692.5222492516
161040059.9761278033
134093050.8511112332
130906928.9429746270
159208876.5583257377
151602012.6556729376
139339037.3339720368
147170224.9366505146
128210486.0239484906
146542246.1496512294
124918584.3844655007
142164078.3485252261
123782503.2486550659
171156608.0019812286
125887189.1884823740
151395321.1109323204
127152607.3275071383
174113674.2583606541
127935830.1851487011
156010509.4521824419
124475254.3077702671
164828922.1770858169
122472786.8436354399
139168904.6103047729
131051848.2473075092
196384827.0159128606
129299687.3917476982
166349878.2364142239
144742096.2297913432
150867176.0635270178
124304276.9503224045
151468366.5493721962
126090386.7280966043
173173112.5871166587
128105747.2420132458
136978596.1355868876
126028151.4639472663
137361890.7224818170
128616984.4841171205
132519837.6843444556
125368154.7715067863
163243132.9348029792
123589184.0486855656
132396690.9454376996
122595644.8526381701
171219331.0417990088
127287636.1766486466
171033684.9708932936
125896909.4639128894
141731966.4712429643
123356491.7853647768
203809178.6963182986
128212835.8471939117
156462795.8254990876
124311509.1898349673
166717326.6019379199
123928046.3220759928
180492970.1617539227
141683370.1752468348
122740327.7066534758
122555146.5549431741
131675637.3652787507
122977662.7778730989
134729289.1119475067
122850051.6849445999
126900733.8646732867
123478116.9871743917
125996663.2359262258
123128270.3375583291
122614609.5871701092
127921381.5428649187
122379935.6302816570
124571623.5626299530
122849598.6995511353
126349677.1653695107
123187543.9956318438
125438664.5744921863
122731155.2732200027
124405690.4521467984
123727563.0693035573
123347227.6242117286
123781894.4032466263
125708136.2391267568
122638680.1478301287
122581429.6080725789
124116505.4561321437
125267646.2799153328
123582016.6051452607
125867345.0844070911
123079327.8788211048
128121795.2851889729
122587930.2000389695
126619874.6913430840
123224788.9978118390
128466871.6393061876
122758235.4088235945
127115904.4601920545
122535184.1825353503
124210297.5870079845
122953230.0631826967
124331187.8964398354
123837951.2837078869
125456849.6333364844
123874006.5150682032
131980930.3384212703
123607001.6052748561
122776498.2400633842
126426103.4766516984
122488232.5547250062
124219109.9114682823
122699125.6717616618
124752088.1273694634
122502756.2949531823
125201304.5001134276
123162380.0745902359
122836296.3467460871
122878549.5348409265
122754215.9429987520
125127944.6344588399
122924687.1581925005
122738779.7325792164
122497865.9538878649
122650013.5524459928
122778302.9855697155
122440948.9494006634
122540500.2030878365
122596956.0556673706
123085779.5443419218
122810719.9592849463
124136318.2751528770
122716721.0342969447
123597810.3000072092
122453024.9953027964
123817939.4654973745
122803720.4609981030
123273804.1181887686
122432864.4301247448
122391334.1232416779
123067493.3473147303
123659940.2363631874
122861360.2312185615
123093435.3339281231
122437510.4554849267
122493600.1775391698
122641107.7336907983
123009087.4146714807
122565010.6180103123
122636509.9401821047
122751606.2906078845
122758618.4633836299
122782479.9502693415
122885216.5894213021
122902990.4075745195
123233438.9719460458
122943080.0953858197
123087114.6390743554
122490049.9569831043
122849234.7005889714
122557133.3168404102
122393953.6450719982
122633811.3098247498
122891520.4759023041
122738124.3945969194
123862008.2602084875
122544055.4705536366
123939939.5183810294
122775875.1814649701
124266054.1474914253
122621151.7603143156
124112922.8109871447
122506907.2383156419
122470017.6200220436
122439221.9023326784
122572566.5513806045
122598016.3080233783
122420522.8082366139
122817234.4311693609
122539494.5794498324
122432566.1185944974
122426638.3115942031
122944901.5100556612
122442909.0268766433
122502323.0660652965
122535122.6363573819
122429340.8760002255
122386605.9845842123
122366431.1000231802
122591777.4500774741
122500842.4736577719
122615369.7505424172
122565509.7654572576
122746990.5311173350
122918031.5581156164
122517283.4723169208
122460564.7784353942
122409318.7555617541
122389846.0037573576
122457627.8432913125
122679347.0879870802
122720567.1979881078
122548283.3484281003
122646943.8725492358
122634860.0704067945
122374808.5619837791
122473897.1768144220
122396738.6090640128
122876464.4076922238
122358893.1012426317
122430729.8067565113
122618802.5308448225
122594138.5339114219
122712564.5324868262
122417761.1960782856
122647974.3323875815
122742304.6194818020
122753621.9985265881
122781304.5756385475
122767295.2540793270
122642355.7532738149
122377791.9168882221
123080382.2607814968
122363963.4305544645
122751173.2607221305
122508668.0749711692
122496925.6602403224
122711412.7525935471
122376457.2235780358
123073088.2286793888
122384060.6778911501
122710242.3098628521
122423533.8603795916
122382209.5820906609
122723178.7790308446
122511076.7531869262
122766717.5381565690
122614548.0162795782
122377011.9073648602
122387193.4452703893
122400536.7327509373
123086903.0628630221
122775426.0316433758
122612455.9829527140
122430495.1927358359
122781962.9841275215
122739161.9633883834
122473306.2537477165
122771272.1894839406
122490230.5395710915
122352173.9448090941
122448322.5935785025
122710774.5620066971
122648995.5075368583
122745844.5632988811
122641953.9233818352
122385580.0402387679
122766440.8381810933
122400183.7298237532
122350093.8971675634
122389442.4957760423
122712178.7649866343
122499665.6723948270
122730814.1486758292
122651182.9661880881
122716898.0230086744
122365737.1330551803
122731253.6783651114
122490292.6522126347
122355111.5352942944
122379989.4834722281
122357193.4800090790
122757588.8007460088
122413891.0175985396
122607467.5944600999
122382096.9180906266
122412961.1117751598
122356158.6028512865
122450582.1027935594
122740899.4813055694
122490508.9553944468
122404074.1874464899
122751351.3403503746
122732241.7632030547
122475053.1558933407
122373960.1961396188
122763718.0282978863
122735180.8412398249
122733145.0806805491
122772062.7461307943
122553429.6295067966
122729825.3497970849
122724296.9280785322
122356607.5771895945
122422434.1171838790
122766964.0404807329
122373335.9209528565
122370762.3934520185
122733993.8383133262
122362971.2042448223
122752532.3571780920
122362305.0266874284
122365661.9282048643
122350533.1390067190
122759807.5489164591
122359951.4206046164
122767931.3219952583
122357313.9638781697
122421248.0540962815
122353212.3338409066
122434558.6130818427
122768055.0665264130
122469510.3564511240
122376541.9939074963
122771283.0297790021
122769169.7767061442
122350142.7298569828
122376384.9178933352
122774960.8200933635
122695530.6074608564
122356582.1820098013
122760687.3721277267
122353324.9237918407
122367717.6004168242
122357909.7884852588
122356173.9517953545
122353997.1952691078
122761394.9745263606
122360710.4609227628
122747072.6704380661
122775865.2158887684
122400976.1322962195
122765547.1403852701
122385877.3595479876
122349972.2897314131
122354242.6117770821
122361112.6087032259
122433495.0296024084
122351088.2874995172
122409271.6074074656
122351478.5743392408
122360153.7046286762
122765249.3465287834
122361852.2373444885
122349895.4030937254
122772939.7219759673
122773825.7637295425
122403018.5391992480
122362331.8483356982
122355159.3970313370
122362660.8783494234
122350463.0817445070
122350590.1560522616
122772290.8610507101
122362178.2276829332
122765750.3065330237
122350339.8678362817
122769756.1070343256
122364639.6913081110
122355170.4242149442
122774709.4815355092
122768097.7476984859
122356001.5814254135
122776103.2679913044
122371443.8055116385
122354871.1436940879
122757629.4116068184
122361730.6069580913
122359842.5986598581
122354173.2632420212
122375160.3093642294
122771169.3224913329
122363620.0828561485
122352082.9467233866
122770135.9000236094
122774918.1021125466
122354053.0994859636
122351395.9381520748
122353010.2489802688
122350140.4439811409
122772690.7355903089
122361867.4580263942
122351904.9476383775
122355574.3719382137
122354453.6265093833
122771071.9974539280
122349650.6098223329
122350205.0275999457
122351324.6926293969
122773744.0110758543
122355426.2530931234
122775334.9126600921
122356132.0259277374
122350454.1708914042
122773459.4503913969
122775313.3369845301
122352635.7627042085
122776238.3299274743
122352231.1065125465
122350021.5583779961
122775558.3917174190
122350151.6023748070
122776222.4856204242
122775494.3072607368
122352602.5927541852
122350585.6050255746
122350968.1585123539
122351110.6805382371
122355727.7197687179
122350366.8943187445
122353965.6201421618
122349746.6474120319
122775902.2582046241
122351245.6940654814
122776524.6104516536
122350487.0191280544
122350199.2867552042
122775844.4652039111
122352193.2219546288
122350016.6244700104
122775225.3314845562
122776310.6134226918
122352423.1442191154
122350766.1274440289
122776086.3524961919
122776090.2079472691
122350840.1882945895
122350391.8816995174
122350130.6978805661
122350418.8777337968
122353932.4460697770
122776003.4712826014
122351765.9939486533
122775399.2642845362
122351429.7168176174
122350103.7645014822
122350468.1805787235
122350076.1688366532
122774726.6981316656
122350197.7097345293
122350595.0180842727
122775787.0900807381
122352147.5391383171
122349974.0367037654
122350014.1090493798
122776169.6545214355
122349610.7109913826
122351144.5497108102
122776351.2264770865
122775140.4066473991
122776232.1972349435
122775507.7159844637
122776361.6313640475
122350016.2432594895
122349978.9521620870
122352037.0707874000
122776203.3076564670
122350369.2239521891
122776304.1877441555
122351106.4813377559
122349679.8196913153
122349734.9814927280
122349698.1158137619
122349747.9514730871
122349705.0498880893
122351303.0890072137
122349758.1431629062
122775839.2938639522
122349616.3426857144
122349940.1626230329
122776319.3937828690
122350023.2801612169
122775848.1605966240
122350460.5819678456
122776134.9033648223
122349659.4299491644
122349997.9076929241
122349609.0247929841
122349633.7489829510
122349643.8360730708
122349864.6552357078
122776304.8828216344
122350556.2019036859
122349735.2577282488
122349587.6809031814
122349631.9317837358
122776103.2701152414
122776267.5396554768
122776066.7421963364
122349753.2482321113
122350292.6645703316
122349851.7199145108
122350404.7462926209
122776332.5082246363
122350023.0470517129
122776261.6551118642
122349851.7680336982
122776332.3292945474
122775657.1792968214
122776271.7816635370
122350182.9531109780
122349865.0678706169
122349582.2759654373
122776273.5093874037
122351188.2685805708
122349639.3193768263
122776079.8595600873
122349652.3474716991
122350328.5063941926
122776209.8330158442
122350647.1924081743
122349699.7953837663
122349779.1618364155
122349667.5297296047
122349593.4362912178
122776346.4478160143
122349773.6883548796
122776235.9595509619
122349709.6922100633
122776266.6897144616
122349678.1962071210
122349666.9935094267
122349592.8506520241
122349667.5981981903
122775684.0850125551
122776241.8873193711
122776371.9362871945
122776301.3059345782
122775927.7414095998
122349664.8156035542
122775836.1753500253
122349689.3515663445
122349777.2635211498
122776322.5712477565
122776230.2994815558
122349592.6384378523
122349744.7379273921
122776285.0123353004
122349674.7997516245
122776344.9611695707
122350374.7084343433
122349597.0420276076
122776264.7065880448
122349583.0110571086
122349619.5920418054
122349612.9172350764
122349768.4038317800
122349624.5702463686
122349756.1377495378
114633708.0000000000 0.0000000075 0 0 0 0 0 1 1 0 0 1 1 0 0 0 0 