463890720.5017309785
435259981.6081780195
439931036.0916140676
457947145.7869274616
488540983.1537581682
440023806.7292304039
493383835.3282645941
440996761.9480215907
488355616.1114368439
478226256.4689097404
460407150.7573021650
414548310.6337112188
474627997.1243373156
413859599.8500645161
411015274.2281370759
458604241.4366517067
468489179.2724770308
366240821.4825727940
345204284.4685109258
343855237.6133199930
335423133.2643659115
324345962.5903847814
342933429.2280225754
296597176.1791313291
291115347.3322350979
341457322.4062654972
373216535.8706679940
358274468.0222797394
351556833.7908340693
277971112.8955426812
318620115.3671864867
206050643.0454736352
213059813.4622360170
219976023.7459573150
250890255.3180760741
204435848.9671730399
228123724.0981491208
211151315.4944291115
240317799.6872169673
214209887.1258444488
234727265.2407449484
202063496.5684116483
245258719.5130530596
211214660.2503019571
188020373.9734841883
186506594.5999736488
171305927.0196174979
185059145.8256863952
225257773.8139067590
172918449.6250123978
171444108.2910956442
170604953.4395976365
187828566.9588679671
165661079.6935230494
147912153.2066250741
149472559.8636430204
158607399.8279794157
148780108.4154037237
167535210.5277777314
169004943.0844130516
160683837.8771203756
150796573.5802354515
184001386.8924509883
148204497.3037858605
149203172.7868234813
151372493.5138931870
162071925.0422281325
150129840.9813509881
160948238.2553735375
150482748.0741876662
160046086.2698242366
156972860.1976160705
157218654.0110750496
148448363.9015215635
150154582.9843889773
153175296.4321775734
181331581.6760168970
149582726.9442236125
153545608.8957738280
159663479.2635480762
165606382.8669320047
158183148.6576102376
182005807.1654009819
152067760.6591959298
185059136.5574641526
161738745.5069433451
167793612.5348732769
151292720.0288683176
190518671.6953031123
149115691.3083727658
162375181.8054499328
149655346.2752234936
196196537.1917045712
164333428.7198473513
180688711.6732030213
156262384.9139387012
208443716.3944879770
158096992.2425454259
162333574.7200783193
157930255.2933480144
198968454.3197959363
151517196.1623452008
193160922.5945032239
153876304.8664661050
178367922.2179053426
162786727.1232198775
157397691.0348859131
152747040.8045633137
157980272.3778737187
152213750.1699673235
157521849.7814887762
149763583.5169277191
148123903.1105960608
149775612.8170904517
147579101.7923913896
151632718.9954137802
157016706.5511000156
152809712.3458348513
160191506.3273340464
153176507.3312453926
150200140.5791215599
155319581.3697426617
156226241.2329079807
158643200.8977270722
156135694.1559741497
157793697.5750657916
149040393.7442975342
152165328.7504616082
156441244.0058369935
151262742.1039409041
149195049.2883100808
149170765.5386695266
149288843.4043206275
150592556.4132252336
160419711.1451475620
145743685.2961609960
152533777.0169560015
150029052.6163244843
149818505.8920428455
146806294.7557804286
147258658.1346274912
151053050.0865560174
146722553.9070394337
151220520.7774651647
152828114.5209431648
150154426.8551955521
152995826.8370053768
147584416.2762043476
155389733.4694157839
146954570.5151832402
146957753.9156188667
147568656.7098320127
148190487.1161498129
148154817.3395030200
147710001.2260771394
153156690.1766852736
154283971.9663499892
162537967.6641874611
152670730.6264780164
148039276.6848641634
146184092.1966455877
151872662.4546306729
146463451.3259098232
147433305.9563726485
149021190.8470140696
147374408.9642073810
146189302.3421377540
157977351.6700329781
147029714.6766298115
155102702.6843842268
146498880.8569830358
152936187.2562823594
146780339.2387637794
153824304.4366343915
154539817.2197747231
147932483.9061284065
147565322.0953936875
150794973.1413483620
154776231.1191678941
152036113.5945281982
155461804.9089793861
147975147.0159470737
154466934.7420648038
157676119.6963014007
153527330.5351274312
148208610.0335139632
146338951.9420441985
158325801.9874612689
146544971.1175409257
158126919.4345395863
147189457.2650361657
157447614.9887083471
152420921.6602050364
146955261.0487455428
145962596.9527474046
152620100.1071907580
146316279.1480034888
154499680.8226630688
146167453.7065362632
157277621.2226262987
154983671.1780116558
148635008.4159134328
155673619.5821645856
154984699.8425007463
145795638.5477691889
155916333.7627483010
155107069.8980647326
148632807.2048951685
145698475.2615270317
146315571.2475018203
145813738.4379650056
153104129.4418964386
155803855.5962260962
151862458.9763326049
146213375.1571538746
155520382.0150268972
145961123.2704003155
149812753.4701700807
155684503.2059424520
146678981.0205180645
146679045.5773931146
146957468.6177715063
155178457.9477951527
148971391.0442669690
145728137.6390725970
145780838.7141690850
145628811.9434888363
152722625.0223283172
154949131.6355554461
150095365.9892753661
155538046.7151293755
145787454.3461222947
145653942.5955767334
155095650.0978084803
155474140.7898117602
147000390.9062228203
145745877.1328403354
154218366.9398914874
146793492.7963422239
145835119.6058213711
145931081.3168295026
145950126.5553461015
146286196.8802407980
145826511.2042423189
155100560.1676640213
145622406.9568054974
147021294.7782183290
155003987.5805638731
145381841.8225019872
145367905.6034665108
146310618.6366057396
145947250.7740349174
146656571.1215269566
145233312.9552187026
145120088.4579389393
155944611.1358330250
145790774.0125591159
156096291.7552208304
147440925.6745080650
145242675.9568924904
154827547.5107151270
145260813.6906177104
145086830.3697680533
145131332.0235648453
155493126.9913471937
155548750.3573740423
145930154.0066209435
155232858.3852602839
154172575.6592634320
145216442.7766471207
146909601.4265947044
145064390.3260849416
144894365.8273713291
145117353.8923381567
145409956.9954842329
155846386.4708937705
146339223.9083094597
155800121.4559768736
147219218.9487670958
155840936.1352427304
145014887.9256819785
145252074.0480011702
156019698.4539221823
155821803.2809551954
145040542.4228573442
145054879.0724595785
146014444.9583911002
155895340.8658751845
155884454.0540742874
145270826.7411957085
144787051.2788525224
155896966.4674348235
145920848.8385902345
144859001.5634256005
155995550.4618938267
155792428.7583007216
147406592.6182349026
155852131.9692813456
145866158.7409740686
156045866.3374898434
144987323.6067990065
144944227.4033508301
145275153.8942137361
145022318.3364736438
145025333.1304042041
144772675.8857973516
155649884.5776377022
145217720.7960926592
153553656.4202535450
145056910.5444331467
146362599.2908344865
145005613.5036054254
144652950.0626918972
144729928.7188176811
144584428.1506836712
155618262.1121496856
146321546.7805415392
144830297.2897403240
144658660.3464615345
144534196.7830485702
155171865.5094183683
155425827.6617279649
145216480.5411779284
155381536.3162662685
146331723.5387576520
144691810.0662074983
152120616.2410206795
144720644.5089049637
147240647.0936665833
144628573.6768092215
155678148.9688678086
155642774.3701844513
144862280.2847792804
144552132.2399141192
155324988.9487761259
144436231.5111775696
155220472.6444216371
144622778.4346716106
145687475.8488590121
144446639.8872470260
155284327.2085352242
155705293.1830039322
144599130.1114900410
144408213.9505442679
155453824.3954907358
144452019.6327181160
145544282.9350055158
155704107.5741735995
146232058.4667469561
155533834.6637122035
145920158.6547965407
144484823.5728192627
145372191.3950873911
144404325.0356555283
145658510.2763936520
144428442.5162812173
144890811.4413650930
155785677.1489604414
144783008.6091885567
144437296.2484017611
145390941.2325148284
144384498.8121677637
145724318.7042459548
144358284.3557710648
144795842.8608918488
155420726.3012771308
144992474.6332589388
144491874.0854391754
144834152.9613392055
155399787.7945109904
145215502.9757087231
144528361.1712302566
145757626.5357123911
144373569.5094816983
145316179.2053283155
144453171.7263322473
155111716.7068655193
144564086.1549411714
144917291.7299503088
155495779.6951832175
145848606.9603224695
144468057.6639674902
154551989.2596325278
144493866.5649649203
155813774.8161189556
144395697.2092223167
155926286.5640818775
155332845.7353530824
144685513.8237484396
155553362.8257630765
155526270.6931045651
154955229.2319805026
144524566.3470001519
144857226.5807677507
155247806.8110432923
155414689.8757386208
144408035.1846799850
155165343.4886493683
144559711.3692450821
145055387.7044517100
155557564.1040159166
155181012.6250167787
155497142.2964950800
145221654.3374323547
144553738.3406768739
145102125.9126417339
144395804.1604255438
144538917.4944777191
144453500.1270067692
155106200.2745117545
144408359.5257009566
144410170.8064297438
155363283.8946382999
144999985.8096512258
155533668.6728091240
144759897.6549195647
144388005.4235675633
155168201.1771407723
144529536.3444889486
144353932.9759694636
155596824.1804381311
144604388.7422722280
144547493.2061800957
144519482.1365788877
144615996.2445452511
155590273.3644789755
155502505.4832058847
144895359.7185081244
155588521.0998483598
144515219.9459241331
155399527.4148549736
145749575.3758177459
155395239.5268290341
144454686.6361159384
155463823.3050951958
144587966.8888213038
144411430.6471586227
144492199.8416674137
144436485.5284962952
144528667.6477328837
155447592.5444145203
144591624.8374044895
144522891.5318840444
144676129.0457648635
155576271.9862195551
155197453.2154850662
144517925.7337861359
155139274.5214945078
155467648.7630386651
144538497.0137872398
155476699.0401097238
155542742.3518498242
144507954.4171977043
154933376.3594676852
155275783.0475887656
155513110.7585477233
144739150.9794139266
144463873.8923997283
155418971.9942656159
144438449.1372969449
144337550.5487342775
155534809.0691129267
144457432.9527566731
155509064.3275241256
144415638.9502626956
155612041.0320793390
144450636.0431620181
155526826.2926868200
155462769.3325459957
155450683.2611146569
144779244.6249078214
155428470.6401397288
144666778.3766140342
155551222.1374629438
155303422.4683168828
144344506.6777534783
144453005.7231948078
155558512.6142031550
144431977.1810462177
144362329.4660448730
144562380.0945970118
155508931.8371602595
145025100.5372337997
144395286.9325774908
144577194.0800766349
155457346.3701325059
144386977.9532794654
155521812.1250407696
155367340.4821084440
155407215.3348563612
144612104.2692474425
155487695.2450970113
144764593.4558962286
155534611.2436231077
144716102.4950292110
144357095.2442286909
155417230.4235179126
144376126.5765027702
155489763.2650580108
144350797.6585214734
144357793.8327790797
155527610.8154328465
155364803.8659167886
155505857.4498674273
155599781.5464144647
144348718.2245344222
144532212.7512498200
155572455.7973838449
144474177.0291433334
144336943.3783278763
155627540.4021061361
155513946.5207064450
144990344.9671547413
144496072.8774358332
144417384.7657315135
144373075.4899087548
155522408.4226700366
155594727.3893701136
144359406.4449002743
144353323.9335073233
155592676.0170880556
155577175.2003793120
155512747.3455308378
155612078.9589447379
144405883.5870296955
155547251.6226710677
144465813.7007171810
144344871.3827041090
144351477.6972673833
155547093.7646062076
155489023.2384104133
144382428.9529868066
144493265.4951180518
144367419.4916503131
144580549.0962950587
144366834.7447690368
155589419.8759641349
144352530.3180627525
155576707.4206924140
155562667.1300225556
144461657.4034349620
155603664.2516370714
144386909.4577446580
155593949.5261855423
144353587.6199236512
144358848.6819459796
155487947.9905199707
144353835.5906628668
155486156.3346600533
144359446.6112749875
155486124.8622951508
155543925.3269726038
155567881.7984877527
144406138.0624365807
144336972.5192251503
155612642.0029683709
144353736.5573648512
144460041.6945478320
155558553.3645308614
144410719.3661111891
144348758.1207452714
144514463.7377199531
155581847.2028096020
144392826.9054662883
144340300.7356654108
144381631.5746470690
144356084.9644498527
155581444.3428803086
144346449.1259028912
155565167.6831861138
144347406.8147257566
144379658.8259046674
144354581.2934360206
144362841.0232535601
144338334.6143896580
144334809.3654884696
155555206.2587503195
144419709.5258679986
144346607.1173565090
144337719.6241657436
144336654.7188897133
144346530.7716283202
155560881.4365167618
144399458.8442017436
144347126.1901018918
155539190.1290146112
144338764.9167656600
144342053.9751542509
144341140.1516855657
144342434.2662657201
155539261.8269846439
144503418.8155460358
144336369.7649228275
155196861.2017375231
155571717.7560746968
144404654.5506242812
155583807.9971512556
144411700.0239058733
155573393.6917006075
144400965.5970685780
155554819.9861489534
144420472.9335221648
144404903.0925007761
155569309.5369491577
144355233.6615526676
144336220.9810807407
144342039.3883776665
155570773.7845672369
144337678.7392218113
155570377.7465494573
144340390.6369185746
144335553.9002770185
144339745.4191777110
144333731.9013129771
144342423.3392409086
144334782.3664747179
144337384.1578693092
144338608.9413944483
144336013.7135812640
144337953.4372248054
144336083.6074261963
144333649.2066828012
144337100.8432689905
144340551.5912895501
144340207.6524430811
144336188.9445288181
144444425.1405471563
144335256.4824860096
144379891.4700266123
155566848.4917153120
144352198.0107991993
155557005.7005103827
155574175.5172912478
144355567.1887860894
144334973.0849890709
155571692.4749362767
155572394.1042451560
155551530.9303133190
144342276.5901623964
144350335.6576511264
155573104.4292112291
155569161.9441207945
155573063.7017012835
144335033.2778201699
155570783.3010124266
144339803.4978878498
144335440.5030899048
144336557.9215905368
155573029.1806506515
144337369.8886055350
144335201.7439903617
144351875.3078636229
144340186.5300300121
144351699.3318453729
155566743.1109508872
144350871.7297638059
144342939.6103182435
155558540.0333316624
155572903.4597207308
144341585.6977777183
155574076.5636063218
155571818.1383891404
155566744.2202476263
155556044.6659958363
144334316.8115877211
144346815.2959626317
155572047.0526584387
144339936.3843990266
144333710.9037380517
144341947.4280443788
144335179.6185949445
144350199.4945845008
144337588.4731688797
144334907.3821895421
144333373.5909739137
144345932.2124410272
144335207.3746453822
144355030.1960825324
144333820.2813185751
144346046.3671014905
144339710.5886838436
155572764.1977625191
155574971.8825753033
155573555.8162464201
144338557.5462869406
144335128.7632967532
155570464.9217340946
144333359.6301852465
144336543.4022604525
155572716.1637933552
144335296.5479516387
155573443.8287630081
144335254.1239714622
144333251.7203346789
144333900.3545665443
155572570.5634557903
155571256.5356168747
144334813.4933561683
155568353.8816266358
155572878.6789916158
155569272.5163428783
155572397.3284728229
144342340.1581554711
144334196.7790289223
144334331.8416105211
144333445.4892058372
144334927.6779631376
155570937.8554244637
144336146.8305293918
155572820.5296559334
144337857.7969477475
155572730.3611216247
144334779.1948710382
144334732.6323384643
144334072.6977339089
155573715.2383525074
155571835.5168676972
144335849.3432134688
155572633.5229410231
144334367.0423625708
155572873.1366134286
144334457.6139151752
144333474.9539250135
144336434.1855299473
144333517.9695994258
155569668.2457320392
144333767.5974960625
155573283.6130581796
155572748.0360947549
155572295.1740683019
155572218.9987668991
144336658.8205562532
144333822.4966438115
144334129.0161733627
155572547.5986251831
144334359.6312705576
155572860.6195711792
144335096.3862927258
144333553.1195233762
144333979.9069308937
155572520.5307895541
144335065.8791492283
155571445.8438408375
144333414.3143622875
144333240.5237734318
144334168.4662326276
144333509.9670127928
144333558.5508777201
144333876.8966189027
155572320.0969910026
155572885.4168257117
155572984.5837655365
144333428.1178672612
144333720.4090737104
155573114.8914822638
144333091.9227068126
155572479.4451541305
144333205.0060676634
155572500.2545986772
144333318.2807782888
144333211.5231626332
144334048.8991630971
144333282.9500987232
144333448.9990944564
155572300.8739501834
144335488.9076653421
144333010.1427808702
144333655.5767207146
144333107.4558978379
144335546.1362171769
155572644.9489655197
144334480.6249389052
144333067.6850069761
144333756.9672410786
155572620.3125461936
144333599.9293781221
144333278.4840018451
155572116.1698824465
144332957.6560583115
155572073.1536066830
144333319.0984169841
144332976.7982473373
155572544.5687702298
144334258.8737707436
155572337.0104260743
144333571.6984487176
144333190.6173747182
144333954.7968169451
144333119.6327109635
144334488.2451473773
155572218.5737351775
155571741.6651303470
155572458.7593194544
155571441.2857540548
144332932.7359051108
144333924.2379825711
144333287.2229822576
144335303.2489873469
144332960.8519589603
155572517.1679943800
155571943.5753493905
144334206.5430750251
155572468.0585206151
144333136.7257150114
144332930.3814930022
155572232.8345376551
144334931.1738255322
144332931.0933619738
155572299.2096669972
144333055.4065128565
144333073.6263786852
144333957.1369633377
144333200.3072417974
155572495.9898759425
155572509.5478958488
144333108.1895520389
144333044.3697372377
155572144.1486019194
144332988.7465998530
144333315.4478777051
155572429.0435185432
144333594.1016291082
144333076.4545380175
144332914.7228199244
144333089.0146223307
144332909.2396405339
144332916.7882831395
144333099.8651644588
155571696.4617896080
144333634.2519426048
144332868.5304913223
144332857.0234735906
155571663.6798717082
144332900.4266490042
155571902.0839691758
144333100.8219853640
144332950.4399528205
144333008.7596443892
155571860.0833090246
144334490.2550386488
144332876.1519899070
144333046.6264936626
144332860.0434025228
155571857.8862925768
144332891.4685633481
144333459.8025174439
155571920.2689714432
144332873.0471591651
144332885.3439930081
155571201.1790339649
144332956.0790719986
144333360.8897776008
155571842.8277529478
144333479.6401976049
144333007.0143956542
144333126.5336511135
155571898.4347996116
144332989.3756842613
144332974.4105927944
144332899.5286751986
155571767.0620104969
155571901.8126413524
144333460.9322656095
155571924.6774199605
155571725.4919446111
144332853.8664276898
144333015.4392841458
144332865.8661673963
144332799.8788686693
144332815.6849513054
144333055.8241132498
155571906.7633376718
155571934.3762141466
144332823.2814938426
144332836.5683865547
144332864.8372532129
144333017.6637607813
144332783.8460910320
144332815.9608400762
144332949.3822468817
144332966.8911055028
155571912.0018775761
155571678.4842956662
155571913.0489404500
144333302.5431691706
155571888.6592243910
144333085.5239291489
155571867.1329502165
144333052.5353612602
144332899.2218605578
155571806.4653752446
144332819.9911997318
155571983.4343673289
155571870.4501253366
144333009.6312211454
144332771.9882134795
144332925.7602255344
155571926.4841096401
144333362.6725766957
155571923.4404824078
144333043.6903135180
144332804.3216944933
144332816.4705973268
144332835.1292191446
144332817.1836147308
94881828.0000000000 0.0011069270 1 0 0 0 0 0 0 0 0 0 0 0 0 0 0 