618857053.3581078053
583413300.4953240156
587493251.8642451763
617507547.6249498129
613005522.7364441156
652742694.4474865198
653434748.3353794813
590224639.3576023579
597185248.7678229809
658181576.6675850153
670940802.9418435097
560225117.2673509121
668392416.5880284309
556398211.6472253799
556205933.8071579933
595480593.8683476448
621915042.8736474514
505891644.3933867812
482512111.2301949263
477277440.5443741679
429184976.0572012067
417660443.5149478912
461608168.4943665862
400208132.3556191921
392079012.7946862578
511410441.7127779126
508984722.2782323360
490550504.3687485456
483485321.5162415504
359401907.1413561702
398516121.0740196109
236020222.3777729869
295774559.2361462116
236090818.8632587194
243543686.8133316338
233831605.0900658965
231151897.9338340461
233890530.6419398785
265221465.6308916509
245779489.0701512992
264583243.6099315584
233831635.5490247011
248109039.0460340977
231661977.6617484987
272372578.0903012753
231561753.9603907764
228070969.5854183733
229118258.7156500816
237957903.4031222761
229611347.8566830158
235691360.6346148849
216659952.0026553571
333732323.3279483914
243201130.9081982374
242803892.1971566081
224935746.9269632101
224547542.0322418809
207304323.4198228419
238175930.7151049972
279396723.8017971516
266724572.7241516411
218351773.3107672930
204315564.9965961277
185471132.6264500618
181894990.1216608286
176375150.6181767583
180481607.7313815057
171714576.6770163774
205978389.2200052440
175978192.9237909913
248947282.5223825872
175538011.6950431466
186440357.0230478644
170034758.1907296181
202980180.4285027981
181620157.5507435203
289335244.5254462957
179296689.0140342712
247446564.2516009510
178242916.2563739121
227777581.1419999599
176575410.1944941580
184823883.8994115889
174930985.2380337715
181592290.6675489247
170575990.3466100991
247048985.8549967706
202766366.0541202128
216672897.6556398273
179038641.1795918047
216024726.5846784413
182569939.4391296804
212761219.7862648964
184196619.2355127335
253706628.8592365086
182367459.4877154529
220764041.8348397315
179158430.2498704791
210859190.4837590158
171192375.5608251095
235082038.8711349666
183014168.2786004841
203083028.4332851171
176158872.0843203366
199111467.3644806445
169757555.9374926686
200056574.7584229410
169518459.5961280465
185295126.5126881897
167068035.5371807218
179729201.2416792214
169058105.4705447853
178377249.4833564162
169274465.3352825642
165384421.0827429593
168323358.4434829652
175272837.0556540787
163919679.9989705086
166581884.1117189229
167535490.7581274807
183325667.3278151751
165355522.8483880460
168024400.9889607728
164640044.7382124066
182641049.6904044151
171602411.8043831587
167093444.4016969800
175004536.8567065001
168111237.6361201704
171529295.2585978508
163185828.3325483203
167151925.4021932781
164072094.0786683261
161796639.9071436226
167366501.4489074647
169517575.7431369722
167773592.3023582399
162096355.3965070844
182656784.5493785143
166274159.5125947297
171561285.1330237985
173974345.1334989965
172695084.7743574381
161889750.0911105275
161694383.3777244985
161688686.7668617666
163942170.0792014003
162220651.1204302311
167275687.0352001488
164319473.9090239406
170461507.8734181523
162835704.5081926286
170316586.5189253688
164958497.3794864714
174864882.1781904399
162984999.6969870031
172397692.9568800330
161736723.8709622324
162185205.6592078805
162731759.9039804339
164667128.1610665321
162825227.3264301419
181562598.2727567852
162651195.7638615370
179264861.9708726704
163836334.5618289709
168155262.0965571105
165492608.0642428696
165093350.9778816104
162251975.0166206062
178884539.8486188948
163218399.8411077857
172277233.4582000375
161250157.4829576612
166923732.4409292042
162046287.9607274234
174883883.2385793924
162778413.2308339179
190333299.3354423642
162824717.8470272124
171942968.2474384904
161770808.9307580292
162130463.0923584700
161559487.2397094667
164334975.9444382191
163635145.1295776367
172287805.6205923557
169375301.1816348732
163725645.1422932744
162788244.1276470125
164407460.4379698634
164070610.8920319080
174759032.0193513632
167141099.1205963492
167116227.7036986649
165447155.5498006940
165477309.7144387960
161415596.5875284374
161227816.2906618118
168852774.5082909465
170945701.1937332153
166854913.4131185412
165215251.7852249444
163547297.5084291101
172520852.9631223679
160201124.5629855096
161860038.4722707272
161617951.6550718248
168823116.1941618621
162464358.3341399431
162439017.9945356548
165127151.7098794281
168940229.6029447019
160476069.3303855360
163122249.0784296393
161002694.5151622295
164027210.3653051555
163505879.2440707982
173166321.5066942573
160611323.5078530610
177522738.2773198485
161388702.5910183489
164386692.8760780990
163315667.9385958612
167681115.0341409743
162253792.6319767535
169389602.0492103100
164118972.2528710663
168108116.8841835260
162565421.6082363427
173387137.8374094069
167113614.0254711211
167038103.1209601164
160858646.8547743559
164226182.7456198335
162467755.6948457658
166085361.1873894036
161680154.6461835504
164730517.1259321272
165978068.9448733926
174033552.0031927526
160770962.9342956841
164717715.2822747231
169248007.0115517080
172008649.4715777934
161585232.8602201343
188933918.9097022414
163309869.8061569035
164798871.2038846314
162589978.3095050454
165039758.5804153979
167061983.7114956379
170110331.8821041584
163349087.1782651246
179015897.0226315558
161978751.8138935268
167467553.1797862053
166007189.2293616235
168162842.2753616571
161516827.6353223324
165669359.2527194917
168888981.0445421636
168183435.6909787357
162380965.7716687024
161523977.1511131823
160610214.8247627020
161855078.0252963901
165223999.3190915883
160337259.4411887228
161213408.8576613963
163552098.0305648446
166220963.5069072247
163482401.1287284493
164809391.7488578260
161866818.6096170247
162481855.2287681401
163731615.0797180831
168616428.3147954345
164387225.0192515850
161044470.1336647570
160933705.2588813305
163500815.7584325075
160766362.0017278790
165658209.3874571621
161689012.0768719614
162742139.7580512166
163046021.7574276328
161123496.2550075352
160631918.1188227236
164143237.8698293865
163555405.0019450486
164338984.3898352087
161095020.4514239728
168261183.8320928216
163869412.1068461835
163722384.3219207227
160315626.0611549616
161407284.3329434693
161913517.8021076620
164137833.4632233679
164477266.0610647798
161992467.1983195841
163489274.6695353389
163216313.0347435474
160393862.6913489401
162943724.9605614543
161417430.0572098792
162708429.7185429037
164128212.2871238589
160356224.4107971787
160256295.7789423168
162710371.5520084500
160214222.3435748219
160739681.4306058288
164593761.6937454641
164470956.2343836427
160166413.2724745274
164192046.9943762422
164402842.0074813068
162676308.9209675193
160999190.1134262383
162026000.4849377871
160825834.2699591219
164274817.2352510691
160200044.2942564487
164355218.9727792740
160104203.0309910178
160357764.5115444362
160346046.6713900566
163676707.6543316245
160219606.3642695546
163020784.8519495726
164429608.2240320444
161276035.8843611777
164337456.7586678267
164028134.9233151078
160318155.1165001690
162872556.0903241634
164633203.7369171381
163417501.3815326989
164427847.9911978543
164620203.5969393849
160612926.5835845172
160230031.7649013102
160359013.0499848723
160224851.5254762769
160211097.9508991539
160094481.8908368349
161098813.0008557737
160075950.3465585411
164136237.7602618039
160050277.5334047377
164335498.1284055114
164607698.7261000276
164387389.4895168543
160290658.8198998570
163379653.0321769714
164501537.7876284719
164599726.9307260811
160150378.9323617220
160542275.5720626414
160342111.5342216194
160063259.2775795460
160107638.6523425579
164599431.1943506002
160190473.2851504385
161010532.8164960146
160344888.5674980581
163742964.0540317893
164591906.5525603592
164068710.5254752934
160155285.4708671868
161084343.1347150505
164468279.8117970526
160534500.0710135698
164492551.0086398423
164364077.6613763273
160062686.8929756284
161347939.1149928570
160441968.6497667134
164524061.2773004174
164541004.9615964293
160496299.6321716607
164331521.1462239325
160294818.6210343838
164536518.2998929918
160279403.1552933753
160127339.4965087473
160119663.6502882540
160203243.8523183763
164410817.3494520485
164482237.0189430416
160411886.1613767743
160267833.6049664021
164642565.7000506520
160043625.3071085513
160117754.2139327526
160121814.5840804577
160156018.8996301293
160086446.8693172038
160059924.4707929194
160052891.5201345086
160057928.7982619703
164531641.9589925408
160132610.1523336768
164583419.4580538571
160086509.8199012280
160291329.2527581751
160085650.3727329671
164604786.3370684087
160055399.4186570346
160071216.3796932101
160049031.2638283372
160106810.9256986380
160038846.7398071289
160140388.6922689676
164564884.7650839984
160367262.6434759200
160092100.1638981700
160468093.7088128924
164570424.6941557825
160232912.3999200761
164615370.3985162079
164558576.4003926814
164632894.7242084742
160046383.1491492391
160049078.0988179743
164458314.9203837514
164588561.0272476375
160104618.0434200168
160064156.3316782713
164592213.0590578914
160037532.4647427201
164610896.2783277333
160054648.9942579865
160530399.2619439662
164603301.5133042336
160082887.2288777828
160046545.9729324579
160041373.0475413203
160032936.7476993501
164591825.7971366346
164640647.9209161997
160050346.0856534243
160032632.4895375967
164599617.6183998883
160032419.9436790049
164606731.2473722398
160042164.8436910212
160121234.1795156896
164627220.2128129303
160052616.8226180971
160037320.3476653397
164634937.5331524014
164645158.8283929825
160148895.2991612256
164644868.8172264993
160047471.2289945185
164650415.2482649982
164632469.3382826447
160037962.2655603886
164639826.6614616513
160057297.5794176757
164628781.9865391850
160142800.3397236168
164621577.8076449931
160079518.7221744657
164643179.8643498123
164582141.9319778979
160047569.9945232868
164635562.7662610710
164641123.5983563960
160038393.4056757092
160039433.2417126596
164649562.6846145391
164645102.5077857077
160115836.5479610860
160033304.3081212640
164598568.1497910321
160041568.9896896482
160088590.0667742491
160041976.7078050375
164640887.4804605246
160053321.2339322567
160052978.0602214038
160040325.8408651054
160055288.0530920625
164629132.5442245901
160067227.8716946542
160036755.7637465298
160040953.4696513414
160044400.7606824636
164645933.8248705268
164639210.8929433525
160104783.0941684544
160044313.5045969784
164612770.0788449347
160047018.2380707860
160042472.5618869066
164634755.1657427847
160072799.8299875855
164639373.0625900328
164629056.0962991714
164631859.8607592881
164645264.9948714674
160035019.1248080134
160039510.8415951729
160042906.5013415217
164644200.2770092189
160050261.7646085024
160039483.8015473485
160043861.0906780362
164645619.7745075226
160042914.1936883926
164641013.2485979199
160054903.0300571620
160036840.2752366364
160051737.0961828530
160036074.7694813609
160034902.3551309705
160034850.1960942149
160052203.4859556556
164644753.3852863610
160036916.1856129766
160033928.5094373226
164639328.3388997614
160034546.1038192213
164636507.1918377280
160036985.6309234202
164642377.1640343964
160051284.4498357177
160033737.3507177532
160036991.4789013863
164642972.9680219889
164631513.0822664499
160033766.6647600234
160050226.2839268744
160040346.1963993311
164623993.5698667467
160034058.2757425010
164641480.6280938387
160033934.5881515741
160047229.0368074179
164644185.6452855170
160044256.5454140007
160037243.2316867113
160038290.6132452786
160034026.2140967548
160047001.6165550649
160032383.1763352454
160046744.7497743964
160036736.1001808941
160058790.4616331458
164643468.1285145879
160047250.5238428116
160042820.6205838025
160037603.0020960271
160032928.6270946860
164645673.4386598766
160033062.6817292571
160036685.4560717940
160032956.4031070471
164645783.2230935097
164646272.6583397985
160037052.7261682749
164646210.7137873471
164641064.3155706525
164645238.5303326845
160036662.4823883474
160032600.0161829889
160032365.6730060577
160033470.8232592046
160032895.2834846079
164645224.2564443946
160041102.3086231053
164644055.5312692225
160034746.6744008362
164645583.2566154301
164641021.9178025126
160032212.9898195565
160048015.7059381008
160033244.8207952678
160036560.4228188694
164645352.3215408623
160040042.7149056494
164644903.4184140563
160033288.5004771054
160033148.0775912702
160034606.2743040919
164645128.5141569972
160033820.0574201643
160033457.6061489582
160033298.6256646216
160034143.2286958992
164641057.7074206471
160033149.9446752667
160035444.7147516012
164645532.2112042010
160032479.7519593239
160034835.5848603249
160037934.6948580146
160032146.9063743353
160038063.6297352314
160034259.4078138769
160042141.3926230967
143091370.0000000000 0.0024796019 0 0 0 0 0 0 0 1 0 0 0 0 0 0 0 