1.99201e+09
1.99225e+09
1.99185e+09
2.00572e+09
1.98907e+09
1.99617e+09
1.99241e+09
1.99085e+09
1.98636e+09
1.99349e+09
1.98214e+09
1.99354e+09
1.98874e+09
1.97725e+09
1.9787e+09
2.00955e+09
1.99774e+09
2.0069e+09
1.99328e+09
1.99585e+09
1.97616e+09
1.98358e+09
2.00762e+09
1.99236e+09
1.98894e+09
2.00441e+09
1.99189e+09
2.00816e+09
1.97535e+09
1.98299e+09
1.9957e+09
1.99388e+09
1.98289e+09
1.98566e+09
1.98944e+09
1.98781e+09
1.99686e+09
1.99555e+09
1.97554e+09
1.99712e+09
1.98408e+09
1.98652e+09
1.98808e+09
2.00482e+09
2.0006e+09
1.98798e+09
1.98027e+09
1.97372e+09
1.99107e+09
2.02083e+09
1.98261e+09
1.99901e+09
1.99273e+09
1.99251e+09
1.99165e+09
1.98152e+09
1.98712e+09
2.00261e+09
1.98474e+09
2.0064e+09
1.98069e+09
1.99032e+09
1.97571e+09
1.98143e+09
1.96925e+09
1.96977e+09
1.96955e+09
1.96921e+09
1.96922e+09
1.9694e+09
1.96923e+09
1.96924e+09
1.96921e+09
1.96921e+09
1.96921e+09
1.96921e+09
1.96921e+09
1.96921e+09
1.96921e+09
1.96921e+09
1.96921e+09
1.96921e+09
1.96921e+09
1.96921e+09
1.96921e+09 1.26573e+08 0.00683594 0 0 1 0 0 0 0 0 0 0
