2.00004e+09
1.99768e+09
2.00157e+09
1.99856e+09
1.99959e+09
1.99876e+09
2.001e+09
2.00688e+09
2.00466e+09
2.0044e+09
2.00291e+09
1.99511e+09
1.98966e+09
2.0017e+09
1.99949e+09
1.99819e+09
2.01215e+09
2.02409e+09
1.99482e+09
1.99414e+09
1.99808e+09
1.99281e+09
2.01313e+09
1.99156e+09
1.99482e+09
1.99399e+09
1.99919e+09
1.9968e+09
2.0005e+09
2.00857e+09
1.99693e+09
1.995e+09
1.99487e+09
1.99731e+09
2.00841e+09
1.98973e+09
1.99754e+09
2.00025e+09
1.99632e+09
1.98999e+09
2.0042e+09
1.9981e+09
1.99971e+09
2.00329e+09
1.9944e+09
2.00008e+09
1.99759e+09
1.99872e+09
2.00776e+09
1.9996e+09
1.995e+09
1.98726e+09
1.98989e+09
1.98948e+09
1.98766e+09
1.9871e+09
1.98735e+09
1.98714e+09
1.98722e+09
1.98711e+09
1.98709e+09
1.98711e+09
1.9871e+09
1.98709e+09
1.98709e+09
1.98709e+09
1.98709e+09
1.98709e+09
1.98709e+09
1.98709e+09
1.98709e+09
1.98709e+09
1.98709e+09
1.98709e+09
1.98709e+09
1.98709e+09
1.98709e+09
1.98709e+09 1.38382e+08 0.000976562 1 0 0 0 0 0 0 0 0 0
