1.55007e+09
1.54989e+09
1.55145e+09
1.55038e+09
1.5552e+09
1.54835e+09
1.54905e+09
1.54856e+09
1.54739e+09
1.56029e+09
1.55041e+09
1.5468e+09
1.54527e+09
1.54564e+09
1.54953e+09
1.54667e+09
1.56884e+09
1.55408e+09
1.54937e+09
1.55511e+09
1.5541e+09
1.5529e+09
1.54756e+09
1.54124e+09
1.55158e+09
1.54757e+09
1.54824e+09
1.54557e+09
1.54916e+09
1.54533e+09
1.55539e+09
1.54405e+09
1.5486e+09
1.54697e+09
1.53978e+09
1.54586e+09
1.54577e+09
1.55716e+09
1.59153e+09
1.55117e+09
1.54479e+09
1.55664e+09
1.55137e+09
1.554e+09
1.54366e+09
1.53432e+09
1.54793e+09
1.54261e+09
1.52747e+09
1.54966e+09
1.543e+09
1.55345e+09
1.55848e+09
1.53191e+09
1.5412e+09
1.5164e+09
1.54975e+09
1.54484e+09
1.57756e+09
1.5238e+09
1.51733e+09
1.52468e+09
1.51605e+09
1.51606e+09
1.51659e+09
1.5162e+09
1.51605e+09
1.51606e+09
1.51605e+09
1.51604e+09
1.51604e+09
1.51604e+09
1.51605e+09
1.51604e+09
1.51604e+09
1.51604e+09
1.51604e+09
1.51604e+09
1.51604e+09
1.51604e+09
1.51604e+09
1.51604e+09
1.51604e+09
1.51604e+09
1.51604e+09
1.51604e+09
1.51604e+09 9.38418e+07 0.000976562 0 0 0 0 0 0 1 0 0 0
