513129671.7113476992
482747515.5713260174
488067887.6286308169
495433520.1061891913
543076756.8185527325
498193089.2352086306
526441383.6171110868
488751113.5480200648
502947854.7585453391
532084651.3911948800
534381069.4344782233
462934166.4166086912
558328611.9171468019
449941412.8936067224
450314188.2778046727
487112728.1877931356
516674597.2917683125
381388067.4530454278
374796705.0909368992
373384158.5847779512
362820560.7615352273
361453075.9286594987
413343496.1253137589
335684673.3715002537
332303981.1389149427
393411477.7906021476
426261050.7419276237
404016106.2894918323
418166307.1341263056
409853809.0679778457
346171593.2837110758
240598957.8827419281
226880919.5939812660
239932126.9251790643
245705469.3662934899
229735831.8902100325
229392295.7583242357
244665164.2037224174
263663548.8744551837
221647595.8004570603
216456480.8206197321
232580686.6307472587
273795177.4666798711
215579984.2552316189
231401617.3164622784
216225815.1141789556
200953540.8217072189
203085973.4850078225
172886898.4643888474
174627956.8553153276
190481528.4312700629
206185510.4072955847
157753128.2786767781
154551515.1791072488
148612428.4013748765
152500549.1657507420
160306511.2266088724
170391534.6204793751
146752997.5815920532
144442971.4332335293
138506142.2380008996
141002651.1221347451
231079279.0199780762
136926817.4573336244
150677681.2112897038
136209858.7190684080
177577807.6476082206
136862586.6549047828
184277245.8523682654
135338603.0630050302
131619317.3905880451
142634101.3772967756
191400654.7224225104
131429249.4474983960
136536282.1191350222
135881412.6686409414
187259899.0921478271
133644865.0570537448
148027203.1616355181
132691016.7624682933
142912062.5900014937
136128847.0926605761
218790509.4525710940
147128638.1459603608
170692061.7696951926
136984607.0302900076
221742746.8164100349
145592504.8514880240
196819561.4691149890
143279793.6851216853
149311639.6462715566
131743804.6954050809
139802220.9946975708
134574195.8995713890
136107994.7963231504
133066414.5812281072
145051215.2229968607
135714155.5798667669
157467506.8212585747
133534257.1169146746
195077313.0098933280
132738480.6413262486
179445541.9028647244
133690862.8313306123
204698920.8396312594
135535748.3146075010
179473892.2001647651
135214253.8669246733
151228032.3194609582
133412849.4602349252
137007438.7681411207
143787221.1985022128
140015286.9209731817
131897632.1157493740
146926035.4021629393
140470053.4313165247
204106887.0722731650
133595049.6292281598
163446990.9944360852
131537679.4919086248
161704733.3432343602
133099018.3455978036
161639170.2470128834
133815938.6132785082
161492528.3724898100
132491542.3559852988
135313313.7604442835
139009742.4538971484
134928788.3132847846
135735299.1416428685
145413770.7796805203
131979716.2051929086
135062866.1117489040
135698149.9407077134
132842342.6036460996
134829535.0412421525
134522427.8013083041
135210404.4731419683
133961361.1341982186
133308624.6573034078
133123316.4418387264
131649661.5784404129
131629113.1671420485
133070840.2431660742
132988096.6326701790
134412526.1387421489
146364108.2224959731
133091779.4982213527
134128323.1339702159
133164933.2196081728
134785805.0817223787
132645018.9531996399
135063162.4031414688
131320297.8586511910
144836931.0240196288
132235494.7210182250
131965878.5485345274
135364443.7329796553
138023765.4859505892
134497255.8966782987
140500890.6979373991
133005962.9812636077
133737275.1809218079
131401532.9906112105
133954624.7022132874
131725435.6542045325
134270085.4155576825
133674909.7201244533
133175856.8680789173
132696031.7493296713
137196945.9529930055
131399472.1204479635
132346495.6177843660
133532151.3009120226
135824343.6309847534
131825993.3492355049
135371970.9678840339
135171546.2627208829
133123139.1301642656
140791007.9384447932
135785232.8851252198
131444837.9321433157
131513213.4704918861
131310960.2230502665
132674752.6161461473
132557938.5412047356
135802479.2632350624
133192266.6274526268
134371609.7559338212
131300760.6285591125
132279715.0939311385
131301909.0330194831
131310075.4074484557
132476254.9032139629
132646127.0695825964
132169180.2197908759
132855596.7845058888
133318356.5730863363
132676010.9947359711
133401711.6069064289
131486301.1689410806
131526512.2783931494
131653958.8445845693
133203447.9276066571
131991043.5777732581
133357665.2775261551
136612992.0360872447
132863308.7398503274
132243846.8059565723
131476315.1809125245
133573534.4923961014
133195991.0784182698
132988262.7831458598
131350636.0699572563
134316589.7663886845
131257737.6988937855
136307650.7824433446
133492319.6964336634
135255546.6694692671
133417096.9812613130
131925717.2443189621
131408940.9351605624
132408248.7336916178
131522500.7720276266
133692753.6624047905
133170311.3910116851
135260402.2943861783
131985925.9648329765
133465855.7324186414
131487433.5564088672
131786531.3739571124
134120075.8534467965
133370178.2579300851
133793278.2014705241
133480897.1698920429
132435386.2761827856
131388962.3260336220
132763303.4692753404
133352022.9971064180
133248262.8549998403
131316191.8796082884
131405804.7492772490
131425399.2511677295
131977785.2200790793
131437281.0056587458
131408886.2412167788
133496032.8052729517
132444289.4396840930
133351511.4230763763
131282160.4443761259
133464992.6427380443
133437168.4291806370
133144588.0917367190
131283061.9060820192
133046867.1435483843
133303602.6089943498
133394388.8859835118
133376882.6462535560
133178991.0151738077
131451234.7980939746
131370582.1012758762
131239133.3632179201
132561820.2015318274
131454267.6622720063
133049602.8903226554
133432036.2750840336
131272103.3440172821
131433743.5445406139
131319361.6739117652
131257108.1958277225
131317460.0004759878
131359768.2971795797
131276518.3263788074
131221215.0410555005
131232659.2152841091
131304558.8691783100
131298417.4239860773
131778858.2288478315
131322251.0527740121
131422386.7307478338
131558916.9082148373
131478432.5130094886
131271256.6002912372
131256050.2568548769
131214328.6307104528
132252620.2265797108
131417912.6936200708
131486967.6689305454
131462255.5321742296
131297510.9390770942
131324920.5502842367
131287447.3354184180
131550760.6175797284
131270257.0142837167
131205719.9247163683
131361269.1905284971
131205584.6598077565
131477505.1461006403
131496079.3682858795
131318065.2224942595
131246101.2980724573
131339094.3223405033
131227653.5975639224
131263507.2962453067
131211375.0063230395
131554987.2771558315
131525128.7174538821
131356327.2186189443
131257293.2614203095
131539448.2825890332
131290570.5574556738
131583405.2869900465
131512292.3210438639
131425391.9371503443
131524278.1132103503
131485664.2803822458
131494267.0141621977
131562400.1387852281
131247402.8761063218
131583622.9606273919
131259280.0194696784
131548021.2653371245
131230743.6684043407
131394959.5747112781
131453453.7079548985
131224056.5495647043
131304990.8230011165
131557619.9778620452
131452059.2062927037
131243095.1636928767
131347717.1919866502
131533604.4925189167
131304973.1483778805
131232708.7151865363
131435029.9351641983
131552271.9489141852
131217369.5038301796
131559049.6012005955
131204936.2769397199
131542324.2262800038
131559678.9583704621
131212760.1321754903
131551471.0296657085
131298124.1126739383
131553260.3337450325
131545101.8584904522
131211837.4371250272
131217727.2405660003
131552267.2671750039
131539633.3889235854
131228813.0074865371
131218934.2494311482
131546886.9063455611
131241763.3384240717
131552200.2320770174
131268247.3507981002
131206213.6313742846
131248271.4971848130
131223831.8224643767
131240325.6748900563
131552161.2163530588
131205573.9591675848
131206830.6300054789
131524366.3706698120
131207619.9073274136
131507715.2610955834
131534422.6031392366
131552974.9690073878
131243827.3580243737
131555076.5689880848
131222606.7749975324
131555533.5667062849
131215387.8882336766
131558677.6387776136
131546721.4379741251
131557337.7416142225
131219780.0091249198
131207198.1016260833
131216506.8158978671
131207327.6659605354
131212398.7994730622
131559420.2908559740
131552502.9393062443
131213669.3679402322
131216139.3509754390
131208144.9175137132
131557523.0518719405
131206400.0777112544
131555694.6324270517
131205283.2847204208
131205873.2748133391
131214942.8006521314
131551580.7545442581
131213061.6249174625
131241685.8984728158
131217449.0552342087
131549988.9696986675
131555550.8248165399
131205081.2518725544
131555821.4368915111
131558206.6448548585
131207960.0454346091
131206916.5411223173
131219080.5935591012
131206465.1085328162
131220051.0341198742
131204132.7005181462
131216167.8053882867
131560084.7225989103
131213641.6661287099
131560018.4009273052
131207554.6129937172
131208128.6095493883
131556757.5746234059
131205200.0294573307
131207912.0044885278
131557774.8076426387
131210413.3197296113
131204238.5642376691
131549682.9005927593
131207336.1410426199
131212384.1335026175
131559732.1808632016
131559700.9168128371
131559179.2404301167
131204324.0306590050
131204005.5639960468
131557670.2437220216
131206605.6268753707
131559134.2634633332
131214692.9908368140
131559885.2939317375
131213025.0053072125
131208386.4191675633
131559780.7972383648
131203839.0509867072
131557043.8480539620
131206384.6156112105
131557329.3448638469
131558779.1933030933
131207597.3248083591
131560076.1007666439
131208609.8531482071
131204249.1872205734
131556738.4850112796
131557957.4499114901
131204996.7192446291
131558068.9515915960
131214200.0571151674
131204489.0261514038
131210228.1617631018
131204471.6667933017
131206742.2851266265
131559754.7103142142
131210082.9072697759
131205575.8074381799
131204180.6419387013
131206267.7229204178
131209200.1352943182
131559823.8211966604
131206552.3045296967
131204418.2806480080
131206291.1020246297
131203964.7042074949
131557729.5329792500
131559876.9822069854
131558390.0924854875
131558875.2981299907
131559591.7692137212
131204032.8096034676
131204211.6596936584
131559653.7714001089
131203808.4952222705
131559306.1976336241
131203585.8466876298
131559801.9188790917
131204598.1683875322
131204066.9508221596
131208097.4661812931
131204888.2464385182
131206601.3315271139
131559821.8847858310
131203679.9286268950
131204560.9191997349
131207214.3613579422
131559346.9730528593
131559699.8364281803
131559668.6735867858
131205473.2348726988
131559273.6284576952
131205959.1412716210
131203984.0876393914
131556442.8091768920
131559734.1792234629
131207030.7677967399
131559187.2496787459
131204963.3111444861
131204057.8956505507
131207444.3216257095
131559560.4660363197
131203758.9197400063
131559905.4022170901
131204166.1020677686
131203765.4046815187
131205610.1503728926
131203737.9865099788
131204385.6938600689
131203767.6733573377
131204611.6755415797
131558771.1385382414
131208281.1352534592
131204503.6613620073
131560060.1744073480
131559231.8337061554
131204656.4137526453
131203853.7049659491
131559362.3538979441
131559690.4292097837
131559738.7061564177
131205765.4386429042
131559584.6831535399
131203843.5774260610
131203614.7931099981
131205738.6016035229
131204020.4570692927
131205061.6736737341
131203803.7910419255
131204163.9186808318
131559322.0615947694
131205739.8922646493
131559849.8434775919
131559946.9351734221
131204646.9992124885
131203619.5916732997
131559397.9396313280
131203573.0252386183
131559305.1066861600
131203654.6867297143
131558922.7705827206
131559868.9638457745
131559449.1282594651
131203733.3347976655
131204308.2787209153
131559939.2919399887
131203896.4265287071
131203625.6590174139
131203818.4611205757
131203667.6969171017
131204734.2348009497
131203694.3320359588
131204211.3409711719
131203683.8940703273
131203901.7681258023
131203703.4373497814
131204689.5791615546
131203625.9314228296
131204681.2463157177
131203630.9484299570
131204679.0873983055
131203618.8404200673
131204683.8626831323
131203702.0860181451
131204585.5840426087
131203839.3388756514
131204635.9733873010
131203807.6193696409
131204484.0328334868
131559852.5183076710
131204190.4613972455
131203916.5776772797
131559918.6055528522
131203703.4014620185
131203689.0828913003
131559772.0787112117
131559898.1931646466
131559975.6800985783
131559969.5952787101
131204296.3793682158
131203663.5368021727
131559657.3901144117
131203770.7861549854
131203908.2797107249
131203721.6640274227
131203594.7311432362
131203585.3204542547
131203807.7520423681
131559980.5144419372
131559871.6180972457
131203665.7996311635
131203856.4896205515
131559933.6317461878
131203829.6891364008
131203669.3314562440
105275034.0000000000 0.0030954248 0 0 0 0 0 0 0 0 0 0 0 0 1 0 0 