448415703.4881480932
421016128.3628481030
426459271.8225135803
442893522.9830494523
441024493.2050445080
453195674.7030258775
448857291.3147374392
430132233.7642428875
439501204.5611376166
493882184.0655173659
486968286.0628635883
401520889.2746719718
436037366.7750356197
398530663.5298970342
398860855.9685802460
438615464.8860149384
449049605.9441913366
345862150.1488612890
335832521.6078173518
329496494.7734982371
309566096.8993269801
301237140.7197416425
341814623.9490548968
280896208.1128825545
279564322.1011818647
379392841.1997442842
369371504.6372987628
319735941.0116954446
354159331.7688771486
312989510.5905728340
305297985.6529762745
209462299.9283176064
227204937.8171057999
257865966.8480893373
216353899.3356983066
204593306.5650754571
231569153.0878583193
193116459.4631501436
237349787.6517263949
196997470.2711442709
228354891.1898812652
190837755.7365003228
230972144.2449136376
191294116.6753207743
209775437.2683537006
190881038.2869396806
187742145.1266002655
188203364.0354808271
210339356.1192843020
185784241.1881261468
196874484.1852410138
194813409.7594929338
206521755.5190096796
185783482.8810946047
212221786.0501524508
194047129.2202488780
189562394.9131522179
207665411.8151073456
188452764.6084474027
188465766.4297181368
208485590.1605061889
189521414.5808338821
201063976.9501407146
186028862.2440141737
204591152.9462770820
188445720.6124643087
203804624.7762088776
190172486.2312535048
232298106.6715879440
203228733.5306505859
239241861.8716109097
203845242.4174677730
229486428.2619854808
205503687.1057243049
206362677.8605175614
186701241.6877791882
238030851.8791831136
190480917.3806184232
194694957.6048544943
195483264.8448985219
207337634.7273756862
190101018.3359091580
230839388.9772621989
187942623.1119816005
191316986.4855229557
192542115.7336417735
207178618.4226671457
191563782.8546625078
239722146.9422487020
197161030.3425458670
241057182.0141458511
209073648.9732009172
198428943.2079837918
193416625.2271822393
239502912.0228348076
200408163.9167964458
208692855.4621785283
201622192.7762180567
194639551.2945533991
201317416.7329058051
203355191.2371894717
204582192.4420247674
187621711.4386146367
187468341.8155972064
198406125.8056795597
186857355.1750409603
190917831.9324525297
186925768.6400820911
205217652.3088426888
187099734.3807717264
190251578.0124060512
188805377.2720118463
200565117.5056222081
205334275.0944704115
199690154.9477471411
188184083.4736141264
198931993.1328755915
185312453.6657632291
207677351.2809386849
202824394.8713941574
190235918.7794013023
190248592.3092934787
199491147.6326275170
204825564.4312993288
203305091.8637481928
187371932.5263848007
191260662.6324423254
187713070.6778911054
186910108.4420286119
185537179.8299020827
187757227.2846627831
206520347.8111909330
192744483.5367000699
186004761.7362463772
187402213.5069060922
187034321.9292429388
183230179.8131511211
200913329.7096487284
195004264.5354456902
201148581.0352544188
186530644.0454142690
183736943.3314142525
188657689.3157879412
187942602.0670706928
196944449.4228608310
191921898.5503492653
183715359.8836986721
202795414.0954173803
183087232.4555958509
195591737.1916830838
202763878.9150846899
200164657.6805806458
184453309.0401612222
193257731.3969985545
202753821.6968739331
196958223.7008392811
183952087.0875484645
197981445.7667333484
202657367.7537590861
191330761.5971542001
183220025.3337404132
191762085.6505627930
202217988.9361450374
203687858.8544750810
184358731.1271523833
183156066.4008860886
201991370.8905969560
187946043.8931285739
184292413.9006794393
186644268.2915481925
182728152.8829708099
186224766.9475878477
202743650.2556626797
192855229.8111637533
182861363.3050685227
198198922.1977581978
184442879.8827058673
183235037.6638369262
185292127.6423045397
200626658.3000836372
199408542.0418832302
204549468.9464783370
183761365.6541787088
186973031.3894854486
199452352.0939385295
197919854.0807799995
184234892.0331541300
193444973.8380720317
203406761.9692943990
183742935.6747568250
201876257.2321861684
186089903.8468762338
183840164.9132389128
198722714.5625190437
202499585.6225840151
195904147.2664606571
183835635.1932466626
190547998.6836153567
183324766.2604331672
203742546.5837637782
183946455.3301214278
183239209.0452528596
202627326.8571285009
183272672.4243950248
200361825.7057895362
183251038.2848789692
202142872.4176865518
202662659.9603604674
184469292.4473220706
184099148.5312856138
203530506.8088254631
202019211.6653591990
203895476.4379807711
184003090.3798990548
202328982.4648508132
185099050.4342959821
198466198.9352813363
201894145.9451065958
202436988.4443685114
183146769.7261985242
182872477.8078620732
201193230.1500723660
202786583.6241276562
185411432.7494398654
183098999.9115312397
182760734.4433225393
202802580.1875434816
183077879.1724520624
202413978.4534201026
185649542.8059528768
202791769.8485815227
201269799.4917867184
202956310.5996239781
185092288.8789355457
202752423.8467783332
203300066.8059450686
202583775.1896033585
183714199.1423577964
202839080.2808230817
183746339.8936420381
182948115.9455084503
183186404.5388502777
203084170.8108774126
183648151.6757097840
203029118.4788618684
182960566.7064207196
182867725.9430113435
183016879.9073934853
202254659.8421575427
203043815.2615298629
202750920.2695265710
183613408.0343559980
182992792.3140487671
201549578.1050541401
202912297.8383107185
183147610.6892952621
183043288.5702989995
202559731.1785050035
202802168.7268874049
182827037.2220536172
202437250.2306170166
202821056.2941426635
183090707.4911902547
182816174.7253073156
182723323.4682819247
182780213.2411041558
202733655.3904620409
202614285.1671100557
183800310.4961118102
202763994.5921693444
183620922.3134258986
202840299.8382750154
184341796.3198259771
182929558.2397272289
203001199.6783119738
202819842.8977382481
182714680.3754135668
202836153.0318283737
203221008.6483529806
182665789.9714630544
183003037.9475860298
182873091.8700125813
202967971.9387161732
182876869.1802069843
183472650.9342290461
202722847.6572631001
184570534.7280235589
182666538.1971413791
182912742.3813382983
202876556.6341669858
182775074.7626139820
182703659.0367780030
202592697.1486331224
182826883.7089571059
182809768.9967695475
182943654.9098165035
183116838.4540922344
202903681.3493029177
201630706.8529176116
182672052.0676750243
183703723.8511978090
202931897.5372486115
202502686.7039614916
182835754.6751581728
183413919.3481170833
202722660.7050639391
202259887.2581292987
182712485.1999173164
182839455.7011969388
202818892.7379560769
202838928.8135866225
202986238.7947993279
182797868.3952590227
202880195.0820460618
201905420.7207886875
202964902.5390135050
183642759.3150622249
202869961.2506029904
202410350.6047081351
182786296.9996307194
183179585.3535237610
202783026.0174543858
202665792.2707723975
182896258.3332149684
183579411.0885394812
182907840.1525939703
183450531.5360462368
183062952.5241460800
182736032.3461325169
183133820.4590552747
202972444.4511193633
183005620.2153462470
182654764.2873414457
202909722.2965101004
202716008.8856668770
183422834.6101444364
202966845.8465520144
182719811.6788928807
182687980.6291124225
202545551.4411725402
182646462.1264501810
182748250.9789992273
202898240.9109576046
183343854.0960415602
182744429.0250971913
182810666.4797692001
182745746.6401121616
182740577.2928925455
202905191.9274534583
182990467.2603836060
202001071.0844449103
203010191.4748998284
182787512.0294587910
182670446.8685496449
203053319.0340499580
182644631.0930047035
182673781.3724035323
182645878.6777868867
182672104.1741864085
182668747.6891925335
182666987.1243255734
182682042.5641840696
182663060.5051644742
202965858.3541433215
182658759.8669265807
202989522.4977782667
182819312.7731183171
182681462.0261147320
182772049.7279619575
182644272.2627165020
183128378.1457076073
182655382.9215214849
182857316.8535444438
182701274.4013312161
182643713.1074636281
182687767.6623422205
182644497.8198025227
182670268.0562183559
182643569.2782113254
182662356.3821872175
202974295.1938577890
203002139.0097866058
202968761.2797391415
182673616.7268872559
202877820.4404685199
182808771.8701489866
202949273.1175364256
182909106.8489527404
182656375.7006679475
202964786.8044072688
202959923.9824838936
182776920.7605509162
182653744.0967486799
182782704.4304703772
182664314.4437454045
202874545.4000535905
182643022.8225464523
182662799.0187452435
182656360.3132866919
182893331.4400311410
182636192.0485187173
182653111.9296139777
182650549.6596409380
182659686.6502099633
202952229.5248194337
182690463.3244556785
182633929.2007807493
182625404.8724742234
202903725.9401655793
182625546.4372560978
182633171.0129341781
182629007.2860718071
182678642.3336674869
182620136.0380247831
202700946.5620131195
182617421.2954209447
182678717.8862305880
182622427.4994584918
182641586.7939250767
182617404.6311000586
182657374.3135663867
182616781.3570229411
182675391.2224224210
182630945.5883964300
182644863.1695435941
202940298.4692592621
182654217.9505976140
182618094.3784832656
182627646.0543924868
202944539.2477829754
182625704.1171691120
182614400.0610009134
182622099.7435518801
182617121.8197926283
182616457.9305111766
182623742.6857575476
182652314.7951389551
202943278.4375399947
182656052.7242743969
182613804.5585748851
182663917.7916453183
202911783.8732546568
182722193.2688942850
182612822.7188913524
202783401.6551565528
202938443.4740350246
182675245.0682071149
202934734.0621266067
182690875.9924966693
202943074.9365169704
182677101.1094243526
182623679.4136996567
202941099.6295185089
182619577.3528886437
182610326.7685700953
182625166.9886019826
202943625.7132485211
202937171.4788279533
202934577.5018402338
182637509.5291804969
182615275.1604299247
182633652.9706818163
182616393.2870439291
182618130.3386506438
202937313.8179293573
202898151.9939568937
182616710.2413147092
182615597.7694666386
182612744.6548808217
182657855.8952160180
182628653.4919431508
182612855.5950506032
182615762.0156496763
182607462.1538813114
182611442.1163072884
202900327.5429455042
182612426.7501149476
202903884.4851158857
202931346.2714079022
182679571.4956557155
202936232.0657083988
182611111.8915301859
202929380.0082552731
182624840.8664802909
182612317.3814560175
182640252.9361075163
202932655.1009312868
202932944.1768897176
182618724.6025640368
182609046.1117749810
182607145.7333710790
182618367.3699111044
202923585.9126639068
182656855.9922728539
182609451.4691281915
202937806.7506201565
182613927.2240912020
182606423.5388999879
182605710.8247608244
182603624.9679403007
202929616.7326004803
182604195.2699093521
202935630.6091199517
182605095.7241779268
202944019.1846433580
202936152.8737855256
182617035.1104846299
182602704.8271150291
202927079.8744913638
182603612.5117072165
202926961.2153876722
182609731.3991301656
202933488.0971414745
182605172.3198982179
202928003.5226660669
202936828.2261527479
182621862.2647910416
202930650.5323953629
182630561.4097501338
202934075.8266627491
182619819.2294519544
182604366.7751407921
182609449.1654172540
182605602.1125200987
182612842.8210068047
202937578.3573498726
202919528.3808345795
182605889.4130823612
182609826.0838729739
202932540.0392008722
202937275.7531242371
182607076.4892264605
182609953.3819993436
202938639.3964556754
182604160.1027365923
202935955.5003405213
182615617.3941127956
202932100.7913922071
182629660.9759859741
182604301.7823580801
202936057.9838936329
202936908.3928523362
202938112.5021270216
182604577.4628537297
182603924.0238058269
182602994.0932086706
182603721.9807615876
202931360.9554561973
202936960.9586839676
182605044.8342999816
202937671.5705020428
182603167.7832062542
182602409.5546480119
182605700.9048251212
202934873.8820037246
182608976.2975737154
182603393.0272926390
182607080.0047352314
182601979.7706809640
182604959.1866084039
202936227.7897698581
182607594.8355636597
202935682.3172521591
182603317.2535636723
202933224.6269009411
182602981.5359130800
182606722.3344254196
202935048.9782158136
182607572.4961293638
202934854.5216139853
182607491.2709571123
182602127.5793960094
182602500.6536191702
202936135.8286231160
182605135.1573435962
202936161.2423807383
182605141.8235325515
202935999.1762880683
182601905.1600669324
182602169.5932553113
182606608.8427332938
182602551.5300478041
202937217.9140303135
182602768.6530698538
182603637.6571827531
202936108.1221576333
182610654.5453709066
202936059.9801801443
182605183.2503304183
202936251.1871688962
182602564.8572565317
182602198.9083433151
202936942.3739471436
202936176.5725959241
182606068.0006918609
202936083.0416966379
182602198.3616546094
202934821.7282937765
182602772.3042663038
182602905.2343075871
202936813.7839501798
182602413.2510872185
202931892.9127653837
182602404.8658455610
202935933.5868911445
202936170.4567044973
182604252.9036542773
202936605.2233661115
202934904.9037161767
202935888.4845906496
182603833.7729590833
182601813.0691291988
182603135.8779199123
202935694.7129840255
182607980.3407777846
202935699.8857386410
182603859.3862049282
202935387.4412057102
182605458.7714995146
182602610.7635726035
202933749.8548725545
182602250.0177138746
182603147.8226021528
202935893.8835969865
182604075.9871444404
182602189.1469814479
182602035.5298682749
182601785.0860192776
182602040.1660680175
202935517.0700949132
182607079.6487560272
123258058.0000000000 0.0099672385 1 0 0 0 0 0 0 0 0 0 0 0 0 0 0 