1219179790.8455493450 0.0000066089
1219153921.0428445339 0.0000052836
1219253303.9310219288 0.0000148601
1219166954.5616924763 0.0000067818
1219009047.9328126907 0.0000024365
1219179437.3808021545 0.0000039872
1219101200.8625707626 0.0000012970
1219079028.9299523830 0.0000092420
1219248871.6445639133 0.0000129326
1219157665.0442538261 0.0000015579
1219267962.5969269276 0.0000130050
1219172604.7525148392 0.0000133398
1219178829.5277936459 0.0000010130
1219170981.4941556454 0.0000084711
124379869.0000000000 0.0000084711 0 0 0 0 0 0 0 1 0 0 0 0 0 0 0 0 0 