519706321.0802361369 0.0001943769
502477122.0801259279 0.0000019238
532110279.0020014048 0.0000184326
553883320.0161184072 0.0000005996
538330167.4559553862 0.0000451717
503483295.9932389259 0.0000572584
531839791.7796784639 0.0000281570
529793543.0795081258 0.0000279929
578788421.5086935759 0.0000367181
479660066.4287262559 0.0001255513
574545278.6291331053 0.0000053832
493306427.8602091074 0.0000037711
462902427.0727660060 0.0000017686
456680545.3790585399 0.0000233145
476979737.6273332834 0.0000227583
487591689.1323595047 0.0001705390
414081379.3351533413 0.0001916570
395275675.8305503726 0.0000255044
393147601.9964141250 0.0000207993
381266118.0048489571 0.0000194834
441250116.2594831586 0.0000102933
381271471.1682839990 0.0000522000
360775466.6912487149 0.0000673035
344615748.0352249742 0.0000905484
341456644.0736208558 0.0000981056
493475858.6475884318 0.0000114120
366682787.8861950040 0.0000339831
421009165.8921071887 0.0000190986
346713944.6412237883 0.0000220656
305330567.5248916745 0.0001123628
304138532.1123036146 0.0000681919
350967491.6456764340 0.0000003067
275731087.0982255936 0.0000356292
276604633.7119936943 0.0001037422
345841120.7125517726 0.0006152511
242449417.1573657095 0.0000097670
279382740.8302525878 0.0000000451
228823955.9340410233 0.0000091249
269944611.2853842378 0.0000001003
225196851.8828161061 0.0000088815
244159369.9603635073 0.0000001384
241373661.0220466256 0.0000025977
234264116.5561842918 0.0000116894
227405969.3130417168 0.0000085052
258831657.8416321576 0.0000017413
231670543.1354426146 0.0000161824
286603340.3214512467 0.0000001247
222778546.7001993060 0.0000034450
259692103.2184408307 0.0000000419
213159967.7858309746 0.0000023792
228929440.7329744399 0.0000031137
221751837.3956609666 0.0000092327
260749283.4332213402 0.0000901127
211028812.6786068082 0.0000000680
228136484.4488511384 0.0000000030
214278173.9110261798 0.0000000739
222780263.1994980574 0.0000082281
229323670.2602928877 0.0000013341
254754710.6340437829 0.0000000946
212562504.2124500871 0.0000007090
228860555.1617273986 0.0000010207
218432712.5972596109 0.0000002918
199856182.9717503786 0.0000096153
224275699.6446264386 0.0000110827
232785389.8396744430 0.0000001131
202925137.5491991043 0.0000103986
240076997.1079963148 0.0000000651
200063745.9892854393 0.0004696675
239032847.2166202664 0.0004140428
197934385.9750055373 0.0000010953
184623557.3039810359 0.0002839817
198692962.3553318083 0.0002894939
187896040.7327617109 0.0003003707
183424971.5427891314 0.0002178507
234034842.2975445390 0.0000028077
183441263.7155500054 0.0002084564
237170351.5649405718 0.0001598437
178564598.3301827610 0.0001436557
195562966.3146764934 0.0000649211
189647670.9916501641 0.0000929574
178766808.3105951846 0.0000156180
186826188.9216238856 0.0001007197
206779763.1097927988 0.0048118894
189927886.3209176660 0.0001435446
174850139.6176528335 0.0008216661
166486433.6581218243 0.0006232264
162991074.8988382220 0.0120652323
160978702.7768233716 0.0114712145
168166787.0741904676 0.0081410859
163302014.6777664125 0.0120209433
227168935.4098530710 0.0113673838
160929853.4143710434 0.0118946200
192444380.4245599806 0.0092106215
175317312.3501279950 0.0168583166
216398788.4718931615 0.0077269549
163307297.8566930294 0.0107359693
232109692.8920070231 0.0025028658
169162907.1443258524 0.0057185907
185614960.7613439262 0.0069966444
178546883.4817238152 0.0168701921
249021028.4412076175 0.0033336008
162086256.6659429073 0.0107697762
195625302.9827575684 0.0169300335
164628437.8870627880 0.0102883383
176790807.2485856712 0.0176501699
165546903.5123061538 0.0088488586
201097169.0831156671 0.0067901889
163723040.9036931098 0.0134386711
193996275.0560708940 0.0000097359
164141240.3860008121 0.0136275939
162456735.6799952388 0.0163541363
160878993.6123345196 0.0101528712
172847497.7679204643 0.0012723162
164869903.8146309257 0.0107358776
202099509.9302192032 0.0056608519
170644603.7432378829 0.0101218369
195609926.5902118981 0.0000466564
161278390.0987897813 0.0125375317
170305527.2026719451 0.0050946749
166149243.3449378312 0.0090875818
204208578.5358243883 0.0040351657
163624231.5178941488 0.0063727902
186351465.9547623992 0.0003425926
160922969.2048701048 0.0126310052
182974749.1044606268 0.0024406385
159958386.2154312730 0.0094393535
230612157.7617202103 0.0010578221
166805986.2659653127 0.0084940338
166751000.2399457395 0.0101779610
171303572.6169959903 0.0092412832
189181418.5998894274 0.0093895675
160972557.1156482100 0.0109843992
187085792.3644509912 0.0007663165
168102798.7891925275 0.0101051925
192736483.8065167069 0.0142124755
165389158.4927091002 0.0070622764
170028328.9906983078 0.0023891873
169216130.9054951072 0.0136615254
168334583.0257703066 0.0129065767
164764657.8624839485 0.0054482538
163168854.4692804813 0.0177718739
173866303.9284460247 0.0174982153
175345374.4530778229 0.0041827636
161585143.3322307467 0.0128695617
210825940.7414029837 0.0144326126
164385396.0040677488 0.0142925518
175223478.3459140956 0.0004882877
161082302.4331172407 0.0097373686
190843476.8320099711 0.0017029701
175014041.2116907835 0.0105663153
190815280.9144333601 0.0013867656
169640711.6164339185 0.0065727919
191492995.3117950559 0.0015291306
176401387.0614567399 0.0125173228
190645883.7325249314 0.0013926516
165578979.7526194751 0.0054294738
190938986.3342495859 0.0016334147
161502217.3666534126 0.0025742815
196967845.2831647992 0.0022385114
164806946.1167193651 0.0056236608
165293179.1307136416 0.0097125972
175713197.5240994394 0.0062523550
173997866.8020255268 0.0098498588
174426864.8699868619 0.0078643847
169653110.6706072390 0.0088202482
165201619.3804548383 0.0036084803
172692691.3155943453 0.0086725781
165119904.4957897961 0.0090915253
165002107.4367029369 0.0087717038
166905988.5681847930 0.0079065216
166305889.0223958492 0.0094086937
165337499.6088291109 0.0056618569
171145177.0232412219 0.0089945694
163323941.5029344857 0.0092720796
173721310.3298773766 0.0073449620
173644409.0089191198 0.0040928584
163695615.2793641984 0.0064996299
168947555.7539403439 0.0058207513
161709009.9622178078 0.0100052678
179764159.9231348336 0.0033558527
167973898.7135348916 0.0103300117
165864182.9570738077 0.0065974224
168450223.2054822445 0.0096731624
166470269.5700535774 0.0098870458
160205811.1141688824 0.0131009961
161782448.0340273678 0.0043236301
165833873.5351686478 0.0127605527
168630951.1561512053 0.0034605949
166787172.0320704281 0.0097734393
180422368.4494231045 0.0068524289
161094567.8385828733 0.0081670721
160780581.6546162665 0.0097111630
163017473.5045551956 0.0107540563
161631642.5366342366 0.0100850519
166606466.7204960883 0.0063638252
160624234.6103900373 0.0096215278
175408401.8596029580 0.0094061170
174204918.6256206632 0.0098656838
165296701.5479300022 0.0109887682
161698893.5308273435 0.0087078193
158944333.9862052500 0.0092525843
173631570.5103827417 0.0087164777
161315009.6130465567 0.0092230782
162444205.7962525487 0.0069415792
157816146.2065700293 0.0092075798
162696383.5306444168 0.0082288299
159076515.3487021923 0.0092760040
163193872.3222829401 0.0087008633
169943669.2928334475 0.0089928320
165608944.7215542197 0.0080528215
157893236.0193295479 0.0088716684
160484883.0512805879 0.0091617222
168624455.3052198291 0.0089508435
161255548.8677566051 0.0084307015
160238540.3951727450 0.0089017839
161369052.6350820959 0.0115011452
159506482.1639797986 0.0088635207
161669708.8655835092 0.0136555916
158809127.1713621914 0.0089664559
173355769.0182586908 0.0076316932
168611488.8135235012 0.0095762439
165734202.1436175108 0.0089200615
158765522.8981894553 0.0087211529
159054343.4427403212 0.0072596536
170932571.7714332342 0.0093018125
161113811.8804179728 0.0104755220
168014144.6830226779 0.0088244710
158367367.9409396946 0.0106120058
157957786.0493139923 0.0089133146
167939090.9760908782 0.0094499375
157552904.1572313905 0.0097077389
162573536.5129399598 0.0085248490
158521592.1445864439 0.0099433003
169963909.7875559926 0.0102073791
169078355.9422540665 0.0099569362
162119569.7953527272 0.0084513184
157618684.5618928671 0.0098545405
162198184.8523529172 0.0080665860
159975483.6602273583 0.0096335886
158581995.5341717899 0.0108766017
157787704.8977861404 0.0098637538
167772293.2651030719 0.0110800370
157919397.5029708743 0.0098681504
168132891.7578316629 0.0095700725
157913089.4863720238 0.0097441384
161559745.4617575109 0.0116322113
157480508.2108866572 0.0097675141
160828512.5728425682 0.0109164974
159504879.5914664567 0.0100344439
165043272.2684337795 0.0104214453
157827427.2125031650 0.0090263492
169058886.2967046499 0.0113697831
169781808.5432952642 0.0094086920
161741302.9718680084 0.0090703663
159828518.0781003237 0.0099524235
164669025.0008653998 0.0086346995
167558715.9566895664 0.0096846755
158865983.5227501094 0.0088002853
166220334.6705919504 0.0104107077
162915154.2780763507 0.0088133334
161342756.7422912717 0.0099307089
162895430.0479117632 0.0078954037
158822005.7894024253 0.0094813809
160588489.6763099134 0.0111832197
159377949.5378480852 0.0100186338
157592483.4543290734 0.0094674052
169125635.5956215858 0.0090650629
168991135.2510927320 0.0101062426
159967357.4551913142 0.0093551799
157907351.9321560264 0.0098805720
162802039.8138439953 0.0096176270
157390735.2367119789 0.0099241758
169075552.3139457107 0.0103284225
158451150.4479175508 0.0097510466
165817831.3621955216 0.0106738346
169230878.0769605637 0.0100128005
160387180.3498176038 0.0093327913
158363427.4977508783 0.0096038054
167655706.9854030907 0.0093106693
157790372.4651009738 0.0101686496
157667967.8397459686 0.0097691152
158165867.0383839011 0.0097716543
162272751.4672601819 0.0116770960
157966842.3791100383 0.0098567621
164533595.3806034923 0.0082579459
158392172.7043340802 0.0096470458
159290753.2831240296 0.0103224474
169176917.6518737078 0.0097064338
160112081.0410156548 0.0105238865
157901592.7119310796 0.0101794144
165731089.2118242085 0.0118599584
157842519.7927960753 0.0097803800
162687671.7123654783 0.0107913933
169879253.3909781575 0.0098258844
160363323.6495791078 0.0100765092
157700811.3562260568 0.0098076270
162751022.9495887160 0.0104313882
158789529.9806894362 0.0096860064
169027560.5113933980 0.0103237993
157307924.0976579487 0.0099517335
166544358.3988827765 0.0095210245
157416694.0691951513 0.0099859721
163668305.1262302697 0.0093057613
169187914.1834732592 0.0099438460
159247078.3068435788 0.0106489362
168736840.9682869613 0.0100164863
159069042.4095607698 0.0092450631
169157566.6339156628 0.0100134104
166169526.4542391598 0.0105276077
157282180.8822897673 0.0098313010
167985184.4508343041 0.0104607154
167822997.2190198898 0.0099838616
161468886.4906658530 0.0096661303
169413757.4787243903 0.0095925349
160907818.5551286042 0.0095285321
169141993.3095736802 0.0097159037
169116447.1538641751 0.0098103856
168696350.5611179471 0.0096767768
157398048.6389837265 0.0097390378
169112745.8546928763 0.0097513643
157294279.0506029427 0.0098697358
167770148.2987715006 0.0097620051
157944572.6259175837 0.0097676625
160735137.8487047851 0.0090865276
169370518.2911463380 0.0097976571
168483250.6717013419 0.0103459395
158266373.3772705793 0.0095281967
158699984.8373252749 0.0102031449
157723049.5824985802 0.0098619098
168496319.1430935562 0.0098778070
168884431.2445927262 0.0099358548
157855406.5328893661 0.0092637576
169385759.9751265049 0.0099384208
168329612.8815325499 0.0102385066
169310401.7145558298 0.0098987525
168904264.9400579333 0.0093957212
157689742.4927698672 0.0097713643
160266579.2093426287 0.0099884529
157343217.9913931489 0.0098271924
157479578.8338817656 0.0097149044
157357588.4715154171 0.0098678318
157738698.4602978826 0.0099145893
169043652.1028535366 0.0099719677
169133728.6906397939 0.0102428643
157779182.4577388167 0.0097241846
169241266.5164316595 0.0096664011
157954940.6471138597 0.0097492367
168590324.9736275971 0.0102367578
169211118.8709879518 0.0098866056
169436950.9979760647 0.0097177011
168763851.2628775537 0.0098750428
159148882.7582724988 0.0096361896
167985723.4350361228 0.0098350267
157543531.0181554556 0.0101054721
157535559.7349873781 0.0098844866
159281405.4040634632 0.0095873365
168953656.9669958353 0.0097194032
168634567.7528513968 0.0099459576
169188288.4307610691 0.0098701828
158675560.9840751290 0.0097822960
169220079.7091350257 0.0097483233
168404955.2658298016 0.0095992413
157489998.9008955359 0.0098539720
165057765.7505202293 0.0098164957
169527358.3725937903 0.0097912831
157888658.9441699684 0.0095355747
157417155.3824157715 0.0096211077
169132019.9736706614 0.0099500320
168799642.8092697561 0.0097609719
169215057.7291219831 0.0098305273
158149962.1743720174 0.0096441000
157417347.1514618993 0.0097539656
157495621.7226173878 0.0098370503
169204014.2503959239 0.0098242503
157313274.2224273086 0.0097405173
157392469.2188193202 0.0098745863
158870842.3346715868 0.0098586476
157271082.9557127953 0.0098517117
157536679.8223989904 0.0097481515
157281956.4381079376 0.0098977460
158882168.1299826801 0.0095978375
157356267.4055465758 0.0098603187
169199256.0674611926 0.0098448541
157292409.2611650825 0.0098720618
157350391.1302982569 0.0100835400
169046723.3634030521 0.0098006026
158042968.5757109821 0.0100371659
169267912.2408237457 0.0098644137
167857767.1885162294 0.0098030703
157418025.0439885259 0.0098111222
168593268.6825092137 0.0098668103
169360581.9075805247 0.0098505998
157756629.7762485445 0.0100673363
169310689.8371763825 0.0098689078
157469430.3786395192 0.0098906080
157311185.4768562019 0.0098110545
157952949.9697362185 0.0098383341
157466892.1614489257 0.0098536362
169468888.9042759538 0.0097578378
157293995.1254118681 0.0098432357
157992474.8145376146 0.0100326369
157269916.0927023590 0.0098269713
157321558.4229952097 0.0099488597
169298935.8071515858 0.0098437740
158434715.7432687581 0.0097850631
169406278.2043764591 0.0098454779
169436773.4121529162 0.0098652639
169508714.0165857077 0.0097373193
157313390.0890797973 0.0098264358
157480910.7279556692 0.0098327542
169169146.3242124319 0.0098547529
169422765.3347005546 0.0097144688
169377061.0937061310 0.0098192576
158120454.2224266231 0.0096856877
169408224.2738744915 0.0098812388
169319620.8126647174 0.0098380024
157399944.5415816903 0.0098280776
157696772.2541662753 0.0097501221
157337201.8777831495 0.0098504012
157896823.3121786714 0.0098162330
157302987.9803422987 0.0098528090
157603899.1020435691 0.0098597687
157334029.5578102171 0.0098468218
169114803.1441018283 0.0097814124
157280645.6127607822 0.0098062313
157403208.8616785407 0.0100094188
169322707.8762828112 0.0098704583
157556217.9384670854 0.0098016512
169373403.2927590907 0.0098099354
169356594.1968125999 0.0099666713
169381751.1920814514 0.0098194903
169059346.4677442908 0.0098590477
169205455.0691733062 0.0098219018
157265460.6681328118 0.0098201350
157715367.4086320698 0.0097729439
157287943.2217642963 0.0098368062
157396567.2049989998 0.0098527708
169450703.9726758897 0.0098229148
157336325.0527797341 0.0097874453
169436349.1209896505 0.0098185390
157613061.8030992150 0.0098000664
157289163.3755372763 0.0098233597
157356289.1726794839 0.0098226650
157356128.5826602876 0.0097945752
157493920.2681182325 0.0097886393
169416503.4992287457 0.0098321977
157486956.9661340415 0.0097888535
157285411.9325016439 0.0098176699
157510236.2971046865 0.0097755648
157296285.6127825081 0.0098243243
157417882.1019036770 0.0098380512
157289632.1564556658 0.0098107218
157403653.4746437073 0.0097999329
169465753.4084939063 0.0098358466
169449547.9251266122 0.0097287821
157281306.8944836855 0.0098208065
157298347.5377887487 0.0099289806
157270935.3088355958 0.0098001935
157273732.2561258674 0.0098345189
169465008.6872007847 0.0098080661
157271915.2184613347 0.0098848762
169434373.7107427120 0.0098424108
157275687.1132286787 0.0098228704
157303936.8535508513 0.0098646289
169418571.2759370208 0.0098205517
157432579.6312718689 0.0098040951
169432063.8778797686 0.0098294895
157459851.5362119079 0.0097749760
169481212.9018661380 0.0098259146
157299271.5605895221 0.0098014620
157263546.8378853202 0.0098373091
169346292.0349425375 0.0098231921
157306719.5410204530 0.0098353239
157525562.2817342579 0.0098503793
169465311.1027539372 0.0098379338
157335618.8185556233 0.0098551552
169483739.4447188675 0.0098386842
157316766.9961470068 0.0098352889
169475520.8251466453 0.0098427610
157280732.2788538635 0.0098310485
169478334.4075587094 0.0098378303
169524178.2622910142 0.0098083748
157272289.0778428018 0.0098361845
169421298.7737692297 0.0098507688
157273906.3901354074 0.0098443513
157285561.8874243200 0.0098536053
157274629.7018414736 0.0098454596
157257792.5677710772 0.0098393026
169468764.2967191637 0.0098400117
157261104.4129194915 0.0098398072
169448517.0764435232 0.0098508075
169483224.3594146967 0.0098379103
169467264.2217394114 0.0098329462
169440658.3975450993 0.0098413061
157360843.1478803754 0.0098245701
157274187.3178089857 0.0098366570
169456914.1090998650 0.0098392714
169462812.1494194269 0.0098395950
157328898.8357854187 0.0098284480
169439041.3171716630 0.0098417295
157313072.8107349575 0.0098399134
169454021.2146227658 0.0098395592
169420416.8884866238 0.0098485696
169475844.4981389046 0.0098382732
169435889.6520908475 0.0098440498
169458801.8413006663 0.0098430755
169426338.7839627266 0.0098322037
157265681.3598299623 0.0098406081
157315965.0315846801 0.0098260624
169479091.7613688707 0.0098418215
157267833.2656872869 0.0098366194
169480034.1522023976 0.0098361373
169468568.0453617573 0.0098460233
157268953.5146719813 0.0098371274
157300709.4673027694 0.0098518068
169475790.2207663655 0.0098356809
157311985.8517148197 0.0098362931
157256863.7328308523 0.0098432083
157268487.6837708652 0.0098296995
169477206.4648005366 0.0098486493
157306870.2593454123 0.0098378353
157259879.6206112802 0.0098448371
169482924.2374370992 0.0098565819
157259226.3100095093 0.0098468049
157347852.2312845588 0.0098433785
157261141.5640113652 0.0098431588
157291619.3491640985 0.0098356321
157263235.5406236351 0.0098474231
157256340.4782124758 0.0098465202
157261512.4175742567 0.0098425916
157335078.7722907066 0.0098346095
169445208.8899381161 0.0098415599
157267521.9956213236 0.0098513336
157264890.9538927674 0.0098431392
157432458.0747845471 0.0098409500
157257781.2373717129 0.0098488738
169424444.8655816019 0.0098448450
157258223.7163662612 0.0098430358
169502169.0191072226 0.0098383026
169469059.4069207907 0.0098428147
157271768.2074207664 0.0098442566
157258796.8032711446 0.0098496192
157281339.7073145807 0.0098547868
157260401.7704473138 0.0098503416
157256508.4118813574 0.0098494545
157275261.2883356810 0.0098525563
169474230.3083344698 0.0098467225
169460390.2871200442 0.0098494511
157264566.4543382525 0.0098452581
157286896.6643289328 0.0098365701
157258132.3495526910 0.0098447961
157280967.5753341019 0.0098398600
157262459.4309103787 0.0098464249
157265487.2785347402 0.0098452864
169459951.9458754957 0.0098494451
157283797.7820025682 0.0098459953
169476565.7652052343 0.0098456408
169437510.3884359002 0.0098495534
157260787.0393651426 0.0098478096
169470188.7733058929 0.0098481369
157263764.3404956162 0.0098488305
157266584.5329959691 0.0098464513
169470455.7343104482 0.0098471205
169478249.0156103075 0.0098448704
157266396.1297904551 0.0098426235
157272994.7333423495 0.0098518735
157261397.5095978081 0.0098482590
157281356.6153931320 0.0098426963
157266724.2764938772 0.0098448111
157267320.2644291520 0.0098481227
157257776.3072026670 0.0098472290
157263555.3860397041 0.0098475806
169472412.2253314257 0.0098473859
157265151.6406755745 0.0098430807
169474617.3648806214 0.0098459460
157256405.9439427555 0.0098493095
157263757.6890581846 0.0098465911
157275071.3456549942 0.0098448302
169479198.9810019732 0.0098464510
157283111.5197871625 0.0098435710
157265681.3369752169 0.0098428115
157260760.4695223272 0.0098443685
157267113.5271318853 0.0098438651
157268034.0639990568 0.0098441170
157270120.3801550269 0.0098452320
157263373.7971912026 0.0098483586
169465434.5144064128 0.0098523422
157281700.9232520163 0.0098341954
157263418.6395464242 0.0098436206
157262404.7540883124 0.0098507902
157260453.7101313472 0.0098441992
169327776.7623702586 0.0098593534
157260874.0759261250 0.0098443220
157308829.9881164134 0.0098397640
157255793.7165992558 0.0098478917
157340705.3917242289 0.0098453145
157321283.5080148578 0.0098461346
169403493.5459331572 0.0098543079
169475919.7881066203 0.0098484473
157269833.7133933902 0.0098447616
169473651.9957715869 0.0098485451
157260809.3747123182 0.0098470603
157256554.9620327353 0.0098464289
157257571.2991143465 0.0098498646
157259118.7676400542 0.0098461903
157257416.9908301532 0.0098446522
157256126.6187370718 0.0098478681
157268637.0541577637 0.0098457601
157255776.7404967844 0.0098480773
157279979.7793115079 0.0098456957
157255245.7320318818 0.0098483075
157265556.9871394932 0.0098445486
157254319.5487853289 0.0098478623
157265827.5721796453 0.0098417571
169470924.3529862761 0.0098487626
157258107.0490644574 0.0098471326
157254482.2104665637 0.0098482147
157271635.2514111996 0.0098451042
157257885.8954102993 0.0098490893
157259681.3285911083 0.0098451682
157255130.7536309659 0.0098482335
157304485.9166540802 0.0098457313
169474047.2554562688 0.0098481448
169475882.6337144375 0.0098470642
169472093.2688745558 0.0098487708
157260898.6671389639 0.0098440619
157254558.9656322896 0.0098472907
169471753.6074399352 0.0098498430
169474309.3830492198 0.0098470639
157257473.9914893210 0.0098485196
169475844.5713466406 0.0098467496
157255524.8928207755 0.0098478601
157253726.2556726038 0.0098489880
169472704.9485153258 0.0098491109
157255369.6510508358 0.0098496267
157253345.8360825479 0.0098491388
169435415.8458693922 0.0098523469
157253631.8311293423 0.0098494034
157266808.7784597874 0.0098479097
157253868.9665754437 0.0098494152
157257450.2291737497 0.0098481339
157253663.6093532145 0.0098494698
157259032.8906619251 0.0098479193
157254970.6223737597 0.0098488352
157259637.5970807076 0.0098487887
169471695.9564232528 0.0098488959
157257197.0437323153 0.0098485059
169472507.0644555390 0.0098493851
157254562.1184735596 0.0098488865
157253432.2008291185 0.0098499027
157255849.2228675187 0.0098486189
157253601.6377373338 0.0098491287
157258250.2749274373 0.0098496223
157253766.1446744800 0.0098492927
157258535.8662267029 0.0098508843
157254427.8920668364 0.0098496886
157279073.7177057564 0.0098460105
157253791.0516112149 0.0098490890
157260238.4067957401 0.0098509881
169471556.2587831318 0.0098494009
157256229.1149936616 0.0098474872
169473099.6526598930 0.0098486609
157256322.4366531670 0.0098490784
157254385.4366840422 0.0098491933
157254964.4768393636 0.0098513871
157253656.0661388636 0.0098489139
169466958.8346688747 0.0098512041
157253743.6776655316 0.0098495905
157258746.5014315248 0.0098470092
169472451.3179435134 0.0098493369
157254943.4123121798 0.0098488302
157253335.3769850433 0.0098488504
169435733.4670014083 0.0098520593
157253635.4412330687 0.0098492153
157264502.8366963267 0.0098492328
157253963.1266079843 0.0098484991
169435733.4726285636 0.0098520593
169471124.9335976541 0.0098496100
157257348.4794267118 0.0098470867
125827931.0000000000 0.0098470867 1 0 0 0 0 0 0 0 0 0 0 0 0 0 0 0 0 