1988954304.3978326321 0.0038285214
2266719350.0765414238 0.0009426732
2117106187.7464578152 0.0061017470
2251136372.6162557602 0.0008056688
2133697975.2120692730 0.0029023135
2217633207.2818603516 0.0023084555
2278662744.9986190796 0.0021040264
2271938140.5225710869 0.0008197688
2213408321.9391927719 0.0067318302
2407134331.0737318993 0.0017488442
2149833078.0558524132 0.0019851270
2267639148.7248296738 0.0017848601
2258602404.0274543762 0.0067703523
2208464953.5779891014 0.0064053406
2415230152.6429014206 0.0032495176
2509420090.7834835052 0.0052046825
2119669189.6675662994 0.0041191566
2302947184.5549201965 0.0008481432
2237394513.7218270302 0.0058686053
2158552167.4043979645 0.0038586917
2123131876.4507691860 0.0067758243
2091557305.6325197220 0.0053168924
2150923117.1455750465 0.0059251310
2197914021.5400447845 0.0072439174
2194972800.6379208565 0.0065482797
2207607193.3216958046 0.0051542685
2284855162.1029291153 0.0007657544
2200088009.5248079300 0.0002723833
2215186804.5224075317 0.0067592670
2089496332.4067692757 0.0037423640
2225250727.1374468803 0.0025655889
2123442296.0122134686 0.0063449044
2187195691.0634031296 0.0014732667
2310540874.9627003670 0.0013219203
2201076691.0228404999 0.0063277109
2188564463.7536268234 0.0076113499
2134401957.6935038567 0.0048785288
2119200674.7654795647 0.0058794194
2199666857.3811359406 0.0069893840
2240084171.6747336388 0.0011423546
2406228468.3075733185 0.0014365558
2427747414.6123461723 0.0029636353
2013351925.9832067490 0.0029761371
2251189536.0134196281 0.0059875370
2162509558.9113488197 0.0048709229
2151055051.2671375275 0.0076772403
2246736770.9692277908 0.0024380448
2127749797.3922052383 0.0036025144
2177116954.8201818466 0.0071165202
2234786361.3970994949 0.0020591360
2213724249.8014969826 0.0049423630
2174300521.8720459938 0.0070762634
2170350975.3124599457 0.0031840513
2220254074.7082409859 0.0024149293
2343156073.7909450531 0.0003747498
2167062647.9836921692 0.0008946792
2163037399.3221149445 0.0056804954
2312991423.0749077797 0.0011816102
2219123658.7469058037 0.0055449283
2174721261.1366848946 0.0061411796
2233350339.4446535110 0.0062573458
2194023580.1306619644 0.0060955652
2233560245.7985949516 0.0004705471
2051865249.5925421715 0.0041835921
2181136535.8347020149 0.0017546328
2261580112.9870176315 0.0013625401
2192296763.4810175896 0.0047327663
2251392590.2310724258 0.0003571041
2179698539.7929587364 0.0049712652
2203261386.7833638191 0.0022690951
2302437822.1265654564 0.0002564386
2218446987.6518330574 0.0033231954
2226509688.2172031403 0.0070920339
2172073477.6976976395 0.0015350587
2275126995.4174900055 0.0046193638
2218305876.3517551422 0.0005630786
2281182823.5911059380 0.0017509748
2170618085.1867780685 0.0069014346
2105212341.5048384666 0.0051296220
2194555717.1969461441 0.0076388007
2318282862.3388051987 0.0010927359
2196063898.4010658264 0.0014179476
2193579317.3535432816 0.0021193438
2086795337.3366723061 0.0066573049
2123227992.8235819340 0.0069372647
2260965666.3161740303 0.0056010721
2221737144.7537307739 0.0046099483
2202136199.0386681557 0.0050660631
2220834048.7177295685 0.0056391090
1982991708.0013425350 0.0026774125
2210740598.9095563889 0.0060211165
2189941198.8186521530 0.0069551266
2244370223.6179099083 0.0047832626
2180838853.7886972427 0.0046936228
2228654397.5948047638 0.0047078159
1958401291.1538958549 0.0041477441
2200054192.4485344887 0.0068618879
2241445717.1363258362 0.0061248322
2222855726.6334600449 0.0006149760
2098729416.0755379200 0.0065147392
2484849867.8857779503 0.0013466773
2388242061.8190464973 0.0031837448
1990699171.4961590767 0.0046869829
1951126215.9313974380 0.0044489732
2176608128.8244886398 0.0027777857
1950642623.2639462948 0.0049579430
2285563335.2829117775 0.0050283902
1982450202.1773095131 0.0035719396
1963521491.7911665440 0.0054084456
2028069968.4529390335 0.0016687689
1954582231.7746119499 0.0046680785
1976377911.3602502346 0.0066446022
1955365524.7167387009 0.0040242068
1950739181.2918534279 0.0049930362
1953246246.8774075508 0.0048440365
1951671718.8783578873 0.0054185624
1951191016.4862952232 0.0049824226
1950496562.1559786797 0.0047683785
1951431489.8022923470 0.0045824547
1950227700.2606382370 0.0048208977
1949710246.9658341408 0.0049613935
1949468127.8512861729 0.0050584486
1949198124.0697860718 0.0050658152
1949862157.7098555565 0.0052484080
1949307082.9836976528 0.0051007541
1948758869.4459300041 0.0048672986
1948595811.4539122581 0.0047210211
1948502323.1115691662 0.0046764808
1949182932.7396402359 0.0044959967
1948585923.0432140827 0.0046503298
1948179049.6524524689 0.0048500853
1948173999.8082408905 0.0049441859
1948154249.7245516777 0.0049349480
1948872074.2874872684 0.0051325680
1948327540.8357815742 0.0049939970
1948038354.1570677757 0.0048821880
1947972267.5210244656 0.0046605304
1947996474.2071900368 0.0046164819
1947974182.9499835968 0.0046511109
1948169258.9119575024 0.0045948831
1947968868.3358476162 0.0046683140
1947874269.5917596817 0.0047003361
1947866468.4313476086 0.0048127784
1947851528.3377871513 0.0048040473
1947806333.5108687878 0.0047887407
1947761924.3334372044 0.0047575438
1947722230.1680428982 0.0047159491
1947720344.2085230350 0.0047326861
1947709846.8177316189 0.0047110369
1947762679.8424296379 0.0045891052
1947707752.0050742626 0.0047023862
1947772375.4209222794 0.0047792507
1947716921.2591776848 0.0047235867
1947719378.7219884396 0.0046408192
1947712122.7209446430 0.0047182188
1947710625.7196102142 0.0047056949
127759820.0000000000 0.0047056949 1 0 0 0 0 