1971618668.7117702961 0.0007521127
1958017421.4053196907 0.0000867820
2015837020.7792987823 0.0000272456
2091562555.7950944901 0.0000122969
2502364577.6275777817 0.0000005706
2062313202.5020048618 0.0000447993
1968536310.4525024891 0.0006555208
2120756531.4575724602 0.0000872028
2118967836.1544957161 0.0000091009
2135961405.1931965351 0.0002402486
1827267157.2633516788 0.0002377598
1882546788.9814589024 0.0000736463
1834479251.9841821194 0.0000794454
1818547788.7677044868 0.0001611103
2172177608.9157996178 0.0000088328
1936626847.1587378979 0.0003972256
1780357393.7843651772 0.0001148321
1883169339.8379833698 0.0003385951
1705524010.8956763744 0.0000934278
1654697259.3189549446 0.0001114535
1726877701.2190246582 0.0006899947
1685172042.5995109081 0.0010802213
1850601372.6938414574 0.0000157717
1616149967.3420226574 0.0007011415
1594657967.9947423935 0.0008740969
1934809732.2924489975 0.0003042139
1862954545.5536241531 0.0007782775
1632068060.8015000820 0.0012815568
1609321045.2481226921 0.0002600166
1787053668.3860864639 0.0004876430
1607838618.3080456257 0.0012291697
1769675955.5946016312 0.0003986580
1502300337.9258329868 0.0000574667
991887845.4634411335 0.0000102263
758963684.4784237146 0.0000001018
903306227.7618837357 0.0000134137
827276539.7466543913 0.0000001164
909873966.6728929281 0.0000002530
754737088.2652486563 0.0000000157
803447825.1400682926 0.0000006052
742140785.0020897388 0.0000001437
783053008.2254797220 0.0000000001
732549622.0576723814 0.0000001994
949093918.1952749491 0.0000000008
734830399.6498204470 0.0000002922
820344910.3387470245 0.0000403105
741821062.1076034307 0.0000004013
887774055.5765978098 0.0000000521
740503885.2312999964 0.0000001326
967391239.1953434944 0.0000000042
750736520.3471518755 0.0000300039
749924656.0602768660 0.0002896291
754207527.3810695410 0.0000002059
936487116.2308810949 0.0000004791
714135454.1130099297 0.0000004031
732618397.6544314623 0.0000000133
733487461.3184618950 0.0000003936
701512456.7068489790 0.0000480946
709456059.8573777676 0.0000520254
831927043.7798279524 0.0000688095
723628578.6235792637 0.0000608281
888801297.7211987972 0.0000418780
867247933.9762650728 0.0000387019
921224133.3597865105 0.0054207184
700438077.8066275120 0.0000404755
800354214.6960802078 0.0002501126
739499692.7933117151 0.0000163596
866216614.1321877241 0.0015067464
702446706.3070216179 0.0000761169
735785954.4301692247 0.0000003542
688985708.1415808201 0.0000872896
877689442.3276329041 0.0002801133
680768045.4740147591 0.0002240143
669707448.1224048138 0.0000066010
659699239.9831253290 0.0000002817
758144780.6509751081 0.0000000812
726108530.0377380848 0.0000000277
754692127.2844523191 0.0000075442
625934603.0565913916 0.0000000002
792994987.8496921062 0.0000038957
658301278.8826286793 0.0000004998
672736753.5538896322 0.0000013096
628041290.5842986107 0.0000112446
745337053.1352812052 0.0000000253
646738031.7325373888 0.0000000334
669508469.5187985897 0.0000003038
636202514.7663447857 0.0000000447
733926393.7399513721 0.0000000406
630870387.4250857830 0.0000004122
880654371.6841236353 0.0000281036
685440721.0014734268 0.0000001998
758067574.0730333328 0.0005263465
648149630.5394184589 0.0000004600
659104000.5245361328 0.0001510059
800422323.5336410999 0.0000140143
745325962.2652181387 0.0001965433
698397385.0471206903 0.0000010961
940933490.7160681486 0.0000174830
706780548.5307905674 0.0000000449
755039563.4539469481 0.0000014284
664784757.9094972610 0.0000070321
837458950.0802782774 0.0000668469
617717885.9382754564 0.0000000457
776232127.7689706087 0.0000583977
623416116.8483080864 0.0000998248
680396585.7434321642 0.0000034987
620178896.8873032331 0.0000042477
898253722.2475464344 0.0002257010
700160923.5736349821 0.0000008580
683279930.4938416481 0.0000358842
647096193.4474997520 0.0000000185
704271274.6948661804 0.0000339881
723129890.5931847095 0.0000000823
857690557.1846095324 0.0000976348
630957218.4073281288 0.0000013321
645188272.8804847002 0.0000003695
671027005.1173764467 0.0000008439
661401889.3669633865 0.0002538671
633816383.7238563299 0.0000007568
700292074.8951092958 0.0000000001
633416660.0519007444 0.0000099573
648474647.7423241138 0.0000247107
621099274.9970841408 0.0000080813
958672428.5606958866 0.0003149155
685362330.3560154438 0.0000000725
908260848.1904500723 0.0000089724
610760467.6280417442 0.0000021062
759470794.3935606480 0.0003108455
624688544.2044976950 0.0000097394
946316475.5898365974 0.0001789277
606257563.0750645399 0.0000063713
688319867.4693483114 0.0000210916
615802223.6944782734 0.0000047975
610279625.5142887831 0.0001980504
644572294.7295101881 0.0000028732
970175338.6403130293 0.0000022351
623362137.3083287477 0.0000092877
750349908.0483901501 0.0000874637
670420765.5940520763 0.0000119702
1070812596.0397818089 0.0002296173
623430313.7841635942 0.0000738074
631892572.5921018124 0.0000064064
699105007.6375085115 0.0000036985
633848581.3815891743 0.0000032787
682169811.7628816366 0.0000739405
607598051.3180490732 0.0000053474
626718396.0178866386 0.0000011106
621830753.9845625162 0.0000066242
616396548.2274999619 0.0000045246
620207876.0111546516 0.0000001693
628161241.5428450108 0.0000000004
606473524.4897769690 0.0000064297
616316573.4833596945 0.0000361914
639083038.7898164988 0.0000618169
608664182.9439697266 0.0000069342
610637839.5797820091 0.0000079159
655420725.4445408583 0.0000306343
621712781.7211831808 0.0000008189
618519154.7024685144 0.0000008282
637522185.1907230616 0.0000032821
602789570.2039484978 0.0001063726
622669659.4091693163 0.0000623408
724513394.9485218525 0.0006013943
603486957.4944262505 0.0001958161
613002536.1725454330 0.0000008926
633393175.2461111546 0.0001375818
642423025.9585132599 0.0000033501
643401363.5987530947 0.0000656290
645910208.8085335493 0.0000364105
632480652.2661414146 0.0000760617
683368259.0872204304 0.0003108566
652255182.8198587894 0.0000604449
658711587.5232341290 0.0003428617
615861711.1531648636 0.0000663127
655449103.6999101639 0.0002696579
645351046.6484959126 0.0000992088
633188046.3394954205 0.0000068592
633537925.8771210909 0.0001332278
641996470.5028241873 0.0001436093
645512572.3121337891 0.0001366664
842098132.5515840054 0.0000900639
619017654.9628132582 0.0001276853
652766262.1864798069 0.0000434191
644707205.0454626083 0.0001599049
614733445.7834651470 0.0000026945
618390753.3909622431 0.0000700879
642556339.6341383457 0.0000002743
609805808.6345530748 0.0001777651
713259784.4874325991 0.0000047093
625007622.4794127941 0.0000775893
637438275.0664098263 0.0001206264
636323198.3404799700 0.0001200722
637889070.5578463078 0.0000005545
634656457.1837919950 0.0001193971
640387628.0014955997 0.0001607955
615911519.4148554802 0.0000803998
613296611.9978152514 0.0000251222
619135116.0380432606 0.0000610123
693062801.6276410818 0.0000307983
648944168.0412777662 0.0001364755
607846813.3335033655 0.0002937251
640239657.6342018843 0.0000893408
623078819.9003221989 0.0000028303
647799104.1699175835 0.0000033877
624715509.8438241482 0.0001018815
652460350.5419126749 0.0001246690
626677805.2916625738 0.0000095834
624044826.2942671776 0.0001395123
628260095.6973025799 0.0000764114
645298193.7284903526 0.0001188397
608674246.9940775633 0.0001056514
632069513.9574646950 0.0001442503
606688457.8844767809 0.0001062242
611108356.5001133680 0.0001308604
613561038.7414877415 0.0001068659
628261791.5596091747 0.0001598450
604082934.3703252077 0.0001013287
642367668.1413190365 0.0001113014
645772325.4455459118 0.0001178918
632080627.2293806076 0.0000643811
646570026.4089833498 0.0000925767
644897079.4648009539 0.0000806584
602807559.6263965368 0.0001066049
604167201.9226309061 0.0001063705
604430581.3302689791 0.0001011377
605071080.9859274626 0.0000952838
607570034.4040603638 0.0000824631
620841828.1907111406 0.0001052145
605310611.4536758661 0.0001026495
616460753.7712512016 0.0000711249
602620763.5718300343 0.0001008297
604201208.1549719572 0.0000177825
602691875.8978685141 0.0000990013
632775781.7681986094 0.0000681558
649472927.6150137186 0.0000995438
646197577.4930484295 0.0000592087
648738796.6794043779 0.0001068818
613410334.6576431990 0.0001174065
609279795.7358378172 0.0000901680
613150627.9002400637 0.0000572458
604667405.5557776690 0.0000997699
652644322.0912921429 0.0001154687
604794991.5673717260 0.0000719639
607610363.5626194477 0.0002144580
605315678.0373592377 0.0001056480
628421301.9239947796 0.0001009433
605851523.5280236006 0.0000937908
626959638.1213366985 0.0000904663
640769327.6266654730 0.0001041302
622382532.6356757879 0.0000672493
602507519.0107470751 0.0001099600
623611258.1156274080 0.0000933469
602350689.0209057331 0.0001155548
606222657.6927416325 0.0000821501
607742025.8973425627 0.0001169843
604071005.8573188782 0.0001117427
602810074.7669504881 0.0001061779
601467493.0112630129 0.0002036797
600730729.1255581379 0.0002051985
639335508.4238104820 0.0001340636
608326456.2985107899 0.0001699675
635435321.7078437805 0.0001664683
600164207.7839007378 0.0001913603
623636437.9386413097 0.0002478530
602988786.4834727049 0.0001992013
639112481.5727487803 0.0001767744
601748873.6393721104 0.0001994800
627862843.8047201633 0.0002196403
641648993.3307268620 0.0001885059
635331333.4058041573 0.0002334457
612169036.6074392796 0.0002113424
619389137.5664148331 0.0002029743
605061907.6722806692 0.0001836543
611855504.8581242561 0.0001828835
600941274.9022382498 0.0001843793
601147037.6034326553 0.0002012279
604210067.2578570843 0.0002198338
599979030.4453883171 0.0001952029
610300149.8920412064 0.0002066065
603561563.6881219149 0.0001993593
630967524.2546286583 0.0001609234
600245530.8866196871 0.0002038684
641283146.9709094763 0.0002148858
605628342.7546688318 0.0002081027
639369756.1146949530 0.0001705215
600566756.2577598095 0.0001868863
599909042.1700288057 0.0002241787
602981021.2596397400 0.0002303100
606420886.8042377234 0.0003213433
600338553.8950113058 0.0002186121
610076367.8460621834 0.0001759646
603464676.2994238138 0.0002186885
610159212.6618721485 0.0002719632
602978253.2213149071 0.0002228308
616760006.1053670645 0.0001777477
600658055.7527371645 0.0002169324
612712264.6028500795 0.0001993761
604475754.0384663343 0.0002356957
618825190.4520663023 0.0002469654
599990354.3533418179 0.0002382314
633194574.3345054388 0.0002552593
603798007.1659258604 0.0002256272
613789258.9056679010 0.0002226036
601203821.3478854895 0.0002159595
643976634.8654922247 0.0002566148
601814127.9932358265 0.0002307844
602240820.2556082010 0.0001766235
602391573.7703360319 0.0002435389
635627377.0668612719 0.0001975641
606825759.9377329350 0.0002307189
602389282.0778187513 0.0002075726
599677460.3894921541 0.0002174415
608061944.6643409729 0.0001803034
606033355.3471223116 0.0002191651
607627590.8696752787 0.0002234073
601997904.2132937908 0.0002174472
622495557.0320208073 0.0002403142
600545503.8133585453 0.0002222413
602750985.4179875851 0.0001930213
601561732.1554280519 0.0002241536
608334864.1817449331 0.0001694323
600836512.5434458256 0.0002134947
622836392.0291577578 0.0002242849
603427346.2596985102 0.0002174462
603405289.7832204103 0.0002333967
603164315.6745889187 0.0002060148
620372233.8745691776 0.0001775970
603174235.0030412674 0.0002210437
605818405.9155019522 0.0002049267
602043214.5677789450 0.0002191158
638519172.1598095894 0.0002348084
602572891.3569159508 0.0002270310
601612795.7868432999 0.0002145202
636075584.5618766546 0.0002263362
600092510.7820594311 0.0002171783
602089176.6928756237 0.0001985725
602971102.3167955875 0.0002256536
604141171.1590173244 0.0002128832
601546405.9641894102 0.0002241082
602825983.3045639992 0.0002314779
601919232.6524564028 0.0002237272
602736053.2038263083 0.0001970368
600780389.5814652443 0.0002108002
601385996.1119133234 0.0002140320
601337401.1406277418 0.0002230482
605439288.6179450750 0.0001956798
600080882.0435127020 0.0002199292
601712840.2395683527 0.0001996507
600905078.9932739735 0.0001963103
605792476.1324772835 0.0002006959
601312175.4159044027 0.0002201124
609435822.1445416212 0.0002292401
601395740.5420461893 0.0002158079
602049882.4975135326 0.0002259730
601710838.0509185791 0.0002198015
610220249.2430806160 0.0001941150
600197782.7207721472 0.0002154906
633229238.5014023781 0.0002215410
605778310.0163880587 0.0002184185
606869014.9475761652 0.0002282775
600169970.3392529488 0.0002119800
607935703.0154234171 0.0002320594
600418670.9106035233 0.0002169148
605512176.0870524645 0.0002010161
600680152.2193511724 0.0002265862
603145623.0907496214 0.0002049919
600132849.1637927294 0.0002207178
613583791.7180780172 0.0002173909
599720467.5686759949 0.0002241136
601502497.4245107174 0.0002331465
602282228.9217209816 0.0002253638
642055982.0276352167 0.0002226830
600143930.9694876671 0.0002121011
599659562.3629645109 0.0002173989
601940051.3039773703 0.0002209447
599824847.6132335663 0.0002153861
603332099.7200402021 0.0002156097
600279965.3859877586 0.0002173131
603699824.9059486389 0.0002207757
600740321.0860568285 0.0002178103
602749063.8918159008 0.0002206991
599671491.6768372059 0.0002184755
603980667.0276570320 0.0002153605
600703639.0945800543 0.0002181147
601602655.8981521130 0.0002145954
599783897.3472470045 0.0002189123
599783783.5629814863 0.0002132144
600508333.8263154030 0.0002169299
601783109.7823619843 0.0002167015
600663882.0741138458 0.0002162539
601212487.9896922112 0.0002139408
599741316.5905845165 0.0002166702
601074129.0472861528 0.0002199233
600046017.3695603609 0.0002183445
600224993.7703746557 0.0002252035
600603144.2407399416 0.0002179526
600263701.6516944170 0.0002164501
599917407.5835040808 0.0002162881
599957547.6036964655 0.0002198621
599739337.3005723953 0.0002171405
606230052.9300551414 0.0002178670
600662983.0669684410 0.0002170470
600407589.0652241707 0.0002172641
600531791.2124506235 0.0002167374
599808535.3379696608 0.0002206503
599670005.8377562761 0.0002162052
602963320.0511215925 0.0002192490
599903804.8121037483 0.0002176068
601844314.2633752823 0.0002136794
600275186.6312165260 0.0002183460
600617333.5505026579 0.0002178528
600300086.8456231356 0.0002190354
603059618.5020616055 0.0002128005
599834947.3413153887 0.0002130915
600155560.9466317892 0.0002159138
600010875.2322714329 0.0002170606
601476717.8927958012 0.0002171241
599712280.3237084150 0.0002183017
603058181.1143815517 0.0002256759
599722740.2900258303 0.0002166385
601837059.1719099283 0.0002159592
603261514.1809253693 0.0002166807
600779321.9059460163 0.0002178990
599990004.8884022236 0.0002173648
599652701.1224021912 0.0002186213
599825628.1257060766 0.0002190518
599752829.8920106888 0.0002185325
599754620.7156946659 0.0002185265
599713295.3207850456 0.0002186072
600118068.6266112328 0.0002164331
599620450.6953573227 0.0002180353
601570309.9125925303 0.0002177427
600763530.1925277710 0.0002193411
599919936.0950211287 0.0002168712
600408181.5591862202 0.0002168918
599779167.4630817175 0.0002180065
600201040.9166201353 0.0002174476
599739943.0066854954 0.0002178880
600245617.5861656666 0.0002169962
599640908.3083182573 0.0002177025
600274133.1588138342 0.0002169705
599762043.4021574259 0.0002181042
599825680.3722537756 0.0002180639
599621077.0427402258 0.0002180953
599788925.3016510010 0.0002166455
599730535.8997358084 0.0002178938
599757269.5914586782 0.0002193182
599846806.4344780445 0.0002182375
600438524.6754227877 0.0002175508
599774209.3462222815 0.0002180812
599707786.4005106688 0.0002180414
599820373.8842507601 0.0002175173
599688467.9066935778 0.0002173092
599839839.5870698690 0.0002180390
600641887.9375656843 0.0002181287
599843388.5803496838 0.0002179422
599772987.4760540724 0.0002171653
599774873.2209219933 0.0002180412
600699569.3663096428 0.0002207609
600691896.6053577662 0.0002182793
600380195.6937438250 0.0002191325
599830529.7220182419 0.0002178295
600488019.1164692640 0.0002177928
599711158.7378532887 0.0002180795
600344398.8137124777 0.0002179828
599759357.1328767538 0.0002176589
600688509.1839975119 0.0002172671
599758607.8260138035 0.0002182873
600297375.8556252718 0.0002189115
599794477.2158918381 0.0002180200
599722559.1193019152 0.0002207935
599850235.2967404127 0.0002184977
599837197.8461354971 0.0002199437
599632075.6052964926 0.0002185177
599800286.2638247013 0.0002192019
599830139.7898495197 0.0002171306
599795616.2226533890 0.0002163455
599745075.6919571161 0.0002176406
599643097.4641402960 0.0002207107
599748812.6165813208 0.0002177311
600432443.5633113384 0.0002170407
599760784.3550273180 0.0002181290
600702496.9628746510 0.0002208549
599721347.2142978907 0.0002194419
599626125.1646082401 0.0002180606
599696767.7344638109 0.0002187443
599621619.7734981775 0.0002181273
599856581.0643179417 0.0002185402
599636210.4747692347 0.0002181313
600002045.0810104609 0.0002181191
599608931.0595860481 0.0002180580
599897681.2675917149 0.0002177377
599634497.3792505264 0.0002179412
599619605.5676164627 0.0002181041
599635510.7753001451 0.0002183291
599887942.7545726299 0.0002183681
599772554.6050219536 0.0002180123
599643136.4354600906 0.0002180583
599759469.1208767891 0.0002181244
599613893.4988048077 0.0002180126
599818441.1356099844 0.0002177003
599603876.1043128967 0.0002182230
599675773.9544470310 0.0002184789
599839442.2729846239 0.0002181931
599742778.9945734739 0.0002181091
599624266.3508301973 0.0002181837
599703681.8278456926 0.0002182883
599789914.2143085003 0.0002183011
599771864.1189759970 0.0002181219
599860093.0716283321 0.0002182957
599786829.4508494139 0.0002183253
599655949.7991490364 0.0002182222
599827421.1859865189 0.0002180790
599652643.7076028585 0.0002182071
599790197.6546275616 0.0002182679
599619752.4653460979 0.0002182049
599787903.4532190561 0.0002184892
599643147.5922900438 0.0002182448
599630467.3921707869 0.0002185293
599830670.1621180773 0.0002182304
599767915.1125375032 0.0002182370
599830611.9660432339 0.0002183694
599785706.6492466927 0.0002181980
599860151.1542420387 0.0002180609
599793326.6067236662 0.0002184598
599815761.6484069824 0.0002185216
599832462.7147496939 0.0002174211
599852982.7321877480 0.0002182413
599697469.6806212664 0.0002180787
599843209.1921573877 0.0002181714
599849556.9412620068 0.0002184429
599629540.0712116957 0.0002181996
599682039.9810106754 0.0002182648
599617859.1572400331 0.0002182399
599747493.1167354584 0.0002181446
599832896.2492858171 0.0002182315
599770703.8221492767 0.0002182633
599651352.5425573587 0.0002183476
599854407.3481816053 0.0002188719
599842013.5540595055 0.0002182429
599725362.5614520311 0.0002182010
599608615.5423440933 0.0002183516
599859241.0186576843 0.0002180461
599802155.6480802298 0.0002182880
599627512.1092282534 0.0002182353
599601044.0003579855 0.0002180768
599833272.5562427044 0.0002180802
599604967.5393171310 0.0002180443
599605805.4557850361 0.0002180899
599856178.8222990036 0.0002181378
599859222.9712212086 0.0002178960
599852599.7709836960 0.0002180810
599639455.5721154213 0.0002180480
599853141.3291270733 0.0002180909
599838947.1072500944 0.0002180496
599606031.9421840906 0.0002180706
599667234.0557633638 0.0002180070
599857226.0275810957 0.0002180607
599637096.4125810862 0.0002180886
599611456.2131639719 0.0002180848
599840454.3784519434 0.0002180142
599854953.6118999720 0.0002180799
599642174.8892351389 0.0002180849
599600539.0605792999 0.0002180895
599855271.0745619535 0.0002180716
599857977.1346204281 0.0002181021
599663425.0888544321 0.0002180241
599600809.3656620979 0.0002180867
599850991.9562637806 0.0002181192
599603407.2444295883 0.0002181011
599615550.7366234064 0.0002181334
599850593.3377054930 0.0002181092
599610038.2079936266 0.0002180205
599858171.6447312832 0.0002180714
599629753.9493124485 0.0002181368
599600717.5087808371 0.0002180890
599617348.2134886980 0.0002182095
599606163.8436119556 0.0002181015
599664322.2311857939 0.0002180548
599848629.4725335836 0.0002180727
599627053.3369040489 0.0002180992
599610952.0892628431 0.0002181065
599600593.6119037867 0.0002181476
599857665.4281643629 0.0002181380
599622378.1712323427 0.0002181486
599601551.4414449930 0.0002180939
599859621.9954693317 0.0002179917
599600739.6001603603 0.0002180952
599847190.3351366520 0.0002181473
599856610.8630121946 0.0002180814
599610849.5806428194 0.0002180490
599604778.3610439301 0.0002181183
599602371.7864933014 0.0002182494
599604028.7167915106 0.0002180805
599842355.1771050692 0.0002182133
599601531.5965964794 0.0002180979
599839064.7088128328 0.0002180481
599858456.1264466047 0.0002180971
599845722.3374909163 0.0002182012
599603121.8133209944 0.0002180924
599856034.9713718891 0.0002181431
599854366.1791499853 0.0002181431
99192736.0000000000 0.0002181431 1 0 0 0 0 0 0 0 0 0 0 0 0 0 0 0 