364666450.4459776282
326592350.4147873521
335026099.8700821400
359791164.4237083197
386364186.5498991013
389079215.4464963078
388619272.9535589814
347168582.5260153413
355182212.7087888122
386648361.8871325254
385568468.2739095688
315284143.4121117592
360708528.8859628439
321280641.1620979905
318802788.2827680111
351498173.7872288227
382533213.1148391962
267139460.1757283807
271045715.5324597955
307868766.2142570019
248284982.8446999788
241863122.4834535122
287567273.2844420075
243142899.1596299708
252187584.1771154404
318794277.0315439701
321110020.0399318337
263873746.5113923848
274113520.6742762923
291442591.6907450557
270736270.9894131422
178227035.0247425139
189544801.3188423216
182433162.6636853218
178843404.5719193518
177224408.1060727835
166722498.8507949710
180595396.1725456417
169069336.0418405235
167982777.9834616780
197452612.6974048316
176349617.8277697563
183590714.4469862282
188925318.0329909325
174091791.9079347551
190417571.5503828526
169948649.9887473881
160525984.4528193176
176830035.7877955735
181902144.6211419106
151368028.2760451138
152240270.7691940665
181989540.4423486590
150951756.3172276318
186385336.0395640135
200622051.0817348957
187636513.5341660678
158319838.9973070025
176608898.2550726235
181982205.4178081453
185485225.6905666888
160316325.2840079665
164962527.4167431593
169249687.8348738551
155911408.5437521338
159287268.4967038929
200986234.4307311475
164458358.7238138020
177353627.4918887913
151342208.5363832116
173227443.4418027997
183175740.2273300588
151862710.0826031864
152133912.1706159711
167221371.5063466430
169567477.9590398371
178350604.1144621968
176036637.3235685229
168456121.7807673216
163019417.7612619102
180192803.0562857687
154783152.9630486369
190351675.4215430319
172110723.0800271928
170745247.3945621550
159269013.0381149054
162698027.3284976780
182091299.3961774707
168504411.5288034379
168342863.1103379130
165978380.6164503098
166894514.2319838703
185804267.1098215878
159684014.2777400911
175014375.4131507874
153523351.2984704375
234805997.8669953644
153512866.1736471355
180484351.0823571086
150749674.7433883250
204858704.1731368303
163010772.4540230334
179798999.3123989105
164752233.9773409367
162742648.4326604903
179821902.7417460382
165953030.4877145588
161452193.0035033822
160104969.4310978055
155054615.3259716034
174386216.8428060412
165839891.9695427120
168342772.6220065951
158751803.1134181321
161912005.2909542024
157341214.9530694485
162606212.9998197556
158124353.9864551127
155462697.0915727615
169415646.6798614264
171876883.0621980727
157718826.9962390363
159664629.4628554583
157840453.8037252426
165573949.9511249065
168739101.6479729712
155738613.3705592752
154810644.0649966300
165987703.1103742719
159661607.7076942325
166260027.9666991830
162887116.4983598292
155179993.4969081283
160406293.8136701882
165894446.7245717943
149267483.9084985852
157108221.0825718343
170570796.2184720635
159491274.4092520475
177199750.8632655740
161015392.3743053377
156618583.0203973651
162035599.1024295986
155810295.9778275490
151096318.3937326074
149166617.8120204210
151820207.2255238295
156110186.4749769270
153924611.0479863882
148978372.8159770966
150335277.8219922483
155519464.5549257994
166622018.6534068882
156733330.4301309288
161024717.6806810498
181316309.7673244774
151745639.3505729139
164017430.7894777656
151628944.0167718530
149255500.7384997606
151958491.2601456344
169407427.9713019133
150597182.8252625763
181532489.0075453520
153765430.9732940495
168145037.9856535196
165913768.2117948532
158472002.0728648603
151971822.3400366604
181473643.0751062036
163689980.1503016949
175074649.5062937140
150177987.0719422400
151952195.3760837018
152755974.7781281173
155709551.7284999490
167001861.6628957391
162283096.3021992743
149722428.7644728422
171522713.4397336245
149690079.7393229902
150963449.9446824193
165010407.9899145067
157438536.6232348382
148941262.1819834411
162289235.5386993885
150843008.4398713708
173648296.9455187023
149095190.6182867289
170777651.1940273643
149098708.1051617861
162800967.4576185048
148796958.9114272296
151718805.3856984079
153371105.5211698115
167433387.3592177033
149901120.7482881248
156597808.7363941073
154309626.3130587935
149306863.1815145612
157496134.4495511055
148276031.0436013341
152644561.5594884753
151887457.3910671771
158333511.4202115834
148349750.4507633150
155358791.2056150436
149395622.4859104455
153308488.8818090558
150052892.0379487574
161311915.3981789351
149620918.7230453789
156805802.5461751819
150407163.5989371538
162837840.0870478153
150217180.5085078180
151554352.3996521235
150488514.6604194641
149945818.6235115826
150830121.3010603786
156273200.7995339036
150233267.3671788275
150288794.4642573595
152473761.7419367731
155024526.1881781220
149011805.7163865268
148209545.4584795833
148990787.1024053693
148080491.3982172906
150850024.9015609324
163377785.0663335025
150248111.0070816875
161910951.5581675768
148157167.2565914094
166986863.8278124034
149443073.8257249296
174494539.1496133804
148824408.4278028309
161703698.2545901537
175784497.0518866777
150602991.5826130509
154343652.0511187017
150345404.1296196580
152446546.3687310517
150820429.6382188797
153408180.4836972058
149970619.3873522282
175804243.8237255216
149743463.0704656839
149107576.1712410450
148518662.9315923750
148738527.2184118629
148177699.7661357224
151691285.5441835523
150766559.7522744536
178207280.9216100872
150488630.8375871778
151361618.1994495094
148227133.0826819539
149036113.2039566040
150787932.1181479692
178419237.3430535495
148507960.4632517695
157448036.2741076052
148824965.7471701801
173447410.0551369786
149022114.5983164907
176659236.3567014039
148863913.2592176795
155549708.4889752567
148170517.2779525220
148081732.6149648428
149996568.9238124192
148209410.6399761438
150413249.5191216767
148497354.0777126849
148389123.2790750861
148716033.0048080981
149778925.6744627655
150011873.7605175972
150728861.1281598210
150395865.1406149864
148167135.2729898095
150976251.1581633687
150764878.3245427907
150138470.4807407558
150730558.7224574983
150526916.1778940260
150838262.2609738410
148966774.8947764933
148592763.0287531912
150258084.5901923478
148116445.8278132975
150152912.1970595121
148196103.8630335331
150473430.9717670977
148150772.7143774033
150325458.9650988579
150580259.6136085093
150412155.0328790545
148351059.2996697128
150760649.0535458028
148220287.7761380374
150858049.1839241982
148216863.2697294056
149775204.1717280447
150811032.2594987452
150427433.7918590605
150784141.0811182857
149761138.4684351385
148322598.8518476486
150610833.4870634377
148187546.0247875750
150097083.6383556426
148124571.8235218227
148552649.2064497769
148146125.9662936628
149883244.6108982861
150733487.2293434143
150512653.4155728519
150880772.7089439332
150006120.5702258945
150785723.9533717036
150840404.2649423480
148241414.5569874942
150902767.2638886571
150774684.1675794125
148124156.8736667931
150756883.2415615320
148116965.5693615973
150598513.4108190238
150883503.2398794293
150547932.6709232926
148347815.1984029114
149001772.4030524194
150878450.1761102080
150698558.0553128719
150806809.0780632198
148123269.1224126816
150835338.4527690113
148152749.0387858152
148094000.0024863183
148107444.1461715400
148737915.1772583127
150860401.9203830361
148186056.9242758155
150859516.1434507668
148472996.1727462411
150933311.4341164529
148325564.6404776573
150916829.4460048676
148361200.1734905839
150932918.8985581696
150737400.8702133000
148087793.9070032537
150824912.4100506604
148110650.7644242942
150830141.8151490688
148218046.7300098538
148371106.2732437253
148117913.4607050419
150884059.5702293217
148201206.0514602065
150793639.4868111908
150925808.8362722695
150912602.1674314737
150928250.9039435983
148079764.3032234013
148140687.4313151240
150951337.3029136360
150894230.2609138489
148763027.5148206651
148083064.9571076632
150963082.4234926403
150965867.9745372534
148079734.9761880934
148093982.0672921836
150993300.2917426229
150960675.4320187867
148370434.5427289605
148114387.3466505110
151009773.0040406287
150969417.4590871036
151061591.5222609937
151014901.0714697242
150891674.3715767562
148141567.2937402725
150781221.2087798715
148104244.1297616661
150922456.2611561418
148261420.5839449763
150880368.8807816505
150988292.9450667500
150992923.4781341255
150945238.1623575091
151014580.7149074972
148380313.7170717120
148086161.8907210827
148236951.4165373445
151033873.3871017396
148213220.5999885201
148086706.9359084368
148324961.6995180249
148075816.6196609139
148266973.9843102396
151026863.0084649622
148236500.8776648939
148083409.3734337091
148173262.9315739572
148087813.0079582334
148090984.6762120128
151030190.2981764078
148135754.2807035148
151013984.6181744337
148161277.7825917602
148099982.2562509775
150928884.8982433975
148122213.1651697457
148136252.8285033107
150996457.5042254627
148091743.5881055892
151015094.0875337422
148179374.6367282271
148089596.3458815217
151011578.6421240866
151036156.5029808283
151025133.7366613150
148084431.5041282177
148153592.5150814652
151038073.8336571455
148091066.0095191300
151020540.5583700538
151000513.1202511787
148144197.5954225659
148091037.3787885010
148149837.0947732627
148090966.2362798154
151005540.7378614843
148085694.6342529953
150995455.9177796543
148075624.6522223949
151030753.7747822702
148112934.3681749105
148084188.4418484867
148095930.0850611925
151025018.9633117020
148090734.8568235338
151020871.2012312412
150989643.9406970143
148089843.3543513119
148083634.7325764596
148077691.1996692121
148086581.2186970711
151036522.3393193781
148076843.8360939026
151029604.0784557760
151011664.7231734693
148077434.4267681241
151037483.3193420768
148078146.3702307940
151018311.1426492631
148078043.4981209636
148173389.7068773210
151030724.9202459157
148123125.2312362194
151019797.6143960655
148090978.1631439924
148085734.3882130682
151006792.9777109027
151016763.2681035101
148129725.0167343020
151026997.8262331784
148105395.4357857108
151035267.8525808454
151012409.4998716712
151019960.0692210197
148076183.1322163045
148108085.1291519403
151035771.6722823679
151028721.2365502715
151036006.4064343572
148094069.9655066431
148079078.4885529876
151017408.7621977031
151034824.1235396266
148084862.3199282587
148078395.4351271391
151022347.2552523613
151032440.3974761963
148092541.2593077719
148076871.8142147958
148094795.2446947396
148081964.5709339082
148085469.5939041078
151032269.0292292833
148082871.3190296888
148089216.1797941625
148093980.1528471112
148078733.7621434927
148075738.6603521705
148078371.9686968029
151021666.0004167259
148079033.2157510519
148086063.4966210127
151029414.1860800982
148099310.0468870401
148082142.6695181429
148076093.9490931630
148076512.2984903455
148077826.3718456030
148078818.6894638836
148075795.6634760797
148082229.1388571560
151034522.6636914909
148084217.6102825403
151034050.1908616126
148082308.7439965308
148076997.4778297246
151027441.0984976888
151032641.6435604095
148082886.0445474982
151035301.8292176127
151033149.0906911194
148080537.4425050318
148083977.1871724129
148078572.7165903747
148080292.3636279404
151035216.0784321129
151035770.8907304406
148078242.9110779762
148075950.5923410654
148076893.7882539928
151035801.1482081711
148076999.5785130560
148075878.9267908037
151031128.9065832794
148076628.2808355987
148081430.5996898115
151035789.9517109096
151031290.6433192790
148075773.8641731441
151036352.3448173106
151035192.9425909221
151035231.4889673889
151035158.1043440104
148080537.4440486133
151034490.1486336887
148078040.8171810806
148075817.8365539312
148076304.2581805289
151035444.6279131770
148077386.2112567723
151035198.5321264863
148075619.8633460104
148077225.6797463000
148076091.9878137708
151034027.7196570337
148075803.2922018468
148077606.3946802318
148076279.8754061759
148076546.7298796177
148075793.1915009916
148076229.9027772844
148076188.1390427351
148076840.6643178165
148076164.1979268789
151035083.2077061534
148075506.6241740584
148077098.3794734776
148075586.3214883506
148077962.5486068428
151034317.1420170665
148076062.0501444638
148075952.7687985897
148081983.7108544111
148075651.5670016408
148077642.8091429472
151034445.1990639269
148076084.4556041062
151035373.8977423608
148076852.4319187701
148075446.1073275805
148075417.0366663337
148075569.0581123531
148075802.1239965260
151035617.9847730100
151033994.9982651770
148075518.3542011380
148076591.7222363353
148075414.0844626725
148076598.7287621200
151035655.3812697828
151035476.2293525338
148075676.1789914370
148078575.2003191710
148075785.4958710074
148075478.9908164442
148075728.2430297732
148076227.0474950075
151035635.1426866651
148075889.6689683795
148075491.5419835746
148076655.4397713542
151035697.9171448648
148076433.4813293815
148075733.1056524515
151034651.3083931208
151035598.8441278636
148076517.7662690580
148076387.8594344258
148075900.9761132896
148075448.8976941705
151035536.8801428676
151035604.7748600543
148075474.8486008644
148075522.2076135278
148075836.6560579240
148075503.5122420788
148075619.0545923114
148075368.2653155029
148075785.3470856845
148075444.3776303828
148075471.6058182716
148075425.1540834308
148075479.4963519573
151035575.6646620631
148076270.5112987161
151035647.7527457476
151035650.7597115040
148075374.1250167489
148075561.9852984846
151035609.3171018064
148075847.0041069388
148075380.2823196352
144321737.0000000000 0.0257696133 0 0 0 0 0 0 0 0 0 0 0 1 0 0 0 