1712619684.2717766762 0.0000003711
1712619788.8209731579 0.0000006234
1712619453.0837774277 0.0000008028
1712619476.4850189686 0.0000005457
1713109948.6519069672 0.0000000503
1712624578.1530008316 0.0000008207
1712619914.4237926006 0.0000003556
1712620317.5059444904 0.0000005187
1712620227.6001112461 0.0000002635
1712616368.7043302059 0.0000008501
1712611064.5988118649 0.0000008916
1712620352.8344254494 0.0000008506
1712619908.7560758591 0.0000001969
103079913.0000000000 0.0000001969 0 0 0 0 0 0 0 0 0 0 0 0 0 1 0 0 0 0 0 0 0 