1142695165.6731379032 0.0007521127
1144909591.2077062130 0.0000867820
1168625950.7654068470 0.0002073507
1187694650.0926091671 0.0002021671
1237649793.3888750076 0.0000139234
1189574929.9257106781 0.0001006345
1145512561.3304662704 0.0008384936
1157372445.5154232979 0.0000394433
1229978595.2845821381 0.0001793818
1214940823.7349743843 0.0004304775
1120634919.9478793144 0.0001158922
1244652645.0226838589 0.0002488156
1126405445.7498257160 0.0008179547
1122443346.1194081306 0.0010777053
1218160290.7118158340 0.0000245732
1208601641.1462862492 0.0004091542
1107347619.5526912212 0.0000826026
1099796574.8723914623 0.0005210823
1073451274.6321454048 0.0005269281
1057512350.7827253342 0.0006188707
1075011581.0064454079 0.0016878149
1069279123.3769291639 0.0021325476
1151426329.6186783314 0.0000270562
1045416613.6738449335 0.0019714575
1028008942.8501406908 0.0023230572
1161116245.0102612972 0.0006017204
1064886802.4587769508 0.0015655436
1057038645.7755336761 0.0022794413
1041932487.1300988197 0.0003937768
1079794724.7712099552 0.0001577658
1029703953.2049688101 0.0028004714
1167090762.4451246262 0.0007323233
951285705.3512948751 0.0001527273
678293627.4895972013 0.0000034497
631946594.9488519430 0.0000327549
627232358.8559719324 0.0008911273
616548949.1456761360 0.0010577731
671337860.7586718798 0.0000195766
617923326.2305941582 0.0014753985
689850188.7892028093 0.0029694098
614076509.8594863415 0.0010008621
633429048.1056706905 0.0019952054
613996828.7353498936 0.0009086617
660691721.8449918032 0.0007380172
600926836.6038845778 0.0009237164
644618176.4730620384 0.0001213681
604879410.5957568884 0.0003904096
782308747.5679622889 0.0004902059
597844665.4582147598 0.0008769645
601168836.8265080452 0.0013073506
596168752.8564207554 0.0007999555
610395465.3825156689 0.0005013069
602688096.3651630878 0.0011239222
622843412.5369563103 0.0000000382
600149490.2896010876 0.0008402773
636106604.2721608877 0.0014797669
594071808.1975599527 0.0009505148
597979262.5901166201 0.0023194391
612153285.2145736217 0.0013934110
604616482.2379661798 0.0035926002
587731981.4289872646 0.0009935643
635937928.0898907185 0.0009677889
529209934.0947679877 0.0007774819
592051271.5452400446 0.0004308331
532066647.8298211098 0.0007614524
534784984.6598070860 0.0016614755
517659193.2578886747 0.0007190775
513045667.7535725832 0.0003398685
502048637.9477840662 0.0001855820
623251550.1478451490 0.0000001905
510708983.5888854861 0.0008250566
575086222.8064230680 0.0001803048
509192607.6399515867 0.0001945489
578012788.2752556801 0.0000397426
490263653.2819360495 0.0000786624
552548820.9030410051 0.0044713328
509701936.8628959060 0.0000243401
585740354.8938419819 0.0000242745
473937972.1421775818 0.0000746825
525526745.6283894777 0.0000257020
486286921.4125021696 0.0000716499
514388990.5640879869 0.0001681110
475185408.7886874676 0.0000515587
558740816.7691812515 0.0000350357
468340209.0007106066 0.0000800826
562300196.8509968519 0.0010284583
456916691.8418691158 0.0002451481
543374081.8916125298 0.0001779042
457114010.1151501536 0.0000531824
524262312.0229589343 0.0001014916
461881232.9528012872 0.0003123758
586673341.9748760462 0.0000736841
439156052.8908571005 0.0002054713
470366966.6316336393 0.0003286840
445399178.6033657789 0.0004024902
522880830.2071024776 0.0002939719
449743726.6571220160 0.0005073597
574043170.9401079416 0.0008727077
432972146.5559025407 0.0002157972
543218961.2380063534 0.0051380936
443620756.4351568222 0.0002569227
539967916.8956564665 0.0002182986
414295603.3822207451 0.0000763719
496565205.1993795037 0.0000013016
423188629.0537171364 0.0000004274
492787423.1298082471 0.0000013523
407495237.9058092833 0.0000094822
461787593.2868427038 0.0001955324
417203183.7394760847 0.0000198979
546578571.6939313412 0.0001318154
384403725.8371227980 0.0000017919
458878577.0732368231 0.0000487642
396818355.7700305581 0.0000749769
449978886.1004866958 0.0011770336
389020456.6178936362 0.0003417061
474297442.5236067176 0.0002119943
370401403.0677072406 0.0000857831
356344029.1537725329 0.0000853082
360170366.4373586774 0.0001428648
366639723.7442722917 0.0000628169
361509671.4910857677 0.0000024398
358854055.5087605715 0.0001214859
361964334.5669141412 0.0000000287
357795001.3251320124 0.0001254019
355428497.4776881337 0.0002419687
351936625.3729407787 0.0001743336
341861625.8771749735 0.0001383133
339593243.2184770107 0.0000858136
341921219.3297487497 0.0000561228
345439550.9625203609 0.0000230124
363607384.1036258340 0.0007103871
339114369.0323477983 0.0001009185
346358300.3494265079 0.0000001176
348944513.9677732587 0.0000944559
353826309.3055319786 0.0000274259
345722581.6436582208 0.0000810349
340171829.5192744136 0.0000638798
343767798.7225931883 0.0002219576
334547613.5966984034 0.0000174661
336181530.6224218011 0.0000312071
348278923.9528557658 0.0001375990
339272996.3099228740 0.0000106547
297281694.8647724986 0.0000000076
296370059.5781995058 0.0000000064
320575149.3779788613 0.0000279608
295597321.9663375616 0.0000000002
337683857.7108848691 0.0000319123
308541460.6240671873 0.0000000196
308941924.4288576841 0.0000001794
295070618.8020667434 0.0000000199
304028506.3028116226 0.0000114531
295412247.0155514479 0.0000000531
283889906.2703704238 0.0001310580
278989916.1394368410 0.0001051674
313999307.6456070542 0.0001875290
277505594.7640352249 0.0000842884
316432326.8852698207 0.0000114044
280961183.8829917312 0.0000658113
315558911.8190785050 0.0004245393
281620176.1919043660 0.0000331509
303333117.9477502108 0.0000284400
274863143.9383363724 0.0000313426
289076395.9564725161 0.0000347630
269781019.1221267581 0.0000463740
286491279.2165265679 0.0001180011
276147471.4460160136 0.0001020477
272537934.4712245464 0.0000567514
278593780.3628841639 0.0001027846
303034872.7450206280 0.0001217717
268941909.2253860831 0.0000006776
293136761.1907449365 0.0000082185
269930916.4568080902 0.0000054440
285913158.8731108904 0.0000077395
261227605.6197672486 0.0000000019
282396383.0577049851 0.0000000003
264654631.6785154641 0.0000008144
283705691.2152137756 0.0000012554
257505022.3605410457 0.0000002057
281987336.7310543656 0.0000006622
258959991.1786796153 0.0000000563
286099512.4142453671 0.0000033525
261051209.7971903980 0.0000003798
293194960.2374142408 0.0001040223
262678101.6252108812 0.0000003307
261071363.6804766059 0.0000305444
255079394.1610482633 0.0000002636
266524815.3484824598 0.0000004825
256338991.3574063480 0.0000000766
298818392.1391478777 0.0002816742
251458333.4682976604 0.0000049486
251538034.4450183809 0.0000060817
262543940.0401779711 0.0000091258
251616851.6468032598 0.0000050991
251378705.3561625481 0.0000069626
252199956.2860011756 0.0000191263
260074888.9617238045 0.0000082205
252095810.3739899695 0.0000109348
268646430.9125122428 0.0000519261
252619735.9266677797 0.0000064881
260211039.2669976056 0.0000298819
252205055.0348785520 0.0000031101
256648855.6720776260 0.0000002330
252257860.1875988543 0.0000136532
254424518.0076490045 0.0000000055
254460605.3737915754 0.0000039592
255560097.7816002369 0.0000142593
251359387.4902381301 0.0000200105
264656250.3665670753 0.0002395756
254192064.7024106979 0.0000196427
251128731.3219679892 0.0000026560
250401232.7253401577 0.0000016826
254690335.0346649587 0.0000073027
249518279.2482623160 0.0000018063
244097214.7190783620 0.0000002750
243591198.5754513443 0.0000003188
243831438.2211804092 0.0000002819
249186342.5579974949 0.0000001129
247205776.1048650146 0.0000017676
244840341.4225156605 0.0000000597
253746660.9926872253 0.0000001877
246264772.4654885232 0.0000000112
255013982.9921695590 0.0000000508
245130749.0435268581 0.0000002136
249830201.4738912880 0.0000145144
244212176.2504131496 0.0000006324
252174600.5094859600 0.0000010125
243816066.4727430940 0.0000000038
246309444.1569365561 0.0000050575
243687581.0308798850 0.0000006791
245671164.9630044699 0.0000000014
243481657.4792363346 0.0000002397
242191533.3044545352 0.0000431021
242515277.4297931492 0.0000352577
248126706.8289935887 0.0000186009
241850693.9975906014 0.0000374185
247739174.3937404156 0.0001680953
242237466.4116146266 0.0000470405
246169810.6705206335 0.0001451647
242757145.0658069551 0.0000156235
247877395.1551372111 0.0000302608
242408384.8222324550 0.0000498290
245264515.2170701623 0.0000228005
243676313.3852334023 0.0000429653
246080597.3065153956 0.0000109018
244115859.1886263192 0.0000191565
253924803.1888836622 0.0003273217
242932179.5028012097 0.0000260382
251077683.4420310259 0.0000213557
242201417.6287032664 0.0000409858
246977390.4028512836 0.0000033485
240385133.3662909269 0.0000394476
246542235.7514270842 0.0000008335
239479029.9382909238 0.0000471275
240687580.5351812541 0.0000489990
240259949.0272546709 0.0000482989
244334966.5547075868 0.0000273102
239708034.8977755010 0.0000806435
249347648.6538802683 0.0002706831
240058294.9208492935 0.0001326788
248161252.9748398066 0.0000189011
239913547.4842409492 0.0000337347
241131270.0559544265 0.0001206457
240850199.0072376132 0.0000332803
251196613.3379609585 0.0000006687
239727808.3373795450 0.0000891646
244561830.5845281482 0.0000150099
241361342.9471272230 0.0000092088
242219831.9288822412 0.0000776973
239970960.5834870934 0.0000445067
241850203.3792441785 0.0000199853
240002039.8652981818 0.0000482903
241499552.1787602603 0.0000549031
239662862.9999386072 0.0000338720
240732634.8783253431 0.0000245836
239480151.0245625973 0.0000606464
241439634.3281415701 0.0000886293
239767916.2742009163 0.0000436841
241839900.2040483057 0.0000606503
240717589.3462362885 0.0000392461
239795404.9550076425 0.0000201497
239953703.1249347031 0.0000636797
240176632.3450133801 0.0000271150
239347134.6460305750 0.0000244432
240177014.8120834231 0.0000216975
239119018.5239362717 0.0000300766
242344951.0653471053 0.0000437953
239033545.2021829188 0.0000228879
242274303.7320780456 0.0001210423
240123418.9530495107 0.0000252077
238621191.3618245423 0.0000108176
239412169.3940806687 0.0000146408
236966269.1924459040 0.0000032764
239659589.7739852071 0.0000018037
236034425.6751778722 0.0000001311
236168378.8095176816 0.0000000159
239559841.2916059196 0.0000006583
235183520.7476992905 0.0000000966
235407702.8644960821 0.0000026055
235436319.3568437397 0.0000000445
237194444.3311023712 0.0000008356
235078095.3777540326 0.0000001965
237074554.9576286376 0.0000009656
235585908.5409453213 0.0000000019
234437070.5570988357 0.0000036167
234774085.2894205451 0.0000021586
236321855.8022628129 0.0000014853
234520350.1910612881 0.0000030420
237644654.7540103197 0.0000040424
234649972.7728122473 0.0000026951
237167339.4161467552 0.0000059131
234657323.8609186113 0.0000009287
236113614.9115779400 0.0000000807
234883831.1348972023 0.0000032911
235451735.9934910536 0.0000027085
234462845.9534434080 0.0000042015
231835262.2161696255 0.0000006268
232095027.0032594204 0.0000006099
233655172.6589617133 0.0000017750
232106362.0042598546 0.0000000342
237466858.4996257722 0.0000011634
231718448.2461641133 0.0000006970
232159041.7502093017 0.0000005752
231535833.3364680707 0.0000007782
230696417.3967224360 0.0000000147
231025318.8411882818 0.0000000275
231301505.2570974529 0.0000020553
230967895.5582317710 0.0000000002
231337136.3360083997 0.0000000829
230976540.7129702270 0.0000000021
230867619.9880972505 0.0000000527
231288083.0825072527 0.0000000571
233691197.0619538128 0.0000113767
231465863.2447298765 0.0000000024
231798432.3581326902 0.0000039180
231401062.9319706857 0.0000000090
233522441.4761325717 0.0000000005
231367739.9632045031 0.0000000068
231914831.3912498653 0.0000000824
231148860.5893071592 0.0000000242
232081512.1985890865 0.0000004615
230636002.6539680064 0.0000000383
231469539.3744890690 0.0000011437
231046727.7128334343 0.0000004177
230719125.2560769618 0.0000009576
230570683.0797185004 0.0000000097
231968456.9119249880 0.0000009072
231320210.5623077750 0.0000000802
231786833.3158102334 0.0000005904
231815332.2401148379 0.0000000059
231499841.2065484226 0.0000002954
230688188.1841959953 0.0000000812
232052433.1679335833 0.0000010095
231367000.3248477876 0.0000002154
230088402.4080677330 0.0000043142
230216949.8015051782 0.0000042157
230772867.8301905692 0.0000072111
230088556.0182541311 0.0000044437
231890848.3917245865 0.0000015731
230589948.5021838844 0.0000058901
230095835.8226619363 0.0000049835
230135971.7381257117 0.0000045087
230050956.1448210776 0.0000032357
230663356.5726945400 0.0000090169
230151913.1308301389 0.0000041820
230797048.2402231097 0.0000004361
230062061.1006858051 0.0000039971
230060945.3779583573 0.0000006929
230055719.9936123490 0.0000046380
231590963.3991709948 0.0000022659
230384045.5797023177 0.0000049841
231119346.2525353432 0.0000086942
230095531.2583005130 0.0000020786
230156973.9492080212 0.0000015721
230222145.9672730565 0.0000049812
229876950.7483064830 0.0000025555
229803003.9763195515 0.0000022158
229768911.2943258882 0.0000019268
229539766.7083061337 0.0000017750
229879031.8966626525 0.0000014102
229744674.4124639332 0.0000016328
229557847.6848212183 0.0000011271
229491646.0492886901 0.0000019593
229564711.5321583748 0.0000018034
229405420.2194015086 0.0000015853
229719746.1272119284 0.0000001858
229385194.9892360568 0.0000020302
229805109.3333857954 0.0000000837
229330757.2780569792 0.0000024067
229126786.1233065128 0.0000011179
228974533.8278833032 0.0000007840
229363067.0475849509 0.0000004398
228875286.0140994489 0.0000007055
228690564.6527623832 0.0000000030
228615091.3915566802 0.0000000007
229090079.6658185124 0.0000001588
228771387.3351243138 0.0000000070
228105063.6805258691 0.0000002185
228619075.5883283615 0.0000001601
228410967.7826029062 0.0000000104
228051146.5745527446 0.0000002040
228296698.1804768443 0.0000000926
228012035.0576077402 0.0000001848
228380155.9216855764 0.0000002595
228381363.6126250923 0.0000003179
227795689.9404036105 0.0000001079
227678830.7105480433 0.0000002858
227771182.3109270930 0.0000006464
227682322.7317105830 0.0000001872
227776185.0461102426 0.0000005626
227657618.8853873014 0.0000002360
228340244.0815654397 0.0000003068
227737272.5123615563 0.0000002166
227660494.0259148479 0.0000000585
228059678.9554833770 0.0000000605
227717230.3674653769 0.0000000128
227647756.3244112730 0.0000002014
227861504.3573020995 0.0000000067
227740471.6011698246 0.0000001613
227787937.9201200604 0.0000001221
227725091.5845649540 0.0000003261
228119065.9954234660 0.0000001204
227597194.3463389874 0.0000000853
227960311.6451495886 0.0000000002
227429144.0056737065 0.0000001655
227225767.1556235254 0.0000002004
227120052.1183871627 0.0000001347
227547986.0879347026 0.0000001252
227358759.6234832108 0.0000002593
227459112.2905727327 0.0000002450
227204623.4357412159 0.0000001161
227053983.7703161538 0.0000000984
227057894.2043002844 0.0000001250
228079010.9803812504 0.0000003982
227043525.5558498502 0.0000000449
227596765.0103071630 0.0000000731
226831441.0808049440 0.0000000326
226833647.9614804089 0.0000001938
227083766.1843991578 0.0000000747
226113790.1362017989 0.0000000044
224962910.2524935901 0.0000000132
224442558.7524838150 0.0000000010
224703937.6086033881 0.0000000002
224410273.4943142533 0.0000000012
224329066.5831234157 0.0000000005
224602947.5559934676 0.0000000040
225020879.0187022090 0.0000000078
224355554.0041751862 0.0000000013
223928021.3867813945 0.0000000052
224376161.9646940231 0.0000000041
224042150.2026191950 0.0000000381
224089020.9123584032 0.0000000000
224032869.0450731814 0.0000000143
223973398.4767977297 0.0000000076
224390123.3200260103 0.0000000043
224576521.6703366339 0.0000000354
224219995.7030810118 0.0000000111
223881329.7136806250 0.0000000078
223567980.0611428022 0.0000000056
223742668.7415204644 0.0000000037
222539941.0992731452 0.0000000040
222246808.1119064987 0.0000000216
222564746.8417351842 0.0000000174
222822758.1848582029 0.0000000485
222895125.5053340793 0.0000000207
223188003.4487078488 0.0000005266
222386529.8664937317 0.0000000178
222695908.5010156035 0.0000000080
221989750.9903648198 0.0000000117
223401721.2231119275 0.0000000773
222360415.3217723370 0.0000000218
222634733.1108984947 0.0000000116
222519700.6063875258 0.0000000077
222592583.0255592465 0.0000000514
222080063.6369825006 0.0000000121
222981648.1141079664 0.0000000095
222344458.0705772042 0.0000000052
222008184.3527830243 0.0000000074
221871565.5083714128 0.0000000162
221213401.7677262127 0.0000000008
220888107.5734821856 0.0000000011
220938208.7405211031 0.0000000000
220795296.7253782749 0.0000000006
220561331.5380411148 0.0000000043
220350779.1253115833 0.0000000057
219979104.7760183513 0.0000000075
220079535.0390337706 0.0000000164
218845436.2944032550 0.0000000000
218572883.8446915746 0.0000000001
218480269.7080554962 0.0000000039
219371971.2349532247 0.0000000002
218649158.0513624251 0.0000000035
218738103.7227526903 0.0000000026
218851152.7600699365 0.0000000005
219128247.9228214622 0.0000000034
218477006.1398117840 0.0000000056
218752701.1025579572 0.0000000971
218949483.4775577188 0.0000000129
218697374.3715272248 0.0000000000
218485909.0701641738 0.0000000089
217913668.0626758933 0.0000000005
218049251.1398161650 0.0000000107
218589654.7400147617 0.0000000012
217810081.4764744341 0.0000000003
216618620.5816139281 0.0000000067
216261516.2168947160 0.0000000401
216130429.7197300196 0.0000000371
214801775.4242118597 0.0000000019
213392188.8909625113 0.0000000009
213237349.2328155935 0.0000000000
213293304.7808817029 0.0000000001
212598127.0274879336 0.0000000000
212684149.6189607084 0.0000000000
213465125.8341704309 0.0000000004
212309838.1012157202 0.0000000000
211743761.6415103674 0.0000000049
211784932.5600737929 0.0000000015
211507416.5142216086 0.0000000293
211548945.5709446371 0.0000000234
213624140.0187266767 0.0000000045
211745071.7211646736 0.0000000139
211220300.2539059818 0.0000000006
211048546.3578130007 0.0000000001
211585218.3632098436 0.0000000067
211245768.8248364031 0.0000000001
210913467.9453357458 0.0000000007
211019344.7789902985 0.0000000025
206910890.7015655637 0.0000000010
204762299.7650934160 0.0000000001
202812585.7317191064 0.0000000055
202386142.7135381699 0.0000000420
202480577.6177055836 0.0000000293
202008874.6787736714 0.0000001144
202018823.0464410782 0.0000001086
202133536.4618237019 0.0000000210
202002387.6375408769 0.0000000972
201007444.3282601237 0.0000000124
200911094.4626282156 0.0000000049
199749479.0891184807 0.0000000420
198779631.7761677504 0.0000000081
198780256.9831730723 0.0000000427
196851771.9287082255 0.0000000176
195443742.2945751846 0.0000000500
195265546.4670961797 0.0000000870
194957507.2496167421 0.0000000564
193947988.6814725697 0.0000000412
193851146.2770857513 0.0000000766
190649395.6961057186 0.0000000256
189330373.5728162229 0.0000000238
190371434.8633296788 0.0000000013
189253055.7961803377 0.0000000120
189915433.7865227759 0.0000000010
189492676.0485406220 0.0000000105
188731765.7507781386 0.0000000012
188665833.6129688621 0.0000000006
187841064.8578340113 0.0000000008
187920574.7262623906 0.0000000085
186822216.5541585088 0.0000000825
186846293.3901804388 0.0000000218
187188168.5105331838 0.0000000328
186647022.0137012303 0.0000000927
184172517.2573444247 0.0000001353
183090050.1445703804 0.0000002304
180219885.9853231013 0.0000001030
181451080.7341696024 0.0000000376
180275921.1701857448 0.0000001681
181376576.0888576210 0.0000001150
180344226.5259638727 0.0000001809
182125766.6790979803 0.0000028883
180176301.6247048676 0.0000000827
179385886.0808406174 0.0000004630
179279511.2512066662 0.0000002169
177436560.4490233362 0.0000005658
176821506.3129765391 0.0000022551
176791162.7753084004 0.0000019413
175953871.3274499178 0.0000022547
176068624.3976411521 0.0000017778
174553443.8959813118 0.0000013245
174567602.1912502944 0.0000014260
174212344.9210287631 0.0000014503
174137207.2847870886 0.0000014500
172593494.9795663059 0.0000035067
170529981.3824492395 0.0000031233
168511235.0974158049 0.0000016696
168959551.0806325078 0.0000028562
168623683.3172663152 0.0000008553
167292747.4391984940 0.0000021596
169415888.7654104531 0.0000075761
167274706.8917638659 0.0000023873
168469104.8174159229 0.0000040650
167435170.1917298734 0.0000024994
166229270.0717662573 0.0000008401
165881038.7068139911 0.0000011955
166374303.5744378567 0.0000002847
165871162.3763636053 0.0000010980
165768754.5423767269 0.0000000944
165679110.8237841129 0.0000000787
165285717.1236575544 0.0000001031
165030282.8494351506 0.0000000071
165456531.6121635437 0.0000001088
164967130.1711585224 0.0000000031
164215677.2738734484 0.0000000239
164203044.8046401143 0.0000000281
165263924.7609690726 0.0000002105
163997497.3218800724 0.0000000268
164182261.9304416180 0.0000000001
163987475.5957758427 0.0000000449
163469748.4710186422 0.0000000061
163760178.1580333412 0.0000000083
164072280.7649198771 0.0000000014
163304507.0882202983 0.0000000026
165556090.8730041683 0.0000000038
163256775.7190812826 0.0000000021
163165666.1903921068 0.0000000014
163014408.9937708378 0.0000000033
162813404.4653162658 0.0000000000
163350625.2046428919 0.0000000001
162072609.4008018970 0.0000000534
162113413.6601377428 0.0000000687
160758523.3879099190 0.0000000701
161277597.8145833313 0.0000000249
160668247.7894174457 0.0000000594
159050094.7181912065 0.0000001578
159122787.5459263623 0.0000000031
158984080.4634575844 0.0000001534
160001948.5762920678 0.0000001509
159011127.1331383288 0.0000001463
159535311.0741308033 0.0000008898
158997130.8513060212 0.0000002073
159402248.2945210934 0.0000006299
159018909.1661882699 0.0000001015
159214739.5053111017 0.0000007839
159036674.2249587476 0.0000000473
159035817.0739123523 0.0000001138
158850240.6550666988 0.0000000784
159206185.1784742773 0.0000000725
158654744.7033771276 0.0000000560
158197466.7513918281 0.0000001600
158135875.8186154962 0.0000001612
159245281.4173946977 0.0000000520
158097036.0787419081 0.0000002303
158613993.7901436985 0.0000001751
158139742.0035935342 0.0000001258
159479836.6853044033 0.0000000671
157921937.1530221999 0.0000003196
160893866.3097135425 0.0000006172
157865653.4835074842 0.0000003992
156781862.2432458699 0.0000001417
156773507.7415911853 0.0000001689
157918659.7832612395 0.0000003331
156929446.6608230770 0.0000000581
157885628.3768762648 0.0000000102
156800338.3998459280 0.0000002240
156556457.9796912968 0.0000002169
157486938.4152305722 0.0000002962
156963060.0682041049 0.0000000195
156360343.6222483218 0.0000001544
156544645.1173018813 0.0000007607
156393526.6061191559 0.0000001020
155895834.8137482703 0.0000015760
155873666.6327648759 0.0000013448
156890661.5737094581 0.0000040794
155930615.8241408169 0.0000013328
156382395.5326721966 0.0000010300
155769976.5999836028 0.0000012639
156166035.7307448685 0.0000025449
155816143.8651363552 0.0000013050
156540309.9474822879 0.0000005107
155855316.4614584744 0.0000015272
157001869.2497471273 0.0000052912
156145230.4010779560 0.0000014936
155351770.5380494297 0.0000007172
154916336.8217538893 0.0000008085
154064006.1527328193 0.0000002121
154016703.0139004588 0.0000004274
154042079.9666704237 0.0000006322
154146014.3819972277 0.0000000000
153997812.6717813611 0.0000004042
153655791.6329561472 0.0000000229
154493861.0355084538 0.0000000466
153583125.6135693789 0.0000000244
153532756.7294184268 0.0000000280
154288074.9438376129 0.0000001480
153859967.4101902246 0.0000000176
152988333.8510196209 0.0000000013
153737947.3041808009 0.0000000000
153253603.1454591751 0.0000000570
153733475.4398423135 0.0000000185
153864816.0375513434 0.0000000018
153026740.4794797599 0.0000000017
154034581.3298890889 0.0000002626
153681719.0782985389 0.0000000063
153749502.4198086858 0.0000000401
152959687.0523273647 0.0000000053
153259005.4695083797 0.0000000111
152873796.0650714338 0.0000000007
153280089.8387375772 0.0000002152
152589423.1748131216 0.0000000019
153519745.0177385807 0.0000001803
152796052.8934296072 0.0000000002
152613945.3618403971 0.0000006821
152705894.1260492504 0.0000000147
155134776.2739377022 0.0000000126
152631190.2495861351 0.0000000019
152845361.7303006053 0.0000000474
152329270.2875192761 0.0000000000
153657635.5981322825 0.0000000234
152431721.4959889650 0.0000000013
152514794.3540356159 0.0000005045
152295298.4020593464 0.0000000139
153879998.8699913621 0.0000001058
152273043.4103404582 0.0000000124
151627769.0095302463 0.0000002847
151669208.5442246199 0.0000002273
151823918.7708913982 0.0000005160
151708324.7892734110 0.0000001712
151612656.0620451868 0.0000007582
151714447.3042636514 0.0000003262
153136666.2967613041 0.0000016641
151722482.1701478660 0.0000009509
151947852.3134592175 0.0000003720
152170425.1399166286 0.0000007468
152048107.4599850178 0.0000015932
151678709.0449874103 0.0000013373
151910952.1272809207 0.0000011574
152180666.4108174443 0.0000008567
151754835.3617442846 0.0000001112
151598737.0610606372 0.0000007401
151344846.3135925531 0.0000000809
151484094.0216134191 0.0000001620
151078502.5957794785 0.0000006541
151187243.3459104598 0.0000008147
151636046.5028288662 0.0000006475
150813810.4665421844 0.0000005134
150638760.9904496074 0.0000006438
150403068.5701776445 0.0000004479
150114073.9465407431 0.0000000454
150218374.0997201204 0.0000000460
150711780.2629181445 0.0000000371
150393589.9223134220 0.0000001066
150707793.0585502386 0.0000000023
150145826.7812871039 0.0000000738
152307147.3430261314 0.0000000985
150194376.5546522141 0.0000000343
151651150.4311492741 0.0000002486
150106713.0005686581 0.0000000426
150226906.8190203607 0.0000000074
149990348.5672042072 0.0000000617
150199944.4562838674 0.0000002623
150180333.7790907919 0.0000001017
150770485.2472231388 0.0000001826
150142599.4051903784 0.0000000992
150321103.7253078520 0.0000000028
150060561.5394085348 0.0000000745
151451950.9798332453 0.0000000021
150195777.2041462660 0.0000000640
149547771.5456193089 0.0000000111
149412355.1562780142 0.0000000000
149633734.5957677066 0.0000000433
149436128.8028910756 0.0000000041
149046172.8573853970 0.0000000855
149100875.3407744765 0.0000000862
149380254.3187313974 0.0000000111
149099893.4907716215 0.0000001362
149423552.8340972960 0.0000001498
149113058.8300927877 0.0000000931
150465581.6862592995 0.0000000002
149157602.9560030997 0.0000001510
150222696.0678191483 0.0000000414
149056182.1021254063 0.0000001708
148752655.9886419475 0.0000005667
149033873.5734601021 0.0000004980
149281012.3310581744 0.0000010673
149057281.2860640883 0.0000005994
148970372.1895492673 0.0000031509
148805646.1374796033 0.0000005090
149058739.9264628887 0.0000003359
148991220.8210233152 0.0000008328
148902919.0971348882 0.0000002293
148684416.6958364248 0.0000005602
149197547.6132802069 0.0000007045
148953597.6478404701 0.0000003718
149094928.0531902909 0.0000012527
148864043.6963227689 0.0000003954
148693279.8403327465 0.0000020707
148662578.0861369669 0.0000003588
148463061.5890099704 0.0000005660
148598434.0898526311 0.0000005335
148957242.8494568765 0.0000006635
148859061.1724006832 0.0000006415
150136223.6804993153 0.0000012062
148508871.5459194779 0.0000002739
149449861.5980833769 0.0000020660
148765188.8883266747 0.0000008697
149618453.6127960384 0.0000006014
148471007.5523821115 0.0000005065
148294165.4391809702 0.0000000270
148292271.7853375375 0.0000000710
148207879.4649072289 0.0000008451
148288356.6003919244 0.0000013857
147940648.3173330426 0.0000015979
148398827.3570506573 0.0000015968
147930297.0308379233 0.0000011801
147945312.1452577412 0.0000010825
148448027.0902370512 0.0000003881
148527162.2578146458 0.0000013479
147823075.8506131172 0.0000007649
147984386.5733267665 0.0000007409
148740965.8530484140 0.0000015769
147967187.1121876240 0.0000005389
148468609.7683956027 0.0000004882
147829576.6493556499 0.0000009303
149058769.9714609981 0.0000014999
147880810.4724586308 0.0000011485
148474321.9798875153 0.0000009321
148086295.2268545926 0.0000006741
148548166.2420080900 0.0000013943
148644336.8929204643 0.0000010565
147961486.5556683540 0.0000003426
147912487.4353759289 0.0000007577
148241362.9311732948 0.0000078242
147942785.2434122264 0.0000010150
148572717.2177741826 0.0000003964
148638670.1577897072 0.0000007774
148032310.3136525154 0.0000002397
148020783.5500880182 0.0000008567
147921901.7214728296 0.0000005702
148632907.8285969794 0.0000008014
148030254.1877431273 0.0000010424
148044272.3223342299 0.0000010738
147985656.0958143771 0.0000000025
148524414.5218209624 0.0000006086
147895859.5029464066 0.0000002733
148059551.8520498276 0.0000006831
149244597.7023870051 0.0000001862
148597956.9833622277 0.0000007823
148687246.6459935904 0.0000000083
147919982.3756020069 0.0000005051
147931999.6350602508 0.0000005506
147878041.6089740992 0.0000007424
148390256.7374097407 0.0000019289
147974559.0563020110 0.0000006743
147819562.3393300474 0.0000000125
148162398.7455748916 0.0000000821
148458377.2109929621 0.0000000280
147772806.0527201891 0.0000000639
147888511.7454425991 0.0000000334
147807297.6799856126 0.0000000712
148986781.7600665987 0.0000001655
147815253.7322312295 0.0000001406
147871924.1978176236 0.0000000343
147938494.5777867138 0.0000000722
149227077.1047403514 0.0000001402
147802558.8961460590 0.0000000507
148367282.2444942892 0.0000001059
147798558.7986140847 0.0000000987
147764895.4401680231 0.0000002727
147736387.9313427806 0.0000002270
147998860.6549336910 0.0000000562
147817513.5726274550 0.0000001022
147954380.8262975514 0.0000012283
147839594.1528473496 0.0000001521
148772462.6207982600 0.0000000448
148042089.5218622684 0.0000001610
147810746.8693622053 0.0000000908
148110831.6567387283 0.0000002127
148820926.1442690194 0.0000002555
147966684.2074994147 0.0000004951
147691965.2114684284 0.0000029595
147807677.4364511669 0.0000036387
148448407.7633527219 0.0000056831
147654405.6501441598 0.0000024766
148156924.4588056803 0.0000013165
147651362.4373573363 0.0000023919
147450045.6367147565 0.0000015933
147285945.8321537673 0.0000014097
147162269.0314103365 0.0000005318
147164820.5852708817 0.0000004524
147348846.8082139194 0.0000011032
147161771.4146473706 0.0000002830
147170718.0927459598 0.0000002142
147164247.5942298472 0.0000002543
147733954.0408409238 0.0000005044
147159878.9834714234 0.0000003454
147730677.1506433189 0.0000004043
147158648.8546622396 0.0000002797
147971550.6042288840 0.0000000653
147156913.2252115905 0.0000003467
148071535.7955290675 0.0000000390
147158758.9372387230 0.0000003182
148468129.9613332450 0.0000000123
147158014.6570104361 0.0000004251
147352756.1253915131 0.0000008826
147160912.6720956266 0.0000003783
147225800.7345112264 0.0000006941
147194581.9416607320 0.0000003326
148812061.7172628939 0.0000000033
148353650.0098891258 0.0000005729
147160286.2063910961 0.0000004125
147159279.4180234969 0.0000003068
148042293.9748001099 0.0000017378
148388565.4455213547 0.0000002069
147162281.8014332056 0.0000004957
147157411.8250013292 0.0000003102
147157874.9977787435 0.0000002611
148537445.8773906231 0.0000004109
147184201.1800619066 0.0000003966
147156218.1309853196 0.0000007750
148162323.5112241507 0.0000002930
147280780.1938853860 0.0000009641
147168419.4981117249 0.0000009411
147156179.3091984987 0.0000009466
147950209.4509820044 0.0000013966
147155791.1889235079 0.0000010365
147155661.9704366922 0.0000015393
147245502.6402903199 0.0000033551
148216106.2627799809 0.0000024042
147156463.9429481030 0.0000016772
147410341.9226772189 0.0000012639
147976014.5962096751 0.0000014687
148096931.7827894986 0.0000027605
147156539.3391860425 0.0000011003
147160204.9493111670 0.0000002934
147473696.0752724111 0.0000024855
147156719.7271347940 0.0000012608
147157111.4975779355 0.0000015455
147333384.9489832222 0.0000004625
147159614.7405136526 0.0000012751
147393219.0837656558 0.0000016641
147158794.1736648381 0.0000013828
147155872.3778609633 0.0000016968
147156025.0788981915 0.0000009741
147156708.0040945113 0.0000015701
147157418.5212685168 0.0000007537
147155526.1926936507 0.0000016434
147975966.8536944091 0.0000013782
147341248.3533804119 0.0000017656
147160965.5155303180 0.0000008705
147312382.4530564547 0.0000016461
147945870.6757854819 0.0000011098
147322009.9038490951 0.0000017509
147157014.2245384753 0.0000009906
147156916.5211319327 0.0000016168
147160061.3523250520 0.0000019666
147156875.6036954820 0.0000016693
148054752.8233821690 0.0000017209
147369647.9412904084 0.0000016377
147259868.8235132992 0.0000007560
147156357.2487902045 0.0000013825
147163159.4447438419 0.0000025931
147156297.4921933413 0.0000016450
147155640.0753881931 0.0000014915
147319648.8525708914 0.0000019549
147163083.1038143635 0.0000011694
147314316.8200646937 0.0000017709
147157432.9410846829 0.0000018634
147158566.3921494484 0.0000014959
147369751.4915178120 0.0000011519
147156468.6708024740 0.0000015965
147159416.0000316501 0.0000028561
147155481.0142952800 0.0000014716
147155632.1151790619 0.0000016898
147155420.3634227812 0.0000014869
147164117.0705556273 0.0000009429
147317053.7104385197 0.0000014488
147156147.2253100276 0.0000014742
147315578.5692889988 0.0000015186
147157908.8742526174 0.0000018900
147155925.5184977651 0.0000013736
147809456.6082417965 0.0000014095
147365333.1769726276 0.0000015493
147281450.2977463305 0.0000014389
147155633.8148427904 0.0000014630
147155107.9557148218 0.0000012482
147271600.2820059955 0.0000015420
147160865.0656290650 0.0000011138
147155466.0492230058 0.0000012368
147163744.8115770221 0.0000005435
147256687.6725075841 0.0000011597
147160974.7995630801 0.0000009855
147155952.6053131521 0.0000011961
147157414.0568737686 0.0000012525
147271858.4963730574 0.0000012872
147993394.4774027765 0.0000008132
147278132.0246329904 0.0000013957
147156162.2799739242 0.0000016403
147155337.3869218528 0.0000010884
147159078.8517015874 0.0000008292
147155159.1321081221 0.0000011654
147315965.9523825049 0.0000016756
147281949.5975598693 0.0000015472
147287465.4308237433 0.0000011952
147154939.9695290327 0.0000013460
148167306.6924012005 0.0000026889
147156262.7593500316 0.0000014602
147155320.0221564472 0.0000016648
147324403.3945907652 0.0000013402
147159136.0600251853 0.0000003571
147293748.3803614378 0.0000010908
147199343.9778280854 0.0000020136
147155992.3410180211 0.0000015187
148278224.7390719354 0.0000007126
147155462.7084057033 0.0000017013
147155319.8110612333 0.0000012723
147199348.0831340849 0.0000012854
147276248.7190734148 0.0000012238
147155623.4636198580 0.0000018299
147284672.1193837821 0.0000013628
147157682.3557235301 0.0000014352
147155929.3563656807 0.0000014712
147209242.7044422925 0.0000009859
147155057.8938641548 0.0000012514
147157188.0069823563 0.0000012483
147296563.7410988808 0.0000013177
147260012.4268764853 0.0000011986
147249531.4385217130 0.0000014963
147158094.7636358738 0.0000013624
147299869.4213259816 0.0000013848
147154906.3727737367 0.0000010584
147155177.7352403998 0.0000010097
147155509.1767474711 0.0000007748
147155056.7366703451 0.0000011017
147154973.0676234961 0.0000010294
147156933.7843604386 0.0000010041
147156052.7467456460 0.0000008059
147249610.4514963329 0.0000009585
147227411.5850682259 0.0000012122
147155481.0973412991 0.0000008846
147195834.2604217529 0.0000009816
147155727.4041039050 0.0000009868
147158753.1874271333 0.0000010183
147155077.3717974126 0.0000010285
147157901.6445443332 0.0000011236
147155333.5154594183 0.0000010608
147276519.2835475504 0.0000015632
147155540.0188998878 0.0000010199
147157207.8981890976 0.0000015073
147155619.2902876735 0.0000011036
147156916.7429592013 0.0000009227
147275110.2724117935 0.0000010509
147188703.2771272659 0.0000009604
147241230.7156038582 0.0000011433
148154573.6197285950 0.0000009231
147155461.3968385458 0.0000011177
147241364.9839843214 0.0000008467
147154976.8139472902 0.0000009684
147155247.4710950553 0.0000009254
147269012.4884910285 0.0000011299
147159014.4453102946 0.0000009825
147278305.6243998408 0.0000010954
147156548.5403925180 0.0000009852
147262924.7332451642 0.0000010370
147196467.2552704215 0.0000008870
147155061.0114533603 0.0000010554
147291882.9468339682 0.0000012949
147277485.1791415215 0.0000011439
147185001.1296381354 0.0000012581
147154833.6501430869 0.0000010497
147202972.4494584501 0.0000007752
147155050.9068723619 0.0000011353
147161300.8685856760 0.0000006837
147156199.5128528178 0.0000009536
147155678.7669558525 0.0000006973
147262706.1457834244 0.0000011020
147260508.5231237113 0.0000012193
147243874.6191732883 0.0000011778
147156110.0873650014 0.0000011492
147157234.2129376233 0.0000005156
147237190.8518770337 0.0000011652
147277761.0807271302 0.0000010687
147281963.7695015371 0.0000011551
147154995.1258905828 0.0000010654
147155131.4783706367 0.0000010086
147287047.4402082562 0.0000011258
147233980.6850119233 0.0000009000
147254611.2649679780 0.0000011071
147155525.8210819066 0.0000009266
147156692.5662660301 0.0000009478
147277661.3116861880 0.0000010580
147155368.1983768642 0.0000010257
147154929.0738962591 0.0000010372
147155310.1453469694 0.0000011743
147274461.7532804012 0.0000010482
147155552.5362515152 0.0000010425
147155055.0752965212 0.0000010522
147155842.5545170903 0.0000010441
147155080.1821838915 0.0000010538
147154834.4551865458 0.0000010741
147276601.6018131375 0.0000010515
147155213.6352900267 0.0000009146
147275835.1889519393 0.0000010450
147155819.3755870759 0.0000010962
147275074.9650136232 0.0000010871
147154922.4352949858 0.0000010592
147155885.3699229658 0.0000010420
147154917.3347856998 0.0000010653
147154989.0197247267 0.0000010174
147262801.1138802469 0.0000009752
147154906.3653385341 0.0000010284
147155588.4575194418 0.0000010349
147273453.9873629808 0.0000010283
147154871.4662928283 0.0000011445
147154884.2582009137 0.0000010700
147155194.6295220554 0.0000009982
147155818.0476261675 0.0000010698
147280646.8468640149 0.0000011434
147277217.1343096495 0.0000010678
147275513.1371187866 0.0000010487
147282971.7215842605 0.0000010872
147154876.7563968599 0.0000010511
147155214.6957683563 0.0000010365
147280595.0940965116 0.0000010770
147268742.7578331530 0.0000009897
147154880.8550335467 0.0000010508
147154856.7215586305 0.0000010523
147277953.4356340766 0.0000010474
147277959.1424160302 0.0000010732
147154866.1539847851 0.0000010415
147155546.6452529430 0.0000010379
147276043.0178677142 0.0000010544
147154858.9225078821 0.0000010663
147154913.0699475110 0.0000010494
147155198.9331468344 0.0000009952
147277740.0343725085 0.0000010630
147274844.5834873319 0.0000010214
147154924.6762355864 0.0000010443
147155010.9000682831 0.0000010429
147155343.4551704824 0.0000010432
147279608.5241732001 0.0000010728
147154859.2979531288 0.0000010561
147279511.0313354433 0.0000010715
147154896.9295887649 0.0000010482
147279214.5937919319 0.0000010729
147154845.4299180806 0.0000010508
147278956.6347068250 0.0000010740
147279401.2356342673 0.0000010618
147154847.1706552207 0.0000010488
147279712.9932266474 0.0000010580
147155196.5506073534 0.0000010532
147154929.9163092673 0.0000010450
147276853.5966315269 0.0000010544
147155186.6923614442 0.0000010387
147278350.7407211065 0.0000010543
147154921.5211395621 0.0000010436
147277946.8861461282 0.0000010443
147154989.6245782077 0.0000010440
147276890.5093183815 0.0000010486
147155048.2623375654 0.0000010382
147154890.3015668690 0.0000010482
147267933.1832765043 0.0000010261
147154928.1694774032 0.0000010385
147154963.5273458660 0.0000010642
147154870.6456762254 0.0000010597
147155014.3039606214 0.0000010317
147154837.4106110036 0.0000010552
147277907.7460779548 0.0000010449
147276252.1444144845 0.0000010510
147154983.7669808269 0.0000010431
147155779.1786676645 0.0000010483
147274172.4953844845 0.0000010672
147154992.2455889881 0.0000010520
147154867.4537435174 0.0000010485
147155652.4638527036 0.0000010521
147154920.5300040245 0.0000010454
147154870.9367430508 0.0000010507
147154911.8355569839 0.0000010510
147155353.6213137805 0.0000010495
147155685.4414790571 0.0000010579
147154936.6926522553 0.0000010474
147273795.0581563711 0.0000010391
147154866.7306582332 0.0000010447
147154951.1809379756 0.0000010601
147154846.3007169962 0.0000010494
147154863.7022070587 0.0000010454
147154834.6808576286 0.0000010496
147154881.8098858297 0.0000010600
147155771.3786238730 0.0000010497
147154898.4370219409 0.0000010479
147154842.1759580374 0.0000010511
147154884.8847244084 0.0000010536
147154914.2349174917 0.0000010475
147155581.4080893695 0.0000010534
147278802.6659043729 0.0000010551
147154887.7332752645 0.0000010398
147155149.6245566905 0.0000010529
147275047.4918514490 0.0000010416
147277750.2741567194 0.0000010503
147154984.0709888935 0.0000010564
131158670.0000000000 0.0000010564 1 0 0 0 0 0 0 0 0 0 0 0 0 0 0 0 