1105796757.9229509830 0.0000004714
1122863886.3925745487 0.0000001260
1130261276.3427658081 0.0000001960
1168063361.3026487827 0.0000001796
1428283399.5831968784 0.0000000095
1167997839.4995636940 0.0000001111
1106798669.9918353558 0.0000003561
1143163316.7823288441 0.0000000628
1211833929.9599971771 0.0000007665
1128800775.3061590195 0.0000002031
1061116271.4810241461 0.0000001803
1216471758.2623195648 0.0000001359
1061594525.9123889208 0.0000005221
1066357511.6131742001 0.0000006550
1116574190.0484175682 0.0000000000
1145740755.9620153904 0.0000002759
969996091.0840363503 0.0000225099
897464161.6675937176 0.0000814091
855600439.8310161829 0.0000911431
830860520.5529143810 0.0001063240
869997393.9980375767 0.0001758048
836642524.5262178183 0.0001816711
883672565.5325882435 0.0000019691
821239253.1017904282 0.0002293757
807175960.0152475834 0.0000865340
848030761.5956860781 0.0000322968
886500735.2585297823 0.0000823244
829270376.0291247368 0.0001391099
841285023.7129738331 0.0000291136
896245474.0274101496 0.0000004489
808896036.4476776123 0.0001264020
904405576.2704974413 0.0000429890
646152875.5376446247 0.0002855308
461441045.6866648793 0.0019533874
453084857.2922174335 0.0050959681
461625973.8196635842 0.0014327636
472456866.6944333911 0.0001238174
455053272.8820238113 0.0041912904
515655876.0734762549 0.0017552674
451657910.3761176467 0.0050071291
478105479.5724747181 0.0056672841
454562090.8318861723 0.0049621415
547825274.2706924677 0.0044303770
449363688.9277706146 0.0045680061
514769791.1085099578 0.0033414282
443000367.0415230989 0.0035375722
488229846.2175784111 0.0008517755
444062491.2772340775 0.0030350208
398966245.0360087156 0.0024724416
410951078.8464998007 0.0038337208
351037339.5005040765 0.0095074081
332246017.7633065581 0.0119761061
346356594.0245310664 0.0187587836
357816362.0564815402 0.0085002787
347667161.0575255156 0.0177954457
331842795.4155935645 0.0113044848
334051963.0781969428 0.0257398942
344390994.4800475836 0.0108994461
437650320.2455077171 0.0017106698
327780515.7787448764 0.0114769685
429909616.8750771284 0.0083191445
343571478.3312355280 0.0107340496
448850804.1236535907 0.0031672031
328571498.6399925351 0.0117023840
279213622.1076840758 0.0238112451
274929215.9900516868 0.0302647903
237202776.8396859467 0.0373547842
245111758.5758176148 0.0413495704
217839559.8926995993 0.0531280684
215368884.9784079790 0.0535995098
241352933.2746542096 0.0580772809
213305002.5612428784 0.0567933981
188825311.8673429489 0.0009559817
202642137.0133495927 0.0089205404
228194559.7555947900 0.0152064353
189282033.5693248808 0.0010474871
199970846.2213839293 0.0000066387
187468674.4878464639 0.0008327510
220506958.5625570714 0.0000532970
188860614.3531177342 0.0005216887
225286399.1149100661 0.0013784987
197568937.8305331469 0.0010668821
282099558.3451060057 0.0004982350
199845419.8639338911 0.0006825218
288754092.3965666294 0.0009008046
187681695.8301118612 0.0005834769
204835717.2256891429 0.0012631090
186277274.2361154854 0.0011152079
182532285.0474768281 0.0005224688
196664129.7100086808 0.0007786574
306647391.2625182271 0.0024074280
197237078.4119197130 0.0006304358
246236347.0508773029 0.0000932941
196812280.0523673594 0.0009034939
227961318.0016234219 0.0004126257
199177294.8470401168 0.0007614390
224349520.2876505554 0.0006189989
185214335.8751266301 0.0004592757
192175830.7022400200 0.0011268280
183801438.0409576297 0.0005852702
187667845.1437252760 0.0001852970
190837836.0563344657 0.0001525729
214320669.4488637447 0.0015827819
182551631.9298248589 0.0005390102
237031994.6088176370 0.0010248223
199041270.7477085292 0.0049657889
188778712.9737806916 0.0010085375
184550096.9760563970 0.0001755629
233142556.7540214658 0.0016419800
185758617.5779970288 0.0020957867
221100747.5581708252 0.0000037508
187194881.9648766816 0.0007360152
204871967.2928556800 0.0183602165
187184423.8734059334 0.0000000136
199507858.5111277103 0.0026036031
187096077.2953714132 0.0025425672
279653583.2042452097 0.0005344691
189932383.5799452066 0.0006844388
183258476.3944152594 0.0003201402
190049957.5813281238 0.0102939241
183488841.4800697863 0.0005800111
183868959.3211284876 0.0006196979
199050863.6796653569 0.0008350425
188258470.5697217584 0.0000867787
195988944.3332757354 0.0004947873
201173741.6161340773 0.0062938641
198337423.8824511170 0.0005193009
196202474.8707596958 0.0000001801
183945393.6272827983 0.0002257033
192086171.0592462420 0.0000140063
197554950.1333768964 0.0004681532
200566032.5218760669 0.0008372246
184751926.4565763772 0.0006533111
184225056.8213621080 0.0008065259
184079326.8257349730 0.0006721204
192539147.5075637996 0.0004121958
183515358.3385514915 0.0008793930
190588864.9732929170 0.0003998231
198315094.6708178222 0.0003617631
190536317.1690267920 0.0010925031
186295119.5961295664 0.0002734814
190050702.4681290686 0.0062596048
185586791.1717432737 0.0005060912
189902365.1616449654 0.0007336549
198849876.5217059255 0.0006907132
189328072.2233393788 0.0001671752
185476614.5599556565 0.0009133733
193233539.4622187018 0.0019165677
182475174.0667320788 0.0003862612
198929931.9411959052 0.0005542717
190330330.3882274330 0.0000630269
187249205.1664099991 0.0007549734
194433699.1404179931 0.0019935939
186308601.2858764827 0.0131940462
192919227.4869561791 0.0015821462
183977192.2525658011 0.0004140699
182447563.8086947501 0.0000014869
201895047.1046315730 0.0000022432
187487669.2350192964 0.0000240471
201034967.1284022927 0.0000003006
186026266.7943064272 0.0001544968
181958421.2340360582 0.0000003226
187198836.7124889195 0.0001071735
202137362.0982244015 0.0001208339
197298693.8052447736 0.0019241496
200896887.1481370032 0.0000041183
187301173.3354777396 0.0000330130
182231864.2571289241 0.0000000663
196679881.6599670649 0.0000219912
200606328.4756864905 0.0000054507
189541090.2992941141 0.0021999437
199217789.3646174669 0.0000183012
183340652.0437380672 0.0000010531
181349498.9032864869 0.0001962225
195743381.8992452323 0.0004554352
185154157.3184323907 0.0005308037
193805087.5377262831 0.0000895279
182716318.7007241547 0.0001278568
183242582.0162675083 0.0025699410
182231372.8956819773 0.0002044496
191323771.0730227828 0.0009458489
183190291.0374343693 0.0005621632
188597761.5311032534 0.0027064746
182188374.2289299667 0.0002884272
185745819.1165393293 0.0000311389
198381474.0003107786 0.0002467330
181982409.2435517907 0.0006586847
184343822.3294868171 0.0001465400
183532988.9915905297 0.0000760723
181297359.2852395475 0.0003112417
183894913.1324614882 0.0000871781
182434211.4988431633 0.0002391564
182531827.6836881638 0.0006604406
181923017.5066648722 0.0002263743
198211104.8232554495 0.0009492788
181474561.9317656457 0.0002597918
194693455.7369999290 0.0014381855
181901778.6860198081 0.0002997327
187141271.6525482237 0.0003619548
198941559.7135016322 0.0005981197
186374138.3057872951 0.0001151495
198506640.2693777978 0.0003828002
181276818.7165286243 0.0001463328
187093969.1014547646 0.0003838078
193989788.6961203814 0.0006145142
182625532.2522092164 0.0006449132
189186191.6253107786 0.0000683885
181674357.9632851481 0.0000466923
187530012.0328846872 0.0003674384
181445600.8255939484 0.0000561701
198943038.8913292587 0.0013285115
201996003.7504482269 0.0000491929
185108148.6196231842 0.0000901736
202508253.8503403366 0.0001778003
185473843.3465177715 0.0008202255
200917584.2636141181 0.0001220666
194415900.1819788814 0.0014312686
182770884.0972352922 0.0002441680
194556063.7062829137 0.0012461294
181993301.7717959881 0.0001375204
190307160.1898103952 0.0004267453
182055069.8245639503 0.0001272766
184660373.4884756505 0.0000483969
201357723.6959015131 0.0002888575
182987946.4681093991 0.0000406642
181769303.1540820897 0.0001976762
189618640.6640185714 0.0004249945
181998476.7057080865 0.0003306345
193903843.9062383175 0.0008262831
202541600.4412882328 0.0001944051
194197112.6544934511 0.0000124830
200065154.4805224240 0.0002155789
182624751.6844415963 0.0000186241
200699315.6389395893 0.0000677055
193183450.4228303432 0.0005706258
181407156.6651365757 0.0000446672
188730292.2376397848 0.0010246193
185231076.2214756310 0.0002769637
184059021.1068669558 0.0001597325
182184018.8181244135 0.0001965926
196944305.2271601856 0.0010707334
181812206.8069368005 0.0000397694
199278361.2873519659 0.0004422271
182664225.7865668237 0.0000036895
195444948.0733130872 0.0012481318
181173100.1395957172 0.0005158371
194846306.9620787501 0.0014132391
182401230.7941524982 0.0004700514
181785905.6968432367 0.0027608966
198948642.5826112330 0.0008651274
201459933.9781810939 0.0005977472
181783182.2251741290 0.0001297237
182890260.5218872428 0.0005964895
204382602.5134889185 0.0013592660
201794032.7905343771 0.0005687524
202578338.4973320961 0.0013716052
181624903.0205871761 0.0003038118
203463199.2496745288 0.0000959310
182273216.9933656454 0.0004473949
184819393.1066522002 0.0005989641
204170677.0755324066 0.0005642660
182664072.0135909319 0.0005987149
182080179.7965615690 0.0004427010
181459702.7931784987 0.0002853766
182194962.4747615457 0.0004465921
182720194.7481462359 0.0002982309
201685971.2045783997 0.0005035040
190850108.6815543771 0.0005978908
182497085.0429419875 0.0005089008
197574059.5747477412 0.0005675485
182198652.5320470631 0.0004003614
204885992.9494175315 0.0000296827
182341261.2182332277 0.0004326101
195498231.4337722957 0.0000000215
181476115.5627853572 0.0003300600
199344114.1431334317 0.0020459385
181552920.1445474327 0.0004425568
198333459.9416728020 0.0008793473
181197642.2753164768 0.0005046633
185385521.9022788405 0.0006770777
181224443.7513940036 0.0006137459
182877992.5335587263 0.0003429293
181522752.6466155052 0.0007411041
191843494.6717626452 0.0010848318
181351442.4829675555 0.0002745637
198306939.7454257309 0.0009348931
181360429.8038849533 0.0004884789
197832205.8013302684 0.0009877405
181382545.7099390328 0.0005773799
197987432.5634101033 0.0009701899
182655943.4676218033 0.0009475536
198676758.6888618767 0.0007588838
181577698.0884416997 0.0006264681
182807189.8906957507 0.0004973705
187036623.6098552346 0.0004747924
182258998.8685837686 0.0003582132
181584900.3580717444 0.0005250709
182494440.8694403172 0.0004620917
187048476.4685509801 0.0006969568
181803795.6189392209 0.0005815818
183446433.3704265654 0.0006707563
181076946.2931262255 0.0006289916
181763875.6634915471 0.0005923614
182472142.5232309401 0.0005552261
181858904.6533562243 0.0004621823
182193495.3760146797 0.0006705025
182771550.9122508168 0.0005951556
181267722.1938587725 0.0005141405
182455990.2075371146 0.0006815413
182600177.0964224041 0.0004336347
181453942.0275581181 0.0006664660
181582698.3250178099 0.0007362870
181572575.6549869478 0.0006999428
181667857.2872467637 0.0006613475
182905937.7390283942 0.0006181269
202682577.6658206284 0.0007051908
181342089.1408307254 0.0006037294
182710268.4175775051 0.0005349006
181001707.6734071672 0.0006467711
181284146.6358479559 0.0005474502
182743794.0677888393 0.0006321628
183936837.9823201895 0.0007905701
181249817.3872222304 0.0006748729
181338367.4316948652 0.0007158453
181680342.8343561292 0.0006448698
182520505.1300983131 0.0005090650
182668093.5367883444 0.0006150647
181556713.8593192101 0.0008551553
181067255.9784915745 0.0006283505
203700529.6796254516 0.0006177387
181251469.6217144132 0.0006301500
182444723.6866655946 0.0007507381
181365251.8547872305 0.0006189361
182824928.5578265488 0.0006574408
182914960.5089652538 0.0006367280
181164338.5280430615 0.0006662114
181419610.3890100718 0.0006437672
182743889.2202319801 0.0006410511
182300968.5382001996 0.0007234487
182842559.8458033800 0.0006670527
181835714.1414771974 0.0007564901
181008428.5164543092 0.0006528766
181080513.0214189291 0.0004770972
181255429.7983523011 0.0006714391
181799004.7698625624 0.0005632314
181166916.0748026967 0.0006329210
182596277.4342561364 0.0005148564
182836785.8688937724 0.0006315141
182272869.1768185198 0.0007098612
180997021.1218653023 0.0006493152
182668620.9738868177 0.0007743134
182696574.8163616061 0.0006529659
182181786.3989260197 0.0006578774
181143821.0751655698 0.0006546474
182320612.8011649847 0.0007231325
181219615.9357662797 0.0006566625
182731286.3535225987 0.0005972660
182727486.7061287165 0.0006331102
181021345.8969823122 0.0006530757
181054108.3032909334 0.0006625880
182874149.8418506980 0.0006373574
181141858.8303950429 0.0006271958
181065751.5816326439 0.0006340947
181381131.9901190698 0.0006417992
181039465.5921571553 0.0006590713
182727922.9935633838 0.0006525669
182882199.0402655303 0.0006391209
181051832.3408243060 0.0006686004
182867776.0622826815 0.0006785897
181055859.8291126490 0.0006414119
181152657.1238930225 0.0006762536
181239432.0595011115 0.0006302512
182857816.1639811099 0.0006537439
182924971.0419165492 0.0005954187
181087124.5958521068 0.0006321727
181408072.4380944073 0.0007162830
180993379.6672274768 0.0006465892
182863759.3194276989 0.0006989390
182850052.1388107240 0.0006639280
181932938.2138468325 0.0006021463
180992532.1035444736 0.0006114124
182629801.3604129851 0.0005933644
182867898.3555921614 0.0006046646
181324098.3559747636 0.0005784272
181037749.0877788663 0.0005905860
182843906.1416392028 0.0006143648
181155957.3994864523 0.0005805316
182881801.1741529703 0.0006159394
181234504.8853538334 0.0006257736
181029196.3188477159 0.0006133956
182787253.9282308221 0.0006148685
181050754.5305655301 0.0006177184
181203818.3020687103 0.0005981698
180995378.6380520463 0.0006108682
182854158.3407823741 0.0006068014
182803541.6452684999 0.0006091560
181037416.4956143200 0.0005887989
181032034.2556239367 0.0006107117
181066615.7056724727 0.0006101898
181006150.3232733309 0.0006138789
181033574.3609010279 0.0006321898
182868827.4375523329 0.0006077786
181000942.3550011814 0.0006058299
181047855.0118903816 0.0006092833
181314806.5139800608 0.0006069511
182884451.9985147119 0.0006170184
181140717.7784078419 0.0005886154
182868287.5396366119 0.0006108226
182599729.7727821171 0.0005902608
181023100.8049824834 0.0006103703
181170381.7110522091 0.0006267345
180995004.2404195666 0.0006127635
181069062.5134289563 0.0006071823
181020250.6645809710 0.0006105687
182843472.3208414912 0.0006042363
182867552.4328077734 0.0006112077
181112299.0863532722 0.0006147794
181055697.8330128789 0.0006088274
181113904.6391485929 0.0006014071
182875923.3656826317 0.0006094934
181074202.6545661092 0.0006174241
182867251.5116907656 0.0006065184
181043129.3976622522 0.0006039742
182757354.4505102932 0.0005876412
180995482.1099977195 0.0006316023
180999703.8650797307 0.0006124017
182824139.0545847118 0.0006043785
182888581.5847478807 0.0006101398
181124815.3286154568 0.0006025446
182878602.2798634470 0.0006112569
181098649.2135399580 0.0006345134
180999966.3248603940 0.0006111974
180996292.6233311892 0.0006099352
180996159.1178660393 0.0006180943
180995864.1722475886 0.0006116369
180999994.2349976599 0.0006140267
182839336.5080445409 0.0006289737
182885940.4138123393 0.0006082752
181051362.8941274583 0.0006222958
181011536.6095073819 0.0006127726
181015272.7242470682 0.0006121177
180995702.5605128706 0.0006110417
181024713.9909511209 0.0006054986
180998525.8485801220 0.0006127764
181027287.4989717305 0.0006105169
181026064.0009950399 0.0006136862
182871320.6626500189 0.0006022484
181007349.4606268704 0.0006117303
181059988.2071787715 0.0006092351
182883266.3091704249 0.0006130048
181047231.6075979173 0.0006052273
181018574.7226201594 0.0006112751
181012748.5630955994 0.0006217526
181008331.7508414984 0.0006118357
182840795.4497739375 0.0006246870
180997250.4531175792 0.0006054160
182784946.5263615549 0.0006040292
182864360.2516788840 0.0006110672
181062733.5722413063 0.0006121959
180998703.1735170782 0.0006182208
182861669.1140677929 0.0006075108
181050134.7368722260 0.0006115918
181045816.0079556406 0.0006067496
181001908.3296928406 0.0006070940
181043254.0270491838 0.0006087265
181017973.1303388774 0.0006100694
182886897.9221824706 0.0006138217
181008902.2867147923 0.0006046619
181000632.7431651056 0.0006116908
181011061.5848981142 0.0006151713
180994689.2747829258 0.0006091795
181036637.1447255015 0.0006081897
181016078.8321935833 0.0006116642
182876278.0948129594 0.0006160183
180992423.4104219675 0.0006130136
181037025.2816209197 0.0006130068
180999014.1645189524 0.0006174656
181083988.6306326091 0.0006153023
182852283.7494044006 0.0006077516
180994869.0350948870 0.0006153920
180997841.1933003962 0.0006130663
182802187.0195917785 0.0006111652
180994510.3902579546 0.0006138524
181025229.6853460073 0.0006125774
180993303.5034851134 0.0006124654
181010772.7873553932 0.0006114486
180995188.0233980417 0.0006139701
181007922.8665905595 0.0006147566
181002131.4789519012 0.0006130360
181003758.7301327288 0.0006152914
180992802.1192994714 0.0006125439
181001747.8628133535 0.0006159660
181001048.1262444258 0.0006127882
181014536.2874834239 0.0006115432
180992474.6335542500 0.0006127199
181012328.4734626412 0.0006126713
180993782.5334197879 0.0006131269
181007974.2220186591 0.0006107082
181001832.5848170519 0.0006131675
181004822.4445222020 0.0006136931
180993867.8576996326 0.0006130707
181037021.5123133659 0.0006135712
181002284.4038296640 0.0006127071
181014350.7861391902 0.0006136863
180998896.5845886469 0.0006134533
181029051.9180138707 0.0006130884
181001511.3594148457 0.0006138155
180992808.3208561838 0.0006134872
180997166.4390020072 0.0006127344
180993488.4051520824 0.0006129779
181000834.4744095802 0.0006142295
181002277.6925891638 0.0006138682
181004144.8131419420 0.0006129127
180994347.2482171655 0.0006122001
180996026.0530704260 0.0006150054
180994307.3048664331 0.0006130552
181000048.9703001082 0.0006119111
181003295.1465690136 0.0006130819
181002400.5468153954 0.0006130183
180997184.3812002838 0.0006137480
181001833.5673068464 0.0006131405
180995049.2489584982 0.0006127526
180993001.1299041808 0.0006129911
180997406.8481772244 0.0006119780
180994061.5148905218 0.0006129642
180992517.4143685699 0.0006124778
180993796.4775250554 0.0006130672
181000903.5738471448 0.0006128560
180992553.5836117566 0.0006130194
180999205.1074884236 0.0006131611
180992421.2725902498 0.0006126099
180993482.8127796352 0.0006144066
180993600.1162069738 0.0006124661
180998815.4149934053 0.0006117840
180992754.8276854455 0.0006127075
180996488.6526924074 0.0006124657
180992250.1413289905 0.0006125054
182886629.6656789184 0.0006125629
180994134.3820281923 0.0006124033
180997598.4027873874 0.0006123527
180993087.4609831274 0.0006125791
181002411.0179666281 0.0006126692
181001811.5034764409 0.0006124980
180999294.7725720406 0.0006125887
181002199.8184752464 0.0006126644
180993930.3199921250 0.0006122084
180994866.8965360224 0.0006125323
180999625.9346159399 0.0006129715
181002270.8284557462 0.0006125549
180995723.1283990443 0.0006125073
180993278.2723907530 0.0006125186
182891831.9975517988 0.0006128741
181000721.3029729724 0.0006124158
181002326.6875684559 0.0006121916
180992712.8731641173 0.0006125522
180996642.9827367365 0.0006122986
181002397.8056263030 0.0006125519
180999656.2624641955 0.0006124952
181002399.9541633725 0.0006125440
180997212.6622292697 0.0006115462
180993235.6042189598 0.0006125373
180998178.7492970228 0.0006127542
180993317.4590333402 0.0006124542
180996558.1876018047 0.0006132463
181001966.1645727158 0.0006123674
180998960.9860195816 0.0006125345
165301689.0000000000 0.0006125345 0 0 0 0 0 0 0 0 1 0 0 0 0 0 0 0 