867587590.3592889309 0.0000004714
881962651.4949679375 0.0000001260
884264494.8465404510 0.0000001960
924684230.2848463058 0.0000001796
1194162766.8237955570 0.0000000095
937618655.3792161942 0.0000001111
868867352.8122044802 0.0000003561
912140322.4762082100 0.0000000628
953082219.0336407423 0.0000007665
887787207.8420213461 0.0000002031
827937180.9987847805 0.0000001803
988228314.3713972569 0.0000001359
826981282.9947052002 0.0000005221
829104162.9213294983 0.0000003808
891931548.1543966532 0.0000001025
909975403.1811379194 0.0000002181
737406084.7444325686 0.0000651690
677913207.1675931215 0.0001171467
646943644.6955034733 0.0001545403
628224604.3992021084 0.0001784404
657619752.6245204210 0.0000950047
633664053.4966406822 0.0000396884
675425574.9869326353 0.0000001117
615683599.2319951057 0.0001741601
605863342.7824602127 0.0001392518
635994286.7617230415 0.0000207740
669561127.2358292341 0.0000561672
622687206.3854206800 0.0000600890
577631917.6249642372 0.0001918560
642962431.7560563087 0.0000974482
572409235.6941276789 0.0001330298
656391737.5151398182 0.0000011659
445514089.1755486131 0.0004389503
302145381.9112633467 0.0019765145
298814490.3284094334 0.0041318500
287151987.9380775690 0.0058732196
315481317.4275121689 0.0030821489
274450484.0098176003 0.0063449859
307589778.6987078190 0.0016918291
273987143.0053563118 0.0067257806
322254778.7602063417 0.0031749946
281054072.4705685973 0.0065738007
307391308.1179902554 0.0037749554
266771343.3292939365 0.0073726287
308208741.5031248927 0.0022441962
266688939.1990589499 0.0074998655
347226251.8629506230 0.0009559866
271761120.1306930184 0.0076337159
210548683.4167845547 0.0167951687
216798568.0741338432 0.0139187505
213997819.1091917157 0.0213184272
206415293.5157196820 0.0198507538
212460184.4213810563 0.0145242584
213952350.2917436659 0.0163741102
217257786.8927866220 0.0144141813
211454273.8991909921 0.0196381407
256567895.6727001369 0.0066415370
214673420.9580350518 0.0228902333
239798796.2379500270 0.0056164439
209558303.0616364181 0.0339832110
229830801.5310672820 0.0004538051
208481583.5726671517 0.0176554115
201183969.2491611838 0.0108393653
207720450.8943857551 0.0105874254
201549045.3512125015 0.0095148632
210445838.5489611626 0.0117104167
204030732.5169787407 0.0116112699
254711753.3311745822 0.0098373738
264569882.6196382046 0.0039543979
216557986.1442200541 0.0088907422
265315777.7712242007 0.0022820352
207148110.2923439443 0.0107631125
268607367.3274197578 0.0135690622
219604852.2355585992 0.0089109516
208693606.8870699406 0.0151749788
227344804.4656825364 0.0107654798
210846927.8191256523 0.0069496629
224963631.9180766642 0.0107381053
229208989.0492255986 0.0072653304
205910314.3470637202 0.0145898267
261474476.6417132914 0.0051320675
203011697.4243311286 0.0094631604
251525631.7480673790 0.0059692471
212988078.8026116490 0.0102919230
268230549.0208509564 0.0057987653
206237569.8997802138 0.0103327979
309889343.8139500022 0.0058152281
207172153.7634227276 0.0099146774
208716307.7677135766 0.0108885610
205950065.5896638930 0.0099994428
261844597.2686211169 0.0040365189
202276320.9503903389 0.0079745451
206916877.0526951253 0.0001641321
230305686.4731627107 0.0064953196
255980764.2089616656 0.0285020483
206032272.1619676650 0.0107019640
235587268.7051964104 0.0085676021
227289266.9974681139 0.0109399411
302624062.0431473255 0.0034703059
203131887.8939498961 0.0121143198
283829592.2996001244 0.0047307993
197786053.3315728307 0.0142421061
245768095.4410486519 0.0031780030
200017075.0459885299 0.0136716491
198860634.3236253560 0.0109426218
200346567.6102105975 0.0136902656
219537703.9820272326 0.0156077329
205462999.9827353656 0.0125404107
235109164.1055056453 0.0203219351
224361461.9192009568 0.0092799170
210352438.0852989852 0.0210365287
201624142.7405082583 0.0143181313
229233539.4711858034 0.0093271553
207328246.8393168449 0.0115472379
236539064.9412238002 0.0094084085
216698694.7078584433 0.0122453962
201465139.5690735579 0.0150467711
221243033.2289415300 0.0157479176
199707125.0319505930 0.0097218493
208117181.9619325101 0.0079878880
200654576.1850807667 0.0143149039
197966291.4668661058 0.0131998781
198490568.3480756581 0.0132568593
219750556.6611297429 0.0126360906
205136881.8352993727 0.0142533045
210850281.2570626140 0.0122083607
203785876.4291238785 0.0145288672
229472620.4009272158 0.0095082583
212479041.3828804195 0.0129759591
210131807.5258421302 0.0121390312
199034037.7249559164 0.0143538774
216768734.7304542959 0.0111932281
202253357.3604426384 0.0112296707
209545995.5403922796 0.0185241808
201843086.7305648327 0.0150599686
202055548.3707611859 0.0079397666
207160966.5647405982 0.0150531172
212205265.5782328248 0.0213768166
202123285.6925523877 0.0138029145
203719377.3958057165 0.0135582052
199345204.5786474645 0.0097310024
206547594.1909458041 0.0097259506
201846664.8943376243 0.0143324556
217727114.1636245251 0.0089430164
201189016.7834744453 0.0149020360
199257135.3996154964 0.0185848283
203281186.4826116264 0.0140174559
206311078.9079838693 0.0148821348
212765835.9154647589 0.0135769776
232218780.1424029768 0.0162386204
199121659.8863671422 0.0138204960
225493976.9280177057 0.0141074717
200007631.8290957808 0.0143217706
216582592.5431177616 0.0093871121
201816344.6647239923 0.0147904753
199430098.7124381959 0.0139353169
201702465.6428275108 0.0168221527
205234919.6858378351 0.0148584057
198935042.7216420472 0.0144486650
197488143.0173558295 0.0147454842
197801928.9728217423 0.0143372717
202382857.8836802840 0.0133685894
197944699.7493988276 0.0151401641
199411871.8519270718 0.0163533454
198622094.3281185925 0.0146935447
206509888.3260146379 0.0135630557
200296696.2388828099 0.0147363275
201249686.5815008879 0.0142750114
198133087.0561991036 0.0154511663
201751873.8756110966 0.0159777409
198306441.9974776804 0.0155317573
198216509.9332924783 0.0153997834
199541466.0841419995 0.0147770624
205441995.5433890820 0.0138798756
199698124.1615237892 0.0146140453
198897246.9643109441 0.0162423514
199260021.1163469851 0.0151780976
199266172.3467996418 0.0145966880
200193780.2863007784 0.0148211932
201962349.0385125577 0.0149313682
199734042.7294200659 0.0146639798
198907415.7207950056 0.0157379446
198396618.0554642677 0.0145256680
212687661.3235956728 0.0142833941
200311264.9542451203 0.0149858825
202594479.2053915262 0.0149341779
199107957.9087613821 0.0142815845
198554738.3694583774 0.0157068319
199106535.6722941399 0.0135595931
202549826.3150854707 0.0124730836
200734943.9554208517 0.0147902014
210646898.3724509180 0.0157711230
197803282.4994307160 0.0155057694
197700722.1833620667 0.0150334538
197609560.0065209568 0.0148385757
200639364.4711680114 0.0148767306
199808898.8591731489 0.0146725958
213322589.5981311798 0.0153348703
199931687.2908163071 0.0150040251
197656953.7692397535 0.0133558939
197924153.4938617349 0.0148295158
205092694.2003069520 0.0135169937
204862804.0360231102 0.0149124219
197700597.8416202962 0.0147281249
198960813.5354074836 0.0150369424
199805592.4075495005 0.0147124701
198005526.5055508912 0.0156270991
197794039.7714637220 0.0148079053
205403789.3432962298 0.0145670124
198204139.0417923033 0.0149693955
207074661.5669539273 0.0149863132
197539124.0319745839 0.0148256840
205145391.6599161625 0.0145818760
199547633.6312746108 0.0144652796
198217978.5145609975 0.0150489722
199945922.8174016178 0.0148662367
200419002.0766890645 0.0152836592
197624516.7233204842 0.0151895302
198679027.5613826513 0.0147103705
198286349.4851763844 0.0135006120
197580676.5067775846 0.0147630041
200282520.4629918933 0.0147522996
199811549.1486968398 0.0151722983
198980305.9130680561 0.0148106720
198271382.7018829584 0.0143724076
197500922.1591334343 0.0146475839
198623486.0141537786 0.0148716920
200184398.4064524174 0.0147691568
198119678.0608610213 0.0148778558
197505742.1799952090 0.0146718632
197824501.8267033100 0.0144607869
198075463.9736109376 0.0148484221
199272854.5268015563 0.0148012151
199896665.7966145575 0.0147032810
198371197.9191620350 0.0147309835
200125788.5296939909 0.0146148516
199571990.6457390487 0.0146411723
198388818.5508018136 0.0147756107
197738585.2341729105 0.0147540986
198595508.1969918013 0.0149155086
198232644.9388425648 0.0141901167
199344148.0785089731 0.0146788517
197641032.4037421048 0.0149330816
200477852.5363365710 0.0148362529
199476052.4060606360 0.0151430690
197504915.7255652547 0.0146749445
198596979.2052621841 0.0149049311
200278981.3875755966 0.0148278228
197759600.1241800785 0.0143542610
197779756.1385257244 0.0144859385
198959441.2987721562 0.0145418335
200339821.0036452711 0.0148035689
199892820.4352461994 0.0145289549
197812739.6569084227 0.0147133566
199193845.7778464258 0.0148809190
200241381.8635632396 0.0150848428
199691279.1087655127 0.0143506628
197646419.5259756446 0.0146736463
200502729.5674930811 0.0144400834
200296533.2378535867 0.0147328392
198659267.5038732588 0.0143485580
200494531.7752501070 0.0147045137
198502378.1287118793 0.0154990711
198034806.2907351553 0.0147955587
199773052.1127305329 0.0154062186
198081592.0077683330 0.0148866476
200257086.5319015980 0.0153486620
200058344.7107275426 0.0147529825
199477715.1881083548 0.0149048945
199930206.0658578873 0.0147874221
197489777.8191118240 0.0144874716
200584602.3528036773 0.0145058308
197519039.1641910076 0.0147408227
199599268.2847775817 0.0147113289
197524961.1207557023 0.0147288742
199660773.6749601662 0.0147747822
197543290.2948902249 0.0147322481
197552383.2291128933 0.0146184915
200519813.0016439557 0.0148468894
197825269.2769318819 0.0146359346
197656642.3126973212 0.0147468813
198793932.8628834188 0.0148112996
200502559.0409989655 0.0147481080
200428201.7100673914 0.0147030446
197641880.5889402032 0.0147005254
200154506.0931665897 0.0147299962
200406093.6062540412 0.0147642964
197631746.7467817366 0.0148483325
197509716.4114466906 0.0147739125
197511461.0506375730 0.0149094971
197592276.7557097375 0.0147304043
200520152.2198075354 0.0146198580
200362565.2095984221 0.0147382850
197735139.9462610185 0.0147344773
197600880.7565745413 0.0147485759
198607055.8646570444 0.0146768638
197577342.7097456157 0.0147679241
200295267.4676160812 0.0145836428
200447985.0829953253 0.0147684396
200437928.0836024880 0.0148768658
200435981.8487673104 0.0147362659
197985790.2993170619 0.0146429533
197500639.4462509453 0.0147435691
197750836.7233566940 0.0147412309
197534266.8766621649 0.0147705259
197823187.0322515070 0.0148780474
200295198.9179405272 0.0147597638
197898614.4857068658 0.0146975689
197513320.5752421916 0.0147406454
197497348.5198027492 0.0147309033
200476247.5917638540 0.0147451073
199826281.3438608348 0.0147126583
200401794.8485459685 0.0147714838
197481262.2782019377 0.0148261997
200423895.4314337671 0.0148103594
199155484.7759124637 0.0148448435
200314690.8744066358 0.0148178987
200280393.3778559864 0.0149252446
197494069.4587815702 0.0148365495
197945106.7077990174 0.0147279409
197595242.6726374924 0.0148264702
197478620.0824519694 0.0148696194
200450065.1069491208 0.0148640722
200401053.5817866623 0.0148717017
197586137.8085409403 0.0148929085
200157230.4085348547 0.0148750661
197817798.9071770608 0.0148904190
199763048.6826757789 0.0149479202
200359795.4043695927 0.0147880872
197424285.6985898018 0.0148434462
198007234.6709140241 0.0148424931
200466109.0264712274 0.0148405736
197630767.3468490243 0.0148691664
197457299.8515295088 0.0148505608
197575164.0802174211 0.0149208548
197544590.8048751354 0.0148525099
197502322.0154429078 0.0147707956
197440437.6942459941 0.0148417398
197662969.2218956649 0.0148501949
197469751.6006800234 0.0148504596
197501955.8717240691 0.0148051483
197433244.0480189621 0.0148090516
197585532.8768288493 0.0148446841
200448262.9270542562 0.0148367778
200266346.2941121757 0.0148937335
197455228.6198655665 0.0148328710
198072112.5403150022 0.0148197219
197526599.5279280543 0.0148348388
200419404.9705973566 0.0148932617
200439849.3126260340 0.0148629651
200483344.8236942589 0.0147493715
197426933.4371769130 0.0148427790
197561039.5832494497 0.0147974099
200469910.7919733226 0.0148362009
197583424.0890141726 0.0148298559
197441308.5616118312 0.0148447874
197526595.2618997991 0.0148334794
200483098.9226478040 0.0148482780
200363773.1240702271 0.0148115387
200429162.0550040007 0.0148405587
200373855.7819257379 0.0148821443
200391707.2818224728 0.0148508743
197800882.0428919196 0.0148448200
200451871.2822532654 0.0148458278
197415392.0429758430 0.0148577074
200444622.4690988064 0.0148426495
197787713.6896314323 0.0148813992
197405162.9360793531 0.0148671470
197854092.8471706212 0.0148151704
197417071.6501149237 0.0148394285
200406424.2192729712 0.0148344696
200447396.1747587323 0.0148852404
200283905.2755383253 0.0148241576
200460731.3204808533 0.0148688192
197462792.5896715522 0.0148442455
200457054.1734854579 0.0148514155
200429613.0605897307 0.0149006368
197471053.9507054985 0.0148845634
200367511.0474656522 0.0148541473
197446629.0999463499 0.0148387933
200271402.7105925083 0.0149013160
200441303.6673023999 0.0148902702
200390941.0169381797 0.0148202789
200387309.5918235183 0.0149111579
200441044.3309703171 0.0148618310
197483349.3746429086 0.0148685084
197405481.8385834694 0.0148718353
197629204.3043848574 0.0148686662
197414400.5580890179 0.0148557230
197462040.5904885530 0.0148825060
200440717.3433782458 0.0148640259
197395049.1671276987 0.0148814155
197400495.7240777612 0.0148795080
197833439.9775993526 0.0148819138
197435918.1070570052 0.0148837245
197667517.6334147155 0.0149060775
200432235.0733231604 0.0148846017
197411194.8170984685 0.0148986772
197392940.6890959740 0.0148929375
197494501.5273506939 0.0149142706
197399462.4851709902 0.0148895648
200432892.4775328338 0.0148484951
197401153.5373376310 0.0148937165
200411590.5322329402 0.0148824810
197403375.6455408335 0.0148939352
200447598.8445853889 0.0149121843
197396954.5998282433 0.0148930567
200434351.9366257787 0.0148947391
200437162.2166648507 0.0149032314
200389004.9845781326 0.0148953812
197466413.9082891345 0.0148881367
197444720.3071708679 0.0148838923
197422596.1426430941 0.0148927269
200441247.6888321340 0.0149152598
197437644.8070519865 0.0149005293
197564987.0877513885 0.0148691713
200447619.0802730620 0.0148876577
197461878.5877411962 0.0149067460
197395404.7499855161 0.0148935380
197414482.0918596387 0.0148936635
200404900.1568817496 0.0148947212
197561342.2569040954 0.0148861671
197461285.9293892086 0.0148949370
197404378.1684773266 0.0149160047
200437051.4546191990 0.0148859595
200422552.0729558766 0.0148878279
197406728.0792611539 0.0149007692
197479396.7793331146 0.0149184403
200450593.6573669910 0.0148859483
200345906.9692862034 0.0149080516
197435393.4104670882 0.0148870828
197437123.7801366150 0.0148520708
197463448.7650591731 0.0148970568
200446480.0535791218 0.0148866743
197408581.5191912949 0.0148965298
200442697.4206563830 0.0148863875
200451936.8389399350 0.0148896693
197408065.9235797822 0.0148898688
197429794.6010378897 0.0149006994
197402092.8581783175 0.0148856945
197405969.3759490252 0.0148901894
197395123.1818537712 0.0148922610
197575181.5816799402 0.0148962589
197408191.9670254290 0.0148952122
197524733.7884209454 0.0148907991
200453493.8748286963 0.0148900623
197451957.5386747718 0.0149070065
197400138.3556042612 0.0148943318
197400143.9090266526 0.0149040990
200444085.7306914628 0.0148909321
197417475.1614822447 0.0149145173
197413761.1785894632 0.0148921493
200438112.6613781750 0.0148739655
197402472.8496543169 0.0148891741
197461651.7875105739 0.0148820300
197403029.0706276894 0.0148965807
197436545.5124697089 0.0149068263
200456725.6103320122 0.0148947734
197415182.6879116297 0.0148787980
197389178.6587754786 0.0148989365
197411231.7389287055 0.0149012384
200450225.9881531596 0.0149000447
197533616.5616924763 0.0148945556
200446864.5139946043 0.0149006333
200441306.9215377569 0.0149034194
200447538.3513140380 0.0148997886
197405820.0169595182 0.0148944273
200412156.3226372302 0.0148994257
200456809.4069957733 0.0148979813
197395728.4285871685 0.0148961478
200452529.5244664252 0.0148967631
197391290.2432512343 0.0148942849
197396120.5966451764 0.0149002175
200437933.1315395832 0.0148917810
197388721.1961502433 0.0149009340
197387689.5322200358 0.0149152429
200450632.0393670797 0.0149164031
200444640.8692191243 0.0149199398
200451168.8011914790 0.0149168251
197476747.7642914951 0.0149168199
197401028.0900871456 0.0149129106
197423870.2851610780 0.0149187269
200446920.4636520743 0.0149127694
197415521.1409685910 0.0149178641
197408278.6895366013 0.0149160357
197426311.1548543274 0.0149123738
200441159.8082322180 0.0149134472
197393566.3699285388 0.0149168844
200449691.4558828473 0.0149157777
197423736.4244779050 0.0149215673
197400661.4746195972 0.0149143104
197397323.8640477061 0.0149210677
197387252.9926999509 0.0149146657
200450646.1489388943 0.0149106589
197400006.0084413588 0.0149160543
197480232.8750883341 0.0149096899
197387885.5071105957 0.0149167573
200428462.0916439891 0.0149130072
200445174.5168899298 0.0149160802
197442468.7949378788 0.0149127929
197388726.2857303917 0.0149156749
200442139.6134601235 0.0149137039
197387676.2171542048 0.0149141244
200450483.2954047024 0.0149214217
200443752.4295135736 0.0149147025
197401942.2140975595 0.0149170171
197390346.9331398904 0.0149157006
200417530.6212830245 0.0149131982
197388585.7869563401 0.0149178435
197390178.5969534814 0.0149211272
197388089.8494261205 0.0149153293
197393912.1279810667 0.0149105952
200450380.5214485228 0.0149117051
197419500.4002142251 0.0149269445
200448273.0563440323 0.0149152700
197397727.1998104453 0.0149112740
200451125.6980969310 0.0149137716
197398240.7685106397 0.0149135422
197390147.8770218492 0.0149146883
200445359.3898524940 0.0149172075
200449385.6882200539 0.0149066755
200450797.5359775126 0.0149106708
197387879.1673289239 0.0149141006
197392753.7025026381 0.0149174635
197387739.6225230694 0.0149141149
197388961.2656989694 0.0149129956
197390985.2874278128 0.0149146134
197425242.5071721971 0.0149163284
200451653.1391425729 0.0149152085
197395341.9172117710 0.0149090440
197387538.7580282390 0.0149147855
197389421.0913858712 0.0149075338
200449069.4559834003 0.0149146836
197392816.8729176819 0.0149151440
197390164.9504859149 0.0149145061
200445196.9470393658 0.0149135174
197389151.9087599218 0.0149139136
197388837.1285028756 0.0149185282
200445271.4358239472 0.0149140052
197407823.9112737477 0.0149155692
200450040.6554864049 0.0149153690
197390554.6753298342 0.0149119478
200448278.8054696023 0.0149152799
197398449.0283945799 0.0149131798
200451549.4438510239 0.0149143649
197391617.5390366912 0.0149159621
197387826.1651790440 0.0149148244
200442021.2579120696 0.0149151661
200450314.1077785790 0.0149148701
197392817.4337902367 0.0149129832
197386703.4473759532 0.0149149679
197392242.4447439313 0.0149148903
197392528.8244382441 0.0149156413
197417171.6579359770 0.0149165129
200367382.9786862135 0.0149145941
197408431.2632639706 0.0149134981
200451200.6866827905 0.0149156935
197390989.0372588933 0.0149136963
200450619.5161977708 0.0149152576
197388421.5647176206 0.0149119705
197387470.0149136782 0.0149150490
197387539.2158199251 0.0149138865
197388028.8633195460 0.0149146453
197387166.4432257712 0.0149137887
197387779.9814560711 0.0149146501
197387160.8744320571 0.0149163600
200451262.7795823812 0.0149150925
197387406.3041765690 0.0149131543
200451408.4848469198 0.0149152591
197389252.5987768471 0.0149139161
197387457.2294414639 0.0149147373
197391221.4847515821 0.0149146582
200447793.6275009811 0.0149147204
197405789.0788765252 0.0149163091
197387735.9673728049 0.0149144874
200409864.5354614258 0.0149147803
197387006.2896084785 0.0149149261
197404827.6177077591 0.0149156679
197386824.6846745312 0.0149147086
197395072.5710885227 0.0149155107
197387870.6973250508 0.0149145029
200409864.5322149992 0.0149147804
200450602.5869990885 0.0149159689
197397036.3069408536 0.0149131208
200450996.6857000589 0.0149144405
197396029.4081622660 0.0149171883
197389194.9096596241 0.0149154225
197398516.0650871992 0.0149155787
200451507.0969171822 0.0149146453
197387094.9532596171 0.0149160312
200409864.4929430783 0.0149147805
200431106.6353027821 0.0149148742
197387270.3116530776 0.0149151642
197396195.5960665345 0.0149153572
197386991.7729740739 0.0149150144
197392627.4532856047 0.0149151051
197387315.9905686080 0.0149145813
197389130.8190329373 0.0149146130
197387281.1921540201 0.0149150200
197388101.1049321294 0.0149142924
200451540.5216220915 0.0149148389
197387490.9312965870 0.0149143950
197387374.8256213665 0.0149148611
197387075.5084852874 0.0149155269
200451184.4743482769 0.0149150577
200452251.7757253945 0.0149146288
200451018.7598313689 0.0149146320
197387733.5418151617 0.0149161829
197387336.7089699209 0.0149153058
200452209.4658708274 0.0149151543
197387934.3468842208 0.0149148755
200452190.5384985805 0.0149147612
200451459.5763486028 0.0149147844
197387796.0779288113 0.0149159674
200452132.2984589934 0.0149149499
200451881.5884539783 0.0149150655
197387789.8688149750 0.0149149337
200452284.1572310925 0.0149150861
200452461.0624922812 0.0149146671
197386849.1986261308 0.0149149829
197392029.9610636532 0.0149146768
200451828.4470881820 0.0149149249
200448681.6982463002 0.0149143589
197387396.8882307410 0.0149150201
197388751.3283656240 0.0149146128
200452203.4434156716 0.0149149499
197389120.9648478031 0.0149144968
200451970.6083467305 0.0149151716
200452396.5558704436 0.0149151060
197386885.5246726274 0.0149149167
200451704.3026729822 0.0149150349
197387248.6203609705 0.0149149954
197388637.6110023558 0.0149148253
200451817.3312493563 0.0149149107
197387523.9387596548 0.0149147772
197387469.3930200636 0.0149150578
197387407.1161677837 0.0149146232
197387460.3127975464 0.0149151161
197386881.9080821574 0.0149156787
165301689.0000000000 0.0149156787 0 0 0 0 0 0 0 0 1 0 0 0 0 0 0 0 