748176073.9662019014 0.0007521127
754815907.4505480528 0.0000867820
777981874.5086045265 0.0002073507
760767298.7887917757 0.0002021671
848556324.3626390696 0.0000139234
799429049.6251864433 0.0001006345
749591075.1026736498 0.0008384936
738965598.2419756651 0.0000394433
835218723.4101161957 0.0000074587
790198983.9047197104 0.0001260803
705756213.2982803583 0.0001477028
710727348.0619781017 0.0000369986
734136624.9442541599 0.0000352264
700540169.9792453051 0.0000756779
681987909.2305203676 0.0000071892
707774294.1651947498 0.0000243591
647527760.6418697834 0.0000051241
606354552.6840932369 0.0000053504
582376998.4241895676 0.0000010334
571608828.4316815138 0.0000014361
582959857.2795587778 0.0001537214
579646844.1420376301 0.0003195759
636630673.1748914719 0.0000054349
565860447.8032747507 0.0001535990
552514501.0842363834 0.0001560501
609598002.7516573668 0.0000126434
584640079.9064334631 0.0000361381
550984983.6669501066 0.0000226052
682719831.8743078709 0.0000112541
589945675.9200203419 0.0000046529
553776485.1736519337 0.0000999478
615780501.8289378881 0.0000034417
503303527.9745661020 0.0000014862
419290514.7780225277 0.0000000090
454979940.2017711401 0.0000069014
424328164.5344027281 0.0000000081
455042638.7987934947 0.0000040149
428988079.9414891601 0.0000000091
418783956.8071805239 0.0000155353
398149283.3723521829 0.0000183560
373642691.3762121797 0.0000279581
373001841.0245467424 0.0000284378
393052582.8274195194 0.0000008430
370958925.0937752724 0.0000373788
388449729.8690074682 0.0002351170
372653068.3766344190 0.0000356927
438984062.5261598229 0.0000323179
372700255.7635519505 0.0000393479
368116379.6158471704 0.0000914064
372017713.0391311049 0.0000403916
360986451.9467248917 0.0000439817
346265698.8604100347 0.0000460948
365051398.3063917756 0.0000057077
346158121.0530230999 0.0000460124
358547014.6543663740 0.0000061613
362323427.0803686976 0.0000396743
336467827.4526448846 0.0000038699
341154373.3833439350 0.0000045465
375252285.3822979331 0.0000000015
315624767.3605803251 0.0000000134
356876222.0888443589 0.0000000062
336998550.8750826120 0.0000006776
392025653.8875288963 0.0000000257
315663999.0197590590 0.0000000128
336933124.2170272470 0.0014298264
318932374.9450122118 0.0000017236
320560642.9693559408 0.0006086045
317021875.8659819365 0.0000000284
324838836.7930380702 0.0000536073
309983726.4872036576 0.0000004076
354027160.5035295486 0.0000002224
319031506.6270453334 0.0000001660
325104587.3661538959 0.0000000942
306462969.8301302195 0.0000024672
264463755.5957854986 0.0000176016
263589521.3636321127 0.0000004077
283146060.5827383995 0.0000037620
260097146.3321934044 0.0000002313
289747762.5626559258 0.0001304592
261942142.1152803898 0.0000001338
310112822.6565330029 0.0000252637
268124164.8966006637 0.0000027358
293731145.1031312943 0.0000694084
257122886.7843860984 0.0000063678
261157740.0110582709 0.0000005748
259297250.1126787961 0.0000030592
283837862.6832935214 0.0000005018
265201655.2349258959 0.0000000021
294843558.0082252622 0.0000056708
264821485.0410551429 0.0000038652
265981180.6891052425 0.0000005065
252774058.3923327923 0.0000009618
305595029.2952411175 0.0000000210
261331282.1804386675 0.0000147062
255327352.3594141603 0.0011338732
246029600.0091582537 0.0000000292
308681444.8656698465 0.0000006715
246507549.4062320888 0.0000005466
265031044.0114558935 0.0000004797
248364339.5648126602 0.0000132253
209291930.9656963646 0.0007401391
222071968.5117563307 0.0007208011
202087724.9020304382 0.0028470925
215408298.4980386198 0.0022500852
223106351.0539467931 0.0018770311
192854623.4577026963 0.0004990779
198166952.3556046784 0.0000718672
191930547.6233855486 0.0003767993
267112727.3236420155 0.0000503196
199648352.0270189643 0.0002036708
207104934.4569501281 0.0000341512
199055366.8307380080 0.0004570878
213388480.2395992279 0.0000732594
204387772.9503207207 0.0003531721
264308977.6107565463 0.0000083997
200050670.4059067369 0.0008020799
223104716.0202652216 0.0024973728
190347299.5401941240 0.0004457780
193054906.4104112387 0.0000016811
197174340.7788988948 0.0000061151
227264906.4522564113 0.0073929683
191970616.6445719004 0.0009914930
210615552.7534136176 0.0004176568
189368642.7128509581 0.0003053453
209568822.8156218231 0.0000450308
196219397.5696428120 0.0004888928
219844664.0647254586 0.0000311066
188187372.8771024048 0.0002850934
196017949.1664131582 0.0014128962
186496230.2288934886 0.0003016473
201491681.5381477177 0.0012929785
203358785.7336621583 0.0005155647
244773117.1459261179 0.0000684946
192467135.6142571270 0.0005906634
224073105.2812093496 0.0000004530
203144743.7994727492 0.0006976787
223081450.7593136728 0.0002424921
189929752.4950698912 0.0003753441
243077727.9341966212 0.0005234005
199712790.9256918728 0.0001992018
230054263.5808167756 0.0008067641
185266407.6141885221 0.0000494734
202072959.3200681806 0.0016009801
210163559.1228974760 0.0000001733
201959918.6816820502 0.0000262234
185923354.2046200335 0.0000417365
265093264.4241783023 0.0001376780
191431311.9902235270 0.0000006418
227072458.9246623516 0.0000009296
190318912.9974164665 0.0002624477
288634685.3068387508 0.0000051467
198049428.7548810840 0.0000246491
206482222.8895527720 0.0000389933
187770144.2647923231 0.0001284216
212915090.0978903174 0.0003992938
185470352.5861624181 0.0002895981
205347419.8334410787 0.0000131487
187669631.5971802473 0.0000014483
208691621.8129487038 0.0003247257
187264958.6109571755 0.0006541752
211584057.9307347238 0.0003327562
185566552.7372548282 0.0004498831
188584952.8999247551 0.0000350648
186389150.2466907501 0.0000007994
187977927.0356593132 0.0000713676
229124424.6697605252 0.0001216641
185949900.7939587235 0.0000761700
202275967.8762829602 0.0003451574
186924843.1463414133 0.0000983487
188202484.3654631078 0.0000093524
186486313.2238020301 0.0000439131
184085843.7933540046 0.0001282884
189821842.7803869843 0.0001259539
207197774.3914088607 0.0002153290
186695654.2925833166 0.0001058273
213482788.3183320463 0.0000002725
194509480.0323309004 0.0001538640
186563229.5412182212 0.0005793039
185190478.9002287984 0.0000852790
190278219.5383670628 0.0000097807
189531832.2700381875 0.0002222414
200536086.0751817524 0.0000869857
183908932.6635044217 0.0001658476
187143109.3537835777 0.0004624528
186425502.7301215231 0.0001838357
195752111.0688417256 0.0001246312
192234254.1914984286 0.0003806460
190391099.9828911722 0.0003031223
186008863.4861147702 0.0001842033
222309860.3063238263 0.0001739912
186515813.5466105044 0.0001535753
188497379.6459710896 0.0007014782
188039723.6558312178 0.0001786752
186834502.5201008618 0.0013670582
186439393.6312439740 0.0001604116
200158643.0142636299 0.0003681072
187871152.6829308867 0.0001978114
191878764.6351054013 0.0008298140
186002417.9597471058 0.0001265533
191516720.1980126500 0.0029992790
191012678.6598516703 0.0001123206
196191619.4632136822 0.0001992434
192950581.1357659101 0.0001040578
204995957.7996460497 0.0000919193
189422854.3065887392 0.0003092998
216603889.3455224633 0.0000125054
196532466.2077720463 0.0001996316
187989228.6495963335 0.0000000000
187174213.0144204795 0.0001339861
200231800.4240450263 0.0000005592
190000964.8481278718 0.0002102528
192588566.6208030581 0.0002216579
186381538.4126061201 0.0000880985
191496657.7532362938 0.0000096429
188144470.0827165544 0.0001765825
217432936.8200781345 0.0000123566
185594724.6917114258 0.0002758430
194198269.7325149179 0.0000733426
186168887.2691798210 0.0003624756
194195965.2766152024 0.0000256214
195672187.4826532900 0.0001574287
192862704.0667668581 0.0000415233
194078010.3759217858 0.0001041588
196462230.3673792481 0.0000092805
193320846.3589078188 0.0001594041
192776114.1802357435 0.0000427653
189321095.2366223633 0.0001495157
186879982.6647503078 0.0000034989
188548805.4730754495 0.0002984737
193139813.1408140659 0.0000377341
188644610.2748759687 0.0001413889
187668609.8354037702 0.0000194523
184746348.7856362462 0.0001103232
185007894.0669508576 0.0001453444
185993585.8653637469 0.0003416492
186153601.2269949615 0.0001830400
185093888.2344841659 0.0001287454
184240597.6967263222 0.0001897034
188617217.0353485346 0.0000703510
184396759.4949416816 0.0002246278
194291278.9319364130 0.0002135737
185650942.4599938691 0.0002407407
184150874.4635029137 0.0002001875
184728814.4767673612 0.0001184400
190396818.3113172650 0.0000671374
187828191.4781465530 0.0002097980
191197643.4345078468 0.0007466992
185876909.7924401164 0.0001922921
187506838.2093054950 0.0001671751
187301215.9608908296 0.0001402570
186822663.0134605467 0.0001744365
184607484.9432006478 0.0000678708
186397920.0652267337 0.0002022846
184086009.5056141317 0.0001858815
184274748.5408673286 0.0001536880
185320593.7684651613 0.0002224222
184233003.5314848721 0.0001517720
186914128.6774477363 0.0001954824
187804950.8378790915 0.0001454175
185175566.9057496488 0.0000779438
184405977.3625034392 0.0001551062
186549237.2484916151 0.0000906118
185042381.6205746830 0.0002192526
194757817.1849540174 0.0000820475
184604960.5488674343 0.0001627655
189135783.5351460278 0.0002590083
183763329.1708831489 0.0001911454
184620543.2436370552 0.0001798003
184794038.2585565448 0.0002098549
185495449.0807109475 0.0001789256
184671137.9446853399 0.0002171484
187610767.5128416717 0.0003090383
184407205.9732644558 0.0001463234
189134445.7329427004 0.0001899423
184734992.9990892410 0.0001805023
184926379.6115651727 0.0001597520
184320582.0586327612 0.0002115264
187032297.5473193824 0.0001964584
184840666.4606472552 0.0001865429
187515736.0542206168 0.0002212467
184582696.9981541634 0.0001669457
184319944.6391031742 0.0002386514
187013469.8681277335 0.0002051102
191117373.1457392573 0.0001291311
183893960.0607850850 0.0001664769
187647313.3096332550 0.0002438000
184470023.0278354585 0.0001769449
195318043.2951610088 0.0001803201
184166507.4581248760 0.0002130499
185127606.1764580011 0.0002190818
184576860.6866392791 0.0001972337
184930506.5971852839 0.0000734075
185176544.5087161064 0.0002778695
186060510.1915363669 0.0002648178
185899838.2498610616 0.0002121199
185054190.3847384453 0.0001641102
184280370.1307923496 0.0002028816
186536208.7714543939 0.0001031335
185529089.0852206349 0.0001516422
186932973.7003389597 0.0001064351
185453132.1576870680 0.0001449197
184581608.2546712160 0.0001955146
185073647.9958670437 0.0002026116
183941672.7442365885 0.0001909589
183933431.6692645848 0.0001562333
184417908.9625782967 0.0001897380
184783825.0070566237 0.0001069115
184000129.3526734114 0.0001954658
185444091.5713764727 0.0001532034
184380587.3299197853 0.0002016266
184382284.6323955059 0.0002211808
184607484.1793103516 0.0001563005
183742901.5697321594 0.0001857531
184722013.7793426216 0.0001993034
184342517.5331427455 0.0001882770
184537409.1675575376 0.0001938311
184484655.0695198178 0.0001895082
184842228.5745609105 0.0001919923
183761233.0171656609 0.0001806139
183796322.9787493646 0.0001937961
183826622.7363219261 0.0001844989
187328050.8777885735 0.0001932714
184527601.7493571043 0.0001839838
184590502.9861401618 0.0001825632
184061043.7190179229 0.0001857017
184279128.3091987967 0.0001985368
184649561.5207534134 0.0001852117
183826148.5356068909 0.0002185280
183867760.7689354122 0.0001787061
184225555.4274863899 0.0001725747
184697456.3749591112 0.0001925675
184162602.1446189880 0.0001710283
183750387.1667540669 0.0001874188
184242309.3657682538 0.0001599294
183921889.4051277637 0.0001906286
183854831.8721354008 0.0001841122
183826568.4470302463 0.0001754868
184547876.7953044176 0.0001752087
184252529.0222064257 0.0001913281
185018930.7290454507 0.0001861989
184499789.6279049218 0.0001955737
184905899.1200132370 0.0001941269
184373121.9027967751 0.0001853024
187420661.0449617505 0.0001563745
184252130.1967875361 0.0001727303
184339487.2384384274 0.0001940845
184412788.7750624716 0.0001822506
184044895.1866724491 0.0002073643
183738403.7712632716 0.0001832663
184705680.3727444410 0.0002164505
184042523.8618563414 0.0001927158
184193973.8191618919 0.0001755820
184293472.3479676843 0.0001651007
184065603.8792755902 0.0001886705
183785900.6641094387 0.0001756524
184076837.8501291871 0.0001909050
184420739.4744500220 0.0001782115
185067051.2051303983 0.0002257275
183840882.3568858504 0.0001859231
187349909.3573347628 0.0001781788
184418056.5303531587 0.0001763600
184362382.7353361845 0.0001348927
184020060.6365575194 0.0001715525
184450894.9023352265 0.0001821121
183830622.6219239831 0.0001842503
184674122.4238415956 0.0001870345
184297197.7786672711 0.0001835862
183731805.7023216486 0.0001842986
184422833.4814319313 0.0001781455
183727472.5408017635 0.0001830316
184170816.4715016186 0.0001838531
184660262.7701155245 0.0001821779
184424379.3477320671 0.0001870453
183806097.6583340764 0.0001843045
184689569.2934468389 0.0001868391
184616884.0560504794 0.0001839847
184160058.7425475419 0.0001844036
183748774.6067725718 0.0001805806
184314641.1808596849 0.0001864075
183806765.0143683553 0.0001788709
184160012.9852801859 0.0001752088
184583535.2655247152 0.0001830362
184551246.7775041759 0.0001854732
184602054.4964044392 0.0001836891
184367522.8589897454 0.0001767524
183725445.2336885631 0.0001838084
183827714.6034039259 0.0001826879
183759808.0021600723 0.0001832635
183752756.0948843956 0.0001870508
183847698.7662351429 0.0001837949
183864789.6736868620 0.0001844419
184672154.9174566865 0.0001814395
183745283.3177708089 0.0001814191
183725290.0938202143 0.0001852142
184120340.3831909299 0.0001843803
184532017.7951583266 0.0001833990
183963503.5877653658 0.0001774392
183737974.2812175155 0.0001831979
184614380.0750257075 0.0001868793
183748400.9304800332 0.0001856227
184555917.9298712611 0.0001930558
183850540.4407767951 0.0001857541
184071689.5521843731 0.0001874642
184598159.9846477509 0.0001850076
183906875.8796162903 0.0001852680
183762857.7639311850 0.0001851116
184652994.9059532583 0.0001832014
183766092.8740879297 0.0001837934
184603664.2346310914 0.0001821419
184663685.8922667205 0.0001812954
183728682.5896369815 0.0001845542
183733260.3800186217 0.0001863530
183733357.9400698841 0.0001846944
184529440.7727777660 0.0001838996
183772200.4918605685 0.0001847948
184528983.8346133232 0.0001890041
183808801.1130057275 0.0001854495
183812486.1652543247 0.0001897952
183733127.1246102452 0.0001853003
184466341.1409848332 0.0001815647
184694029.6515861750 0.0001859486
184617206.5604847968 0.0001839375
183789296.5751053691 0.0001863436
183697556.2849501967 0.0001854400
183893720.2867012620 0.0001854756
183801110.2115411758 0.0001836106
183723370.2096839845 0.0001856939
183827363.1280599236 0.0001877181
183712781.9076607823 0.0001836295
183743106.9597734511 0.0001849543
183841313.6915521026 0.0001860862
184070951.2161980271 0.0001853327
183858690.7148687541 0.0001856785
183803637.6262634397 0.0001861042
183775770.1405683160 0.0001849921
183748173.3331561089 0.0001859452
183902729.1728853285 0.0001844426
184118378.2919895351 0.0001848022
183697606.3080949187 0.0001851439
183863404.9034899473 0.0001866976
183783965.0893644094 0.0001861628
184693409.8749753833 0.0001847020
183697423.5483854413 0.0001865506
183769597.8168428838 0.0001902942
183889787.3273648918 0.0001860402
183746047.9662875533 0.0001846140
183708604.1642599106 0.0001858969
184627275.7897828519 0.0001846568
183703255.8668618798 0.0001866167
183841233.7490774691 0.0001877436
183768827.4505871534 0.0001871609
183882104.1460876167 0.0001854704
183754970.1915554702 0.0001861801
183754757.2461233437 0.0001878086
183732891.3797231317 0.0001862227
183871437.0642884672 0.0001934631
183879431.0450810492 0.0001867442
183847257.1410991848 0.0001869973
183745528.6933269799 0.0001860367
184576741.6559031606 0.0001868216
183868787.6985138059 0.0001879014
183902765.6846435666 0.0001857113
183821924.7119320035 0.0001857944
184633572.6892910004 0.0001840506
183837533.4524150491 0.0001875158
183891112.6136613488 0.0001902575
183719229.0176173747 0.0001875730
183715304.8320486248 0.0001857671
183753325.0657764375 0.0001862968
184589588.9419620931 0.0001865539
183840059.9296207726 0.0001851068
183818343.3796334267 0.0001846411
183858068.9296075702 0.0001881178
184487317.2735066712 0.0001846785
183873889.3745739460 0.0001873633
183785821.3400199711 0.0001842294
183816481.1123286486 0.0001869516
183895758.4839613736 0.0001856657
183933626.4557496011 0.0001873090
183697278.8066207170 0.0001864298
183742987.8389124572 0.0001875200
183712552.0303879380 0.0001864887
183842596.7867943645 0.0001852926
183695188.0264375210 0.0001861742
183716022.4932704568 0.0001866078
183727844.8943322599 0.0001863579
183750167.0742471814 0.0001856641
183711715.7334347367 0.0001863155
183806194.4521198571 0.0001860057
183909420.9681553841 0.0001863046
183755595.8205494285 0.0001837256
183712467.4145450294 0.0001863523
183858981.5045957863 0.0001856525
183916041.9955219328 0.0001860621
183812854.2519667447 0.0001864448
183695869.2507278919 0.0001860529
183894402.6816300154 0.0001851492
183708725.7999908328 0.0001857572
183735232.6781284511 0.0001858386
183916128.8222023249 0.0001862590
183902358.3182049990 0.0001858737
183729908.6206737459 0.0001862442
183748774.4512807727 0.0001858798
183707985.5223002434 0.0001862649
183906028.5914041400 0.0001861769
183726856.8836297691 0.0001880364
183696563.0265160799 0.0001862745
183720553.7519289851 0.0001866899
183696391.4052349925 0.0001860707
183892464.5092656612 0.0001864787
183703268.4840427637 0.0001866267
183823389.9459860921 0.0001857355
183699674.8297173083 0.0001858682
183819102.6190270782 0.0001864443
183907205.3817756176 0.0001862455
183872323.5715681314 0.0001863245
183723494.1151386201 0.0001862729
183903266.8324407637 0.0001859748
183702938.6951590478 0.0001860630
183826941.0335372388 0.0001857426
183911968.3532243073 0.0001862294
183910311.6289999783 0.0001857384
183917530.5862691998 0.0001858608
183696008.2087232471 0.0001862079
183728314.7912960052 0.0001861854
183700638.0772382319 0.0001862401
183701067.7319501638 0.0001861965
183695042.0252462924 0.0001860975
183921906.7565302551 0.0001858152
183694805.9654912651 0.0001860682
183712890.8305341303 0.0001859944
183700132.8628917933 0.0001859823
183896618.1663675308 0.0001866672
183695734.2413997650 0.0001860822
183708070.2875401378 0.0001857910
183921034.3235545456 0.0001860336
183733887.2807108164 0.0001859180
183912885.7751613557 0.0001859022
183702208.1759664714 0.0001863315
183703353.7861988246 0.0001859949
183751559.7842417657 0.0001862319
183917676.2814002931 0.0001861014
183698243.5279918611 0.0001857889
183917509.4109894037 0.0001862037
183899546.8491418064 0.0001856517
183919990.0187501907 0.0001859412
183740212.1121986508 0.0001863983
183699707.2891537845 0.0001861221
183917780.1401920915 0.0001854414
183917940.7612964511 0.0001860703
183912200.6654774547 0.0001860172
183698461.5830318630 0.0001859682
183896323.1828627884 0.0001865790
183912851.7873979211 0.0001860768
183915647.3949849010 0.0001861157
183704800.2624236643 0.0001861649
183902694.5475297272 0.0001864141
183700973.9851042032 0.0001859216
183696621.0576827526 0.0001860430
183702392.7048320770 0.0001858994
183695900.5035742223 0.0001860399
183725812.0455412567 0.0001861788
183695354.1792820394 0.0001860674
183710432.7885875702 0.0001860843
183695410.1697263718 0.0001861021
183699727.6524186730 0.0001860292
183695962.9459916949 0.0001861068
183705937.0373566449 0.0001860346
183696296.5491230488 0.0001860766
183919735.4553035498 0.0001859700
183919904.7413860559 0.0001862150
183920230.7701308429 0.0001860418
183695775.2192285359 0.0001860645
183920285.5828465521 0.0001860582
183701096.1330499351 0.0001862398
183918932.6681936383 0.0001860799
183702652.2251348495 0.0001859245
183919795.3586491346 0.0001860761
183702333.4490604103 0.0001861021
183695174.7521951199 0.0001860928
183696952.0101819038 0.0001861445
183696592.3969955742 0.0001861221
183695855.7562561333 0.0001859893
183919588.5696687102 0.0001860484
183698245.5559521317 0.0001860001
183694965.6761351526 0.0001860318
183707682.0875566900 0.0001860323
183695227.7809608877 0.0001860691
183696568.4085766375 0.0001860865
183695406.4319548011 0.0001860641
183696384.2561004460 0.0001861288
183696644.2494504154 0.0001860631
183917688.8160354793 0.0001859417
183699511.7100519538 0.0001860773
183695555.0329658687 0.0001860328
183696639.2498540580 0.0001860664
183695706.4734768569 0.0001860332
183696532.2550483346 0.0001860840
183695610.6793211102 0.0001860268
183696364.3215283751 0.0001860634
183695628.9480808377 0.0001860280
183694796.6439378858 0.0001860430
183695750.4125690758 0.0001860117
183698747.4880856574 0.0001860597
183700534.8066911101 0.0001860258
183698844.6705973744 0.0001860417
183695826.2336569726 0.0001860081
183917170.3682613075 0.0001860333
183711155.9936353266 0.0001860671
183918707.5447578728 0.0001860196
183696514.2720089257 0.0001860467
183696251.0010039508 0.0001859788
183695666.0729651451 0.0001860388
183697768.1546984315 0.0001861099
183695569.5174008906 0.0001860587
183911960.1586512029 0.0001860012
183696614.0718851686 0.0001860391
183700433.4536220431 0.0001860276
183695978.6930712163 0.0001860410
183697810.3660819829 0.0001860919
183696610.0730062723 0.0001860475
183698180.7177911997 0.0001860246
183694812.6862979829 0.0001860379
183697927.9202412069 0.0001859689
183696395.8806407750 0.0001860284
183696188.8713827729 0.0001860562
183695486.2729525864 0.0001860760
183913621.4057786167 0.0001860237
183696364.3985144198 0.0001860464
183703179.9908470511 0.0001860645
183695627.8263622820 0.0001860377
183696633.4342471957 0.0001860379
183695557.5778307021 0.0001860353
183695207.8902545273 0.0001860327
183695188.9536028802 0.0001860347
183910320.6235240698 0.0001860149
183694913.2927133739 0.0001860492
183698644.6882172525 0.0001860455
183910357.9743572176 0.0001860144
183916443.2039030790 0.0001860287
183694907.6976367533 0.0001860425
183699123.7647522688 0.0001860525
183696535.3001670539 0.0001860503
183696551.6375429332 0.0001860673
183694870.4066320360 0.0001860518
183695893.0825385153 0.0001860356
183694926.5681459904 0.0001860398
183695501.0224459171 0.0001860730
183694925.2347087264 0.0001860390
183696077.8065076172 0.0001860656
183694857.8988088667 0.0001860405
183695223.5881406069 0.0001860567
183696531.4271711111 0.0001860383
183919599.9400855899 0.0001860316
183695795.4372826815 0.0001860451
183695163.7765362561 0.0001860172
183695126.8987750113 0.0001860434
183694753.0379566252 0.0001860667
183694928.3231152296 0.0001860737
183697109.2251397371 0.0001860430
183696446.7339695990 0.0001860676
183695961.2767110467 0.0001860844
183694972.8397499621 0.0001860682
183694757.2171120346 0.0001860695
183696337.8586621284 0.0001860658
183696819.1190070510 0.0001860719
183694855.2898846567 0.0001860676
183918370.5140513182 0.0001860392
183695769.1070308089 0.0001860682
183696364.3365939558 0.0001860834
183694655.4395816326 0.0001860700
183696261.2549091280 0.0001860826
183694660.7645150423 0.0001860690
183697822.0621737838 0.0001860782
183694846.5651281476 0.0001860756
183916279.7306742966 0.0001860448
183696098.7260070741 0.0001860781
183696707.3332496285 0.0001860721
183696419.6528647542 0.0001860732
183697205.5226679146 0.0001860775
183694791.3761537075 0.0001860722
183920221.6913737655 0.0001860127
183696353.2052552998 0.0001860652
183695242.8934023380 0.0001861182
183696460.4047649503 0.0001860665
183695949.8884149194 0.0001860941
183694938.4625848532 0.0001860744
183695624.9441412985 0.0001860526
183696350.8080057800 0.0001860724
183919177.4690712988 0.0001860600
183696228.8040569425 0.0001860651
183695581.5434359908 0.0001860633
183695965.9147002399 0.0001860625
183695817.2704054415 0.0001860858
183696091.4970819056 0.0001860596
183919601.6329760551 0.0001860747
183695244.9781106412 0.0001860708
183695296.2075752318 0.0001860447
183696233.9026563466 0.0001860642
183919369.8368958235 0.0001860690
183695005.5272904932 0.0001860518
183919823.5771185160 0.0001860621
183694661.6238077879 0.0001860693
183695675.2284589708 0.0001860708
183696359.1649608612 0.0001860683
183696367.7156955302 0.0001860686
183694747.9050555527 0.0001860684
183696101.8514890671 0.0001860639
183696200.9584265351 0.0001860669
183696354.8104908168 0.0001860923
183696523.1881875992 0.0001860695
183695264.4059145451 0.0001860784
183694829.0383512378 0.0001860728
183694959.3394714296 0.0001860762
183694658.0853370130 0.0001860749
183694837.7264238298 0.0001860634
183694654.0095896423 0.0001860704
183694632.2538439035 0.0001860860
183694835.2560731471 0.0001860836
183695233.0803878009 0.0001860969
183694722.8794213831 0.0001860858
183695337.4818674624 0.0001860759
183694799.2538949251 0.0001860873
183695584.3505778909 0.0001860679
183694724.1600015461 0.0001860840
183695923.4508239925 0.0001860921
183694786.0945207179 0.0001860801
183696050.6607027650 0.0001860926
183694941.2679838240 0.0001860856
183695559.4699356556 0.0001860901
183696516.6526040137 0.0001860914
183696164.0113023221 0.0001861058
183696544.3895998299 0.0001860849
183695728.9764021039 0.0001860820
183696443.9468949139 0.0001860844
183694762.3821653724 0.0001860864
183694907.7234572768 0.0001860889
183696171.7729676366 0.0001860997
183696451.8970915079 0.0001860857
183695069.3596970737 0.0001860805
183696500.8331937194 0.0001860876
183694858.9042534530 0.0001860864
183694654.9674354792 0.0001860868
183696132.9874242842 0.0001860791
183696280.7403113544 0.0001860848
183695685.6528756618 0.0001860856
183696416.0584814847 0.0001860877
183695036.2274005711 0.0001860758
183694922.5204536617 0.0001860871
183695171.6933539808 0.0001860802
183694663.2964472473 0.0001860849
183695545.3841887116 0.0001860803
183694764.4423210323 0.0001860867
183695384.5823929906 0.0001860829
183696467.2265506387 0.0001860833
183694792.6195860505 0.0001860925
183696356.4651476741 0.0001860866
183695693.1794006526 0.0001860820
183696158.4079810977 0.0001860888
183696271.6836618185 0.0001860844
183694672.2193603814 0.0001860873
183694820.8864420354 0.0001860883
183694617.3177496791 0.0001860850
183694741.6400413215 0.0001860885
183696513.3066355586 0.0001860841
183694712.6959059834 0.0001860826
183696424.4584144950 0.0001860879
183694907.8413763642 0.0001860846
183694763.2142243683 0.0001860838
183696497.6004725099 0.0001860975
183696282.3690972030 0.0001860852
183694864.0126202703 0.0001860835
167929715.0000000000 0.0001860835 1 0 0 0 0 0 0 0 0 0 0 0 0 0 0 0 