759854783.1557010412 0.0000001944
766350346.9577945471 0.0000010183
739928611.5306028128 0.0000008780
795620642.0234903097 0.0000000583
751777108.1636446714 0.0000000127
758109580.5730262995 0.0000018413
741644324.5700721741 0.0000021071
778319543.0973759890 0.0000000148
839141719.6856225729 0.0000000556
799383294.0552514791 0.0000009152
719245506.1170464754 0.0000000366
755646191.8023753166 0.0000004013
723379009.9883770943 0.0000009095
721641958.6115790606 0.0000013615
835189731.9077003002 0.0000003998
741388467.4005844593 0.0000003884
667375834.5458514690 0.0000045736
629295374.5924220085 0.0000256042
630660173.5731215477 0.0004608589
611332892.9290025234 0.0000310455
617342329.5927369595 0.0003494635
614694037.5413213968 0.0003657784
699385150.0179002285 0.0000093673
597709354.0966062546 0.0003294601
587148030.9258474112 0.0004237925
675965684.6820168495 0.0001703205
633686659.3212676048 0.0004325261
598349478.9633237123 0.0007502436
646222992.0021729469 0.0001618806
697221081.6980788708 0.0000003674
588737743.6031435728 0.0006449025
651289796.5427514315 0.0002303203
500453607.7312087417 0.0013983617
362765870.5074631572 0.0021851289
331908760.6225987673 0.0061780848
319667898.0118446350 0.0055487600
361834662.5406897664 0.0023385406
309209956.2093136907 0.0066964611
352612097.2349923849 0.0109670377
309138015.7835701108 0.0059710549
330895806.5089102387 0.0037692158
337669120.2086787224 0.0034512110
272282368.8987276554 0.0001566149
272559242.6022383571 0.0000752842
357042547.3807863593 0.0022657388
277055781.6171092987 0.0000647161
379345094.7148045897 0.0022046793
271608944.9562960863 0.0001114053
316826970.3924643397 0.0012617283
281462833.0530036092 0.0000501352
205116792.6891455352 0.0015212799
203464965.3837612271 0.0005818871
258597162.4323355556 0.0001177853
232077653.1384004653 0.0000333340
248801342.0829200447 0.0002679908
211984920.6010158658 0.0000000698
206696589.5681591332 0.0038571997
203566267.0998502374 0.0000435498
250534337.4241280258 0.0041406959
252227826.7762030065 0.0001055002
286985582.5467615128 0.0018116156
214094192.2875177264 0.0000712068
276580169.0287169218 0.0037234858
244196810.8294186294 0.0017959005
239571656.2046408951 0.0027188150
201266962.7800952494 0.0011541494
184585675.0479038656 0.0033905634
200804062.3187972307 0.0028797294
171163556.8710577786 0.0000103192
164750149.7955550551 0.0038204261
177658369.5895732641 0.0034106230
165263860.7846608758 0.0050369985
232525551.0903934836 0.0037869757
173047709.1401747465 0.0013329089
231412461.0935976803 0.0039825162
175619931.5251539648 0.0029525443
168543506.7113657296 0.0000497776
174186770.1521797776 0.0002594182
214403651.2011450231 0.0017436894
167443316.6124522388 0.0058037064
163845882.2604216933 0.0087110955
156105928.7847322524 0.0090848151
209849681.1929108202 0.0045397942
157393939.4360199869 0.0101389804
286438848.2806396484 0.0137261841
173621309.9295583367 0.0116992572
211765864.8515491486 0.0051084796
157014874.5148291588 0.0073885863
157303784.3166454732 0.0001780810
164717172.7649551928 0.0105775160
179584349.4347152412 0.0112915002
171317239.6469784379 0.0079409131
237918798.2466106117 0.0081416061
159201269.7463821173 0.0355473514
279253263.6025844216 0.0059943708
156949484.2236720026 0.0093704330
228586419.2672103643 0.0196726540
160508720.8856221139 0.0051537066
232663964.2989168763 0.0112426859
185652956.2662608325 0.0153102738
172320881.3510093093 0.0095515809
154064121.2279036939 0.0028315561
247667559.5381152332 0.0109538011
159346872.7961830795 0.0018804682
228748828.3479250371 0.0006646931
161256086.4352042079 0.0046179362
160822615.6377831697 0.0146424130
156433451.1386767030 0.0083683381
193320658.2678364813 0.0010908289
170908263.1556905508 0.0007694896
188021958.2283323705 0.0063996626
151795047.7890297174 0.0000078460
254700450.6216525137 0.0003266807
160864712.3097682893 0.0000446531
153923110.9769462645 0.0038204190
158983095.2763703167 0.0000153445
218480579.2854197919 0.0017901699
149471398.7030014098 0.0000017352
159271020.3627275825 0.0001079752
151592861.9805459976 0.0104021702
147298469.9282837808 0.0000525265
154447394.4407343566 0.0014377887
148258832.1616258621 0.0000000027
151181141.6091630161 0.0021354940
149492771.3764728606 0.0008388421
157792256.3446967900 0.0020308700
145093359.9930209517 0.0001282535
152756101.2836945653 0.0002974033
151222639.9431302547 0.0000976188
157423489.9556801021 0.0000615767
149948356.7063495517 0.0000031927
145106492.2070389390 0.0017707243
150637383.1972164810 0.0000490829
156017123.5943678617 0.0004412503
149907187.0756155550 0.0000185361
146842155.2621088028 0.0143866209
147830041.6776450574 0.0003990375
150235945.9062194824 0.0002958449
147592399.3631752729 0.0002547748
147110662.3147167563 0.0002361900
151071821.9699396193 0.0000000351
153600364.6726616621 0.0002870184
147454405.7351579964 0.0000750877
148300001.6986068487 0.0013225680
151386294.7735028863 0.0004451914
143940665.3304926753 0.0024414540
148276638.6871882379 0.0044210679
149221184.1934702098 0.0004700726
148671844.2801264822 0.0020610139
150962432.1582182348 0.0218145260
153284288.1014572978 0.0017216025
146716523.4055894613 0.0022177766
146765907.5728740096 0.0014036320
170146636.2817639709 0.0027390765
145784148.7140509784 0.0003461685
152015618.4623542428 0.0001156464
149391376.3488344252 0.0070417697
150175873.0025786459 0.0000234075
146046736.9137165248 0.0043026277
146316725.2742488384 0.0025376922
153724995.8729387820 0.0029528165
158063814.8258828521 0.0006980444
150565105.0078660250 0.0024089227
153401837.7360280454 0.0082652029
150275419.6646852195 0.0005159604
153459082.7239956856 0.0140419861
144837384.6653600931 0.0064566585
158661591.0793913901 0.0021935458
147135572.0395380259 0.0022960663
156779444.3010612726 0.0106836881
146788740.7361825407 0.0048723985
148813853.5811859667 0.0020321199
147472496.2279777825 0.0023799138
196469260.8224095106 0.0000562469
152239184.3142721057 0.0043446650
151373518.4456320405 0.0048612779
150473686.1690503061 0.0024490031
147879773.5065356791 0.0024731307
144694376.5399005115 0.0014833656
144151486.3343514502 0.0002733537
145161677.6041024029 0.0019615101
166503687.3758909404 0.0064696615
149406288.7278709114 0.0025413591
155868868.2936386168 0.0303866897
146560985.1870291233 0.0022987713
189971262.5088492334 0.0000544238
147767753.9793697000 0.0017525955
182381314.7053635716 0.0017841963
146576917.1941927969 0.0022136238
147298719.0233550072 0.0033185055
153096077.5120662451 0.0028934249
161544283.0636539459 0.0001812545
153132336.2280352116 0.0036064442
146348203.1973102093 0.0021466068
150330558.4858239293 0.0000222129
147803423.0003255606 0.0032812086
148959285.7951606512 0.0023844891
149365542.5209116638 0.0021835794
151960762.6097679436 0.0021717224
149194241.7465158999 0.0021859460
146047166.1788783073 0.0009158622
147154717.2976597250 0.0027739394
154416098.0416246355 0.0000000713
147870473.0992026329 0.0070439671
144056619.6658511162 0.0024087114
144957720.0950699747 0.0021773392
150281820.0763356686 0.0025786942
150288610.1036327183 0.0029595704
143972251.1733419299 0.0025255691
148318088.0609284043 0.0015120301
151402223.8742130995 0.0027212608
145203473.7973049581 0.0046149543
150764300.5545396507 0.0024950945
153503755.8315469623 0.0017246335
144939579.4401038289 0.0018906189
151579572.9970239997 0.0031442007
144659018.0936971605 0.0027920683
153334402.8850222528 0.0021152656
151956972.5972201824 0.0028227437
143871519.1022121310 0.0004207667
144772642.4106965959 0.0004150239
145615324.4538455009 0.0010688783
145342748.3053321242 0.0005177961
153396492.2112376988 0.0002129624
143950205.1644828022 0.0005245463
148033628.3586939573 0.0000442594
150702357.5351175070 0.0003700078
145528259.2729038298 0.0000294567
144234456.8562180996 0.0002827827
144059454.7970686853 0.0002077999
144944148.3760410845 0.0004761644
149000585.5645839572 0.0001888552
149507803.1794234514 0.0003434304
156337783.4690690041 0.0011851306
145195739.9101514220 0.0001479571
145367674.2816610634 0.0000248601
150543094.7237678468 0.0004098794
150768145.9782823324 0.0021249292
150806683.0908346474 0.0003187209
153368014.0990701020 0.0004744508
149307917.3009605706 0.0005282715
147709043.7992382944 0.0006862176
150584099.2224553823 0.0002282323
147769779.0787600875 0.0000044022
144940547.4078052044 0.0004279046
149055020.4344986379 0.0007412297
151776451.8469750583 0.0006924442
149481462.1701083481 0.0000292507
151125967.0542795062 0.0003675143
149253013.9580960274 0.0002355197
146171258.0114332736 0.0004551624
150088960.3068933785 0.0000071602
144842317.7852594256 0.0003467815
144098239.9096314311 0.0016721915
145199753.1720474958 0.0005361012
148426711.2569333315 0.0000317727
144572768.1555262804 0.0004964415
150200278.0435870588 0.0008090719
145737866.4216741025 0.0004698398
151573315.3499545455 0.0008424247
150963629.0155497789 0.0003041467
151428185.6302792430 0.0000342624
151303487.1182978451 0.0002908377
149061310.8392289281 0.0006177027
144352655.4496959150 0.0004638436
145607288.0647985041 0.0017667575
148709595.8834381104 0.0002220270
150483275.5871506929 0.0003729978
151798029.7493838668 0.0005690259
151550480.0686596930 0.0004178414
145360392.4598582089 0.0011293324
143892446.1624874175 0.0004349551
145246335.3102737963 0.0009003216
144494188.2970908582 0.0005456361
149482292.5723952353 0.0008041736
144289131.0547640324 0.0003729136
150776138.8674435616 0.0000599981
144415861.5065408945 0.0003264253
145882984.2612266243 0.0002279433
144129398.6364811361 0.0004371404
149306661.2322426736 0.0001745275
143840728.3601518571 0.0004331808
151835363.2638985813 0.0002322621
151053573.7609244287 0.0005031747
147478787.4226639271 0.0007147713
151484833.2741122842 0.0007034037
151784272.2683494389 0.0004158910
150147119.4078042507 0.0004928444
151833385.9100487232 0.0004694767
145693162.3735593259 0.0002399830
143910801.2480542064 0.0004830238
150964800.1079556942 0.0002360847
151668666.9550542235 0.0004115232
144468441.6483379602 0.0004409910
144278244.4866762459 0.0004115791
144828501.3395735323 0.0002909153
151620280.1302052438 0.0004639895
150649473.4109546542 0.0003587116
144145959.9221974611 0.0004176705
151686041.7741249204 0.0005281446
144150823.2575773895 0.0003770094
144527806.7465758920 0.0005013235
151419363.6828119457 0.0003842058
145598872.2159543633 0.0004264450
144495576.9663613439 0.0004565170
144601922.7512121797 0.0007886376
144085139.6074057221 0.0004332898
151134865.1619546711 0.0004616505
151423734.7730441093 0.0004098401
144156814.4202928543 0.0004398588
143883713.4456420541 0.0003480777
145031841.3207737207 0.0002989115
143989693.8178789616 0.0004817108
150396393.2351630628 0.0002833251
143842341.6221104264 0.0003698813
151456058.0331135690 0.0005374836
151836312.2134457529 0.0004494778
150688090.9980746806 0.0001978479
144026799.0016248822 0.0004126998
144480052.1638593376 0.0004260241
151122037.4223913848 0.0006305260
151488378.9485141635 0.0005273274
151824549.9581548572 0.0004012131
144948889.8459104896 0.0003546725
151756947.5094210804 0.0004095715
144697473.1843562424 0.0004492905
143872672.4913473725 0.0004489369
144217304.3505878150 0.0004182054
151793627.8817557395 0.0004293289
143955689.2888399363 0.0004528328
143991846.4732665420 0.0004089554
151705228.5795336366 0.0005813999
143886669.9311179221 0.0004348906
151742345.6249158084 0.0005423722
143859072.8656693101 0.0004314093
151696648.9473088086 0.0004512283
143852481.2152528167 0.0003874375
151629448.1575509608 0.0003245030
143975173.6218467951 0.0004268336
151164226.3533954918 0.0004408993
143845052.0893340707 0.0004205028
144710662.7410118282 0.0003716931
143972030.9129532576 0.0004596689
151715448.5709540546 0.0003339397
151643100.5997709930 0.0004132470
151419847.5451928675 0.0003552735
151614068.2590757310 0.0004715574
151755943.6164423227 0.0003120556
144104118.1416356862 0.0004335482
151986339.9758527279 0.0006012346
144031128.4285934567 0.0004217548
144302270.7929726243 0.0003685769
143846977.9160459042 0.0004064921
151348923.3003747165 0.0003684481
151561789.8801295161 0.0004331472
144365708.9892418385 0.0003940741
151359121.1598131061 0.0004006952
143862865.1265016198 0.0004232493
144186881.1056058705 0.0004235056
151775367.6325725615 0.0004353632
151650726.8802781701 0.0004373045
151788712.1804907918 0.0004344605
151753290.4034692347 0.0003972028
143851087.1619540453 0.0004308690
143861207.5091397166 0.0004033780
151773800.6611099541 0.0004198145
144023210.3044768274 0.0004555045
143973014.2979769409 0.0004402737
144022756.0315181911 0.0004398292
143878030.4225470126 0.0004372605
143982652.8183099926 0.0004684759
143854826.9451687634 0.0004385126
151795173.9312402308 0.0003768787
143848433.0929440558 0.0004449401
143902646.7723085284 0.0005001263
143877008.6710521579 0.0004507295
151808179.8465092182 0.0005110799
143841037.2158708274 0.0004310025
144066468.9049961567 0.0004927355
151820838.4786153436 0.0004055372
151747874.9161060154 0.0004340173
143938839.9610936046 0.0004175082
151753692.6521039903 0.0004341556
144046323.5733458400 0.0004483144
143864777.1358752251 0.0004289204
143873403.1541840434 0.0004527609
151702598.5286705792 0.0004397806
143979367.6232289076 0.0004161680
143865567.4365268350 0.0004382660
144057517.9252695739 0.0004415068
143876138.9879407287 0.0004244871
151664971.1252002716 0.0004366747
151759462.3075248301 0.0004422052
144005850.7264964283 0.0004411304
151796141.7339450121 0.0004445541
144145574.4520496726 0.0004042151
143850026.6256124377 0.0004320659
143966593.8876945078 0.0004147417
151786363.7795287073 0.0004266007
151690022.6809931695 0.0004403276
143886817.9933839440 0.0004317962
151709326.0878866017 0.0004126558
143865570.2465347350 0.0004356899
143913100.2235342860 0.0004440921
151814794.9686467946 0.0004272612
143938008.9484778047 0.0004746919
151790676.1914943159 0.0004305600
143865387.1934447289 0.0004439452
151801824.0588535368 0.0004305871
151839226.2170166671 0.0004334448
151766645.5298549235 0.0004312606
151791449.4427412450 0.0004322723
143907731.3221888244 0.0004379766
143843361.0764852166 0.0004360132
143884037.9847998023 0.0004339259
143869181.7607410252 0.0004337680
143871129.7889384627 0.0004359618
151815953.0023073852 0.0004348092
143878949.2751239836 0.0004117375
151817477.6907840967 0.0004298652
151781020.0343856514 0.0004313147
143873873.6964550614 0.0004341860
143845679.1046290398 0.0004247361
143850052.5982650220 0.0004359389
143868881.0175219178 0.0004372463
151811091.4668992162 0.0004372387
143893464.8903673887 0.0004371391
151804041.7995570302 0.0004339736
143845510.5905792713 0.0004140281
143842034.3006033897 0.0004317031
143926379.5546602011 0.0004499753
143840220.1301729679 0.0004331476
151806611.9925631285 0.0004299912
151760328.8755131364 0.0004327505
144063661.8616732359 0.0004386104
151804630.6292603016 0.0004389207
143865701.6266789138 0.0004268395
143847078.4337470829 0.0004336331
151727941.8973829746 0.0004389962
143874295.6381866634 0.0004319507
151820006.8761570156 0.0004342387
143844512.5295510292 0.0004294524
143844194.2158330977 0.0004349805
151769899.9062424004 0.0004334300
151800759.7847866714 0.0004335514
151769333.0485006273 0.0004395276
151807924.4919452071 0.0004340814
143845205.5328564644 0.0004258062
151817286.1297512352 0.0004322687
143877849.4120321572 0.0004345976
151813697.9488167763 0.0004326810
143917156.0370357931 0.0004295525
143848159.9556664228 0.0004328397
143928411.3620585799 0.0004353699
151808440.6673647165 0.0004336738
151810785.6384825110 0.0004236962
143846841.3292536736 0.0004348644
151746213.2666637003 0.0004371397
151818535.5570352376 0.0004328092
143895445.1139258444 0.0004269666
151805940.7341869473 0.0004335065
143876075.5889264941 0.0004376451
143844799.6702210009 0.0004338732
143873232.8864905238 0.0004327438
151816090.3441822231 0.0004301478
143873030.5276646912 0.0004347601
151810959.8503153920 0.0004312523
143846924.2213631570 0.0004427243
143851087.4633576572 0.0004341602
143854001.7263312340 0.0004339390
143852670.3171081841 0.0004342017
143903635.0073644817 0.0004301291
143859463.1580544412 0.0004339846
143893715.2067997754 0.0004288334
151815403.9580608010 0.0004317185
143878081.5161124170 0.0004385375
143839814.0983605087 0.0004335039
143880980.3765123188 0.0004262102
143841032.1825120151 0.0004329624
143876235.7972980440 0.0004389221
143939464.2022223175 0.0004376760
151815694.0966132283 0.0004307569
143842542.6270343065 0.0004334177
151809741.6300012469 0.0004328485
143845138.0628145337 0.0004327905
143847618.6435060799 0.0004354341
143838740.9505781531 0.0004325960
143853859.2793272138 0.0004321624
151812656.7144699097 0.0004336762
143846559.2113634050 0.0004297825
151811662.3332008719 0.0004325643
143854633.4791488051 0.0004287891
151803408.5403368771 0.0004331491
143845135.1514488161 0.0004362631
143840482.8441709876 0.0004325305
143848167.0383297801 0.0004345176
143842912.2175327539 0.0004332166
151808672.4435253143 0.0004319978
151808773.1083959639 0.0004326432
151809501.9406395257 0.0004293288
151805218.1393884420 0.0004312816
143844495.2335006893 0.0004335482
151812484.2131064832 0.0004324789
143862028.3806143105 0.0004355241
143844367.3153316975 0.0004318906
143844857.4278528392 0.0004320352
143851323.8841139674 0.0004320296
143865290.5688054562 0.0004321540
151810365.6884882450 0.0004340843
143848764.6185932755 0.0004347871
143851259.6224362552 0.0004322440
151803299.9650106132 0.0004303219
143844138.3176803589 0.0004316154
151805220.3599035740 0.0004380687
151811921.6980055273 0.0004342269
151810672.2010753751 0.0004319990
151811064.5816760659 0.0004357991
143839642.4336641133 0.0004325790
143839723.3906317949 0.0004314663
143841362.4969684184 0.0004322841
143840691.7782564759 0.0004326009
151810568.6063388288 0.0004321313
143858803.4378203750 0.0004333248
143838839.1016944349 0.0004325953
143839240.5430498123 0.0004322884
143841133.1190378666 0.0004326550
151810170.6638106704 0.0004305706
143839610.7641976476 0.0004324658
151811301.2697553337 0.0004324223
151814397.5183338821 0.0004327325
143850154.4860287607 0.0004309037
143839046.6216265857 0.0004325727
151809778.3616102934 0.0004325058
143838775.0020414889 0.0004324894
143850194.2071346343 0.0004318026
151812018.3811926246 0.0004323890
143841277.8861755729 0.0004329209
151811431.9887928963 0.0004323090
143840303.9764169455 0.0004326039
143844766.1893186569 0.0004317871
143840058.7474580705 0.0004326241
143842038.0996487141 0.0004343578
143839250.0857943594 0.0004325813
143844856.1982781887 0.0004321320
151814355.2632924616 0.0004328887
143839525.0787913501 0.0004322967
143839206.3317198157 0.0004326957
151812971.1047122777 0.0004315709
151814463.5484835207 0.0004325390
143840144.3606407940 0.0004324744
143838918.4960925579 0.0004326300
151811450.1522940397 0.0004334326
143839655.3482505679 0.0004327289
143840723.5810408890 0.0004332276
151813398.4392914176 0.0004325699
143843440.7196848989 0.0004326251
143839384.4319942296 0.0004325234
151814154.1013091207 0.0004326420
143838828.9996746182 0.0004329098
143839289.6005574167 0.0004325383
151814073.5010730028 0.0004327253
151813948.5648885369 0.0004320557
151813392.3575410247 0.0004323444
143839180.9983195662 0.0004333359
151812698.6898984313 0.0004323157
143843475.6132131815 0.0004329812
151812322.5388809741 0.0004321492
143839874.5553646982 0.0004326574
143840395.7322837710 0.0004328411
143838595.7764636576 0.0004325609
143839035.6378383636 0.0004327957
143838915.0675315857 0.0004325019
143839315.2627487183 0.0004330061
143838584.3748391569 0.0004325624
143840487.8961719573 0.0004326379
143838868.5294201374 0.0004326005
143839497.3918274343 0.0004325498
143838720.9267667532 0.0004325028
151814637.0100927353 0.0004332152
151814288.5757875144 0.0004325780
143840401.8198514879 0.0004322855
151814237.7252474427 0.0004325527
143841256.8455317318 0.0004320712
151813312.6409185827 0.0004326481
143846557.3437809348 0.0004325449
151813934.6549623907 0.0004327639
143840898.4419065714 0.0004322831
151813993.9252247810 0.0004325820
143838713.0712696314 0.0004326708
143839711.7433240116 0.0004324926
151814444.1446925104 0.0004320932
143839643.5868858099 0.0004324763
151813299.4613181949 0.0004325393
151814720.4134643674 0.0004325748
143839332.0880869925 0.0004325096
151814198.0144562125 0.0004323791
143839164.8687513769 0.0004328275
151813353.5723524690 0.0004324936
151814320.8113890588 0.0004326423
143840426.9431074858 0.0004325240
143838583.9944457114 0.0004326592
143838727.4566166401 0.0004322801
143838714.8530366123 0.0004326883
151814178.3930140734 0.0004325052
143838605.0949841738 0.0004326711
151814279.5229245126 0.0004325517
143838732.5014016926 0.0004326648
151813977.8811272979 0.0004326701
151814702.4178907871 0.0004326727
143839013.0873523653 0.0004327038
151814627.6747340858 0.0004326844
151814007.5972434580 0.0004326921
143839496.9074871838 0.0004326719
143841032.8319720924 0.0004327983
151814642.6822874248 0.0004326934
143838650.3935289085 0.0004324968
151814716.8893155456 0.0004326582
143838898.7046658099 0.0004327737
151814741.7822088003 0.0004327348
143839102.2960307300 0.0004326601
143838621.3249020576 0.0004326737
143839454.2166197002 0.0004329083
143838562.0996212065 0.0004327016
143839421.5645437241 0.0004329409
151814658.2432180643 0.0004326948
151814674.6452767849 0.0004327473
143839061.4445118606 0.0004327350
143841077.4384497106 0.0004326120
143839283.4632082880 0.0004327505
151814248.4200869799 0.0004325894
151813624.8239815831 0.0004327217
151814836.7986487448 0.0004327361
143840480.2456160188 0.0004325726
151813041.1712353826 0.0004326495
151814627.2801716626 0.0004326981
143838725.3552311659 0.0004326706
143838773.4799975157 0.0004327015
151814485.6465524137 0.0004327852
151814760.2104755342 0.0004326721
151814561.6865569651 0.0004327055
143838772.1213270426 0.0004326644
143838611.2011556625 0.0004325795
151814739.4228750765 0.0004326974
151814378.8032506108 0.0004327161
151814782.9884643853 0.0004327056
151814642.6340074241 0.0004326937
151814624.9136610329 0.0004326764
143839518.8141974807 0.0004327855
143838590.4429869056 0.0004327114
143838750.5423070490 0.0004328620
151814571.0792290270 0.0004326893
143838908.2431709468 0.0004326133
143838659.1659598649 0.0004327041
151814530.6639211178 0.0004326858
143838781.5246581137 0.0004326937
143838687.1895671189 0.0004327145
151814684.9621407986 0.0004326793
143838708.6668499112 0.0004326762
143838893.4768247902 0.0004326919
143838960.7581700087 0.0004326230
143838940.5063412189 0.0004326943
143838893.2040995955 0.0004326981
143838937.1775923073 0.0004327300
151814674.4747265577 0.0004327078
143838707.1689600646 0.0004326969
151814745.2154420316 0.0004326986
143838700.9648854434 0.0004326723
151814572.5288076401 0.0004326939
151814799.6969903708 0.0004327633
151814749.3835475743 0.0004326916
143838721.0773189366 0.0004327345
143838663.8050802648 0.0004326781
151814717.8276002109 0.0004327383
143838563.6731453836 0.0004326865
143838985.1834418774 0.0004327145
143838725.5805328190 0.0004327101
143838558.0949796736 0.0004327633
143838572.6768741906 0.0004327667
143838902.1531966925 0.0004327566
151814770.9696807265 0.0004327535
143838590.3368774056 0.0004327905
143838685.9399186969 0.0004327665
151814343.6874004006 0.0004327260
143838674.1559540629 0.0004327707
143838944.2720288038 0.0004327452
151814739.6694144607 0.0004327818
143838885.3550211191 0.0004327240
151814763.8220175207 0.0004327569
143838561.8857124448 0.0004327507
143838587.3469909728 0.0004327747
143838659.5117183626 0.0004328293
151814649.2323783040 0.0004327755
143839307.3907749951 0.0004327381
151814700.6073150635 0.0004327611
143838855.6705979407 0.0004327146
151814698.3322902918 0.0004327525
151814698.0519794822 0.0004327610
151814738.2901203930 0.0004327635
143838705.2581730187 0.0004327671
143838580.2036336660 0.0004327891
151814267.1852870584 0.0004327535
143838617.9829955399 0.0004327502
143838747.5076197386 0.0004327632
151814749.6351354420 0.0004327602
143838629.2740125060 0.0004327604
151814698.2740594447 0.0004327633
143838796.2113074064 0.0004327900
123934197.0000000000 0.0004327900 0 0 0 0 0 0 0 0 0 0 0 1 0 0 1 0 