496638662.0073891282 0.0007521127
508302293.4816905856 0.0000867820
507545496.4407358170 0.0002073507
547989978.1295300722 0.0002021671
595703848.9669611454 0.0000139234
516539884.7829082608 0.0001006345
496104568.0209786892 0.0008384936
527230009.8210211992 0.0003502108
509493328.8374325037 0.0004888907
567082393.6271083355 0.0001691184
489101587.5654554963 0.0009896794
528480793.0823318362 0.0001758209
496525009.4239532351 0.0009636074
489630079.6161582470 0.0010915476
531422208.5002907515 0.0001299506
461697979.2212836742 0.0005663296
433378480.6032308340 0.0004036539
385548749.5603802800 0.0005414735
365802392.7437773943 0.0007756989
352635814.2834017277 0.0008913169
365950699.9738639593 0.0001927009
352126975.4520983696 0.0000048782
350329311.0893415213 0.0003951157
342259391.3398770094 0.0010504828
340480403.5476892591 0.0012147224
411610701.2310862541 0.0002814464
342337958.4896252751 0.0007373980
346798685.2095022202 0.0010181767
355061951.6470080018 0.0001628718
351487212.7363632917 0.0001179601
339668146.8363006711 0.0013855961
363257008.8773951530 0.0027961755
290298470.3491556644 0.0000910948
238640034.1987766922 0.0000118026
300634810.5342687368 0.0000415530
228256076.2486641705 0.0000139833
253750335.1119340062 0.0000762747
225121925.3651231825 0.0000138883
243365063.6815879047 0.0000828249
224698497.4235545695 0.0000136839
258793894.3889563680 0.0000339371
220139063.1903756857 0.0000168411
250876691.7551663518 0.0000277432
220319837.2134173512 0.0000182584
280694551.5968967676 0.0000540258
219090195.2439074218 0.0000570073
228426946.2582513988 0.0010003110
217651587.1778770387 0.0000503998
214457006.6089978516 0.0001058917
218768566.8444938660 0.0001990160
201322309.0296080112 0.0000060556
201157582.6553102434 0.0000062041
211047315.6517681777 0.0000014207
203091832.6611281037 0.0000078000
199962288.6867122054 0.0000002068
200973201.1599993408 0.0000001837
220183327.8343198001 0.0000318513
221917313.9602362216 0.0000002503
196882387.0464116037 0.0000414925
199084657.6533364058 0.0000321912
201208276.8701032400 0.0000175526
197803920.8668758273 0.0000301852
223481239.6519416571 0.0000339839
192261696.9391631782 0.0000431918
185793159.8095738888 0.0000556167
187988078.5516168773 0.0001644676
194245769.7222361565 0.0007952367
185033170.6350955069 0.0001324257
212310033.2415983081 0.0009136275
186190583.9110110700 0.0000644558
199611865.9183306992 0.0001228534
189190087.3497964442 0.0003233480
205732846.2854737043 0.0000167287
188296667.9693568349 0.0000371325
222197853.9260084629 0.0001354299
181469194.3081766367 0.0001379256
180543820.7089579701 0.0002370302
185585410.6816928983 0.0002853191
209450569.2587460279 0.0000334919
179386610.8984333575 0.0000002541
186378097.4325309992 0.0001401206
183824694.0585366786 0.0000006799
187615481.0378839374 0.0000168554
180241943.4973329306 0.0000048541
175044911.1951317489 0.0005543066
179422953.7333773077 0.0004113598
191127699.6185801625 0.0029956119
199625212.1539846659 0.0004438904
219366215.7611452043 0.0004189525
174549016.9401575327 0.0005343398
156695371.3161008358 0.0006211784
155127644.4263309836 0.0005741394
200638010.1343117952 0.0011034599
151348998.8540446758 0.0008641954
160557056.2209649384 0.0000630401
156055496.9322710633 0.0007654996
180913819.3060275316 0.0000262181
153030302.3330954313 0.0004397450
147275965.3246059716 0.0013825859
162203698.4167522490 0.0014109366
159463015.6672158539 0.0014387118
163420824.0060765445 0.0009349533
151898353.5518039167 0.0001222168
157949705.2990160882 0.0053186164
171461049.5394538641 0.0000086783
153587900.8697799444 0.0006315648
189748090.1785263717 0.0069033286
145101912.8837500513 0.0014653390
165400936.9201517105 0.0065982501
152165916.0790364444 0.0010797025
199839409.2788864672 0.0010381158
149145617.1530794501 0.0011400483
144466774.2272661626 0.0006946033
147989253.4255360365 0.0005950934
152010341.6108488142 0.0001323100
150276992.5160153806 0.0006484463
154460275.2211511135 0.0019608692
152645606.9610268772 0.0010812947
169379269.5001295507 0.0000020080
142740767.9019781649 0.0008943299
170736286.6053603590 0.0000020365
144545964.0646588802 0.0011205697
174497129.1984192431 0.0000456671
145257208.7684355080 0.0008703241
180868950.9800245166 0.0000000519
143420783.2991286516 0.0003537949
218977459.9011640549 0.0008699498
143815487.4916127324 0.0003737256
176596646.5652698874 0.0028208733
145461538.6504125595 0.0006873167
230237922.2215265334 0.0000214548
143266090.4763790369 0.0012717444
188683604.3613845110 0.0008241807
140644818.9475260973 0.0012328906
136023728.9250470400 0.0123631692
130055274.1170886159 0.0120064070
140900322.8610119224 0.0019038351
132016641.5284737796 0.0109888820
175132729.0725328624 0.0030445870
137736642.6516833007 0.0080783632
153076221.3231253624 0.0386328761
129969933.4427044839 0.0214349544
176186223.0118224919 0.0105687542
133241462.9344259948 0.0149574478
165621648.4196215570 0.0034027603
131975433.9743531048 0.0298202987
180239494.4519780278 0.0119680976
129048727.1242463738 0.0202329837
173103322.3708035648 0.0012559220
122146444.6675269455 0.0186536717
124525307.8450190127 0.0141502335
123865391.4306555241 0.0216743012
162734670.6705415249 0.0228055468
124940415.1350723058 0.0257033009
160169858.2696615160 0.0024589673
125280456.8154296428 0.0207796759
146683713.9668054581 0.0169229746
123387821.6386905313 0.0148018545
122861760.4116154164 0.0185064068
138910674.6110603213 0.0291353002
123828938.2596468627 0.0155626734
114898692.6782609969 0.0303172927
112988518.8861466944 0.0289344350
113726334.2804249525 0.0182082116
114927333.3938456923 0.0303958687
117667495.1070302576 0.0384866323
124833584.1679656208 0.0285868633
117675830.2394348830 0.0103197901
116286454.5894360542 0.0288548606
127002218.4498399943 0.0302648460
111464144.6018005162 0.0344595556
139215563.1930287182 0.0306117451
124899200.2260710001 0.0406787471
118537984.7828828245 0.0338587903
124191614.5722357631 0.0327985235
119083841.0363972783 0.0183676345
114458569.2336808145 0.0316548796
115653324.3926966339 0.0113988585
113070590.4056189060 0.0303111153
121449778.8953828216 0.0246201525
112376487.6315921247 0.0389606341
111278919.1484356523 0.0370689440
111782822.7062770873 0.0369529077
123396468.7692131698 0.0194113625
125424349.7101689726 0.0465060639
116792542.4179786444 0.0185746781
121009118.0831414163 0.0525926049
118815818.3382710516 0.0225309357
111211861.4652059674 0.0361420264
125369230.9744604975 0.0509059603
111452676.5395471901 0.0307171955
113456219.2189042568 0.0361942948
110778360.8135969043 0.0431324331
121285140.3035571873 0.0226483235
111286229.1503590494 0.0414233279
132270410.6481198668 0.0602420539
110201076.4273556173 0.0443560318
114736675.5637628436 0.0303486129
128012425.8290011436 0.0577068429
122086668.3158918768 0.0142550252
111854700.2856686264 0.0392342961
121746019.0491300672 0.0201193214
121803022.6028382033 0.0434619426
117075329.7334690243 0.0255861826
109630781.8062060922 0.0416506651
121137408.8799725324 0.0352609471
112139177.4478652626 0.0409213476
124325031.8596050739 0.0262511467
112646301.4206777215 0.0380960102
125299718.1371433735 0.0246770542
110270022.4614319503 0.0432300551
112686740.2303898484 0.0258846900
110720240.2425747216 0.0443623003
116632453.3154063672 0.0122320504
111123498.3857788295 0.0390856863
111551652.0854087472 0.0423651056
119483361.0014339387 0.0349152792
112211098.5387726277 0.0464709696
125205322.7712591141 0.0438840433
126008381.9942174554 0.0493520470
109460383.1524827480 0.0489009929
120855669.8834539652 0.0641311188
128342507.2639800459 0.0585170103
108590328.2010782659 0.0208537321
109430448.2105740309 0.0200960305
108305527.3702772409 0.0067131560
108907468.7648814470 0.0065710163
114068567.3028609008 0.0069407753
109066904.0653042197 0.0082016361
117004991.7488901913 0.0034554573
108923656.0141126812 0.0074723054
113138670.0795889199 0.0001075706
109677593.4050744027 0.0100196459
111780711.6252446771 0.0000761543
108893817.3212158084 0.0054906962
111618656.5680402219 0.0000001531
108959866.7862966955 0.0065982906
112076612.5949328840 0.0122034807
108210707.5606747419 0.0042993928
117358989.8344784379 0.0090148834
108254420.2698264271 0.0057627074
109112904.9845853299 0.0129243204
109175511.8070029467 0.0043519399
112362523.4005506784 0.0037537878
108929596.2496417761 0.0042068957
119635547.5733483285 0.0001969814
109469704.8051604033 0.0050890025
116728173.9953288883 0.0091579315
108758031.1438429207 0.0026753991
114310707.4974105358 0.0071995357
109939598.7546579689 0.0019004645
111659135.8002752513 0.0032644045
111545293.9517329931 0.0039972009
116218693.0039563328 0.0015849984
108512078.9904050231 0.0044165520
107567360.2125120461 0.0025150378
108011759.4928465188 0.0041280713
104614481.3661350757 0.0006157860
109821879.5980406702 0.0004684376
107384564.7051690519 0.0013789828
111201618.4563951641 0.0003047378
127239136.5195348412 0.0029796419
113272535.8497108072 0.0005108071
108397313.7163417339 0.0011142174
105277393.7170535326 0.0006587301
119976514.0412604064 0.0001244356
113421753.9437188804 0.0002472831
104146549.4129204303 0.0031168040
104790067.1439498663 0.0031499257
107435166.8454631567 0.0038927744
104464850.4935843796 0.0021463967
106878944.1073993891 0.0016818765
103561609.2069608718 0.0033541943
111520394.9384000748 0.0025541578
106351672.1059317440 0.0018395576
105933411.6812879443 0.0004555905
108486582.6608487964 0.0038764069
115248341.2595215440 0.0157109320
109492116.5318753421 0.0045520652
113612087.5698105842 0.0013328760
105940096.1604842842 0.0031702423
106434843.9535273463 0.0057649095
104503094.3488920331 0.0055854186
105660730.2999589294 0.0086793116
109665243.5031420738 0.0051201330
111637526.4815824330 0.0000487472
104495897.7307664156 0.0023730167
107314248.2476508319 0.0000896994
110068168.9957839251 0.0013690521
105802905.2165310383 0.0016396998
107277008.4353731871 0.0028954393
110966322.7223336548 0.0045749071
103866812.5936979800 0.0038620162
113146268.9815679491 0.0263576052
103725382.9730699062 0.0030990706
110838728.1249734908 0.0032036796
104440414.2416379154 0.0032398340
104693263.9392345995 0.0003843395
106593933.3431113660 0.0045294480
106296458.6874339283 0.0092065457
107595638.5192131251 0.0022617965
108023215.4847130477 0.0004447670
104627193.7777028531 0.0039106939
120841055.1789268851 0.0019613967
110160789.4868889749 0.0046920468
107232784.2603929639 0.0060145073
107996398.1558849961 0.0042673325
111655812.0687518716 0.0008450052
110116012.3575917333 0.0031224389
113688443.0039028972 0.0000204314
105324584.7041022182 0.0034894103
116559413.6869387478 0.0055334015
107410213.2789463103 0.0042922605
111418631.4943508208 0.0014974088
104473905.5364538133 0.0023500211
112254179.0544845462 0.0047650035
103908286.8492980152 0.0041359201
111563887.6949739903 0.0023427801
104195649.2478892207 0.0028157167
112435636.0219226778 0.0007858903
106300879.1603103429 0.0037692422
106050097.6116562486 0.0021242603
103205739.0112877339 0.0031035769
117582007.6324050874 0.0035354283
107301237.7933437079 0.0031380894
103344729.7647763491 0.0030967599
103377923.1479063183 0.0028171885
107109245.8742110580 0.0005585203
103355585.9598135799 0.0031360639
111740260.4708576500 0.0033138273
104206196.2163212001 0.0031272085
104318712.4440469593 0.0149186539
109924330.7721798718 0.0031105042
105124470.8214578032 0.0069499039
103745091.8040238470 0.0028183224
107240686.9647496641 0.0015856432
103864861.7364173532 0.0027779940
104909282.6238349825 0.0026442995
103189717.6309179068 0.0035921940
103976198.3176563680 0.0029016773
108809449.6647524834 0.0030305104
105117548.2675185949 0.0063061272
105542755.5105481893 0.0034608283
103260385.6595147848 0.0049090084
103218377.2636069804 0.0038347273
106948600.2393165231 0.0036317969
104191306.1190275401 0.0031860846
104756644.7527803481 0.0036263815
104326767.1408475935 0.0037125744
104648958.1346083283 0.0023052796
103940753.2048846036 0.0038743083
108544430.3365690708 0.0025829000
103730931.7703798860 0.0035832508
104845632.0962639898 0.0040591610
103549274.7984893024 0.0034126693
103660880.8905837834 0.0027131204
103838405.7389658391 0.0031004382
105547178.1436971277 0.0050987293
104757466.8625232130 0.0033367057
106467960.3270589858 0.0040365127
104580932.1640574038 0.0029424043
109671394.6737069637 0.0028037366
104433979.0767994523 0.0046911121
106500484.5369376540 0.0036165515
104197146.3314088285 0.0038085406
103812017.8077250868 0.0045913872
103181889.1445170194 0.0032900442
107417391.4845029265 0.0027635730
104539781.6288718581 0.0031589084
107350749.5560392588 0.0037435808
104425755.8659508675 0.0034277898
105931596.3155757040 0.0025935170
103712122.8732757568 0.0037995843
104119610.6944126189 0.0033514654
104303267.4343874305 0.0032414269
106403534.0164638013 0.0038102441
104255043.0883267522 0.0030773830
104176005.3464147151 0.0024074489
103472977.0302302390 0.0028385286
106848320.4565050155 0.0051323938
103124411.5645075887 0.0044279867
104111910.6950632334 0.0021074402
103920407.7966065407 0.0043866729
103142842.9148630947 0.0056704532
103525799.1187360883 0.0042279279
102796766.2231254429 0.0065462886
103780292.1227978915 0.0064640004
104283712.6133106351 0.0065934663
104279702.9242422581 0.0063471662
105866001.3012792021 0.0066846487
103245719.2617324442 0.0068003649
106324259.5002667159 0.0053248383
102974504.4174255729 0.0074368649
103419082.6243479997 0.0062026062
104232048.2208902091 0.0056699791
108263831.0740418136 0.0094782692
104695415.1473161876 0.0067135850
104596118.3480499238 0.0069029740
104209275.2018346786 0.0066060711
106358718.6235204637 0.0061512062
103554860.3881427646 0.0056846369
104381795.3601337820 0.0064041956
104943210.5841063410 0.0065223645
104108516.6870732456 0.0067278560
103866818.3849983513 0.0065029488
102955142.4475221038 0.0068661438
107407844.7907363474 0.0073697568
104490894.8633087426 0.0065187916
103991489.7134690434 0.0067457139
104228096.8956247121 0.0064472775
103415338.5929697007 0.0069168838
104330594.2380037159 0.0066359416
104300643.3225770891 0.0050260090
104303221.6029462516 0.0061609474
104524099.9913326651 0.0060385591
102906161.4661663175 0.0063781733
103759118.5152275562 0.0051932276
104350970.5528247207 0.0066684222
103525180.7710398436 0.0064859787
103358510.3155199885 0.0066790000
104800381.8131531477 0.0051536076
102775232.5220612735 0.0062427598
104136197.6242651641 0.0059560124
104254646.2386773676 0.0063392113
103667640.4967675060 0.0060448878
102942523.9234041870 0.0064635107
103971383.3973744214 0.0063124180
104251097.2669612020 0.0059539593
102864461.2040077597 0.0065755297
102896494.3071800023 0.0059800889
107719257.2155362368 0.0053513540
103439848.8131701797 0.0062634268
102835702.3189926147 0.0062642925
102770519.5896566659 0.0068540702
103242073.3202659339 0.0061831475
103781511.6470350772 0.0082483643
102989177.5276608020 0.0077809520
104306985.4872263819 0.0068850765
102869537.1986410320 0.0069402315
104303649.7668820918 0.0067841975
102930287.3370108008 0.0075178239
102745870.3679205030 0.0068811375
103227137.7039685845 0.0074464890
102806680.2348109037 0.0068995443
103645656.2493667156 0.0069460559
104174700.8266313225 0.0070038782
104169965.0149740428 0.0062441650
104358288.8683481663 0.0068463099
103435165.9054352641 0.0067270899
102833252.6681381315 0.0070077211
103457124.2813546658 0.0068169184
102840556.5490900725 0.0068804763
104251863.0771887898 0.0066423625
102777869.3189238012 0.0069392984
102907840.2476211190 0.0071011985
103213560.2055692524 0.0068015507
103591844.8622026443 0.0067909442
104206857.7809952199 0.0070054252
103838557.7150673866 0.0069623707
102798226.6566736996 0.0070834789
104398365.8879658133 0.0070151016
104080554.7346276492 0.0068303642
102773091.0404692590 0.0067416083
104311299.5333915651 0.0068644848
103413750.3063612580 0.0078915059
102944370.9889687002 0.0067618760
103929468.2426385432 0.0066621038
102886001.1953962296 0.0067870447
103051717.2124378532 0.0070088126
104390212.0900995582 0.0069631079
103843142.9726590961 0.0064549784
104254910.2517138273 0.0071085862
103514343.5647964329 0.0065388221
102879853.4025759846 0.0067852648
102829878.0191449076 0.0067599677
104259430.6257627606 0.0068857976
104033486.9508789182 0.0075907169
102762109.7543421239 0.0067635907
103210522.9200285524 0.0068015345
102986201.6033854485 0.0069631593
102774144.4172228426 0.0068899141
104275249.8056858182 0.0067047890
102821582.1911232620 0.0068361574
104023137.2239375263 0.0070980605
104385873.1822800934 0.0069176308
102955540.4041366726 0.0067518855
102846798.0469400585 0.0068282056
104346014.1162249297 0.0068809109
104329587.6435700655 0.0068958641
102796020.6279065311 0.0069304493
102738243.6043554693 0.0066747376
102775342.3872012794 0.0066243809
104391963.0964181870 0.0067002819
104292284.4016092271 0.0066813458
102911436.0373699069 0.0066097754
102744825.2479072511 0.0066748671
103032114.3299775273 0.0067033351
104378592.5728093684 0.0066777429
102888226.1873749793 0.0065520448
102774834.7138455212 0.0066401325
104188371.8484447151 0.0069086673
102739225.8036105037 0.0067022347
102898172.0328892320 0.0067214238
104353673.3717310280 0.0066926041
104162847.2380435616 0.0065948476
104330122.7767255157 0.0066974838
102970038.6555156261 0.0067538277
102749404.9550946504 0.0066601473
102847359.2519257963 0.0065125599
102770983.9657004923 0.0066885941
102957787.0078072697 0.0065718929
104354080.5277919918 0.0066784965
102974739.7571989745 0.0066169261
102763174.8320606500 0.0066929197
104202513.3030464053 0.0067408760
104360767.7257185429 0.0066823479
102756616.8908539116 0.0066960634
102774355.5329910070 0.0066699729
102930248.5777486712 0.0067399610
102792672.5272309929 0.0066428596
102798777.3275987655 0.0066895922
104361361.1001200229 0.0066537492
104323044.6347313076 0.0065907510
104338793.9153422117 0.0066930890
102782531.2035722435 0.0066867622
104349335.5618052632 0.0066656652
102777964.7081751227 0.0066656878
102733332.2280278802 0.0066566545
104305887.4325700998 0.0065769766
104308933.4433625191 0.0066211891
103091758.5845136940 0.0066528739
102747230.7741361260 0.0066706421
102873774.6588441730 0.0065730574
104351441.2801204175 0.0065718153
104357204.5627477467 0.0066142198
102746252.7597997487 0.0066427161
104357833.2589121014 0.0066644275
102742430.9375915974 0.0066897384
102800765.3709304929 0.0066605671
102739602.9010636955 0.0066613781
102767011.8953398168 0.0066025432
102744457.3289271146 0.0066558707
104291326.7821870744 0.0067423182
104349521.1496604830 0.0066569290
102742955.0893716514 0.0066659548
102762068.3141259998 0.0066608122
102760389.7478782833 0.0066130204
104331362.3349125236 0.0066584162
102762890.9448693842 0.0066075462
102748168.5745934844 0.0066635817
104339900.6519987434 0.0066256165
104356107.5993402600 0.0066683364
104315817.5735888034 0.0065924564
104334701.4707302451 0.0066706167
102785390.0435488969 0.0066671201
102740497.2165568620 0.0066261049
104300902.9976746589 0.0066996958
102760985.4439833164 0.0066356618
102728729.4325691313 0.0066385845
102749471.3058478385 0.0066315198
104353843.0994073749 0.0066362594
102738549.2205403447 0.0066878204
102730183.4219675660 0.0066350018
104359390.6691416651 0.0065871324
104347917.3481062055 0.0066402138
102786000.3401754498 0.0066064979
104355496.3630766273 0.0066386675
102789749.6721324474 0.0066175637
104338347.5503181964 0.0066369419
102758809.0557212234 0.0066393922
102728491.8097952902 0.0066302193
102788600.5588590503 0.0066274998
104349687.2043844610 0.0066334068
102755650.1265271604 0.0066742153
104352678.6307737231 0.0066300610
104342579.0600382239 0.0066280987
104340474.1456393301 0.0066282831
102799586.9330774695 0.0066110800
102728570.0884016305 0.0066303256
102728610.3297720850 0.0066034683
102738007.0782532096 0.0066148231
102781381.5234820545 0.0066212880
102728013.3979223222 0.0066263986
104333592.0979469270 0.0066361332
102739971.3126853555 0.0066234193
104341440.5588711351 0.0066011881
104349136.7115185410 0.0066327863
102794052.1575290412 0.0066074602
102734389.3965259194 0.0066188529
104348687.3810238540 0.0065818374
104351346.0753848851 0.0066235665
102797658.4644495547 0.0065973109
102730661.9837274700 0.0066155802
102777157.6932841688 0.0066226762
104355786.5301739872 0.0066212024
102784711.9426245838 0.0066604827
104353192.8770354092 0.0066298715
102757573.6821648777 0.0065746005
102754456.9721733481 0.0066270707
102741648.3565387428 0.0066304832
102733632.5310444981 0.0066110913
102737817.3913137317 0.0066654715
104355266.3835244924 0.0066244349
102748170.0962263644 0.0066499257
104352167.0667866468 0.0066266540
102742107.5573424995 0.0066277579
102730732.8141805381 0.0066185053
102761153.1342313588 0.0066315582
102730830.7584267408 0.0066375815
104349001.0239969343 0.0066209612
104355846.8564047515 0.0066249013
102737611.4901149422 0.0066596037
102730594.0065145344 0.0066195029
104333745.7319367528 0.0066256046
104334944.8141293079 0.0066229126
102731047.0697261989 0.0066265082
102727189.4790895879 0.0066163461
102732070.9493284523 0.0066146259
104339411.3367268443 0.0066210452
104352831.5882931352 0.0066227127
104342137.4252825081 0.0065975870
102729031.0690280646 0.0066171653
102728405.6168284714 0.0066200307
102730128.9419115186 0.0066190612
102752121.2635425031 0.0065942041
102731007.8821771741 0.0066137213
102740584.0149210393 0.0066088920
104342435.1435728073 0.0066205490
102751200.6311049014 0.0066146845
102738947.2033215016 0.0066106448
102748238.5746940970 0.0066142864
102731774.3842192143 0.0066190963
104314279.9243133217 0.0066018665
104352453.2796423435 0.0066139754
104346358.8037420362 0.0066434488
104354826.6377405375 0.0066155149
102732915.9619349986 0.0066218045
102727436.4803564548 0.0066142800
104347569.5444281846 0.0065916483
102726597.5574072599 0.0066171444
102762452.2647102177 0.0066207806
104350657.4810735583 0.0066208106
102773071.9040203243 0.0066056608
102726314.1326303780 0.0066200554
102750221.1662698686 0.0066190973
104347038.6632945538 0.0066183208
102743604.0009072125 0.0066348472
102726997.5170234442 0.0066223535
102740674.3576244861 0.0066110253
104349845.7852094173 0.0066208211
102741339.9194340110 0.0066282023
102729295.2016336769 0.0066180758
102724837.1972249150 0.0066403622
104338372.7849095315 0.0066409288
102758591.5196917951 0.0066392085
102737514.3955728859 0.0066336620
102724633.5086569786 0.0066353626
102735664.7601982653 0.0066421976
102725821.8372415453 0.0066359542
104344694.4541353434 0.0066381124
102725558.7358476222 0.0066343247
102737649.9127999544 0.0066262640
102723451.9988523424 0.0066362810
104345669.9494953305 0.0066452411
102724811.1679121852 0.0066343955
102721997.2120739520 0.0066366080
102722699.8510698825 0.0066370868
104339294.5446186662 0.0066376408
104347490.3086522669 0.0066364965
102725627.9088759869 0.0066308054
102726041.3582459986 0.0066368157
104338935.1338628978 0.0066364321
102722407.4841438383 0.0066388939
104332281.3371073902 0.0066348772
102722555.5714599490 0.0066354471
104346136.7558575273 0.0066314624
104346705.2055457234 0.0066358037
102736782.4048488140 0.0066313488
102723116.0373418629 0.0066372479
102731506.0608419478 0.0066330271
104345580.8094885051 0.0066341449
102722795.5147351027 0.0066433120
102722633.1199460924 0.0066329953
102733180.2374924868 0.0066336657
102720911.4356807768 0.0066384331
102722227.5401338488 0.0066298415
102722265.2425541729 0.0066390258
102749192.1797579229 0.0066415987
104346396.0434625149 0.0066331243
104341910.8371182978 0.0066411746
102720760.5284659863 0.0066411977
102726932.4879055470 0.0066445142
102723759.4192373157 0.0066408352
102729976.9012785256 0.0066402628
102720401.6617674232 0.0066423644
102730304.7310936153 0.0066470072
104341205.6395099908 0.0066446432
102721347.3926343471 0.0066412907
102721573.7167410851 0.0066415161
102737380.2755650133 0.0066476486
102722632.1074378490 0.0066423160
102730424.3674378842 0.0066325698
104343920.3067754954 0.0066409979
102726240.4454030544 0.0066567782
102719914.2324987054 0.0066427034
104339400.9165767729 0.0066418963
104341422.2839706242 0.0066427899
102739517.9271285683 0.0066406412
104344564.2918104380 0.0066429905
104341914.9630772322 0.0066454708
102725330.1594516188 0.0066444599
102731269.9248302877 0.0066467995
104342874.0062614232 0.0066421128
102726275.2178842574 0.0066455987
102722463.8186690211 0.0066398975
104343750.9782031626 0.0066415428
104344739.9004961997 0.0066444331
102728045.3886596709 0.0066407153
102722136.9710067958 0.0066419011
102728964.1163089126 0.0066400789
102719843.5158442110 0.0066424579
104342014.6533649713 0.0066484321
104345173.4685524255 0.0066431868
102721486.4544091672 0.0066368740
104344889.1029524654 0.0066421444
104340352.4127197266 0.0066459944
102720181.2203076184 0.0066430961
102720424.4961869717 0.0066381159
102721382.2362861335 0.0066419413
102724658.5441629142 0.0066419773
104343844.8704280108 0.0066446944
104337159.8043360710 0.0066367663
104344209.3384637386 0.0066410743
102729544.6166532338 0.0066381863
104344239.3816075176 0.0066423241
104341012.3544347435 0.0066365788
102720140.5935741663 0.0066427260
102727535.0593083799 0.0066389493
102720287.2458660454 0.0066426216
102725725.3529721498 0.0066429546
102720273.2604269534 0.0066428420
104344048.5011386275 0.0066390923
102720636.4096437693 0.0066418438
102723329.7813488394 0.0066434960
102722377.1150257140 0.0066451073
102720259.9604388326 0.0066425697
102721276.0919442326 0.0066423964
104344420.7705594748 0.0066424973
102720221.6220638156 0.0066412045
104344550.1894380599 0.0066425750
102722417.7406720668 0.0066456473
102720436.8746557236 0.0066419744
102723767.2294946164 0.0066405386
102719501.4708711803 0.0066429049
102721481.9855033457 0.0066426083
102719634.0580993891 0.0066429986
102724765.7541519403 0.0066425806
102719992.3601260632 0.0066429148
104342632.4118908942 0.0066414695
104344307.1703501493 0.0066432320
102721389.6802916527 0.0066427415
102720069.1019039601 0.0066421172
102721143.1942488998 0.0066455976
102719664.5482834578 0.0066433624
102719752.9357239008 0.0066424062
102719583.5939830095 0.0066424698
104332603.9916552156 0.0066443838
102719993.1702183634 0.0066440720
102722973.2052570432 0.0066418485
86622322.0000000000 0.0066418485 1 0 0 0 0 0 0 0 0 0 0 0 0 0 0 0 