797089223.8935704231 0.0007521127
794504983.7282574177 0.0000867820
824444690.1921736002 0.0000272456
919022090.6887990236 0.0000122969
878330821.0636012554 0.0000005706
788036622.5885179043 0.0000447993
789066601.1280454397 0.0000883669
885421049.3467746973 0.0001826287
812838261.3908503056 0.0001247948
925808592.7147479057 0.0000141679
772755675.5206670761 0.0005085533
815511556.7462890148 0.0000002332
781992787.7680907249 0.0000611110
773686838.8134570122 0.0000409842
857991022.7292108536 0.0002336059
827929978.0813667774 0.0000541156
734676232.4534275532 0.0003624736
737501507.7549965382 0.0000003708
703343038.4810842276 0.0005146237
667420489.1015489101 0.0005916366
681581879.7897458076 0.0001440051
667363624.8071497679 0.0003302462
683126161.9950698614 0.0000012716
641154551.6316895485 0.0004354395
638945328.1889575720 0.0004582599
806669685.6622493267 0.0000528127
660427345.2918564081 0.0001459136
653828423.7575716972 0.0001285928
662158517.0178838968 0.0000079867
688908713.2596877813 0.0001509593
640014455.9444525242 0.0003829130
726210772.3059488535 0.0000478783
591746296.6492906809 0.0000301279
483651320.5122973323 0.0000044816
463033489.1236993074 0.0000073912
487198214.9784299731 0.0000057507
610748045.5980613232 0.0000129692
455431826.2308206558 0.0000063667
458238913.2386853099 0.0000549450
462231757.0581185222 0.0000056663
549699600.5764992237 0.0000307105
455349982.9037431479 0.0000063986
507731412.4095660448 0.0000149131
456113633.8835604191 0.0000061779
543742113.2638422251 0.0000088673
449747493.0364496708 0.0000060545
634504735.2995724678 0.0000028517
450491479.1815154552 0.0000051020
492226468.8957988620 0.0000851876
429881397.6044385433 0.0000064853
385411086.5176219344 0.0005335906
406964057.3302776814 0.0004748921
343448257.4378473163 0.0006002066
346831151.7665075660 0.0006441517
383468088.0848072767 0.0000679843
343567103.9282784462 0.0006721401
368973428.3250655532 0.0002948771
393969222.8683267832 0.0003805648
367729960.4492616653 0.0002916298
335599580.4998045564 0.0007644439
354447580.4491721988 0.0001386745
350185502.3902387023 0.0006894721
406284997.9668651819 0.0002202498
350342122.7474821210 0.0006549999
411170957.5695942640 0.0021437657
330776954.5917263031 0.0012877904
419221729.3408696055 0.0019473265
342028281.9693297148 0.0000016747
445939865.6724194288 0.0005893188
347154219.8849243522 0.0011009941
354723726.0327886343 0.0011123464
350849863.1962996721 0.0012344756
316921242.7474898696 0.0013365129
344276054.4393185973 0.0010424264
376026313.3616791964 0.0007519858
323714624.3640430570 0.0010271853
373663673.7539374828 0.0003623183
322902375.6532554030 0.0012362237
408910282.7702949047 0.0017908565
312982410.0917977095 0.0018959285
421525916.7662562132 0.0002442715
309733129.1421717405 0.0021222298
466957015.7285547853 0.0004242369
312340242.8274029493 0.0021134668
343249613.2821943760 0.0013902858
313742848.9489180446 0.0017506202
420589890.4528427720 0.0015878008
317281556.8773354888 0.0026545980
311085420.6789244413 0.0000969849
315746641.0419926047 0.0012914062
412009127.4021707177 0.0003543382
304161488.8908531666 0.0015768964
381449009.5188479424 0.0018617129
304045682.5941982865 0.0016149989
330334104.2314517498 0.0000911754
304806566.0212076902 0.0015524181
325231270.1739307642 0.0003775251
307503716.4210549593 0.0024023137
338017370.6300165057 0.0049035821
314167161.1596750021 0.0020702033
370281773.5831019878 0.0002094682
308139821.5986909270 0.0016050530
326739006.8232017159 0.0019584901
300800088.7547967434 0.0016369487
328797678.8484689593 0.0059591973
324375360.7515207529 0.0011493246
354040298.1963773966 0.0011924956
316918900.0472410321 0.0016802797
320945172.4983725548 0.0004736689
317278104.5704172254 0.0015191498
352315821.1104819775 0.0013309437
298992046.0196276307 0.0091526991
318708757.7089042664 0.0015044671
285102907.6737021208 0.0079976244
384051146.2086437345 0.0019047646
302499370.9375771284 0.0055052555
309244856.4753724337 0.0108086942
278467414.2695412040 0.0088727962
332229771.5384741426 0.0013784619
295751498.1678406000 0.0108143673
385802031.1104565859 0.0069204252
276210953.9566355348 0.0067292703
369246619.4863982201 0.0025718748
285122807.9361774325 0.0087890801
343988899.4471645355 0.0072934150
292821939.9363635778 0.0056813192
315212838.5006275177 0.0030108705
297640722.7291526794 0.0076075912
275253746.7170591950 0.0000003240
301374885.3286826015 0.0000082734
355650737.9784339666 0.0000012229
308905476.7805262804 0.0000000602
293851911.5143140554 0.0005707852
293200143.2266700268 0.0000009215
273315455.9926044345 0.0002588340
295813638.1545437574 0.0002469907
317322312.6706196070 0.0000984532
275981363.8236975074 0.0003238507
363170202.3176516294 0.0001545388
258384519.5719593465 0.0007140737
338402347.7350009680 0.0007698750
276833312.3090538979 0.0006108254
354480946.1613091826 0.0003978964
273067714.0345785022 0.0008752984
304346118.6466607451 0.0035716123
265059420.4806678593 0.0005540780
322630280.7062336802 0.0009911094
257446294.5496947467 0.0009044345
330216014.5309351087 0.0003161053
246135549.9246055782 0.0006057058
260735235.0804669559 0.0002755254
270595364.8690196276 0.0011374071
318399992.6151439548 0.0000003812
240164100.0863093138 0.0020221562
255182926.3335183561 0.0016233613
225176210.8394112587 0.0009898593
283240397.7548107505 0.0003122174
218642858.1748722196 0.0021086541
268546305.5599606633 0.0017039224
232848946.4264693260 0.0010133875
262927380.1232816279 0.0140603690
227596058.7504740655 0.0010326159
266913518.6827121973 0.0000096693
228311649.2880649865 0.0020083654
294907454.1226917505 0.0014282245
224733548.5004568398 0.0022430855
267696151.7269026339 0.0008761333
232832249.0709217489 0.0017090224
233050015.1858653724 0.0016925373
230360848.1249950230 0.0015850811
218653381.1114009917 0.0011962611
236079778.6714769006 0.0038348485
218535311.2141360343 0.0021994587
246787102.6170679331 0.0059063344
230580479.8063919544 0.0017860883
246518011.8958249688 0.0016586530
226108658.0658666492 0.0020190560
238733731.0150536895 0.0023276921
224518943.5972195864 0.0022597210
222884357.9314597249 0.0027515518
217179961.4688511491 0.0022244869
211273725.4456341863 0.0004829464
212777393.7774524093 0.0002237797
218415258.9057370126 0.0004351835
216104996.3477799296 0.0004763828
208351047.9062309265 0.0001430393
205603749.0345881581 0.0001243321
204045908.2489742339 0.0000757097
197987423.3769446909 0.0001074440
204484588.2686815858 0.0000469460
199800569.7356176376 0.0000572333
200932303.5294058621 0.0026708918
198033988.1422342360 0.0001358203
211521951.4319266677 0.0001323512
198266663.6025893092 0.0001421338
214750386.1741982996 0.0001237973
197606892.1757328212 0.0001146727
205482497.5841597319 0.0001978009
198330530.1258796155 0.0000563130
209358426.2257084846 0.0013732611
202555352.3598406315 0.0000951681
242515483.2852250636 0.0000093436
201464235.6542627215 0.0001049856
213415810.7952392101 0.0005758090
198311047.8120737970 0.0003362882
238296967.9814794660 0.0000019053
197181735.2441986501 0.0000998384
232507035.6112413406 0.0000020600
202598734.3967013955 0.0000884388
206911627.5251176655 0.0001257566
206518624.7807265222 0.0000820687
207057808.8393709362 0.0004495668
210612490.6636110246 0.0001350765
215692604.1801590025 0.0006066598
208415838.3731076121 0.0001136481
204990787.2384294569 0.0000297721
197609858.3164089322 0.0000097968
243618437.0652638376 0.0001354219
197179429.3116856813 0.0000373562
203347080.4784312844 0.0004688648
197405323.7689927518 0.0000412084
215731734.7429452240 0.0000059262
223207784.4673472345 0.0001164189
201554638.7511730194 0.0000491997
198250191.2088140547 0.0000914775
219547468.3869435191 0.0003085689
196917621.8421804607 0.0000378195
199111835.1846261919 0.0000236401
199017464.5393375754 0.0000905221
220121201.7203224003 0.0008458972
197358105.2394249141 0.0000478930
220097682.4445391893 0.0000000032
199872881.4176334143 0.0000039604
231163890.5844971240 0.0001295064
199961750.1704828739 0.0000808035
220430245.7013948262 0.0008374224
198422342.4009956121 0.0000464352
209228847.8665586412 0.0000006342
208417390.5069237947 0.0000030242
197170869.9224735796 0.0000328880
205421369.3700599074 0.0000841309
197844440.0980700850 0.0000433162
197013703.6486777365 0.0001018823
199487010.7550674081 0.0000298573
199011666.4133120775 0.0000190727
196652368.7564505339 0.0000286159
196540788.5312238634 0.0003257311
197952857.2631083131 0.0004449876
212025653.4126943648 0.0001397533
214227083.4350008667 0.0003610696
198379852.2059992254 0.0002881431
198591245.3921008110 0.0001097200
197919344.6248564422 0.0004845475
199016748.2144414783 0.0003094172
205059711.1002962589 0.0003655077
199071798.5214329958 0.0002934364
205574484.1360666156 0.0003128756
196678161.0282095671 0.0003969347
196968497.6968298554 0.0005803409
196531550.2403752208 0.0004166781
196209146.5968004763 0.0001569327
217694433.5647391677 0.0001639032
197719233.2461409271 0.0001901771
217219092.2232642770 0.0001227523
203565454.1243809462 0.0000938214
198900994.9402558804 0.0001148008
237166951.6114323139 0.0004090063
198033978.2839070857 0.0001245866
209540652.8194851279 0.0000268068
196068205.9063122869 0.0001720764
202396615.6197267771 0.0001947323
197950711.8716093004 0.0001810503
212136349.4363103807 0.0001669703
197503258.5216572881 0.0001439498
225570915.5059951842 0.0000515717
198982332.5709463060 0.0001554038
222331444.6530285180 0.0006792612
197432942.9480540454 0.0001876055
209843607.4978277385 0.0003323666
196811549.1031241119 0.0002098402
200810131.5012747049 0.0001018877
196902341.3177037835 0.0002080426
224760291.0836920738 0.0006505674
195898919.7688346505 0.0002195331
198907575.3045771718 0.0002367280
197168241.0872045755 0.0002178633
213267253.6365691423 0.0003689186
197095266.5880173445 0.0002740955
215395490.8460330367 0.0001482138
197366695.8923675716 0.0002306419
198331127.3977560103 0.0000528528
196342529.6982955635 0.0003480251
197006812.2235856354 0.0002077315
196699393.2787857056 0.0001767676
198908470.5201897323 0.0001242581
196763940.6082149446 0.0001965330
205768771.5537765026 0.0002028987
196627120.0118651092 0.0002548671
198186625.2318807244 0.0000679821
195972054.7307842374 0.0002544576
197639293.0589363575 0.0002928926
197260557.0247475803 0.0002062301
217556216.5489149988 0.0003441283
196984842.7802658081 0.0001706683
206307623.7820170224 0.0001881631
195929745.0227335691 0.0002142204
196143899.2618764043 0.0005942018
198080990.0748690069 0.0001502263
196484854.4535596371 0.0007505243
196408693.6877948642 0.0001753865
216753628.6856738627 0.0000928469
197049839.1294908226 0.0001594435
198256589.5157261789 0.0000169468
196187628.5971038342 0.0001851483
196135815.9403610528 0.0009195625
196756973.6762326658 0.0003078927
197116742.6733739972 0.0001012816
197565108.8769706190 0.0002835008
195994394.0442082286 0.0008619895
197387310.9607871175 0.0001813217
222636206.2847782075 0.0002032424
197055718.2436607480 0.0002802837
195979300.3626260161 0.0006135627
198539101.2457622290 0.0001643467
225726714.2537546158 0.0004079071
197794305.1356540322 0.0002856726
197810116.1651562154 0.0002474484
198462253.2859152257 0.0002195575
223501465.8720452785 0.0004377348
219186768.2124670446 0.0002118254
198054920.9953686595 0.0003670947
196598915.4863604605 0.0003208582
210632838.7132107317 0.0003269698
196326296.1779168248 0.0001899546
215781858.5510204434 0.0002493971
198130959.8615647256 0.0002925786
198483723.3952201307 0.0002138763
212747879.7028651536 0.0001012446
196740147.6468973160 0.0002336020
220388081.5768412650 0.0004227799
196169352.5782316327 0.0002275118
222289324.0226967931 0.0001336059
197520197.0824747384 0.0002268453
202387469.9181440175 0.0002270618
196912263.7507341206 0.0002270549
201334820.4091018438 0.0002543758
196981645.4863037467 0.0002264371
200491643.1840460598 0.0002324284
196022630.7529358566 0.0002305093
196017306.0046653152 0.0002298875
196567547.7033667564 0.0002183201
197728133.4100987911 0.0001694341
198215111.5761595964 0.0002039630
197542297.5364808142 0.0002905466
196735541.7531079352 0.0002162399
222162901.9391554594 0.0004774880
221033981.3992092609 0.0002119977
200484217.0550381839 0.0001069892
198844518.3039367199 0.0001971459
204598790.3140872121 0.0003345477
196080063.1156605482 0.0002603082
217761981.0215604305 0.0004733377
198542698.8707658052 0.0002008930
201581563.6751516461 0.0001802571
196585584.0329053104 0.0002149516
195912821.0427285731 0.0001300189
196200042.6767678261 0.0002425596
196126979.3190702796 0.0002035940
197276002.0271424353 0.0001862262
196056651.8103774488 0.0002037389
196554420.2467995286 0.0002238870
197006710.4014603198 0.0002321773
198432730.4633770883 0.0002585289
196064973.8917725086 0.0002242675
198660460.7081625760 0.0001612183
197104627.0362788737 0.0002105039
196411268.1850345433 0.0002443237
196050297.9692798555 0.0002350243
197627699.1493408978 0.0001955220
198953121.3669613600 0.0001919086
196796825.5336618423 0.0002134531
198189957.7302716672 0.0002404095
196131703.5204825103 0.0002200894
196667180.6756966412 0.0002007380
196340853.6772561073 0.0002199261
198128766.3830674589 0.0002794020
196650302.0930744112 0.0002259064
197165278.7491831183 0.0002310021
195901010.6164705157 0.0002153306
197675112.4835194051 0.0002047788
197119927.4208913147 0.0002196723
195891358.4554817677 0.0002109681
195665584.4594478011 0.0001883318
196589148.1033230722 0.0001780377
195761732.6071175933 0.0001929076
196188646.1755872965 0.0002079974
195766428.5864269435 0.0001833429
198616230.1704215705 0.0001874071
195759113.2265809774 0.0001865591
195746376.9419305027 0.0001918548
196634994.4852674305 0.0001879868
197264324.1419787109 0.0001581008
196452016.8922156990 0.0001912308
195668461.8434095681 0.0001730971
196744332.9049053490 0.0001884144
196497812.6994375885 0.0001854894
195647538.3270064890 0.0001865380
195844608.4137018323 0.0001791813
196273066.3834011853 0.0001907040
198606567.9426231086 0.0002091195
196061297.2362803519 0.0001846018
197071910.3994343579 0.0001843061
195705288.3087723255 0.0001815221
196905562.8533588648 0.0001526118
196077978.6709632277 0.0001894899
197899422.2105099857 0.0002085465
195886342.7902002037 0.0001929091
195720070.1562722027 0.0001911167
195708232.6493071318 0.0001847289
198457133.8528991342 0.0001971673
196167648.4097000062 0.0001850986
196600496.0096783340 0.0002130217
196189456.3802298605 0.0001832598
198321658.7908842862 0.0001912552
196174335.4539323747 0.0001843677
195764659.6139356792 0.0001771224
195735368.6087226868 0.0002038070
195843594.0466487408 0.0001726298
196173736.5587671995 0.0001835120
198127160.7088716924 0.0002026144
196159414.2446764410 0.0001851192
197671763.7694870830 0.0001679656
196657493.5325754881 0.0001814558
196403435.9134019315 0.0002088958
195823192.5024263263 0.0001898699
196302053.1752373278 0.0002069814
196261542.7808199525 0.0001817194
195708932.4636588693 0.0001873395
195706686.2430381477 0.0001864522
195659020.6427871585 0.0001882290
195841371.3993415833 0.0001873255
195669455.3944791853 0.0001832240
195799752.5640113950 0.0001883885
195833001.0305353999 0.0001796056
195718697.0051464140 0.0001847972
195660677.2113576233 0.0001811768
195658226.7140889764 0.0001870922
195744356.1493184268 0.0001893354
195760055.8095380962 0.0001874100
196297290.6849294901 0.0001866502
195683439.4070823789 0.0001869585
195785925.9112717211 0.0001875859
195849827.0433478057 0.0001864572
196159975.5402908027 0.0001811104
195723246.5099961460 0.0001851758
196537278.6249965727 0.0001889860
195657999.7673923671 0.0001872558
196716506.7463381886 0.0001843634
195642880.8184563518 0.0001866151
195931445.0118001997 0.0001823111
195761234.8536371291 0.0001858646
195799812.3634983897 0.0001844032
196710403.4497963488 0.0001858575
195674000.0262723267 0.0001916304
195790596.5677446723 0.0001835894
196558590.7878127694 0.0001940064
195807138.7195723951 0.0001856009
196389294.6653018296 0.0001861178
195654373.8269675374 0.0001884372
195811418.7187539935 0.0001929066
195744490.9597907960 0.0001890848
195905428.7682796419 0.0001852303
195646300.5980430245 0.0001864811
195792887.8801144361 0.0001828833
195696927.7610977888 0.0001867513
196724072.2028006017 0.0001858554
195680399.3170984089 0.0001834622
195698105.6917097867 0.0001858455
195728559.0224274099 0.0001851432
195645973.4976036847 0.0001873273
195811567.1157234311 0.0001894035
196353031.7508450150 0.0001846009
195830304.2031295598 0.0001858512
196603879.6089014411 0.0001838975
195706692.7750951946 0.0001811969
195638227.1388134956 0.0001862451
195687680.3026309013 0.0001877971
195665112.3753443956 0.0001852335
195680405.0421663523 0.0001864815
195755219.4104648232 0.0001862228
195626325.6047281027 0.0001886739
195688342.4241957664 0.0001885014
195724801.7473438680 0.0001871217
195819903.6919739544 0.0001884836
196438334.9920179844 0.0001925066
195820508.1965734363 0.0001901566
195805141.4544322789 0.0001872631
195635762.0540429056 0.0001890430
195944085.0309444666 0.0001884219
195792296.4144344926 0.0001890179
195728726.3549784720 0.0001862648
195650699.7236071825 0.0001901584
195751584.3455483019 0.0001877793
195801371.5767332613 0.0001881719
195681428.9581725001 0.0001871699
195654191.0235556662 0.0001880732
195689929.2554130554 0.0001884841
195794383.2731287777 0.0001892176
195653717.8698467016 0.0001882478
195819549.1162170470 0.0001884015
195680311.1213538051 0.0001858558
195642420.2745669186 0.0001890963
195937964.6878369153 0.0001864461
195744695.9475270510 0.0001884316
195791712.9068528414 0.0001845861
195653483.2372166514 0.0001882326
195678393.7393001020 0.0001909525
195828505.3910223246 0.0001881558
195777426.0608347058 0.0001921995
195658109.9223027229 0.0001894000
195799249.4805731773 0.0001861043
195824955.5796366930 0.0001901432
195789438.9586577117 0.0001885077
195629841.4247032106 0.0001889603
195893283.5643772781 0.0001902035
195815684.0665003061 0.0001890970
195798283.3135733306 0.0001854563
195815519.8251126111 0.0001884930
195815421.8149445355 0.0001895782
195650654.6023984551 0.0001879676
196666626.9760172069 0.0001857089
195636057.2297623456 0.0001890572
195763270.8362670839 0.0001947719
195791272.4903294742 0.0001895935
196568491.6411920488 0.0001891071
195667659.5023872554 0.0001884236
195798859.9739819169 0.0001933262
195646035.0583924353 0.0001886297
195740611.5287557840 0.0001904575
195635156.9776017666 0.0001890667
196533138.0646458268 0.0001899552
196714252.9158007205 0.0001893141
195630840.9670769274 0.0001887304
195795959.1418104470 0.0001895495
195635745.2058536708 0.0001885827
195656972.5841222405 0.0001893835
195817895.3933390379 0.0001886739
195636011.0904694796 0.0001877352
195643660.8223817945 0.0001883446
195739735.1873517632 0.0001895748
195622566.2147448063 0.0001887842
196602467.4358949661 0.0001881682
195821589.0100669265 0.0001887531
195804837.4130563438 0.0001883087
195807948.1875846088 0.0001888800
195668241.1797250211 0.0001886182
195811827.3910215199 0.0001887987
195614256.4380691051 0.0001886481
195625906.0223146975 0.0001888083
195768325.6494180262 0.0001894111
195638077.3998902440 0.0001886567
195636358.1977970898 0.0001868529
195619999.9169598818 0.0001890774
195776851.0868205130 0.0001886904
195808320.9110613167 0.0001892125
195619759.5800035298 0.0001879971
195815385.2992061377 0.0001883867
195641088.0474500358 0.0001875241
195798664.8374077082 0.0001886069
195657946.5954900980 0.0001921036
195784327.5280565023 0.0001887711
195710714.3575682044 0.0001871542
195792703.5291715264 0.0001887873
195687486.2804749310 0.0001875901
195818697.1801017821 0.0001885185
195735513.3513366282 0.0001879283
195652928.1957894266 0.0001889139
195715434.3493222296 0.0001871503
195791489.1372347176 0.0001886971
195733268.0911333561 0.0001880627
195800982.4744738936 0.0001886144
195680786.6636795402 0.0001892071
195807581.3052307963 0.0001886505
195643799.9429315627 0.0001866714
195783855.8804384172 0.0001880128
195659328.8440441787 0.0001890818
195623599.9678511322 0.0001882177
195617166.2120149732 0.0001903173
195639319.7373745143 0.0001890612
195663158.8338509798 0.0001890948
195615177.0239354670 0.0001883337
195616603.3233649433 0.0001886472
195813669.2334221900 0.0001887063
195755066.1320497096 0.0001894097
195667206.0338127315 0.0001885923
195755484.2321708202 0.0001883473
195817188.4660398960 0.0001892107
195674572.1053523123 0.0001885671
195789307.9099609852 0.0001886224
195677578.0334820151 0.0001902405
195815881.0254203677 0.0001885679
195674661.0469198823 0.0001886547
195635632.9046637714 0.0001885060
195716773.0062915087 0.0001887597
195815393.2801882923 0.0001883615
195768723.5500252843 0.0001888518
195626635.8398463130 0.0001887540
195766371.8899762630 0.0001881613
195625486.4363546073 0.0001881761
195746776.1964519322 0.0001900140
195795647.9288624525 0.0001890995
195763631.7611389160 0.0001878586
195758840.5312615633 0.0001902228
195685429.5104128718 0.0001885535
195617595.8373183608 0.0001887896
195623775.1988525689 0.0001890988
195810929.0928576887 0.0001885788
195628164.2877091765 0.0001884740
195616608.9226944149 0.0001887752
195651538.0372744799 0.0001887080
195793698.6416643858 0.0001885014
195809240.5847029388 0.0001882797
195818771.3287063539 0.0001894928
195819002.5243648291 0.0001887471
195630954.2273524106 0.0001889341
195818604.6812650859 0.0001884893
195647639.7067201436 0.0001884788
195816766.3373142779 0.0001886654
195617869.3626149297 0.0001887027
195808918.1478035152 0.0001887462
195618204.1538255811 0.0001890107
195617658.1790810227 0.0001886783
195641150.2851556242 0.0001890834
195619859.3297611177 0.0001886152
195614649.2888658047 0.0001888455
195819200.1438903511 0.0001886478
195795982.5121306181 0.0001884607
195817083.4345524311 0.0001886772
195612686.2793817520 0.0001883520
195617822.2757357359 0.0001882903
195612327.1393657327 0.0001884321
195613856.0505847037 0.0001885060
195640322.7045533657 0.0001882516
195814602.2695197463 0.0001885470
195632423.0935465395 0.0001886921
195612041.2336483598 0.0001884353
195633328.2380846739 0.0001882997
195612198.5201576948 0.0001884817
195611610.8219120800 0.0001886627
195814553.0306709111 0.0001886622
195634555.1624158323 0.0001884616
195611698.0900786221 0.0001887102
195661882.1893892586 0.0001885150
195813834.5426115990 0.0001887667
195626409.1468735933 0.0001890386
195810076.9329921305 0.0001886128
195628633.9524912834 0.0001887631
195611816.0344499946 0.0001886106
195616480.1841217577 0.0001887817
195612908.0189771056 0.0001886332
195802797.9720535278 0.0001884303
195617425.6000526547 0.0001886645
195611013.3309895992 0.0001892350
195812520.0910359323 0.0001893282
195622042.7235836387 0.0001888907
195618281.5305152535 0.0001893652
195614820.6417032480 0.0001890540
195610410.8880695105 0.0001891949
195804457.3179997802 0.0001881842
195817221.0939836204 0.0001892702
195630643.6628194451 0.0001886631
195611966.3712481260 0.0001892954
195615770.1987097561 0.0001892516
195616820.8165099621 0.0001891495
195628782.7099112868 0.0001893107
195812048.6387595236 0.0001891354
195610802.2924243212 0.0001893507
195614950.1953601837 0.0001891696
195632435.5881328881 0.0001895269
195610273.6042427123 0.0001891438
195812176.3244468272 0.0001891084
195807606.5566926599 0.0001892156
195643992.7135933638 0.0001891978
195614673.1444972456 0.0001890504
195620075.8463139236 0.0001897853
195804347.7532051206 0.0001891626
195627278.5116381049 0.0001893699
195815430.1854776144 0.0001890984
195802498.1123813987 0.0001895806
195611084.4542503655 0.0001891184
195780476.5753735602 0.0001893489
195810774.8399662077 0.0001892287
195812687.9630081356 0.0001891161
195797136.9676563144 0.0001892770
195609906.3076520562 0.0001891559
195634564.4828648269 0.0001891554
195610481.7669489682 0.0001891687
195625677.7426306903 0.0001890952
195610388.3670967817 0.0001891765
195618986.9033133090 0.0001890960
195610454.1063206196 0.0001891715
195617560.6191541255 0.0001892324
195609964.1109733582 0.0001891247
195610720.9711079299 0.0001893091
195611274.8504618406 0.0001890925
195620371.2604282200 0.0001891249
195609751.5611533523 0.0001891920
195614413.7946163416 0.0001891818
195610547.9742404819 0.0001892596
195619195.2012131214 0.0001893364
195610685.8589861989 0.0001891831
195610560.7154826224 0.0001887479
195611294.8070638478 0.0001892133
195628526.0897692144 0.0001893792
195609675.0748867095 0.0001892166
195621612.7364811003 0.0001892477
195611220.8493626118 0.0001892264
195623243.0142343938 0.0001893233
195609386.6379173994 0.0001892489
195616405.9338646531 0.0001891234
195611745.6401285231 0.0001891748
195618058.7847329974 0.0001890770
195608925.2219904363 0.0001892386
195614014.0053752065 0.0001892484
195610856.6148479581 0.0001893212
195609316.4870109260 0.0001893089
195814300.7754107714 0.0001893754
195613197.6734340191 0.0001888960
195814401.6569434404 0.0001892749
195608769.6309237182 0.0001892365
195620522.1740485728 0.0001892012
195608946.4474219680 0.0001892607
195610984.0857806802 0.0001892729
195609198.8413813412 0.0001892460
195615086.6426354647 0.0001891765
195815022.0158659518 0.0001892365
195608314.8703326583 0.0001891945
195814324.9307684898 0.0001892071
195612360.1872042716 0.0001891938
195608695.8826051950 0.0001891940
195613829.3673739731 0.0001892281
195608341.0502617657 0.0001891326
195813423.9935795665 0.0001892718
195610137.8576290309 0.0001891913
195805347.9036830962 0.0001891590
195608080.4444630146 0.0001891851
195811107.3569804132 0.0001890796
195608313.3308172524 0.0001891555
195809895.0579232574 0.0001892052
195608370.0781244934 0.0001891652
195612440.3540233672 0.0001891334
195813577.9300147891 0.0001891780
195813659.7773133218 0.0001891287
195608465.6146945655 0.0001891552
195607495.7964935601 0.0001891044
195813641.3087306917 0.0001891115
195614939.9024559557 0.0001891700
195607308.6352424622 0.0001891295
195611989.1310307384 0.0001889227
195607695.6149636209 0.0001891346
195612805.9335846603 0.0001890414
195607608.2369293869 0.0001891069
195611514.1515346467 0.0001890280
195812408.3935302794 0.0001891347
195611024.8282917142 0.0001891534
195607225.2487901747 0.0001891301
195609211.5331227183 0.0001891839
195607825.0320439935 0.0001891273
195614053.4405680299 0.0001890958
195607524.4512376189 0.0001891004
195612298.3737406433 0.0001891703
195607521.1001168489 0.0001891785
195613608.3255211115 0.0001891410
195608426.3204254806 0.0001891559
195607384.5103346705 0.0001891442
195801746.4922327101 0.0001891494
195607333.8926127553 0.0001891233
195612968.7152034640 0.0001891026
195607441.7758450210 0.0001891470
195609359.9337020814 0.0001891701
195607802.0686027408 0.0001891250
195608103.6653603017 0.0001891360
195607755.6934275329 0.0001891414
195608858.7988842130 0.0001891359
195607442.9780248702 0.0001891412
195609056.5524299443 0.0001891114
195607839.9196827710 0.0001891325
195611140.7495582700 0.0001891757
195607663.7688495815 0.0001891161
195607834.1017471850 0.0001891603
195607475.2580084801 0.0001891443
195814258.9182165265 0.0001891480
195607317.1571710706 0.0001891293
195814218.5300880671 0.0001891419
195607803.1911658347 0.0001891269
195610537.0952472985 0.0001891450
195607258.8068135679 0.0001891187
195606935.8002453744 0.0001891057
195606882.5913743377 0.0001891151
195813071.5219232440 0.0001891151
195812661.1391307116 0.0001891161
195608120.8089066744 0.0001891361
195606939.5658061802 0.0001891086
195811842.9314481914 0.0001891104
195812412.5594850779 0.0001891176
195609509.0220268369 0.0001890934
195813056.7526164949 0.0001891429
195609043.9186826646 0.0001890481
195812969.9596751034 0.0001891135
195606762.8063012958 0.0001891345
195607671.8186875582 0.0001891291
195607256.4814464152 0.0001891139
195606592.7350717187 0.0001891342
195609295.8944796026 0.0001890487
195813005.1217806339 0.0001891383
195608311.6864804029 0.0001891595
195813160.7837952375 0.0001891449
195607704.7472493052 0.0001890935
195606693.5143629014 0.0001891456
195801111.4475620389 0.0001891580
195606617.8237817585 0.0001891093
195609689.6219638586 0.0001891588
195607006.1478456259 0.0001891255
195801113.6458429694 0.0001891639
195606725.8245952129 0.0001891369
195608768.6546219289 0.0001891612
195606864.5478881598 0.0001891114
195612349.7792380750 0.0001890997
195606958.3913115263 0.0001891064
195801441.1758816540 0.0001891799
195606416.8419559598 0.0001891493
195608991.0596759915 0.0001891046
195606918.7421624064 0.0001891509
195613322.1899110973 0.0001891189
195606816.0854017138 0.0001891674
195608765.9576918483 0.0001891667
195606443.7292810380 0.0001891378
195801803.3792309165 0.0001891900
195606842.1337400675 0.0001891456
195801415.0789335966 0.0001891921
195606507.5455691218 0.0001891334
195801347.7519474328 0.0001891876
195807925.6802928448 0.0001891684
195606613.9757530987 0.0001891470
195609450.2567417026 0.0001891377
195606565.0838041902 0.0001891542
195607745.5186552107 0.0001891624
195606666.3079436421 0.0001891459
195606790.0385017991 0.0001891329
195606640.2670547962 0.0001891471
195606808.1692951918 0.0001891740
195606499.4808442295 0.0001891416
195606539.9875600338 0.0001891469
195606453.4466070831 0.0001891520
195606601.4394810200 0.0001891685
195607078.3933817148 0.0001891537
195606503.9263613224 0.0001891625
195606599.1015763283 0.0001891466
195607335.8304670751 0.0001891638
195606564.3972623348 0.0001891487
195606928.8768057227 0.0001891561
195606429.4755263627 0.0001891531
195607100.1430862844 0.0001891613
195606903.2792516351 0.0001891549
195808592.4550586343 0.0001891533
195607174.5922551751 0.0001891416
195609124.8967096806 0.0001891535
195606755.4491162300 0.0001891497
195807819.4253341556 0.0001891647
195606436.9197510183 0.0001891511
195608951.9762060642 0.0001891242
195607043.1787396073 0.0001891274
195606510.6987350881 0.0001891455
195606996.9491297603 0.0001891503
195607064.1460679471 0.0001891528
127759820.0000000000 0.0001891528 1 0 0 0 0 0 0 0 0 0 0 0 0 0 0 0 