818502096.9434978962 0.0007521127
829842114.8863927126 0.0000867820
839286592.3915320635 0.0002073507
906445540.0518450737 0.0002021671
905484796.5373831987 0.0000139234
830430043.0475933552 0.0001006345
818784526.9728823900 0.0008384936
877630115.7899923325 0.0000394433
800176092.2064152956 0.0001793818
888426319.3550006151 0.0002074969
743210988.7071260214 0.0000192236
806218127.8194510937 0.0000871016
766964666.4474406242 0.0001839304
744518694.8285309076 0.0002826298
776973087.1965974569 0.0001082231
795658284.8219168186 0.0000758214
710275224.1323345900 0.0000137017
670287123.3322443962 0.0000184316
650040231.7840374708 0.0000043779
630025404.9402321577 0.0000059137
646502706.0769324303 0.0004717346
636506595.7688653469 0.0009677404
760200094.4495185614 0.0000163522
613944173.0039250851 0.0003859361
617947234.2019271851 0.0014508353
743028197.7603478432 0.0002341048
708791392.4563461542 0.0005835781
634340349.4620963335 0.0011477861
708736458.6998841763 0.0002835702
658121879.5192348957 0.0000219459
615620330.0910912752 0.0007465067
681299023.2481199503 0.0003416594
554905450.1564910412 0.0000253730
361645612.2659507394 0.0000005233
294680608.5459559560 0.0000239527
367205928.9172483087 0.0002796689
313396258.3028877378 0.0000322878
374689515.2154238224 0.0000011393
281919301.0821676254 0.0000072188
275835608.3331423402 0.0003336466
275383988.4197583199 0.0003987344
373926137.9054034352 0.0000530989
275967744.5808022022 0.0004205159
378898655.2849220634 0.0005976287
278413523.8284974694 0.0003076730
257667844.8204286993 0.0000467628
261494668.1698472202 0.0001052537
295093878.0024533868 0.0006884173
255681192.0920832157 0.0001023381
262158034.8174998164 0.0002115252
261591199.5283417106 0.0001015530
278542020.4926676154 0.0007595595
258802383.2577450573 0.0000988639
240129240.2990152836 0.0000232674
259329084.9042216837 0.0000210693
264199132.0928690135 0.0001801253
251532358.9962923229 0.0000000607
290980971.9103940129 0.0002720853
249132257.8663150072 0.0001077351
264509434.1140813828 0.0015648286
236797799.0921714306 0.0000730676
295922136.2764768600 0.0029943012
260791522.2217336893 0.0006179425
255995989.8028194010 0.0001116486
242512309.8071284890 0.0000696011
234900825.1458564699 0.0004527902
245412389.0669906139 0.0006626854
234502495.1957249641 0.0021800413
253340423.4741949439 0.0009444706
241079919.1182075143 0.0009677854
267557911.7779425085 0.0022008722
269538367.4036312103 0.0000865042
239466324.7367070317 0.0039083997
290596634.3832861781 0.0007373235
233740121.3657054007 0.0017830849
264644474.6071604788 0.0014074807
242455014.4573132992 0.0009087633
224482653.6538649201 0.0002353997
228241158.1901399493 0.0005964324
274570915.7510417700 0.0003483133
227414952.0458417833 0.0002305699
241920504.8465410173 0.0001697089
226661670.6032103002 0.0001311713
233433285.6217806339 0.0016280189
225361335.0103390813 0.0002224008
255688466.9774065614 0.0003342673
226477384.7839109004 0.0003020726
264876880.9110762775 0.0028637450
224811313.7863191664 0.0004248970
247382685.3356177211 0.0000067802
254271935.1258124709 0.0000068942
227180692.8918703496 0.0000734479
248703324.3047948480 0.0001963234
286109510.8430457711 0.0001173744
224410003.5346602798 0.0001732985
253182674.0734606385 0.0002486629
224467071.4423925281 0.0001239097
253074054.3229343295 0.0002409661
222498158.3226692975 0.0004432870
253439629.1280364990 0.0000724627
231167701.2087500095 0.0010647211
261403566.5704717040 0.0008383430
245828782.9291795790 0.0013313959
245428969.3744898736 0.0012937904
228275799.4857646525 0.0001163120
267863997.0442920029 0.0001323036
235177477.7390762568 0.0000587928
273742928.0873585939 0.0000475782
227224454.4981991947 0.0002405709
243764209.1552027762 0.0000016477
223656265.7476457357 0.0002698464
229834797.7881093919 0.0004268046
225778128.6923335493 0.0000014924
226432710.5992448032 0.0003883620
240137360.6702056527 0.0006986617
227399298.4676935971 0.0004758146
233375903.8705157638 0.0014667832
226789277.6736667752 0.0003665305
241279765.9506052434 0.0002494240
227966551.2187957764 0.0001792242
226955859.5605770350 0.0007467779
225046139.1789652109 0.0006694578
242930174.4326769710 0.0005443737
229403839.8848192096 0.0005994965
256675838.4817984104 0.0000000388
223106859.3880373538 0.0004101081
235519520.9988587201 0.0000010814
225878614.8921222389 0.0004587556
247266040.9720167816 0.0004363308
225123082.7007775903 0.0003528073
223480304.6428740323 0.0011493506
225234379.7728705406 0.0004878292
259244751.3319921494 0.0003008835
221942400.4517013431 0.0007734677
223634632.2544285655 0.0006836859
234146242.2923769355 0.0007873223
221666154.1178814769 0.0007404956
222695454.6080182493 0.0005216193
223231931.8474146724 0.0007079454
224961425.7345167994 0.0006551143
226306765.0001824498 0.0009075746
228671666.5562166572 0.0003586399
223955350.4322516620 0.0008448967
224377268.1016988456 0.0011281759
222225649.1219599545 0.0005555134
224451144.2541835606 0.0003830504
222150623.8450421691 0.0008059437
230870085.2296590209 0.0014582724
228245245.1763590574 0.0008122868
227939959.8745027483 0.0003757155
223628189.2580296099 0.0008039814
227960069.3982999623 0.0005148580
223397013.0477600992 0.0007559452
230914303.8242598176 0.0000380270
221786170.5090554357 0.0007571120
221821117.6216678619 0.0007285436
225765434.9795290828 0.0005965985
239597860.7518560290 0.0009374421
226475303.5077978671 0.0007397555
230896244.6234863698 0.0007637832
222925714.3693548143 0.0007513316
245284403.7202713490 0.0018637200
222525168.5117362440 0.0008636045
223227575.9664584696 0.0005682022
221450320.9064038098 0.0006967814
230312276.1601797640 0.0008795102
228591062.1122135818 0.0005975370
226747631.7123318315 0.0004932624
225760945.0491159558 0.0005231312
231313037.7179073989 0.0007011778
228203597.9968644679 0.0005317426
221757570.4612228274 0.0006995101
234099068.8973054588 0.0007257202
222480039.1498866379 0.0007009928
221291235.9777753949 0.0006109034
221375809.6193721592 0.0006671489
222355708.0132426620 0.0005229437
221091831.9935854971 0.0006047589
223627861.5192260146 0.0006888733
221564385.4043387771 0.0005549676
227200483.8529647589 0.0002606799
221529884.4143638909 0.0006072123
223776172.2350884974 0.0007474913
225710566.6042580307 0.0005799874
228639995.4408636391 0.0004761759
221379188.7482031286 0.0006244000
224022533.5258817375 0.0012151418
221219955.9714254439 0.0006047048
225194826.8886033595 0.0005355115
221161343.0634370148 0.0007186198
222117218.2578048408 0.0006224355
220754431.4843279421 0.0006612777
223906679.6473220885 0.0011142903
220996288.5811415017 0.0005974095
222110060.8020425439 0.0006562353
221262791.6998751760 0.0006159076
225396803.3818463683 0.0007754809
221503555.3301028013 0.0006595699
223054542.2962900102 0.0007716937
221665566.0671866536 0.0006527812
224448176.0413470566 0.0008683111
223390067.6739588082 0.0006282777
222518443.9778439403 0.0005208005
222289611.3651769459 0.0006087195
221159287.0525619388 0.0007808635
221327812.6291421652 0.0007096582
225895795.8492065668 0.0005012482
220745730.9285606742 0.0006155234
221685385.1295630336 0.0007243133
227075691.8664209247 0.0005828988
220699208.9221776724 0.0005543373
220010904.1517248452 0.0005861930
225929070.2687492967 0.0005528599
221634512.1930381656 0.0005855049
218928941.3332151473 0.0007258041
220067337.3388905227 0.0007106613
223115456.9912821651 0.0008003401
219759773.1631586254 0.0007353022
222042026.9185002744 0.0006571000
219873629.6039057970 0.0006938605
219632813.0997235477 0.0003368364
219612354.2642640769 0.0007131458
224473919.5852572918 0.0005391225
220549932.9323782325 0.0007911009
222010813.7942807674 0.0005209303
218989907.4120981097 0.0008208612
228667346.3248038888 0.0008990057
224418180.8194205165 0.0007152255
225588950.0860962272 0.0012238344
220054901.9253787100 0.0007329528
222681598.4966569245 0.0006047326
220712851.2730922103 0.0005977111
222922976.9476091862 0.0008007222
219480159.6260910928 0.0007548085
221312827.9227938354 0.0009796428
222364848.4841375947 0.0007073754
222737415.9837634861 0.0006286738
226638218.6426991820 0.0007152090
221799113.5914721489 0.0008487795
221984499.0774873197 0.0006541825
227592992.0631836653 0.0007905051
219462906.4248768985 0.0007781844
220478438.6428740919 0.0006996070
221741539.5927514136 0.0005759004
223492682.2755497694 0.0006884915
221331871.1945466101 0.0007043412
221112791.5688332021 0.0010354084
219654530.5192571580 0.0007137541
227101072.5006022751 0.0012089832
220652845.8963797987 0.0007071376
225092235.5272115171 0.0006198397
219010657.4726141691 0.0007787942
224098230.2200890183 0.0005932912
219401270.8258866072 0.0005807344
219062481.9862978160 0.0007076563
221793498.2516396344 0.0007061592
219146869.8445789218 0.0007132239
219707536.5729127526 0.0007117656
219005423.0936186612 0.0007299253
218966767.3922464550 0.0007633902
219650172.6225022078 0.0007582930
220142051.2517246902 0.0006870973
219416277.2793624699 0.0007322930
219924102.6982480884 0.0006260050
219639673.9593837857 0.0007571244
222314938.1981568635 0.0006625180
219187747.5998962224 0.0007062101
222611216.4046043754 0.0006505058
220144544.7385572195 0.0006032510
220059219.8531139195 0.0007266510
220693224.0746208131 0.0007369006
219178055.9323284328 0.0007158474
220031031.8702664673 0.0006779888
218966914.3081689477 0.0007221227
220665309.3907387853 0.0008523433
219104664.6421673298 0.0007393952
219469381.2814933062 0.0007812713
218839430.5700573027 0.0007243756
226214004.3556752205 0.0007041109
218814750.9365395010 0.0007381863
220299389.7108845115 0.0007463869
219034338.7508312166 0.0007270880
221370136.6607102454 0.0007343095
219605056.0053118765 0.0007525001
219381743.5513235331 0.0006951631
218790382.6383410394 0.0007376798
219081247.3496350944 0.0007483080
218809634.0013284683 0.0007290531
224500961.3846284747 0.0007014955
219521489.9238625169 0.0007329349
219543703.1536284685 0.0007433768
219258032.4704545438 0.0007263349
219396297.1977499425 0.0007869855
219536360.4403924346 0.0007124445
218954618.6157159209 0.0007096925
218976206.3484371305 0.0007406159
220753940.6093754470 0.0007296461
218907543.6607832015 0.0007463093
224418522.6072884202 0.0007514110
219750385.8203946352 0.0006870123
218848318.0049560070 0.0007361568
218969907.8271738291 0.0007255973
218920609.4146328866 0.0007337608
219034836.1424406469 0.0006921868
218816187.0597209930 0.0007255491
219274299.5715946257 0.0006901880
219307842.1936020255 0.0007267724
218715969.6877766848 0.0007879743
219816223.1979674399 0.0007934724
220543676.7289224565 0.0007865449
219636126.7883177996 0.0007838542
220133043.9942701459 0.0008154273
218751973.6189214289 0.0007925110
220074535.8831533194 0.0007670879
219558720.7798579037 0.0007934853
218629188.0356733203 0.0007812150
218766510.4438633621 0.0007839679
218805649.3562606871 0.0008178416
218735643.7527808249 0.0007836742
218901947.4171686172 0.0007997843
218589197.7152605057 0.0007756774
219371260.3393675387 0.0008068038
218650508.6560915112 0.0007775809
218902008.2138558626 0.0007835691
218776385.2580309808 0.0007675861
218970561.9482756257 0.0007129938
218813871.7893798649 0.0007704552
220146851.8911315501 0.0008114918
219363969.4562167227 0.0007833472
219334467.4149349332 0.0007348028
219303889.7600097656 0.0007627452
218908282.2627212107 0.0007886302
218692386.7004127800 0.0007752663
218743483.5575653315 0.0007601512
218624313.0604763329 0.0007773244
219887353.7118535936 0.0007553792
218674576.6969927549 0.0007692926
219317410.1526521444 0.0007192716
218645116.7321912348 0.0007727591
218859058.0776253939 0.0007833507
218805405.0883001983 0.0007711591
219678076.4348267019 0.0007788861
218660440.5495009422 0.0007802977
218766300.6269915998 0.0007845432
218710607.5181892216 0.0007848564
220412635.6184790134 0.0007873052
218715998.1109974384 0.0007870343
219670106.3861993849 0.0007420984
218791988.2040967941 0.0007742334
220697961.0761948824 0.0007497110
218592774.5371653736 0.0007803165
219245218.5751443207 0.0007483055
218736390.0983385444 0.0007683914
220434498.9513347447 0.0007776680
219484725.0771162212 0.0007877947
218951460.1256484389 0.0007937210
218589085.4969491959 0.0007783083
219370971.6917279959 0.0007457566
219794608.7822742462 0.0007790849
218806195.4495055676 0.0007845703
219674823.0066323876 0.0007979470
218816735.8008334339 0.0007840048
219592096.0818362832 0.0007660429
218563350.1560803652 0.0007806671
218722686.1252236068 0.0007830888
218609855.1685940325 0.0007777210
219467636.9474436045 0.0007756314
218790794.3895397186 0.0007801366
219327055.9952470064 0.0007691715
218664595.8885242045 0.0007772263
219580093.4079051316 0.0007899743
218606688.2409962118 0.0007855127
218628128.3290589154 0.0007791657
218636050.5510920584 0.0007702966
218696261.0011537671 0.0007916968
218779728.3906819820 0.0007821182
218759149.0295898616 0.0007769835
218769603.9046715200 0.0007840654
219798433.9060019851 0.0007566457
218673090.7918196023 0.0007744802
218802096.2660742402 0.0007899442
218794822.3291755319 0.0007794683
219790699.7622548044 0.0007680282
218608659.1531778276 0.0007792040
219299301.7864579558 0.0007989457
218706421.4210875630 0.0007825920
219825499.6499393284 0.0007777614
218643892.4379746020 0.0007837880
219060123.4470721483 0.0007993980
218802416.9859539270 0.0007823472
219792113.3019308746 0.0007871319
218582245.4901277721 0.0007870406
218570418.2001041174 0.0007728385
218706022.9434723854 0.0007767596
218742306.8575878739 0.0007855495
218641493.8827846050 0.0007870165
218826060.7257914543 0.0007796031
219032845.1340837479 0.0007757003
218592847.2379708588 0.0007800905
219153008.6562081873 0.0007683406
218813001.9417891800 0.0007800099
219755364.1779660583 0.0007801975
218694793.4993957877 0.0007808438
218957857.5006802976 0.0007735066
218619647.4397836030 0.0007822917
218858541.9038106203 0.0007866706
218720366.3841512799 0.0007782741
219761115.8538058400 0.0007964785
218684375.0155961215 0.0007804001
219642818.4173707664 0.0007806842
218612708.5530444384 0.0007810251
218658924.5468873680 0.0007786973
218770997.8079596162 0.0007801468
218612251.5363647938 0.0007840974
218582048.1199889779 0.0007799911
218804222.1899875402 0.0007829937
218817721.1676092148 0.0007788883
218780173.6528944075 0.0007714045
218621655.3470143378 0.0007812536
219696185.6285123825 0.0007766788
218559026.3757297695 0.0007799951
218636850.9983848035 0.0007866932
218748945.9895353913 0.0007821026
218776959.2008907199 0.0007773537
218804921.6647553146 0.0007774107
218563653.4258055687 0.0007798044
218640401.4144189954 0.0007824632
218567683.9941222370 0.0007794564
218613030.0234228075 0.0007798382
218585386.3758345544 0.0007799940
218792069.8133988082 0.0007836217
218605117.5573677421 0.0007785265
218734141.0455739200 0.0007883864
218811710.8364240825 0.0007791037
218635526.7253333926 0.0007796853
218611314.2506340742 0.0007799483
218912048.3887218237 0.0007745544
218596858.7328662574 0.0007813039
218795669.9024231732 0.0007764787
218822701.4878036082 0.0007800332
218807896.9399013519 0.0007771770
218816563.5700250268 0.0007800700
218620161.4434055686 0.0007797489
218583600.0736029744 0.0007804410
218589645.8164905310 0.0007810567
218800677.0258850753 0.0007803490
218708169.8991579711 0.0007835079
218827019.4921150804 0.0007798310
218759925.7080561221 0.0007830622
218816929.7669383585 0.0007796586
218730483.7164746225 0.0007832893
218574386.4323741496 0.0007801185
218602131.6371409297 0.0007780762
218564453.9751048684 0.0007807422
218758578.6999633908 0.0007785189
218566708.6637708843 0.0007809030
218615354.8297438025 0.0007753353
218822575.9794445932 0.0007810188
218720146.9427264929 0.0007795378
218599804.3478093445 0.0007809459
218826233.7613305151 0.0007799120
218770195.8503901362 0.0007798965
218574017.1132966876 0.0007795699
218796390.0140415430 0.0007800329
218553975.0982469916 0.0007816015
218794174.3264597952 0.0007827357
218818484.1520417333 0.0007820164
218571063.6045851707 0.0007795355
218554402.6533990204 0.0007818733
218729535.0030072629 0.0007809765
218816087.2349120378 0.0007818821
218595617.7990678251 0.0007817139
218594555.5486982465 0.0007805539
218651918.8154528141 0.0007802279
218816954.6276582479 0.0007809907
218593856.7034209073 0.0007840194
218804949.8932598531 0.0007814816
218575274.6159219146 0.0007811073
218572884.2303509116 0.0007831327
218558628.4169504941 0.0007814563
218826367.4543373883 0.0007811922
218571473.6920336187 0.0007813475
218584484.1366242170 0.0007815202
218817395.7580316961 0.0007815147
218556283.9140691459 0.0007831627
218554617.6059823632 0.0007818433
218624409.8451137841 0.0007810906
218560398.0025864244 0.0007815098
218563543.2856945395 0.0007822929
218557470.1056078672 0.0007815305
218776168.1629352272 0.0007813635
218554407.0889572203 0.0007817516
218804480.5543381572 0.0007820121
218568303.8143398464 0.0007813982
218598151.6604262590 0.0007816284
218563790.1447733045 0.0007818709
218818435.2781561315 0.0007820574
218815352.2161125839 0.0007815451
218554524.2913534343 0.0007816108
218827058.6590348482 0.0007816404
218635723.0747311115 0.0007801777
218826108.6223978400 0.0007817320
218800032.9400707483 0.0007810426
218566577.2978229523 0.0007816777
218561599.4566748440 0.0007820499
218558080.8150278330 0.0007818097
218801695.1998414099 0.0007819154
218558028.3808457851 0.0007815583
218557741.1156957448 0.0007823403
218561938.0004794300 0.0007818481
218825908.1484799981 0.0007822300
218557118.0672168434 0.0007815391
218825700.3700957596 0.0007822514
218826179.7210321128 0.0007818901
218824755.8666770458 0.0007818080
218553922.4961841702 0.0007819714
218554158.7168114185 0.0007821428
218560592.6189644337 0.0007819285
218555221.9778362215 0.0007819398
218552426.6540406346 0.0007820660
218825201.2524501383 0.0007819516
218560582.5434667468 0.0007823205
218552272.1558701694 0.0007820103
218553298.3741795421 0.0007824162
218554482.3271500468 0.0007822464
218824356.8578689396 0.0007819182
218555205.6325450540 0.0007819898
218814101.7300415933 0.0007818816
218823912.6831106544 0.0007819759
218794719.2554106712 0.0007826294
218564564.7411921024 0.0007819507
218570269.2816930413 0.0007818041
218552096.1057480276 0.0007821010
218558192.9185773134 0.0007813904
218553015.2371055186 0.0007818762
218819824.8706414104 0.0007813286
218553049.0330089629 0.0007820172
218577120.2428620458 0.0007821587
218552271.3506486416 0.0007821047
218557627.6768472791 0.0007824078
218567483.3653441668 0.0007820921
218591103.3452513218 0.0007826664
218824763.2251331210 0.0007820702
218555848.9190446138 0.0007821613
218552906.8537270725 0.0007821056
218565671.1078222990 0.0007822161
218554418.6327018738 0.0007822045
218564456.9562043548 0.0007821433
218553206.8756952584 0.0007820919
218563578.7655724287 0.0007821513
218824202.4785026312 0.0007818872
218565396.8518861830 0.0007825892
218554730.4868906140 0.0007819823
218826046.6864664555 0.0007821793
218557543.7645047903 0.0007819052
218553218.7199804485 0.0007821443
218563412.8379428089 0.0007817459
218552852.5654011369 0.0007820125
218555633.4387990236 0.0007820556
218554197.1886582077 0.0007820399
218551074.0645413101 0.0007823364
218551531.7201947868 0.0007823565
218554270.8025704324 0.0007822239
218550597.8473602235 0.0007823631
218551080.1530822217 0.0007824955
218552069.4128611386 0.0007823581
218824786.8153477609 0.0007825502
218823948.2455712259 0.0007823916
218820620.1418633461 0.0007826244
218550340.0379547775 0.0007822844
218560891.6571913660 0.0007822142
218550260.6822054982 0.0007822637
218563781.7312690318 0.0007823114
218824441.8721472025 0.0007823016
218806029.6560932696 0.0007820599
218823226.7326236367 0.0007821568
218558916.8047764301 0.0007819091
218825551.1916157007 0.0007823174
218570747.9289064407 0.0007819228
218551521.0049411356 0.0007822999
218558264.5879780948 0.0007822213
218552939.0492002964 0.0007822917
218555370.4745309651 0.0007823583
218552112.7797675133 0.0007822659
218560855.4155163467 0.0007820782
218552889.7899488211 0.0007822939
218553611.2476542890 0.0007823701
218549890.5825495422 0.0007823428
218549466.6591862440 0.0007822475
218824814.1494021714 0.0007821053
218558391.9651452303 0.0007823326
218553327.4961741865 0.0007822397
218821932.6222774982 0.0007826335
218549351.1880001724 0.0007823399
218559019.7459941208 0.0007821622
218821187.2523592114 0.0007823018
218566888.5547099710 0.0007826538
218823769.7573607266 0.0007822632
218553876.1894411445 0.0007824608
218822744.0157373250 0.0007823378
218557130.6966058314 0.0007823491
218823825.1476900578 0.0007823891
218822937.5973047018 0.0007821279
218824406.6774893999 0.0007823312
218821152.9876376987 0.0007825028
218550743.8722175658 0.0007822720
218817532.5120968819 0.0007820679
218549237.2784457207 0.0007823349
218556844.6956256032 0.0007827512
218571636.1043786705 0.0007820667
218824947.7203414440 0.0007824492
218549425.5025663972 0.0007823237
218822560.3397386372 0.0007823232
218824198.0826765001 0.0007823636
218556211.8940585852 0.0007823015
218549113.9130762815 0.0007823935
218823067.0084474981 0.0007823861
218824537.3903672397 0.0007824387
218551191.1039745808 0.0007822940
218824547.9414322972 0.0007823819
218553053.5994805694 0.0007823535
218551424.7819245756 0.0007823297
218824454.2009527683 0.0007824566
218824831.4881758392 0.0007824103
218823479.7459399104 0.0007825666
218825196.7795746326 0.0007824107
218555943.1472845674 0.0007823306
218825118.9900501370 0.0007824075
218551818.8216127455 0.0007823593
218549673.3327141106 0.0007823768
218548884.3841286600 0.0007823500
218824505.3059689105 0.0007823833
218551362.7550871670 0.0007823109
218550662.5663430095 0.0007823277
218553980.0639428198 0.0007822215
218824810.6842048168 0.0007823505
218550991.4569356441 0.0007821811
218549726.4507415891 0.0007823768
218560320.2120205760 0.0007822346
218822637.3487958908 0.0007823525
218553995.1094697118 0.0007823891
218824714.7182970643 0.0007822809
218550961.3848314583 0.0007822368
218548867.5574014783 0.0007823041
218559849.4961601794 0.0007822470
218548850.1900442541 0.0007822948
218555976.7659383714 0.0007820466
218550365.2234864235 0.0007822728
218554662.0147483051 0.0007822750
218824272.6450968981 0.0007823432
218548495.8279613256 0.0007823035
218825018.7972627580 0.0007823002
218555021.7934237719 0.0007822895
218824828.8009334803 0.0007823274
218552646.5390116274 0.0007820253
218824900.6071724594 0.0007822975
218549379.2957226336 0.0007822474
218548837.6563020647 0.0007823435
218551420.6961873174 0.0007822220
218822962.5401225090 0.0007823006
218552343.6643659174 0.0007821346
218548848.1146768034 0.0007823121
218553623.6104902625 0.0007822819
218549897.9411538243 0.0007823463
218551267.9355672896 0.0007823286
218824241.7026811838 0.0007822863
218555154.2922629118 0.0007822631
218549501.3523029685 0.0007822983
218549668.0848278701 0.0007823208
218823665.1448585689 0.0007823151
218557802.3938559890 0.0007822633
218824766.1882351041 0.0007823061
218552744.7941223979 0.0007822460
218548617.8960578740 0.0007822882
218550147.5106682479 0.0007822290
218824057.6861136556 0.0007822787
218550170.7307254672 0.0007822510
218548935.5787304342 0.0007823357
218548481.6892185211 0.0007824577
218548640.6846449673 0.0007824300
218561610.6887127161 0.0007824678
218824714.8622961342 0.0007824377
218548146.9349473715 0.0007824279
218823570.3052838743 0.0007824494
218548504.9354294837 0.0007824360
218823215.6540195346 0.0007824601
218549311.9142366052 0.0007823242
218550814.1959454417 0.0007824142
218549480.9356842935 0.0007823685
218547915.8010189235 0.0007824393
218554506.2879832983 0.0007823123
218824357.6835532784 0.0007824792
218550680.3751473427 0.0007823445
218548355.3041086793 0.0007824535
218548707.6197917163 0.0007823085
218548737.6700983644 0.0007824134
218550921.3650968671 0.0007825401
218824434.9033835828 0.0007824144
218812638.5300103128 0.0007824754
218550196.7485888302 0.0007824263
218820103.0136384368 0.0007823703
218823977.3472646773 0.0007824186
218549273.0674005747 0.0007825566
218823187.7453960478 0.0007824445
218557237.1673115194 0.0007824545
218548045.3808608353 0.0007824441
218549089.6500020027 0.0007824927
218549928.4906585813 0.0007824736
218553339.3263894916 0.0007822716
218550008.2091830969 0.0007823082
218823445.3465490341 0.0007824445
218548111.3306061029 0.0007823961
218548250.1984610260 0.0007824486
218551349.4414754212 0.0007824589
218547922.5523567796 0.0007824382
218823839.9947541952 0.0007824490
218548579.0026760697 0.0007823982
218548402.5587807298 0.0007824671
218547952.3653387427 0.0007824444
218550835.2025684714 0.0007824310
218547973.5259212255 0.0007824281
218549205.9977570772 0.0007824493
218548717.7322170734 0.0007824423
218822924.1003077924 0.0007824555
218548366.6073866189 0.0007824263
218548452.3461576998 0.0007824632
218548426.8570388854 0.0007824368
218823796.7561259270 0.0007824400
218548601.7660917640 0.0007824219
218549853.1742423475 0.0007824661
218823787.0971496105 0.0007824804
218550902.5825853646 0.0007822837
218548588.6406812668 0.0007824226
218823316.5170269907 0.0007824699
218548852.8510259390 0.0007824468
218550485.7672102749 0.0007824552
218824344.1304235160 0.0007824414
218820909.6481833160 0.0007824612
218548530.5306603312 0.0007824358
218551347.2118235230 0.0007824493
218824293.1736772060 0.0007824462
218550644.1088764369 0.0007824369
218824318.8028337061 0.0007824561
218550739.8839178085 0.0007823941
218548921.8919914365 0.0007824565
218548021.7273406982 0.0007824982
218548062.2240462601 0.0007824543
218547911.4930470884 0.0007824396
218547994.9994631112 0.0007824662
218824153.9951623976 0.0007824392
218547997.6931857169 0.0007824681
218824279.3151129782 0.0007824476
218548633.5636897087 0.0007824237
218824344.8908327222 0.0007824516
218548895.6828891039 0.0007824618
218547845.2034373581 0.0007824404
218548137.7468895912 0.0007824549
218548247.4637544155 0.0007824350
218548534.2865796089 0.0007824117
218548059.7010166645 0.0007824413
218548282.1754085422 0.0007824049
218824132.9639830887 0.0007824641
218548927.4516152442 0.0007824272
218823882.5119951665 0.0007824362
218550943.8716564476 0.0007824085
218547883.2529633045 0.0007824331
218823441.1664813757 0.0007823808
218548017.3558348119 0.0007824443
218549212.8989148140 0.0007824910
218547999.7299212813 0.0007824356
218824145.4399824142 0.0007824730
218547915.2432839274 0.0007824248
218824357.6959986091 0.0007824406
218548080.7248098850 0.0007824382
218824441.7060072422 0.0007824379
218547907.0965447128 0.0007824468
218824232.0329889357 0.0007824533
218548600.1832430661 0.0007824034
218824195.5368230343 0.0007824399
218548540.5360810459 0.0007824277
218824164.0945216119 0.0007824421
218548671.8643000126 0.0007824400
218824345.3555502892 0.0007824433
218548446.4083391726 0.0007824289
218824158.8165497184 0.0007824366
218548582.1277933419 0.0007824507
218824397.5887939930 0.0007824414
218548011.6127096415 0.0007824347
218824363.9852737784 0.0007824404
218547844.7356256843 0.0007824444
218547881.5319502652 0.0007824453
218548459.5818617046 0.0007824341
218547828.6566932201 0.0007824456
218547961.2228129804 0.0007824317
218824303.8162704408 0.0007824433
218548146.8282285035 0.0007824286
218824441.6066600978 0.0007824475
218549435.5958446562 0.0007824255
218547839.4631196260 0.0007824387
218548226.3975621164 0.0007824590
218824391.8772089183 0.0007824400
218548786.5251373351 0.0007824448
218824039.0270154774 0.0007824491
218548429.3153649569 0.0007824617
218547921.3286694288 0.0007824514
218548385.2347626686 0.0007824340
218548003.4008343518 0.0007824496
218823328.3753013313 0.0007824695
218824338.4033600688 0.0007824458
218548306.7448968291 0.0007824406
218824440.8815900981 0.0007824446
218548195.5180564225 0.0007824436
218824252.7208665907 0.0007824452
218548553.5345262587 0.0007824447
218548215.6235013008 0.0007824338
218824408.5576640368 0.0007824446
218548070.5678955913 0.0007824484
218824409.8279093504 0.0007824458
218547969.3883926570 0.0007824442
218824441.9865791798 0.0007824460
218547870.0285985768 0.0007824410
218824384.1391204894 0.0007824478
218547976.4422092438 0.0007824421
218824414.8411753774 0.0007824472
218547859.3811103702 0.0007824395
218824411.2420775294 0.0007824465
218824392.7938256860 0.0007824400
218824294.8235885203 0.0007824463
218824338.6077318490 0.0007824356
218824419.2231239676 0.0007824446
218548191.8334893584 0.0007824308
218824409.9288566411 0.0007824448
218547876.1577687860 0.0007824465
218547834.0251056552 0.0007824464
218547942.4594137967 0.0007824484
218547830.8340041935 0.0007824469
218547982.2942026556 0.0007824414
218824378.4381358624 0.0007824478
218548224.1505306065 0.0007824482
218548042.4560033083 0.0007824430
218548097.3537122607 0.0007824427
218824448.4525279105 0.0007824451
218824390.4400758445 0.0007824541
218547846.5996032059 0.0007824448
218824240.1700735986 0.0007824520
218547858.8063142598 0.0007824440
218547984.4308623075 0.0007824462
218547848.2870491743 0.0007824448
218547960.7492581010 0.0007824464
218824341.9775102139 0.0007824442
218547946.1354163587 0.0007824507
132876209.0000000000 0.0007824507 1 0 0 0 0 0 0 0 0 0 0 0 0 0 0 0 