816479423.7020624876 0.0000004714
825909915.5354763269 0.0000001260
823970149.1723642349 0.0000001960
877419400.3699073792 0.0000001796
1080185548.6536939144 0.0000000095
879503645.0273283720 0.0000001111
821677894.4031356573 0.0000003561
879429913.1645693779 0.0000000628
902888548.1698882580 0.0000007665
898068860.4155914783 0.0000002031
790309923.7659764290 0.0000001803
906296998.6015512943 0.0000001359
799592696.6412371397 0.0000005221
788337110.5979348421 0.0000006550
845805602.9838947058 0.0000001465
891017841.7570757866 0.0000002403
726338294.1083078384 0.0000817688
717518913.5400662422 0.0001386453
712729308.4742897749 0.0001858079
693371087.8063004017 0.0002143410
727070698.1305987835 0.0000986164
705222371.5124250650 0.0000333487
770251829.3045769930 0.0000000467
686456899.4065837860 0.0001908145
682310036.6672223806 0.0001666127
766872624.3811583519 0.0000221982
750114559.1724927425 0.0000605702
685178361.5498336554 0.0000598119
745596289.5444151163 0.0000050533
718223397.6164669991 0.0000254219
680678982.9563152790 0.0001477833
824168186.3078920841 0.0000109282
569809806.7625089884 0.0004876315
378290260.3810685873 0.0038280476
301342862.9093496799 0.0106711750
313419442.5166000724 0.0001159531
293874895.1211402416 0.0114438942
316525010.8498656750 0.0086151552
303848719.5085656643 0.0094612620
351676427.9310241342 0.0066997733
294996385.6051385999 0.0122678764
353072621.7140712738 0.0068985666
293267063.9351895452 0.0108702068
277595872.1847187877 0.0117510896
277218884.4013364315 0.0116275983
315538510.7525677681 0.0085441925
274460401.8146448731 0.0114259205
367304938.4901939034 0.0037011002
277977098.2960506082 0.0115266158
223093728.0819429755 0.0206526377
234441048.2628654838 0.0188484961
384553063.6243620515 0.0054336170
229131873.3677692413 0.0199218997
251960529.5881463587 0.0209915936
224020984.4307528436 0.0190334421
227178431.3150353134 0.0315386140
227029098.4404129088 0.0203675104
245614066.1774996221 0.0194980699
216574116.0136186779 0.0239456221
232324447.0865553021 0.0318147137
224757003.7874287069 0.0216171536
288001268.0111428499 0.0088634718
235051656.7097238302 0.0306829632
257811978.2349425256 0.0102033179
231763901.6236440539 0.0263280260
211616161.9873599112 0.0315703751
210282349.5302397609 0.0254814983
211665365.5272768736 0.0178566571
206379854.4302166104 0.0374543475
240582282.4562242925 0.0229602019
203919357.2256229818 0.0321940124
260553447.0016299188 0.0049842013
209514171.7707025111 0.0259019176
315822182.0086050630 0.0102510992
221998068.9908682108 0.0304583453
227541374.1716572642 0.0143350708
225227553.5417492390 0.0248167092
233844732.6337040663 0.0170284485
201876776.5996192098 0.0075398484
263387195.5811282098 0.0124218390
203294277.3857811987 0.0125350113
229184493.3262697458 0.0005369982
206838302.6775854826 0.0062306388
274862677.8518068194 0.0002067946
204055207.3361597657 0.0059844353
245892020.2137277126 0.0028064649
203710719.4153505862 0.0061147550
209577029.0352324247 0.0087890828
206050548.4843204319 0.0064830485
205179317.9211967587 0.0102099510
206046077.6414059401 0.0056949882
254366331.2542792559 0.0004073437
217747640.5285136104 0.0053718892
248885176.2337785959 0.0025789417
220447257.5456959307 0.0047537213
218650475.7607471645 0.0027701153
208132706.5533109605 0.0062146896
288137968.1891763210 0.0014702849
208395084.9980460405 0.0086657420
239481912.6168558002 0.0065684378
207766901.9573097229 0.0062228935
299782048.7128078341 0.0001380960
205056578.6870079041 0.0079544754
226960833.2035191953 0.0029434364
205570336.2584819496 0.0063118038
211194962.8291912675 0.0100584208
217362837.3582524061 0.0073147453
235511184.4098797143 0.0027024323
203729551.7982263565 0.0076832151
227122272.9758723974 0.0029083617
202260446.9179176092 0.0087786695
231031999.5843326449 0.0029138735
203745778.5879917145 0.0052247447
220578322.8935255408 0.0039516007
212168469.7623023689 0.0097329858
208747072.6118453443 0.0076985872
186049133.4425960183 0.0101444105
187490163.1232166290 0.0087519262
190845314.9752617478 0.0110026526
187681528.4621969163 0.0102126847
213239855.9848088026 0.0126937436
184650692.0773506761 0.0108427615
189440744.9859564900 0.0025528028
186041931.7121957242 0.0110993732
203449302.5160623193 0.0065507619
184333747.3099139929 0.0062202578
181437288.8550083041 0.0082515163
182349257.3093865812 0.0075722134
225951051.6053257287 0.0076750771
225473844.8442086279 0.0077813632
211548097.5050599873 0.0115080778
182250696.0372287929 0.0086950260
218001905.5241185427 0.0084406477
179108375.1225178242 0.0092019632
182196135.3300430477 0.0082247144
184979550.5571090877 0.0099169428
176702751.4025852978 0.0022491831
177924704.8957335055 0.0017468359
195375285.4888363183 0.0114262889
178185485.6499966979 0.0020828575
208583439.9698943198 0.0029030751
206637471.2038739920 0.0025122125
210541445.0810256004 0.0010505902
178120792.9879077375 0.0022246680
175994183.2745523453 0.0008447356
175231811.7811935246 0.0010546094
213646473.7019908428 0.0014226899
176277044.2312599123 0.0009176367
213329488.6412946284 0.0000994239
176376956.8829867840 0.0009014553
209454369.0319811702 0.0000336239
176973171.8193435669 0.0009216220
189122639.9588806629 0.0013484904
177574809.8957409561 0.0011275570
203501263.7638882995 0.0009801512
178670587.9224595726 0.0015449597
238092431.4300912023 0.0005069480
174857182.0473323464 0.0015814663
187746873.3555977046 0.0007152497
183646728.9066249430 0.0015817604
182889224.7451837361 0.0011859847
187265607.2902220190 0.0017376992
168197982.5168878138 0.0022676458
169938109.6159747839 0.0021141555
218585742.8926085532 0.0136985703
172442845.4283070266 0.0036807604
213721747.7950757444 0.0004113780
166928185.4708069563 0.0023485990
176076735.2194319069 0.0013396956
169170535.5480718613 0.0012792695
165781723.0831921101 0.0006057213
165741292.4801804125 0.0001640700
176892643.8386569619 0.0027165304
169075272.4295513034 0.0003185653
190749217.4986221194 0.0036320367
168448916.6805298924 0.0000021207
176658459.7907730639 0.0001244397
209880965.9303456843 0.0000717278
176569233.8623886704 0.0000541241
165403096.7776489854 0.0001084509
167977531.0535990596 0.0006207814
196813528.6077638268 0.0001184623
186082345.0751483142 0.0027345462
168132675.0750613511 0.0002902478
190093417.4857295156 0.0027167300
164843414.3159358501 0.0001401239
199891139.3367521763 0.0002984549
213058842.0079191625 0.0000335742
166150966.8270310163 0.0019653553
165568261.9800953269 0.0015253258
183834670.2249471247 0.0033272836
204285547.0356858671 0.0001056710
169194871.3705604672 0.0002028352
169579475.2278279662 0.0002540397
165753678.7828568220 0.0002124954
169184901.7443933189 0.0001131282
165310360.4821739197 0.0001483436
172920760.6882179379 0.0000000405
165890957.6749105752 0.0000353790
191804068.0874292850 0.0014821957
165797595.4029814899 0.0002100210
165534882.6388168633 0.0002360599
169905222.0657267869 0.0001059587
170691850.8188662529 0.0008457123
166094175.6400023699 0.0001892754
198725601.4605885446 0.0000452858
166141685.4235335290 0.0003661049
200856038.3882808685 0.0001958696
165890044.8833551109 0.0000867830
201515910.4314638376 0.0004988521
165814397.5144707561 0.0001124170
173859227.0588323474 0.0002354199
165739906.6777688563 0.0001155611
167307337.2286812961 0.0003361506
165592707.6024701893 0.0001299567
175959044.8247060776 0.0000428981
166969283.5725838542 0.0000290380
177102715.2262243629 0.0001628256
168545817.6765115261 0.0003305356
166365212.1925857067 0.0000775349
166092521.7351138294 0.0001745990
165591515.5270723403 0.0003438175
167959167.4617452323 0.0002487336
202906592.1306545138 0.0000342123
168169132.9720668197 0.0000325782
186040093.1003878713 0.0000032786
166178576.3021284938 0.0001595659
167381558.8561816812 0.0002738345
164771496.4972286224 0.0001187818
204135615.6154184639 0.0002351937
164915168.8695519865 0.0000800245
165303246.8243587911 0.0007478995
171187237.4506540895 0.0002473965
165596066.8511158526 0.0000089519
165452292.1495817602 0.0000915677
182651244.8506206274 0.0003176032
166603335.7141431272 0.0003369381
207839532.5200719833 0.0000175616
210800768.1279295981 0.0000187435
181896447.9246143997 0.0009376203
166223448.7777662575 0.0000932964
165366931.6922500134 0.0004235405
199255575.2560490370 0.0001664812
166962814.4408387542 0.0000677786
165152117.0429624319 0.0000187393
167975062.6028215289 0.0001437332
165077347.0683501065 0.0000947682
169061671.9862035811 0.0000000837
165028727.7325667441 0.0002219963
176457307.7273070514 0.0000119612
164902967.6127305031 0.0001050170
165156481.3174087703 0.0001439875
166719317.5122538805 0.0001492460
208179332.6961062551 0.0000512324
165382543.7959410250 0.0000374949
209045460.9392145872 0.0007561377
167727373.3168888688 0.0001209257
169748713.1113985181 0.0000090405
167651161.6887801588 0.0000466275
165368365.0020524859 0.0001144307
167283535.7995842695 0.0001124176
164957135.8926807642 0.0001041356
165140512.5036430657 0.0000742652
165304538.3366927207 0.0001433622
170437866.2229188681 0.0001503715
166477499.0988245010 0.0000843324
166238081.5358529687 0.0000359075
164796805.6965390146 0.0001004407
165770956.9775897563 0.0001141058
165312850.4592604637 0.0000950861
170242714.6165184677 0.0002601547
164879746.7669872344 0.0000995776
166255863.0333082676 0.0000101894
165004149.1785438359 0.0001163899
165409385.7124064565 0.0000929010
165501860.9446689188 0.0000978058
165774614.9571343958 0.0002981067
165463110.5872504413 0.0001057242
165858384.0930958688 0.0000449286
165125427.0476917326 0.0001246896
167666976.6437598169 0.0000597467
164981856.1529731154 0.0001249873
206899681.1026827991 0.0002836051
165480279.4714614749 0.0001110724
168901822.2300280929 0.0000757029
165147674.7867702544 0.0001562532
168209166.6895873547 0.0000025385
165067790.2453580499 0.0001212080
166872988.4533806443 0.0000269182
166334307.8762926459 0.0001262190
206785977.1995830536 0.0002459598
165300970.9780220985 0.0001382833
206635630.8590081632 0.0002112126
165286935.9226604402 0.0000887297
207302958.6668275297 0.0002695861
165496825.0630322993 0.0001394754
206693484.6750415266 0.0002375693
167017284.8521770537 0.0001740088
165417527.6134934425 0.0001137191
166781482.3105099797 0.0001188369
165115149.9800170362 0.0001171422
165720066.8709871471 0.0001278945
165336817.5263684988 0.0001070149
164928466.8766094148 0.0002224615
165294488.7977171838 0.0001255397
167483156.9301189780 0.0001681703
165167528.5488820076 0.0001151597
165209168.4942697883 0.0000966922
165131838.8583724797 0.0001126062
166424360.6637805998 0.0000888046
165041237.5089875758 0.0000941972
165065604.7306331992 0.0000707415
164911801.7808396816 0.0001011691
165132439.3678086400 0.0001027251
165065482.1165678799 0.0001320778
167527845.6199456453 0.0001794158
165330469.6852378547 0.0001103821
165170895.0813531280 0.0000821454
165316766.0472968519 0.0001022647
165100868.1657891572 0.0001919131
165337920.4636135697 0.0001308302
166762932.9316485226 0.0000631142
164999436.0413244069 0.0000965010
164970736.1709323823 0.0001206371
165823352.3776282072 0.0001427021
165328841.8119044900 0.0001243800
165336733.8253615499 0.0001288989
165351809.7921382189 0.0001226012
165745806.7518044114 0.0001048824
164802553.9864491224 0.0001262729
165196837.5567283332 0.0000896783
164768961.7106187642 0.0001183304
165165953.7727833688 0.0001396412
165098732.5629352033 0.0001167638
165260250.6308799386 0.0001318420
164852208.8491092324 0.0001219810
164802562.8562744856 0.0000924452
165326861.8434839249 0.0001104690
165606633.8878828883 0.0000903314
164985188.3672758043 0.0001158293
164853256.9284642935 0.0001093047
164937765.7550992668 0.0001216022
165400548.0612305105 0.0001203926
165156177.1019206047 0.0000985075
165412527.9044514298 0.0001232766
164952224.2891975343 0.0001107609
164834346.9423439205 0.0001285822
165336138.4587343037 0.0001174491
165394180.6284025908 0.0001170083
165343155.2369951010 0.0001221572
165370237.8557263613 0.0001153715
165068681.0966205895 0.0001228435
165358662.7730822563 0.0001185169
164972409.0888848305 0.0001290393
165399846.7138123512 0.0001183805
165367963.4005793333 0.0001208764
164895614.1897884905 0.0001163008
165003760.7592733502 0.0001260947
164892483.8470406532 0.0001176845
165289739.2069591880 0.0001228849
164805382.0399660468 0.0001112994
165022358.8949940801 0.0001239087
165371544.5773878098 0.0001158160
164806975.3630666733 0.0001192603
165395043.5385510623 0.0001140220
164932377.8572489321 0.0001267260
165380874.9230441451 0.0001196177
164766232.0675176382 0.0001218103
165408315.6472407579 0.0001195911
165275059.0855680108 0.0001369963
165437935.2036571801 0.0001174530
166363714.3719875515 0.0001386554
165425522.9995190203 0.0001317717
165702183.9147499800 0.0001241442
165432649.6691907942 0.0001229565
164926341.5772931874 0.0001100043
165409212.6716550589 0.0001229548
164975554.6392501593 0.0001164011
164792574.9375428259 0.0001205904
164786817.3942096233 0.0001150535
164867990.9080872238 0.0001200984
165195438.1256817281 0.0001363333
165284230.2089257836 0.0001161253
164848400.7403604090 0.0001307227
165370107.8726914525 0.0001231430
164791385.0601487458 0.0001313120
164934870.3618177474 0.0001245123
165193055.5904425979 0.0000949916
164792799.2363561690 0.0001216116
165221145.1476982236 0.0001302411
165377955.9858752787 0.0001219540
165196289.4053264856 0.0001016170
165394948.6571924686 0.0001192198
165220544.2121751308 0.0001149566
165309827.1527352035 0.0001228272
165091027.8687228858 0.0001127295
165431436.3985054493 0.0001265166
164950163.3853235543 0.0001317456
165382727.3608359993 0.0001241086
164815395.0009127259 0.0001184668
164924922.2834594250 0.0001237284
164997227.3474271595 0.0001169518
164798669.4875234962 0.0001208350
164954351.7777948678 0.0001249922
165430692.2432489097 0.0001155403
165013495.7439869642 0.0001497434
165321268.8906998634 0.0001271870
165032462.8425804675 0.0001114092
164767426.3678247035 0.0001180885
165279159.3587704301 0.0001270987
164794843.6654993594 0.0001233873
165046169.3901757300 0.0001126143
164854165.7127887011 0.0001243437
165500372.6776413918 0.0001195320
164785821.1193705797 0.0001242613
164893342.1201628447 0.0001322037
165375052.2268861234 0.0001213526
165184637.7237110138 0.0001284940
164827222.4584224522 0.0001276314
164814667.1061531305 0.0001212116
164775311.4914896786 0.0001234886
164765009.1904985309 0.0001217833
165433525.3692379296 0.0001147220
165407890.0259333253 0.0001217535
164779845.7314168513 0.0001225901
164832120.0145395100 0.0001219745
164849328.0093351007 0.0001222837
164782439.0673768818 0.0001251168
164902909.1079342365 0.0001290444
165385333.1810936332 0.0001218373
165025745.1071878076 0.0001230880
164785036.3151912987 0.0001217535
164975132.8395637274 0.0001174071
165372989.3126921654 0.0001175275
165431810.4618908763 0.0001215940
165331555.9507313073 0.0001272825
164764821.4560650885 0.0001206083
164825549.8344312906 0.0001216496
164817045.6085964441 0.0001191192
164875047.7244550586 0.0001134620
164801769.9556316435 0.0001202745
164799490.6302132308 0.0001174717
164772218.9607072175 0.0001211001
165379538.7981987894 0.0001223478
164782802.9228143692 0.0001212818
164855905.9237551391 0.0001190999
165427709.3068725467 0.0001217228
164843411.1592597067 0.0001213887
164762918.8782376051 0.0001207026
165424346.0189608932 0.0001227089
164771941.3200837076 0.0001205765
165385604.2780673802 0.0001189160
165434008.4047046006 0.0001203051
164802131.7579732537 0.0001195749
164809258.3953473866 0.0001206389
164995863.8947317302 0.0001205167
164771250.5844197869 0.0001213046
164811043.4746474028 0.0001184236
165419964.7148428559 0.0001205595
165423726.9714765251 0.0001219101
164764437.7176049352 0.0001194529
164795172.7955475748 0.0001210958
165382176.0195615292 0.0001204372
164842359.9444399178 0.0001225305
164761690.4189032018 0.0001200099
164809361.8799262941 0.0001162645
165366100.2630816996 0.0001184989
164969832.5087786019 0.0001215833
164810845.8993852437 0.0001204616
165420903.4728099108 0.0001174355
164806763.4267623723 0.0001208392
165332065.1990757287 0.0001192206
165424426.1805187762 0.0001201364
164801677.3920215964 0.0001209149
164781216.2278378010 0.0001200527
164837061.8172291517 0.0001145475
165386848.4101431668 0.0001192096
164887385.7133314013 0.0001197195
164799134.9982551038 0.0001204432
165344265.9064515829 0.0001211785
165425647.5083282590 0.0001206365
165439846.8757127821 0.0001203913
164774058.1577241123 0.0001207730
165439708.3441073298 0.0001203550
165414209.5983743370 0.0001188159
165435306.3095698059 0.0001197766
165407749.7299151719 0.0001214076
164772422.5229147077 0.0001201298
164794026.5991161764 0.0001180385
164764885.6940946579 0.0001203263
164768401.1706117988 0.0001175625
164767125.4515276253 0.0001190582
164809436.9419197440 0.0001189517
164767002.3440096676 0.0001197542
164887316.6084492505 0.0001198418
165440575.7521764040 0.0001198926
164763548.2047775090 0.0001203403
164761174.9833105206 0.0001201240
165437567.7282426059 0.0001186106
164775816.9185458422 0.0001202217
164780193.9620172083 0.0001189493
165440190.8489017487 0.0001201722
164835381.7652195394 0.0001199322
164786468.0000375211 0.0001201221
164772795.1785317063 0.0001196011
164764724.6405631602 0.0001204958
164776392.6884152889 0.0001208359
165408399.7120592892 0.0001200483
164785482.6522034407 0.0001209960
165436202.8251152635 0.0001200127
164808266.3307824731 0.0001208163
164780304.7095640898 0.0001197254
165368281.9588398635 0.0001198388
165429218.4768299758 0.0001205682
164784157.1395572126 0.0001185431
164786150.8263875544 0.0001197613
164766489.3708862960 0.0001212522
164771655.7711854875 0.0001197751
165439491.3679474890 0.0001213090
164761001.7855511010 0.0001207160
165433094.4619461298 0.0001206829
164788364.6976095140 0.0001208538
165439683.3967197239 0.0001205183
165431113.9511184096 0.0001217001
165433951.0998240411 0.0001207580
165420897.9003257751 0.0001204854
164765644.1009420753 0.0001207032
165435855.5715856254 0.0001227941
165439907.6970905960 0.0001207560
164768442.0395033658 0.0001199550
164763568.6465727985 0.0001209121
165415612.3659847975 0.0001215139
164769363.4622022510 0.0001210279
164806807.5130788386 0.0001205131
165433768.1618660986 0.0001207582
165411677.1113241017 0.0001209711
164764290.9287839234 0.0001203610
165400797.7946718335 0.0001207948
164764214.5677560270 0.0001204549
165422916.4275846481 0.0001206842
164761788.4832544029 0.0001206989
164766225.7536071837 0.0001208247
164767768.6106899977 0.0001207835
164788739.4806734920 0.0001191524
164767061.8861219585 0.0001209607
164774071.8795537055 0.0001209857
164766175.3729681075 0.0001209449
164776874.2910928726 0.0001202566
165439600.0940175056 0.0001206292
164798030.6956493855 0.0001209097
165438773.4064768255 0.0001208035
164794920.3754950464 0.0001203217
164778055.3589444458 0.0001208547
165432621.2144730091 0.0001192110
165436608.9355922043 0.0001207355
164783256.8372391462 0.0001208281
165438034.5834236741 0.0001207020
165426464.3217681646 0.0001201243
165437964.4297236800 0.0001207271
164766976.7005608678 0.0001203464
164769714.5925257206 0.0001208476
164786313.4177130759 0.0001209251
165439048.6004625857 0.0001199784
165440254.5204336941 0.0001206547
164762126.1850648522 0.0001205983
165439948.9852871895 0.0001209721
165436606.6991791129 0.0001204774
164762544.9202473462 0.0001208168
164778703.3885707557 0.0001207458
164763888.0346118808 0.0001206872
164765532.6800427437 0.0001205267
164764207.0586594641 0.0001206531
164781447.5246221125 0.0001206377
164764677.0524744689 0.0001206439
164772753.5596337914 0.0001212492
164763355.3020794392 0.0001208775
164773146.5923769176 0.0001210118
164765528.8161410093 0.0001206755
165438773.1121713817 0.0001212038
164763654.1233353913 0.0001203490
164769387.1543445587 0.0001205639
164765644.4907639325 0.0001206278
165437000.8812384903 0.0001209778
165439607.6718041897 0.0001207267
165437795.1680434346 0.0001204077
165439978.7272598743 0.0001207128
165433260.3572084606 0.0001209016
164761800.5263463855 0.0001207937
165437262.0210078955 0.0001207708
164760815.6967401206 0.0001207166
165436498.8378466964 0.0001211110
165432996.0936107635 0.0001206405
164796479.7539585531 0.0001202017
165438583.2393743694 0.0001204890
164762005.0145362020 0.0001207283
165439319.6792897284 0.0001207626
165439905.7110187411 0.0001207652
164760961.7152593136 0.0001208478
165440272.9279595912 0.0001207620
164762637.3948655725 0.0001204864
164761915.7334372997 0.0001207243
164770237.6476729214 0.0001206421
165439100.0410231054 0.0001206584
164765656.1894488037 0.0001206381
165439827.7209503055 0.0001207389
164762893.4931196868 0.0001207585
164761145.2882458568 0.0001207673
164761674.1795652807 0.0001207422
165440194.2432196736 0.0001206518
164763601.0765586197 0.0001207269
164760808.4097708762 0.0001207863
165438933.2303842008 0.0001210823
164762313.5709295273 0.0001209155
164771408.9854818285 0.0001208323
165438447.3762807548 0.0001207937
164763469.7575348914 0.0001210092
164761120.0930635929 0.0001207794
165439776.2123810947 0.0001206935
165439566.5611257851 0.0001207757
164763310.9153440297 0.0001207153
165439154.5421436131 0.0001207067
165439890.4536915421 0.0001207465
165440529.0724098980 0.0001207848
165439346.4466872215 0.0001208046
164761787.9690856934 0.0001207852
165439184.6365804672 0.0001206877
164762198.0065981746 0.0001207868
164761681.2865321636 0.0001208244
164761511.0560998023 0.0001208153
165439992.3213640749 0.0001207842
164762804.2513739467 0.0001207635
164761713.6956393123 0.0001208613
164762437.0861599743 0.0001208033
165436530.3351632059 0.0001207466
165440463.3389937282 0.0001208081
164761778.6831755042 0.0001205973
165439898.2646460533 0.0001207788
164761864.5020956993 0.0001207613
164761298.8017437756 0.0001207830
164762252.5089476109 0.0001208179
165438877.0467661321 0.0001208217
164768099.8658832014 0.0001208192
164761745.8883304596 0.0001207921
165435372.9089623094 0.0001209812
164761643.2525244653 0.0001207948
164762986.1766916215 0.0001207632
165439981.5774980485 0.0001207863
164761416.9637134373 0.0001207356
164763199.3381352723 0.0001208012
164762063.9479353726 0.0001207602
164761135.3250806034 0.0001207865
164761105.5144055188 0.0001207608
164760820.1704184711 0.0001207855
164764679.7870495617 0.0001207889
164760896.0615611970 0.0001207850
164761730.4312028289 0.0001207873
165440452.8972913623 0.0001207929
164760870.7308236957 0.0001207461
164761592.9590380192 0.0001207893
164761429.0046175420 0.0001207520
164760847.1696968079 0.0001207970
164762715.3301884532 0.0001208330
164760950.9890917838 0.0001207704
165438960.8217025995 0.0001207547
165440272.8613011539 0.0001207745
165439257.9275936782 0.0001208721
164760917.8373968899 0.0001207875
165440156.0891296268 0.0001208232
164760789.2457497418 0.0001207968
164762740.4146911502 0.0001207993
164761661.8864686787 0.0001208065
164762496.7040612698 0.0001207042
165440302.7232881188 0.0001208041
164760836.6685591936 0.0001208389
164761238.9259975851 0.0001207847
164761828.0356753469 0.0001207279
165440329.4234299064 0.0001208031
164762337.4642881453 0.0001207386
165440060.5219247043 0.0001208127
164762927.0939624906 0.0001207024
165440047.3984907568 0.0001208126
164762467.5289924443 0.0001207495
156687786.0000000000 0.0001207495 0 0 0 0 0 0 0 0 1 0 0 0 0 0 0 0 