562623903.5515140295 0.0000000930
565976185.9749331474 0.0000019723
571914708.3291088343 0.0000010790
593393533.3796335459 0.0000007788
614893316.4533509016 0.0000000074
588833702.9848676920 0.0000000345
562468992.8614737988 0.0000010985
613923307.0718418360 0.0000000613
651442796.6756168604 0.0000000362
608445211.1412841082 0.0000013275
550687400.5819040537 0.0000001595
573055881.2332483530 0.0000005474
545756609.7712197304 0.0000011214
546812108.1281235218 0.0000036379
582379683.2947982550 0.0000000032
618128701.1404426098 0.0000015563
520370481.9684488773 0.0001399818
505239262.1565335989 0.0004769442
490013437.5509858131 0.0005405985
478514053.8794473410 0.0006301375
490819226.3944438100 0.0009730766
482156631.4408316612 0.0012153138
475259345.2103384733 0.0013878581
462332728.4014075398 0.0013830948
451082753.6225402355 0.0013851456
515169458.3106264472 0.0000951112
482658650.7311910391 0.0002767599
461635719.6895233393 0.0001410745
454958401.6297651529 0.0009815145
495698922.1532952785 0.0007123687
452527109.0050119758 0.0009544190
554227051.6724601984 0.0000636513
411666059.1962345839 0.0045704789
318914162.8336969018 0.0182394773
298828499.3343443274 0.0231912060
312817206.1346251965 0.0192056221
370629281.4698094130 0.0070525053
309981711.3690559268 0.0224459055
314562251.9421284199 0.0265017223
294028736.9769099951 0.0253398751
303651035.6569226384 0.0108447671
287580039.8226158619 0.0310309847
300520448.1770434380 0.0205896846
284665203.7656995058 0.0314325771
394795539.7217886448 0.0032550213
282933844.7132401466 0.0321061805
268727514.6760754585 0.0201848031
268471914.8823456764 0.0213154775
241628010.0336742401 0.0194758775
242029523.6277419925 0.0182942419
263434347.6450228393 0.0075260434
243320677.4405416846 0.0187590152
235627114.5296019614 0.0246275138
226166388.0783759654 0.0289127714
253940689.1339616477 0.0150092394
225644249.2150463760 0.0285180216
197077589.9824325442 0.0593595795
205501407.6262693703 0.0504760880
199773550.3026888371 0.0543367721
194900881.3468859792 0.0608402797
250915076.3259408176 0.0193658472
250859220.2289931774 0.0384737131
200363146.5769658089 0.0585002881
189742282.8630974591 0.0640194083
219087556.1717995703 0.0144169294
196294575.2177001536 0.0610162307
184336841.8480159640 0.0644696130
195874294.9168057144 0.0561079481
162824090.4867826402 0.0582210198
167825006.8423264027 0.0487949566
202404283.2071630657 0.0327076349
169424431.3757380843 0.0843950682
208496880.6748775244 0.0169967200
164081268.1117850840 0.0625687017
208543196.9656287730 0.0486373429
163427558.6621124148 0.0613462107
209526473.4098901153 0.0154747243
166911363.9159760177 0.0521689977
190630898.6433611214 0.0352708935
165018573.9657295048 0.0596701162
180321223.3473033011 0.0522867113
172065158.9339850545 0.0454247827
169308057.0834340751 0.0649343189
163681756.8140442073 0.0595784598
158698674.8886852562 0.0523026036
169470740.7485058606 0.0431301455
224488266.7468279004 0.0137569163
159183651.1168842316 0.0509402026
210901373.6726082563 0.0190883842
165994940.3512848318 0.0373873111
172968556.1075593233 0.0431325957
169049338.8285450637 0.0389690514
205791545.5152494013 0.0335878489
157413067.7365883887 0.0561072766
192237901.2149250805 0.0368788693
160729963.8991225660 0.0520376020
162591890.8126254082 0.0408703498
158767447.1245347559 0.0556871811
216198026.1337631643 0.0177440020
164767060.3125477731 0.0511985446
195983859.8735574186 0.0432518654
156762262.4370527864 0.0597177880
159611118.6279564202 0.0439294275
158560762.0302452743 0.0597679516
191655563.4392643571 0.0180615053
160324979.7441601455 0.0614306705
192750985.6025359631 0.0433673015
156702445.3773797750 0.0522994774
175836780.6408680677 0.0282999485
162997691.5769085884 0.0478254470
196657009.1844395399 0.0235485671
163031713.6201806366 0.0504987842
185195123.6550452709 0.0420171811
156278997.5452801883 0.0548283298
196434443.2146998644 0.0238451812
159275970.2182649374 0.0520353926
220721741.3775638640 0.0370064446
166168513.2098653913 0.0458301357
187538432.5774617195 0.0171702359
160564702.3279080391 0.0490380276
191243637.2460603714 0.0234451726
157183254.0749561489 0.0531420776
197250201.7418013513 0.0150901477
157689595.1350065470 0.0542069999
203673901.2628365457 0.0218902870
153517550.7942789197 0.0559834941
207450805.8280498683 0.0291902696
151141531.4158929288 0.0640657676
183610048.3867343366 0.0423617336
150878521.3454159796 0.0568566197
206451642.4138666093 0.0219002241
150035434.9095257819 0.0632053805
190464909.1173140109 0.0205549057
152082094.0624189973 0.0570506187
187807218.4646731615 0.0281506966
151921851.7886177301 0.0569545634
182782001.4357755780 0.0400377386
156313281.1281221509 0.0695432984
197977261.3873057961 0.0357186251
153363551.8426912427 0.0624202046
174497016.4723176658 0.0454676310
151640638.2456384897 0.0596312187
178504431.7042972445 0.0207717093
142833115.5848748982 0.0696381314
180467515.1692683995 0.0350911543
143854365.0470712483 0.0666577366
173321193.0844621360 0.0525231401
153471494.5834936202 0.0560920669
179241797.2786121070 0.0454924989
148557829.0678032637 0.0754686817
194976468.5949571729 0.0328031875
147502399.2990673482 0.0618864455
178465892.1570829749 0.0291206979
145084646.9766567349 0.0644669613
150439822.0741001964 0.0694453967
148773526.4698125422 0.0677177289
168974236.7566818595 0.0579289036
135284874.1609672010 0.0908924627
139541427.4510556757 0.0847418515
141445517.8775384724 0.1064355085
137194767.7168722153 0.0716144592
146256637.7492218912 0.0863170380
146878779.5554497540 0.0819216389
142430442.9668947160 0.0851548203
144661118.8723970950 0.0899265969
136376578.1824998260 0.0929267426
141635760.5696977377 0.0844902247
151928445.1494258344 0.0757904196
138933570.2416040003 0.0876255162
138841834.1369127929 0.0841460396
136128416.3100623488 0.0929074972
139911619.9822104573 0.0779306875
137326726.2298956215 0.0908566505
130954243.2425725162 0.0787657252
129966385.7101566046 0.0779784441
122257680.5091383010 0.0946370075
122384235.6636345237 0.0958204974
124001494.2057760060 0.0758307460
123387588.5085145980 0.0937174849
123524226.4694467634 0.1052015463
126905201.4883494228 0.0838545030
123892927.3143370301 0.1011588398
123511655.2842615694 0.0936768855
127788858.0106670260 0.0649391994
123448828.7205651253 0.0920338799
123592738.5051684827 0.0865841013
124030013.3807981461 0.0964808733
126985880.0983230472 0.0769860257
122415101.7100380063 0.0893675869
132367977.0898814797 0.0749278672
124761391.3751743585 0.0985685460
127631357.4825097173 0.0770696404
123951684.4694029838 0.1040943869
126697110.7855523974 0.0627251798
124777090.8074824959 0.0865656727
144999624.1488961577 0.0743267120
123279637.1110320985 0.0937760565
125827161.3232579678 0.0731443165
128173508.9314813167 0.1032499573
127655127.8908590376 0.0871439192
123739732.4998285323 0.0963995235
125524995.2250131518 0.1061475612
124365579.5279966742 0.0943164430
122536595.2791239917 0.0990796273
122717919.4477846026 0.0976693786
138479519.2713709176 0.0794753521
122601479.5690235198 0.0941103791
122306635.6646213382 0.0675253305
126194667.2805296183 0.0845797547
128394589.6939538568 0.0997287925
131522448.1166206300 0.0915552629
126110583.8437447846 0.0731177986
123745518.1814896613 0.0953862988
123422097.3688180149 0.1289589589
122713766.5618962049 0.0900909047
125499568.2229665965 0.0870085481
123872455.3438499421 0.0931770949
132590168.3038601577 0.0671316096
124403104.1435741335 0.0938159534
125408140.3949474096 0.1158460953
124136535.2565220743 0.0840125531
139983146.3006327748 0.0787956175
131575248.4553276300 0.0873206629
126060788.0679970235 0.0937224034
126082554.9594601840 0.0895115359
131759283.8226549178 0.0582028097
124616667.4524780512 0.0776308249
138344025.4362055361 0.0917287686
123810229.2393653095 0.0896582793
128390583.3865019083 0.0845335216
130473459.0428328216 0.0880760647
130391697.5575457960 0.0975221992
128748902.3953569233 0.0867814923
122455338.5894400924 0.1018553199
123227336.7493390143 0.1000227363
122959520.9519056827 0.0953253545
124523635.4773141146 0.0960934333
123213417.9178255051 0.0957120448
124952627.7935254872 0.0940885719
123160655.4897259474 0.0928417684
122227818.0530288965 0.0974727992
124012302.3016747981 0.0965540194
123108415.9318503141 0.0969075861
124675954.7817253619 0.0967208165
124363502.6036278605 0.0994120161
122290075.3991737664 0.0973434502
123280101.8420083374 0.0996011068
124471629.9633063227 0.0969943344
125229348.8701682091 0.0926459250
124128981.7225049734 0.0958810723
121488061.2459126711 0.1068006584
121662352.3856431246 0.1067131750
123497859.2625432462 0.1046256478
123715584.6852827966 0.1036097901
125363362.2798470557 0.1105884715
122397161.4950408041 0.1079438713
122542612.6900775731 0.1151820393
122164875.4999554604 0.1070330919
124990430.7217794657 0.1076342534
122321202.5080523789 0.1071506331
124129124.7828602046 0.1143731510
121867943.0248144269 0.1087420261
123259399.0827469379 0.1059480181
122524471.1658416241 0.0999670012
122687615.6092974544 0.1056014159
121420705.7937930673 0.1055632742
124813414.0603360236 0.1018758141
123815431.0415094197 0.1059569589
125582406.7260387093 0.1044027972
121409262.8789900690 0.1041458460
121301737.9287734628 0.1057200122
121167738.5121414810 0.1055012006
121047254.6560300589 0.1058240023
121379912.6364964843 0.1075874013
122702605.5152388662 0.1032121914
121135833.3687061667 0.1052078326
121598986.7511382699 0.1015349064
124051781.2557529062 0.1035080491
123560792.4359891564 0.1055055152
123517793.1292221248 0.1050306319
123988996.7033316344 0.1075339955
121275472.5007152110 0.1063596761
120842550.2800374925 0.1082904164
120741457.8126587123 0.1086801878
124296692.0844559968 0.1138242086
121227918.0146687180 0.1073839098
123730715.1345263720 0.1131017647
121336517.4393162727 0.1092732325
121123552.6166077256 0.1126777430
121156542.0130809098 0.1093228111
122928457.7500259429 0.1099344369
121469573.9186069071 0.1074754436
122586795.0654004663 0.1023359382
120623133.5182270706 0.1082810631
123725444.0965230167 0.1097812116
121568520.4226420373 0.1110899073
125383406.9505950958 0.0999520585
120650094.9454464018 0.1096740666
122030757.1450447142 0.1102812409
120498944.6288001090 0.1085409765
121208230.6434690803 0.1070285211
120717932.3545330912 0.1100946171
120415900.6138072461 0.1143390274
120372332.7668481767 0.1199266668
122127347.1085967720 0.1175200223
120911530.1446813047 0.1157346041
123904468.6392210275 0.1199864020
120318809.5689660162 0.1190927667
121742883.9541196674 0.1276401785
120516086.5219919086 0.1202517966
124405876.4095081389 0.1136099064
121019326.9651988596 0.1226286250
121823170.9874314517 0.1136433306
123652691.3260694593 0.1199303867
121756886.8304519951 0.1160457083
120537097.6808048636 0.1202631782
122255470.6742240489 0.1154612755
122567088.6962280124 0.1152033224
121128612.7381065339 0.1290209180
120140285.3054673225 0.1200122513
121472222.8439961672 0.1198619231
123487997.7474401891 0.1211902879
121787991.0649783462 0.1242021315
120354670.8193311989 0.1216766433
124147555.6867518276 0.1069487872
121079320.8527152538 0.1202090649
123508259.0941613764 0.1234314537
120134135.0274679363 0.1198712037
120239366.3871904761 0.1246893634
120836696.5417258292 0.1203866534
123776960.8700964451 0.1252080215
120446740.3870950192 0.1193795545
123422896.2929388285 0.1196580553
120123453.4228803962 0.1221230502
120349692.2926832885 0.1219951779
120185123.1730625927 0.1192180873
119675482.6630579829 0.1275762594
119725275.2168281823 0.1266806189
121315258.0556057841 0.1293377961
119750512.3839390874 0.1295035703
121024882.6400306076 0.1206813684
120433664.4291629046 0.1287033325
123104402.3916470259 0.1218272502
120576976.9610208124 0.1254781560
119483560.5537308753 0.1322585965
122566890.5885159224 0.1324162986
119216196.4975905120 0.1289317798
120050904.6357434541 0.1280572009
119603615.6109204143 0.1324518787
118924960.4672236890 0.1273393262
118826250.8811519742 0.1347443542
119670273.4561466128 0.1304274645
122079182.4818458110 0.1289224706
119377018.9409947246 0.1329383673
119546925.2349840552 0.1361677018
119295013.5685806274 0.1350453604
119663215.6762466878 0.1382179193
119038455.8264383823 0.1353309200
119997931.9303413182 0.1306431798
119086776.0009719133 0.1312636605
118735137.2096237987 0.1420723575
118695357.4152923524 0.1426025627
118696780.7796308398 0.1395145518
120804154.2712696046 0.1422544459
118952887.8181097507 0.1443215666
120743560.8018040359 0.1417506665
119505900.0692160577 0.1396811150
120434282.0451902598 0.1446800411
118521733.1618988216 0.1494108251
119096416.4130306840 0.1499293979
119148508.7756457329 0.1480686619
121009117.5460750759 0.1481262458
120195507.9012076110 0.1474236822
121153119.0042378157 0.1486072095
117881415.1226679981 0.1553429043
120731435.8837275654 0.1532989675
119954405.9600047022 0.1504952197
119862692.7605741471 0.1530800678
120204634.5907012224 0.1711843784
118625097.5025407374 0.1554769098
120274930.6217832565 0.1482513577
120777148.1171531677 0.1539801394
119385972.3616767377 0.1529545690
118148046.7587766200 0.1565960296
120172236.2384652793 0.1582879062
121325258.5095786601 0.1491705409
121731215.9651250243 0.1609892016
120679188.6887645572 0.1535077564
118266839.8060183525 0.1607390443
118264304.9470282644 0.1570491331
118860551.5940184444 0.1524937282
118226788.7323110700 0.1556510942
120288516.1559338570 0.1561578322
118552778.5237338841 0.1568198225
120753985.0996029973 0.1554504114
119837423.3056594878 0.1586358959
119810677.4805209190 0.1365373684
117974898.0673317462 0.1557266205
119525284.8684303612 0.1533775143
118427706.4728570133 0.1569941640
119477644.4926933050 0.1496369089
119495531.4833377898 0.1514981490
119326651.6496125311 0.1484476768
118153492.5874673724 0.1539125947
118871025.3669668138 0.1569447343
120291811.5403501689 0.1543878167
118212912.9880242646 0.1544932103
118141282.7211576700 0.1567922253
119367551.9321753681 0.1554896974
120268902.6820927262 0.1547574405
119879476.9906640947 0.1590556454
117807823.7892761827 0.1561195971
120112770.8978167474 0.1562777789
120341678.1056265980 0.1558848735
118004428.2757586986 0.1558451626
117845673.5724635720 0.1558061393
119229457.6420037001 0.1626061214
120465051.2504149973 0.1529034049
118108767.0929802358 0.1568636193
119639259.7653323859 0.1551187584
118484109.1552458256 0.1520348760
117821814.0623859614 0.1549866927
119264614.2352243215 0.1608048534
117785835.0021990091 0.1593651662
118247493.1510287821 0.1589507972
117881335.8734525591 0.1586229282
117708711.8130077422 0.1638157650
117891507.4706987888 0.1636453972
120190034.0860743672 0.1452566311
119921041.1127398312 0.1615918270
118390743.9529039860 0.1616379971
117617060.8391457200 0.1652016844
119077304.0826612115 0.1731126523
118041242.1253411472 0.1685337749
120144239.7654637843 0.1846776887
117746370.5911282748 0.1671659630
120362891.6812908053 0.1618343565
117933149.2506147176 0.1668217676
120233364.8325544149 0.1695848523
119950468.3007360846 0.1647567211
119048786.0253479481 0.1584818303
117777670.0584617108 0.1641637485
119128218.0250239223 0.1651385785
120283289.0155424476 0.1649429332
118495510.9692889750 0.1635083139
117924159.4209952354 0.1669310464
119939088.8776900768 0.1664441227
118287188.6776819527 0.1662327981
119339352.4710646719 0.1624184183
118735831.6700869650 0.1646931783
119187133.2132856101 0.1510056106
119664882.2670900226 0.1632327000
118147988.5701767206 0.1726679488
119492300.4927946776 0.1642524294
119263208.5727894604 0.1640704648
120468137.1248533577 0.1664173179
118861048.6748772264 0.1542124246
119819346.0180113167 0.1663038556
119295376.2826129049 0.1696996029
120266888.0792668015 0.1646428419
118061462.5554997176 0.1601744890
117972458.9721406847 0.1652679130
117842896.6091891974 0.1611231433
120574948.5832529664 0.1626395559
119642201.0548444241 0.1685146563
119857549.2058676332 0.1634672879
119728343.4609831572 0.1605332661
120084411.0309389085 0.1652968597
117792675.8466712236 0.1677752619
119499166.9025042951 0.1649315229
119457622.5967640579 0.1630029233
117719076.9457380623 0.1656067428
119243974.8862025887 0.1707230584
118460817.1355725676 0.1621300257
117775366.1483831853 0.1639887666
120628623.2891101092 0.1653705482
120189028.4824302495 0.1580017808
117585453.9451073557 0.1653851053
118655465.2118744552 0.1627104197
117805152.3844966292 0.1648583531
117432564.9692013264 0.1720522967
117595997.2160918564 0.1724832786
117491622.0413725227 0.1705690543
117656251.4437456429 0.1728134024
117619958.1431092918 0.1758047443
117558482.7726622373 0.1727403820
118347506.2255424410 0.1737380930
117630235.0278180838 0.1718070113
118395215.9067209661 0.1714973195
117997379.4368021339 0.1738792475
119659556.0267807245 0.1690541328
117419473.7577923536 0.1714834719
118879661.3735409081 0.1740108906
117624567.8384736925 0.1708817664
119583879.4708698243 0.1721175714
117395301.1082000881 0.1737753289
118365632.1743962914 0.1820675850
117605152.4595194161 0.1741446987
117518496.7666652650 0.1743981206
117520351.1301911771 0.1730111443
118535540.4710500389 0.1756714466
117565975.6054826975 0.1742100898
119933518.9494906217 0.1731330689
119213855.0915915668 0.1714714081
118529983.7704372704 0.1710224511
119895582.8332762569 0.1731494620
118665880.8639202118 0.1763978726
117454735.9375609756 0.1743752525
118051963.1656436473 0.1749269152
119996121.9168664515 0.1731031978
117744361.7432767600 0.1799391102
117518508.1988967210 0.1737118606
118047869.9379282296 0.1782225351
117328253.5769830346 0.1739227389
118656256.8040753156 0.1661813629
117373260.0957749337 0.1737941935
118189323.3302059174 0.1760619098
119521097.7690970600 0.1733480525
117962528.7660819441 0.1729774582
119915760.5450858772 0.1735267935
118239190.3295623362 0.1787174739
117336093.7762912214 0.1739039368
118965150.3086766303 0.1736006185
117423268.8381094933 0.1733496381
118801345.1257003099 0.1660444362
118426801.0795394480 0.1700263650
117326159.7847153544 0.1741688673
117393839.3909549266 0.1744969530
117308012.0676431060 0.1738490872
117791241.7963062078 0.1736755118
117280956.6580461711 0.1746572864
117376114.3749237210 0.1732928286
117308651.4868946522 0.1745123891
119752837.6204951257 0.1740735862
119987902.9693469405 0.1734867849
117744068.3703894764 0.1786889128
117390117.4549828321 0.1748095050
117584423.4731000066 0.1754102508
117481394.5017317683 0.1743555907
117947195.1885065287 0.1769322928
117308265.1406650543 0.1745890553
117417105.0158096403 0.1756695733
117367177.9872285426 0.1751264202
119419659.4926543534 0.1742949931
117432029.6946846992 0.1754195795
117573907.8613990545 0.1747828670
117401262.9823513031 0.1746501680
117318814.7848578244 0.1747809860
117277023.7771221995 0.1747478405
119477547.7488622218 0.1752027381
117275447.8947808146 0.1752498288
118398928.0767704695 0.1761802726
117292263.8500412554 0.1749846927
117630334.7248671204 0.1765700123
117457934.7040490061 0.1746666379
118584711.4240361601 0.1713580825
117347878.7273542732 0.1741572469
117840796.6588700265 0.1769141797
117362174.0746045262 0.1757716414
117447555.5043800920 0.1746717301
117396178.9971951693 0.1760303163
117908748.6422060728 0.1740194570
117284944.8997750878 0.1755860223
117764642.4704630077 0.1799874017
117358971.4911335409 0.1746392516
117462500.5629025400 0.1753455668
117484069.4914330095 0.1750534606
117474935.7791802585 0.1752777504
117412481.4111680239 0.1761260469
119408496.9738569856 0.1745528125
119854916.8442989886 0.1758296841
117310488.5890898108 0.1753839362
117490998.0882054716 0.1760339278
117307687.9250851423 0.1752765880
117329745.2510048300 0.1739737287
117242804.9942346364 0.1753943725
117360733.0130598396 0.1753898135
117248381.2156107277 0.1752958469
117280034.8176716417 0.1759694025
117265983.8829832524 0.1755692250
117446892.6640670300 0.1756064505
117243133.2208625972 0.1753458079
117588220.7574335188 0.1749676317
117304648.4144907594 0.1754616975
117269624.5721618384 0.1756407531
117306678.2841033787 0.1753803298
117485588.2627667487 0.1754732843
117550311.8421727419 0.1758884783
117471736.3804106265 0.1753473042
119751710.9603155553 0.1744321774
117249302.5507876575 0.1754140867
117267498.8059294373 0.1756562276
117251859.3165105283 0.1753645456
117388617.0591029227 0.1761194825
117436925.9788082093 0.1752387728
117285040.5726155788 0.1759625676
117261925.4046970308 0.1754389943
117409706.1853800565 0.1750654502
117240300.4563389271 0.1752909611
117309504.9050850868 0.1756059958
117485090.1210320890 0.1751876676
117352514.4959052056 0.1752845495
117455729.5492787212 0.1752713492
117237027.1058436632 0.1758129974
117228058.6516988426 0.1757949651
117390704.9808052182 0.1758706396
117249955.1358904839 0.1757042490
117417621.7399226725 0.1753260053
117236806.3953503519 0.1758960864
117278915.0353172272 0.1756135716
117222083.1996967793 0.1757457124
117208965.5018367469 0.1763923024
117206428.1140390337 0.1762841465
117434636.0633005500 0.1763190777
117440976.1500434875 0.1761731187
117329866.2531662732 0.1756256794
117421474.7413595617 0.1764576142
117314474.9925528169 0.1765504376
117278173.1176581085 0.1765446988
117462620.2571419328 0.1768045841
117277288.3672620803 0.1763103084
117288527.8634048998 0.1756827344
117208090.0600320697 0.1763225235
117369323.9205197990 0.1757087426
117207938.1751039773 0.1762631345
117386259.1575937122 0.1760158989
117412222.2177868634 0.1760844569
117250991.7573808879 0.1770532444
117424130.7563849837 0.1763060549
119693192.2689396292 0.1754384713
117200562.3490774781 0.1761747447
117181558.8375611305 0.1766675329
117195257.4028502852 0.1767443992
117309395.2744939178 0.1772903925
117182495.6067196429 0.1766677284
117248443.5941156298 0.1768333197
117183500.9245037884 0.1766583500
117233309.9575032741 0.1768755487
117213114.1442281902 0.1766756840
117352599.4889097959 0.1766983236
117382007.0081434101 0.1765655992
117266415.5283716321 0.1774226160
117183209.7452472597 0.1766056805
117395804.8171232939 0.1772180764
117194624.7061273754 0.1767809069
119605348.8584872782 0.1759018746
117206762.1615618169 0.1767439280
117353204.0482565314 0.1770413722
117172932.2791417688 0.1766507731
117268246.5423465073 0.1770794713
117382067.8509413898 0.1765832972
117283159.9365498573 0.1771407301
117385722.0448640436 0.1767188691
117396376.7840987295 0.1765064357
117186749.5650931895 0.1766709451
117375521.1224501580 0.1765265463
117177104.0726463348 0.1767631662
119546956.5409417599 0.1760336955
117406675.0258872360 0.1764973032
117310762.4324453026 0.1769733511
117191021.9402819276 0.1765603083
119796941.8923630416 0.1766512886
117366258.5950300694 0.1766316778
117297964.5476179570 0.1760312340
117266079.5135862976 0.1764795050
117175487.0920287222 0.1766356269
117228061.3147979677 0.1768377363
117171904.8306818157 0.1765681087
117187246.4890538752 0.1765371173
117170450.6271494478 0.1766278035
117192083.8663086742 0.1764213817
117185997.3060709834 0.1766697926
117339007.5900109559 0.1764508212
117173662.9892422110 0.1766182240
117197684.2800854146 0.1765487703
117195419.1312994659 0.1766726034
117193257.8106223345 0.1761762490
117395531.3382222801 0.1767985517
117196636.0163349211 0.1764095386
117408677.7369805276 0.1766442632
117223406.7580411583 0.1767344965
117411805.5269654095 0.1765394326
117267732.7138395160 0.1767242021
117398176.4505068958 0.1765548991
117321175.8059570640 0.1764024279
117172887.3918009698 0.1766994799
117173972.7893034518 0.1764581076
117393732.6820665002 0.1765258505
117229605.9135771543 0.1769579205
117190198.5518205762 0.1765503713
117211836.1772510856 0.1772514217
117384217.9901864976 0.1765934300
117339783.7749182582 0.1765598333
117410034.5991233438 0.1767026321
117240419.3742008060 0.1764829799
117415886.0729982406 0.1766548674
117283705.2737019807 0.1764724146
117174816.7972826809 0.1766552979
117340584.4396606088 0.1762908907
117199491.9731843919 0.1766493463
117165461.5402822196 0.1768118895
117385277.3889827281 0.1767258110
117384340.0598192364 0.1767468631
117400449.5804845095 0.1767689141
117162472.3920370340 0.1770058621
117358568.4152339697 0.1769039353
117305354.8032386303 0.1774072175
117158477.7671497315 0.1770103499
117190769.4377859235 0.1770156165
117381863.3666886836 0.1770020684
117270958.8975365758 0.1767701475
117173072.2194712311 0.1770786133
117176324.7272647619 0.1769689565
117172484.8685203195 0.1770656687
119839585.7348096222 0.1767831720
117399637.1844821572 0.1769326185
117246112.1102650017 0.1772822000
117162939.4257703573 0.1769611057
117226629.1550310701 0.1769085815
117176782.5898531675 0.1771037209
117237808.8139233738 0.1769986035
117165500.8849325627 0.1770358753
117223520.4294695109 0.1767004093
117152375.7158640921 0.1770642461
117257131.0975588113 0.1768458653
117167888.7918003350 0.1771146520
117179708.8321411908 0.1773098360
117391519.5217373967 0.1771101040
117180950.1798880845 0.1770873923
117384063.5020077825 0.1771939485
117167869.1186817437 0.1772769855
117158814.3651589453 0.1771333766
117188742.2139979005 0.1769647493
117403100.1342542768 0.1768716056
117182537.1112212837 0.1776027116
117156803.7428421825 0.1770155203
117153139.9434401393 0.1772130318
117396892.4281153232 0.1770627472
117407128.1762952507 0.1768129354
117160943.8578137606 0.1771549992
117371170.4041530937 0.1771552432
117154735.7181677818 0.1770796472
117157515.4872676730 0.1770350655
117161163.9955752641 0.1770582824
117339797.9105046988 0.1769777206
117155649.3308873922 0.1772244223
117178001.0138742775 0.1769903215
117161212.3823804706 0.1769841723
117295856.9039018899 0.1769524599
117383879.8027846515 0.1770573815
117347770.6291553974 0.1769954224
117381203.4823488742 0.1771355996
117348718.8639890850 0.1768906389
117398432.5557850599 0.1770375484
117332055.7077649236 0.1771289205
117155511.4406548738 0.1770578175
117191567.0803452581 0.1771905099
117376398.4065032005 0.1770024243
117279288.3489206135 0.1774472068
117388160.8872843832 0.1770285153
117203518.3745193034 0.1769123792
117154001.6513871402 0.1770385870
117166801.1873303205 0.1770071537
117392575.7109322995 0.1769748414
117175278.9948635399 0.1769913967
117148943.4715500176 0.1771787031
117150715.1830596179 0.1772036900
117325158.9466194510 0.1770776921
117395488.1690741628 0.1772110935
117340920.5089007616 0.1770478271
117150129.4034075737 0.1771998559
117203619.2698358744 0.1773115749
117390418.0258695781 0.1771974956
117190487.7407983840 0.1771598208
117382803.0257426202 0.1771856420
117164294.1528110951 0.1771143910
117160400.8683101833 0.1771827779
117158057.7352052182 0.1771615156
117393626.4752700925 0.1771655300
117149756.8798650056 0.1771987194
117157071.1572674513 0.1771443503
117209759.1855325848 0.1773906273
117157020.7635428011 0.1772294131
117190013.6180255264 0.1771654374
117154312.1784959137 0.1772343334
117162300.7260917425 0.1773138507
117393328.8547093421 0.1771753588
117400690.5248982012 0.1770664476
117386235.8345536590 0.1771402812
117172986.3114426732 0.1771743277
117148182.7555874139 0.1771723262
117160174.2173097134 0.1772686477
117393273.0982916951 0.1771706429
117198712.0467335582 0.1773178883
117392108.1840599477 0.1771657308
117167966.6163968593 0.1771333324
117152899.8105911016 0.1771749653
117172351.6134706140 0.1772474855
117390749.8925454766 0.1771130719
117381253.0428971499 0.1772519479
117150224.2975126058 0.1772210178
117148204.9710363150 0.1771754857
117151262.6659731120 0.1771791405
117157741.6872085631 0.1770882736
117148460.6468947083 0.1771908053
117385706.8011601865 0.1772168414
117152697.4525358528 0.1771288957
117382972.2395024151 0.1771859285
117146924.3168303072 0.1771354723
117385885.6989716887 0.1772045334
117384794.2575637102 0.1771308201
117178191.0484878272 0.1771249060
117149919.0438387394 0.1771504072
117387866.1757167727 0.1772026338
117392026.4028970301 0.1771691072
117389462.7354391962 0.1771215571
117150735.8746019900 0.1771236819
117392101.9283566028 0.1771197864
117176764.4501067102 0.1772113579
117393316.1555665731 0.1771329549
117148505.5177772790 0.1772703728
117152766.8922683001 0.1771454277
117146751.2951575518 0.1772325885
117146077.2637747377 0.1772217867
117151165.8529567569 0.1771767542
117145504.5020227134 0.1772168223
117150427.9628678113 0.1771806289
117146777.0648321211 0.1772266102
117146011.6044815928 0.1771946494
117149581.1749695092 0.1772142937
117175010.8811045438 0.1772767644
117148784.1659881026 0.1772223340
117155833.8476219624 0.1771853226
117144425.6141107678 0.1772038855
117388954.6322944760 0.1772489926
117146063.8425924629 0.1772148960
117167667.7879048884 0.1772964742
117144569.5659447014 0.1772079593
117355497.2474542111 0.1771585952
117147813.4589708745 0.1772086865
117175929.0813941360 0.1773272896
117383938.5730861425 0.1771950424
117160115.4671696573 0.1771926359
117147966.9576049596 0.1771863523
117158328.0805870742 0.1772268509
117387553.4478545934 0.1771811722
117384399.2561521530 0.1772767451
117146992.3846481442 0.1772211424
117369045.6304277182 0.1772081008
117147721.1024037898 0.1772038591
117380450.8626988530 0.1771090872
117392839.0870530754 0.1772036103
117389856.7397053689 0.1771413000
117391353.7573716640 0.1771860092
117152297.8497334123 0.1771726568
117387800.7404890507 0.1771970384
117152138.5405476242 0.1772271571
117388979.5579756349 0.1772034206
117152594.1380161941 0.1771341826
117144676.2281044722 0.1772102936
117147278.9370869696 0.1771916051
117149385.9020301551 0.1772518075
117144310.8006658107 0.1772069862
117148211.1790117770 0.1771887025
117391734.4655356407 0.1772111936
117151573.3586264998 0.1772293937
117393729.2583476156 0.1772076272
117389934.8864114583 0.1771865329
117144508.7677424103 0.1771934834
117391314.0779380798 0.1772311746
117146346.5928489566 0.1772166082
117160453.6740609109 0.1772501981
117391957.1518483162 0.1772039930
117145236.3743782043 0.1772409304
117393612.1292281151 0.1771994154
117393451.5521866530 0.1772098093
117145073.8366195560 0.1771905303
117145558.4748647064 0.1772395414
117391581.6871532500 0.1772062790
117154422.2753460705 0.1772120972
117390888.0030187666 0.1772054494
117146717.8626332283 0.1771930646
117389402.6677983254 0.1771947636
117148018.8958375305 0.1772368108
117377125.6407144219 0.1771603982
117385545.9992489517 0.1771836965
117391127.8402164429 0.1772051636
117150314.5507777482 0.1772342951
117393373.8057699800 0.1772045966
117146972.0946885496 0.1772059701
117393577.2451553047 0.1772098448
117388974.7640611082 0.1772032765
117145457.5658409148 0.1772101007
117144770.1150765419 0.1772040127
117393648.5538705736 0.1772013245
117389696.4376015514 0.1772230380
117145131.0095479935 0.1772099415
117147520.6765547693 0.1772041151
117144805.8187502623 0.1772062012
117145922.8420698196 0.1772167490
117391883.3990351260 0.1772051630
117149113.6904944181 0.1772329461
117393118.9699078053 0.1772065987
117147869.9867381603 0.1771989803
117393275.7694396079 0.1772039829
117391135.8713932186 0.1772083210
117145306.4917894900 0.1772117476
117148011.8449058235 0.1772175627
117147129.9567556232 0.1772026289
117145720.7736800313 0.1772048091
117393627.5878908485 0.1772055419
117144834.0597993731 0.1772135009
117144899.7343529761 0.1772081704
117146241.1593265235 0.1772042354
117145124.2235277146 0.1772073182
117147176.1661594361 0.1772163213
117393790.3265979439 0.1772033310
117393145.6197917312 0.1772065002
117144438.9610944837 0.1772078214
117144907.7014098763 0.1772081204
117145133.6966392547 0.1772099594
117145416.3704107851 0.1772032887
117144565.8584821969 0.1772079675
117392713.0340955257 0.1772092317
117144423.2910280079 0.1772066911
117390845.4313577265 0.1772010782
117144679.0123859048 0.1772081019
117145048.8792538494 0.1772174355
117144309.8985279500 0.1772098380
117146628.3313072771 0.1772061100
117393135.2224344313 0.1772075098
117149059.0289861262 0.1772210985
117393091.6038836092 0.1772104583
117146141.4293013811 0.1772089904
117393478.7813125849 0.1772075121
117393307.9926431477 0.1772123079
117144381.2454858124 0.1772098463
117392901.1327646226 0.1772011508
117393784.9681093097 0.1772099250
117144417.8180087507 0.1772176887
117393397.0774459392 0.1772088887
117393280.4859714657 0.1772038303
117144477.9384453297 0.1772117205
117393658.5743010640 0.1772131062
117393291.4741412401 0.1772091633
117146025.6895863116 0.1772132142
117392694.3182568848 0.1772099506
117144648.1343351901 0.1772115129
117393173.4278601408 0.1772077247
117145717.9288836420 0.1772168414
117144364.8901008666 0.1772093619
117393588.8251916915 0.1772116810
117144410.8038295507 0.1772102341
117144255.3567102998 0.1772162319
117144557.4353170991 0.1772167892
117144975.5315706432 0.1772252181
117144076.9650352597 0.1772158735
117145213.4069347978 0.1772202192
117393527.7449822128 0.1772158032
117144867.7537353188 0.1772130674
117393358.9349956810 0.1772158307
117145197.1529574692 0.1772169625
117393401.3867059201 0.1772157603
117144390.7085789293 0.1772164824
117393458.6483541131 0.1772157474
117144932.6982090026 0.1772118471
117144362.2302663922 0.1772164574
117393470.4011296481 0.1772111828
117393112.7719682157 0.1772154394
117391600.6005051881 0.1772121148
117393329.2992310673 0.1772137158
117146265.8822277784 0.1772204230
117393173.5770522505 0.1772165961
117144062.3425690383 0.1772169624
117393482.5935138315 0.1772175101
117145469.1131587923 0.1772177610
117144255.3683406711 0.1772175649
117145856.5390329212 0.1772235989
117393567.4009350091 0.1772170557
117144347.4984317869 0.1772145188
117393613.9230391979 0.1772166935
117144442.3638079464 0.1772163648
117144141.5379918814 0.1772179740
117144930.8249671906 0.1772208703
117393192.7841375321 0.1772163921
117144560.3986466676 0.1772161987
117393476.4671455324 0.1772177469
117145193.9240483642 0.1772170965
117393175.7083254457 0.1772165477
117144891.3989430070 0.1772175278
117393525.1514214724 0.1772145999
117144342.5890987515 0.1772202896
117392810.4532467872 0.1772158483
117144645.4288897365 0.1772204620
117144264.2568074167 0.1772183909
117144758.3593629748 0.1772101824
117144343.6281220466 0.1772180859
117392178.9745045602 0.1772139987
117144118.1951161027 0.1772171524
117393321.6362895817 0.1772156021
117393418.4212940484 0.1772171827
117393557.9199552387 0.1772149429
117393529.0767737180 0.1772170468
117144051.6178501993 0.1772171542
117144069.9004801661 0.1772161585
117393312.4464227259 0.1772164496
117144106.4544759542 0.1772173711
117393574.7160408795 0.1772169961
117145093.1396725476 0.1772206790
117393504.6570944190 0.1772171054
117393170.0986358970 0.1772182614
117144254.1357640475 0.1772176578
117144028.0419644266 0.1772177289
117144021.9952020347 0.1772174603
117144306.1452673674 0.1772197464
117393447.1001665592 0.1772172636
117393428.1318278015 0.1772162578
117393524.4522124827 0.1772169535
117144347.7035511583 0.1772185418
117144076.3171220422 0.1772181082
117144160.7957654744 0.1772161306
117393617.6410254687 0.1772175123
117144326.1968760937 0.1772172794
117393621.9707178622 0.1772172809
117143978.5469139516 0.1772202010
117393184.0307469666 0.1772195125
117144356.1908492297 0.1772229809
117143995.4403106570 0.1772195800
117143973.2530894279 0.1772207473
117144086.7708862126 0.1772206392
117144397.7434561700 0.1772170702
117144245.0705907792 0.1772207354
117144539.1344481707 0.1772238287
117144020.5757689774 0.1772209877
117144725.2694482207 0.1772247981
117143998.3863912672 0.1772209871
117144350.7151209563 0.1772210051
117144023.8067702055 0.1772211745
117393258.9303835928 0.1772189712
117393428.8111118227 0.1772204746
117144567.2458325475 0.1772211931
117144020.1534060240 0.1772206601
117144000.3042740226 0.1772202963
117143934.6583181769 0.1772208204
117143934.5445668250 0.1772208415
117393395.6076601595 0.1772205474
117144296.9871649742 0.1772213843
117143972.7018778771 0.1772209882
117392245.8635758609 0.1772180572
117144061.5200670958 0.1772210602
117144572.7478371859 0.1772222412
117143921.2255600840 0.1772209101
117144807.4825509191 0.1772230377
117143926.0626821965 0.1772210826
117144140.8650012016 0.1772208883
117393298.9819962382 0.1772200135
117144243.8280563205 0.1772238096
117143873.7425656468 0.1772215935
117143888.0295178890 0.1772221694
117143928.3532749563 0.1772218493
117144293.8978529721 0.1772247342
117143975.3639153093 0.1772215158
117143966.0451079756 0.1772245313
117144038.8230902255 0.1772220738
117143909.8659609854 0.1772218766
117143828.6601624340 0.1772212772
117144401.8565594405 0.1772241877
117393182.7263298929 0.1772206732
117144318.3173479587 0.1772222933
117393216.5157303065 0.1772210149
117144334.1902447194 0.1772197581
117143915.3308518678 0.1772215633
117143890.4219677746 0.1772206018
117143900.7568255216 0.1772220365
117392794.4261394441 0.1772219983
117144065.2693013400 0.1772219691
117392562.4763813466 0.1772215290
117143845.9138974845 0.1772218748
117392487.4844453782 0.1772212012
117392884.2626370192 0.1772203234
117144430.0123139173 0.1772239652
117393307.6837524772 0.1772210263
117144041.7796789557 0.1772238405
117393300.1723793000 0.1772210211
117144013.6254556030 0.1772221065
117392798.6953002214 0.1772208374
117143849.0078323185 0.1772213075
117143930.8656961471 0.1772227906
117143879.2363153547 0.1772213940
117144163.3817147762 0.1772212552
117393338.7486812174 0.1772212302
117144072.8349394500 0.1772214460
117393309.2617263794 0.1772214532
117144004.1407627612 0.1772192899
117393300.7765857726 0.1772209845
117143971.5195783526 0.1772212960
117393254.1918062866 0.1772208771
117144144.3911195993 0.1772230425
117143848.9377386123 0.1772213355
117391669.0788884759 0.1772191549
117143854.3859713972 0.1772214165
117144159.1445201635 0.1772210417
117143826.0313068479 0.1772212435
117143973.2474934906 0.1772215416
117143825.4954093099 0.1772212670
117143936.5003093630 0.1772212155
117143840.5605937839 0.1772217239
117144224.4991269112 0.1772224499
117393381.1871828139 0.1772212062
117144001.4880682826 0.1772222116
117393287.4566824436 0.1772210462
117143895.5162610561 0.1772210940
117143828.6772384346 0.1772212995
117393413.5555446148 0.1772202190
117393383.3156907260 0.1772216281
117143957.6040855646 0.1772214147
117143901.2748252004 0.1772211293
117143978.1890688837 0.1772203294
117143834.7216439992 0.1772214905
117144313.6740032732 0.1772232620
117143868.9319923371 0.1772214609
117144014.2841493934 0.1772223642
117143872.8798339218 0.1772215690
117392709.5953144133 0.1772211745
117143838.9583643675 0.1772213827
117144244.7587988973 0.1772213300
117392542.1255030930 0.1772202058
117143839.6947156191 0.1772213768
117143960.5619285554 0.1772212206
117393361.3073469996 0.1772211970
117143864.8869782239 0.1772211396
117393403.6741391420 0.1772213356
117143896.5129155666 0.1772217392
117143847.6059154272 0.1772212801
117143843.9536011964 0.1772209242
117393416.4055634439 0.1772209530
117143853.3117983192 0.1772211203
117393407.9513441771 0.1772209685
117143883.4619284421 0.1772220867
117393404.5045763999 0.1772213032
117143871.9614936560 0.1772207305
117143833.2511544824 0.1772212527
117143904.6294648051 0.1772220891
117393404.3190952390 0.1772212873
117143899.8392426372 0.1772204604
117143828.2349273413 0.1772211283
117143941.5469251722 0.1772213570
117393392.2790247053 0.1772212301
117143942.4484902620 0.1772214042
117393387.1097750813 0.1772210336
117143985.8547475487 0.1772221681
100180763.0000000000 0.1772221681 0 0 0 0 0 0 0 0 0 0 0 1 0 0 0 0 