1026447820.3033304214 0.0007521127
1036942308.2737693787 0.0000867820
1076875131.5685331821 0.0002073507
1128344637.7188565731 0.0002021671
1184695873.7395274639 0.0000139234
1052706074.8594129086 0.0001006345
1031570953.7712757587 0.0008384936
1134546729.2653462887 0.0000394433
1124365117.4161078930 0.0001793818
1108981293.5964512825 0.0004304775
983507765.2738484144 0.0001158922
1044933188.3767504692 0.0002488156
991845253.4377385378 0.0008179547
984536195.1221470833 0.0010777053
1146785032.6491637230 0.0000245732
1099608130.1462547779 0.0004091542
908598904.0340003967 0.0000826026
878600766.4259638786 0.0005210823
823522731.7511122227 0.0005269281
790483786.5312064886 0.0006188707
817441314.6480213404 0.0016878149
793766953.1531815529 0.0021325476
938263995.5113363266 0.0000270562
761250134.4008738995 0.0019714575
747756477.4549243450 0.0023230572
919666570.7323530912 0.0006017204
829595659.3163309097 0.0015655436
770562349.2816048861 0.0022794413
800062497.8278193474 0.0003937768
787506849.1407724619 0.0001577658
751893785.6161836386 0.0028004714
864130179.8842860460 0.0007323233
635050513.4923106432 0.0001527273
431871042.4102666974 0.0000171135
479376797.8896631002 0.0000059888
454319049.3836332560 0.0000111007
455179117.5427494049 0.0004071364
430184796.7817254663 0.0000140883
432611712.2611910105 0.0002776365
429115607.6767269373 0.0000166972
456542434.8998813629 0.0001193904
427438756.8486408591 0.0000163293
388930677.9481145740 0.0000124505
388896973.5116518736 0.0000245125
433079178.9565834403 0.0000820787
382322810.7138335705 0.0001311376
522619735.3291889429 0.0000636827
380497380.6524385214 0.0001509729
380264740.9062188268 0.0000402414
383860450.0676122904 0.0000713145
359892687.0099263191 0.0009866588
348350386.9034125209 0.0009514760
340747315.0742121935 0.0002461792
326844639.5653285980 0.0002170666
354256867.6374847889 0.0001795110
327054277.2850116491 0.0002529083
317142873.6289722323 0.0000139378
374097045.1367513537 0.0000227530
351903841.8031780720 0.0000685016
321621158.5999311209 0.0000220217
446198869.4908883572 0.0000013314
315566480.6025665998 0.0000159191
356543939.3271330595 0.0000039050
318138865.3104497790 0.0000142433
289180097.8961793780 0.0000008440
308539703.8834746480 0.0000015269
326249933.8982649446 0.0024340544
302718052.5726617575 0.0000004829
310662627.5993750095 0.0000663666
283457664.2361707687 0.0000011017
252211982.3074605465 0.0000129831
249512012.1057988405 0.0000200112
320695644.2732405663 0.0000088869
262314217.0787441134 0.0000094163
268795608.8261522651 0.0000743350
264989878.6814053953 0.0000195685
256285352.5202942193 0.0000036402
291082090.9913969636 0.0000709370
297689275.4214929342 0.0014132030
255944819.3142836094 0.0000289738
291944920.3606701493 0.0000415055
256480695.7287696600 0.0000424778
247721160.6008982658 0.0001284917
248256607.9634709358 0.0000928837
322203483.4763146043 0.0000224106
271587744.2691512108 0.0008518665
253023988.0751555860 0.0000264879
244750139.4673298001 0.0000251193
318052154.7176029682 0.0001014839
293379170.0439413190 0.0000335588
263648429.7740528584 0.0000069764
231803967.3427622914 0.0000022645
272152182.5614029169 0.0000000000
264918009.6901793182 0.0000013481
231885938.2368355691 0.0001145352
251112441.9237403870 0.0000021467
323577914.4911548495 0.0000000107
233451982.3609865308 0.0001882125
229980878.8694189191 0.0002509381
249263590.8646318614 0.0003128532
287370979.6652006507 0.0026545021
244252103.6574991941 0.0001961397
298197551.7968062758 0.0000081811
231116712.6326856315 0.0003689575
222329695.8472167552 0.0000169652
234077884.7070290148 0.0000105528
288576186.5370109081 0.0014443930
231303466.3106100857 0.0001002638
256850182.5495809615 0.0000011850
221200499.5768972933 0.0000099071
225844363.1086802483 0.0000121093
224563120.7975814044 0.0000111601
232803862.1484362781 0.0000075139
229970377.8479052186 0.0000008214
228894285.3069261909 0.0016396104
224349270.0696495771 0.0000036090
356247291.8579304814 0.0000008029
224422366.4424626231 0.0000132196
279698448.8995321989 0.0000107537
227129055.4082027674 0.0000202725
238200906.4686465859 0.0000099997
288342623.9946492910 0.0001170609
323292317.8776865602 0.0000016938
240981432.7611565888 0.0000009701
294940930.2643761039 0.0006473907
226760145.2536525428 0.0000096911
247026819.2348318994 0.0000058886
229712155.7360730469 0.0000155625
364379897.1584671140 0.0013512002
215370473.3958569169 0.0000382055
282704743.0842356086 0.0000005301
219897901.0439765751 0.0000002049
269718622.9520720840 0.0004919291
239001580.1994316876 0.0000285714
286878042.8035933375 0.0001151756
221948099.4324150980 0.0000465511
374745156.4711427689 0.0012552034
226276867.7661262751 0.0000268945
303369496.0377820134 0.0000003544
226698329.5836082399 0.0000023377
223022846.5681790709 0.0015423082
208679352.7604330480 0.0001315009
209518599.1993921697 0.0001062772
212800752.1424606144 0.0000407569
218407740.7635433376 0.0003121304
210251543.7977056205 0.0000081435
215264072.1719174981 0.0000826687
221162448.2687873542 0.0007525302
216537204.1547861695 0.0001945165
211168387.3252386749 0.0000018714
215037544.4100497067 0.0003431154
218499606.6530008912 0.0001073923
215624760.9075076878 0.0003134403
215003639.8635028601 0.0000039708
219771151.0399701595 0.0000649319
209070634.5613422394 0.0000366662
212562704.7305383980 0.0001781643
230376047.7188699245 0.0006873649
223056592.5444130898 0.0002015404
223946975.7076521218 0.0000000109
218069478.6820466220 0.0003196827
212917878.5310966074 0.0000000081
218688693.1088332534 0.0001187057
220830974.2003301978 0.0000013997
222036609.2835024595 0.0001188781
216602630.4948354661 0.0015275208
212125844.6333135962 0.0002273144
212900425.2249485552 0.0000337377
210938940.8345806301 0.0001314772
217167228.3590459526 0.0000040485
209675760.0600687563 0.0000993924
222757713.5002350807 0.0000025626
208635096.2531935275 0.0001435345
230866010.8019879758 0.0001251308
213145299.4944408536 0.0000620012
211002842.6924221814 0.0000808066
208709067.9254451394 0.0000787671
215117251.4800030589 0.0003382718
209164319.3389817476 0.0001051205
223786652.5239152908 0.0002091677
209318530.9537926316 0.0001104846
216304023.6514779329 0.0001647403
222239830.4591445923 0.0001894496
212392323.0183007121 0.0000047494
212321049.0317349136 0.0002235975
213092829.9291868508 0.0000048486
219068065.8859793246 0.0001225190
214941719.5516578555 0.0000014083
213131745.4748768806 0.0000681751
210969854.0055278838 0.0001153731
215210352.9028299153 0.0000986047
209969997.5218595564 0.0000580549
212943576.7377974093 0.0001732939
218757329.2611262500 0.0000669899
211676799.4487316310 0.0001147906
213966430.4376005232 0.0004536390
214669740.5487426817 0.0001183370
219827756.5510778129 0.0000609004
208862926.8495109379 0.0001868283
208671405.5076141655 0.0001837061
209593978.2320880294 0.0002271367
215377034.7588442862 0.0001464946
208279773.5689035654 0.0001139855
210143080.1444917619 0.0004859840
208480755.5030799806 0.0001391927
212597645.4273513556 0.0000180018
210988007.0116266608 0.0000951170
223242528.6523763239 0.0002348731
214684765.9566895366 0.0001334412
208381519.8360360265 0.0002357323
212496746.2209681869 0.0000963677
215231406.0253702402 0.0001130383
216205457.7777321041 0.0000934352
209421387.8265940845 0.0000493536
214998935.8197525144 0.0001031806
220624902.6712080836 0.0002077763
211648139.0345721841 0.0001173553
218467170.4372645617 0.0000493159
211975310.7735148966 0.0001792246
215155846.0964406729 0.0000318103
212423568.6368835568 0.0001116224
220312028.2672699988 0.0000112960
209377599.2991666496 0.0000776893
215628350.6894878745 0.0000001131
209360580.4198089838 0.0001648204
215296551.0311381519 0.0000990487
214585361.0159895718 0.0001226879
210200248.2823512852 0.0001119684
208618057.0111210644 0.0001279209
214767814.6797322631 0.0002116605
208784483.5523549020 0.0000994400
222253140.7499883771 0.0002758174
214243712.7082015574 0.0000816103
215050113.6279616356 0.0002002875
208291606.5216341913 0.0000931175
217004600.1901350021 0.0002712930
213477714.4856158793 0.0001217659
219670094.5390272439 0.0002668502
212450444.2937788367 0.0001174244
222290295.3451851606 0.0002286401
213755433.7100022733 0.0001286068
222477089.3299075365 0.0002032927
211620380.9182056189 0.0001563209
208386628.0454415977 0.0000797723
213705156.6344261467 0.0001333954
208470308.7911256850 0.0001232591
215991603.6972365975 0.0001201708
213998257.0045818090 0.0001250328
220531828.8270460367 0.0000610622
209045579.5828478336 0.0001078224
210036811.1558291316 0.0001626279
214949787.3768214583 0.0001404840
222398165.5250028968 0.0000622943
213043896.0597326458 0.0001025568
215147769.7009318173 0.0001256894
209122669.4919365346 0.0001671513
215211034.5681789219 0.0001130575
215197896.7199327052 0.0001027771
208574263.4433649182 0.0001220694
209545658.4902830720 0.0000858976
213682221.5542837679 0.0001359936
212328467.4576744437 0.0000796573
215357502.6873314679 0.0001191501
210441315.6558421254 0.0000844589
214166282.6303667724 0.0001078545
209106505.3942406178 0.0001011409
215486177.2069059610 0.0001074065
214206631.7457049489 0.0000652263
215222258.3356808424 0.0001083799
215936455.9062983990 0.0001444484
215567089.7761541605 0.0001100568
211862709.0701020062 0.0001736636
215420132.7084395587 0.0001118063
213097807.4682969749 0.0001034333
214984249.4281997383 0.0001197857
213845580.6687073112 0.0001238679
209221071.4076187611 0.0001136041
210932557.0267506242 0.0000842128
215596719.4471499622 0.0001121762
209313239.4876345396 0.0000753845
208927757.2764379084 0.0001176769
215851116.9677721262 0.0001177500
209169494.6263551712 0.0001226018
214693976.6415496767 0.0000722711
209048353.6792220771 0.0001142536
208113685.6235873997 0.0000913334
213761634.6906090975 0.0000933192
213757253.7618988156 0.0000988683
215414862.8189789057 0.0000850547
217493998.1551281810 0.0000987558
208433119.5893107355 0.0000821275
208252096.6636959910 0.0000834353
209920099.7818449438 0.0000993670
208242630.7180241048 0.0000733432
208391821.7728123367 0.0000937984
208428886.1856021285 0.0000800876
208067939.2863416076 0.0000911050
212181240.0647228062 0.0000940011
215008299.3451359272 0.0000861930
210240531.1830670238 0.0000926286
208496608.7784449458 0.0000915218
212524029.7700456679 0.0000995580
209011924.7897643745 0.0000779795
213570112.2495698333 0.0000683058
214770751.0091740787 0.0000853442
208951378.5260262191 0.0000705689
215273524.4781850278 0.0000898242
211254739.3024406731 0.0000994299
208148947.7029908001 0.0000844275
214048995.9234714508 0.0000923248
208149355.3998556137 0.0000917908
213402594.1434691250 0.0000902547
208806466.0096047521 0.0000908607
213173875.5578832030 0.0000458500
214132677.1758930683 0.0000922846
212732008.8826338649 0.0001432970
214277930.3521512747 0.0001015793
209021459.5534556508 0.0000589453
208556259.1834917367 0.0001023917
210551403.4735350013 0.0001256756
214984856.7739842832 0.0000941505
213274380.6579073966 0.0000745642
209012767.6527243555 0.0000885842
209378547.4660214782 0.0000983228
215051023.1239389777 0.0000982462
208914317.7857697606 0.0001330831
208603320.2425967455 0.0000882492
212549888.2531791031 0.0001300727
208557329.3986787200 0.0000841980
210262133.2062616646 0.0000645521
209482934.2504009306 0.0000850457
215722466.7714660466 0.0001150776
208944665.8230810165 0.0000908668
211441744.0001089275 0.0000908951
215207953.3413383067 0.0000902640
210366179.9254396856 0.0000660854
211571335.1557761133 0.0000998339
215173157.4035229683 0.0000916693
214772596.5014548898 0.0001032758
214996421.2014917433 0.0000871338
208061743.8693668544 0.0000907562
215229260.1354666054 0.0000891076
207980147.0513703227 0.0000907534
214701915.3181194663 0.0000865145
208141503.8081964552 0.0000882803
214829205.4135372341 0.0000815733
214977198.0709683001 0.0000920839
208573670.4875803590 0.0000919893
208000412.7058604658 0.0000920250
214849561.7589843273 0.0000897847
215058482.5298491716 0.0000907617
208188913.7959630191 0.0000892248
215088325.5135449767 0.0000931877
208882170.8724270165 0.0000815816
208018778.3907985091 0.0000884934
209115095.6806958020 0.0000847694
208360619.9765483141 0.0000886115
208055342.7659312487 0.0000956353
215132344.5990903080 0.0000894520
209717140.4964066744 0.0001006869
215043743.8684442639 0.0000890082
209106916.9544920027 0.0000875320
215290851.0884254277 0.0000910064
214581509.4838301539 0.0001036974
208062769.1351797581 0.0000900116
208567039.8204483688 0.0000904599
208139345.7128750384 0.0000881577
214935515.1180908084 0.0000903957
208006737.6143905222 0.0000901762
208296523.8062900603 0.0000888440
215236467.3323843777 0.0000893965
208025284.7445707619 0.0001033798
208127304.9802544713 0.0000902465
208184213.4846373200 0.0000950155
214900699.1883816123 0.0000892982
208466854.9669010341 0.0000843122
207962533.6006341875 0.0000910236
215227289.7912936509 0.0000949991
208169159.3185406923 0.0000935659
210310260.2857199609 0.0000862246
215238800.1304585636 0.0000915859
214847815.8824248612 0.0000875249
207985251.3385643661 0.0000892766
215094095.6239949465 0.0000910399
208003832.8147854507 0.0000921565
208424813.5594756305 0.0000938346
207967618.5656509697 0.0000911619
208348051.6710077822 0.0000977580
207962141.1213760078 0.0000918368
208596798.8165981174 0.0000843706
214812977.0326648057 0.0000910275
209521052.1842628121 0.0000932594
208143054.5855450630 0.0000912550
214461706.1790562868 0.0000895015
215178685.0490626991 0.0000892118
208600533.9555778205 0.0000890701
207992756.3049164712 0.0000960728
208538434.7830552161 0.0000932902
215143145.8426365554 0.0000865438
208211002.2492213547 0.0001008151
208121275.5736289620 0.0000916790
214975909.6782346964 0.0001037121
207974332.6350572407 0.0000909944
207958132.8523386121 0.0000927902
215111184.3281373382 0.0000959882
215155841.3267774284 0.0000935760
215227061.6352012455 0.0000932514
215270739.2483284473 0.0000931885
208042714.1561331153 0.0000954514
207995302.2650685608 0.0000926363
208110554.8869989812 0.0000913459
207990302.8021015823 0.0000927609
208282843.0963211954 0.0000915162
215224457.8451873362 0.0000924101
208231606.7304060161 0.0000902093
215242607.3773362339 0.0000912350
207980202.1800482273 0.0000934802
207974321.7301754057 0.0000948134
208678877.3630740345 0.0000932526
215151298.2354155183 0.0000929865
208244035.2599895597 0.0000912196
215044611.6787296832 0.0000934020
208879479.8957187533 0.0000947030
215031337.6009769738 0.0000934480
215161250.6206496954 0.0000913594
208037303.8397849500 0.0000926473
214993178.1132941544 0.0000968484
215260959.1867067516 0.0000936392
208289818.2690031826 0.0000937363
215155336.0761647820 0.0000923137
208459032.9518728852 0.0000881608
215262092.8411038816 0.0000925803
214816084.5990441740 0.0000946593
215153691.8637214005 0.0000919648
208249053.0517484844 0.0000963093
207965855.4720173776 0.0000942046
215026434.1598628759 0.0000961680
207985058.3947516680 0.0000929012
215161824.3865398467 0.0000927975
215282548.6722860634 0.0000917163
208166607.8606615961 0.0000883377
215273579.8145672381 0.0000936401
215183541.3411283493 0.0000841843
215264055.3908416629 0.0000929823
208405955.0689271986 0.0000924258
207975188.4100378156 0.0000927520
208126787.0234607756 0.0000925945
215271553.1261267662 0.0000929083
208141382.8501153588 0.0000928371
215266822.9193670750 0.0000940181
208124072.8932575583 0.0000919261
215242511.8904111981 0.0000926893
207971036.4907971919 0.0000922028
207993435.5809963942 0.0000929793
208112071.7383941710 0.0000913520
207969518.7475399077 0.0000925988
208212054.7509809434 0.0000900095
215244405.9273579717 0.0000925433
208080756.8731705248 0.0000910974
215220042.7286361158 0.0000927875
215173150.2691921294 0.0000911097
207966382.9808581769 0.0000920895
215217381.3938142359 0.0000891974
215234351.7391858995 0.0000929279
208073112.6002811790 0.0000927423
215232133.3111019433 0.0000933972
208087513.0523489416 0.0000927400
215268498.0195905566 0.0000926046
215265668.7801488042 0.0000955793
207981661.8655360937 0.0000928594
215112501.9084530473 0.0000948802
207963450.6652328670 0.0000928665
208012650.7548410594 0.0000929004
207966539.3714537024 0.0000920813
208064927.5441201031 0.0000947596
207963561.5556447804 0.0000909381
207966335.4601153731 0.0000927360
207965189.0009345412 0.0000939185
215225083.4278659523 0.0000926658
208202335.0174725354 0.0000927681
215268530.3773950636 0.0000928887
208036418.4436892569 0.0000928272
215268699.0224679112 0.0000926584
208008482.0457279682 0.0000920776
215269703.1532060802 0.0000926251
208061490.0876117349 0.0000927536
215255338.1912103891 0.0000928224
208037619.8540547788 0.0000936000
207992399.3547641039 0.0000926584
208059798.0423297882 0.0000924920
208020642.7170781195 0.0000926937
207982604.3131237924 0.0000927721
207965030.3002174199 0.0000927925
208013115.7851346433 0.0000931052
215271971.4204301536 0.0000929515
215273332.6295911372 0.0000939839
207982736.4665873647 0.0000928014
215217858.1044888496 0.0000920000
207963320.6329419017 0.0000925208
207990187.6323601604 0.0000918826
207964205.4483316541 0.0000926838
207975335.4080840647 0.0000926368
207960790.9202013016 0.0000929286
207976009.0788061917 0.0000926300
207955597.2492080033 0.0000927437
207971779.0488496125 0.0000926015
207969308.2453518212 0.0000924703
208155003.5610494614 0.0000921638
207979602.4363604784 0.0000925592
207972247.3735903800 0.0000925854
207978606.1156368852 0.0000925590
207976227.8577738702 0.0000925586
207987240.3195648491 0.0000924544
207968581.1033149958 0.0000926101
207955298.2967689931 0.0000928673
207975190.2214028239 0.0000926898
215295142.7609110773 0.0000928901
215222601.3524227142 0.0000930387
215280246.1311399341 0.0000929235
208064744.5115863085 0.0000923516
215268842.4121677279 0.0000927956
208081357.5058931708 0.0000925960
215253973.9555231929 0.0000928247
207966587.3467898071 0.0000928838
215277925.4706042707 0.0000928305
207968141.5601076186 0.0000927980
215277037.7464037836 0.0000928784
207985298.4751977921 0.0000933449
215260657.5271246433 0.0000928611
208032353.2747756541 0.0000927500
207972401.2252711654 0.0000927327
207976952.2095485926 0.0000932425
215274643.3286931813 0.0000931129
207979050.5440233648 0.0000923332
207956707.6398036778 0.0000929636
215270319.6248065531 0.0000921301
207967668.2035883069 0.0000929537
207990261.0533302128 0.0000928668
215271109.2962595820 0.0000928435
207978421.4470777214 0.0000927567
207955932.6963972747 0.0000928040
208009330.9926019609 0.0000928160
215265701.1804550290 0.0000928747
215193357.4439994693 0.0000932895
207955783.2204186916 0.0000928015
208015763.8597931564 0.0000923248
207965696.2834927440 0.0000930785
215264271.7845633030 0.0000932990
207970204.0980442762 0.0000929110
208024221.7990478873 0.0000926231
215280189.1896138787 0.0000928841
207974545.4830390513 0.0000929150
215279089.5831327140 0.0000930537
207967076.8626781702 0.0000926627
207969407.2634336054 0.0000930582
207978334.2219477892 0.0000931761
215266580.5913821161 0.0000926041
207994189.1292026639 0.0000933903
207960764.3457877040 0.0000927801
215241554.8228947222 0.0000920220
207963106.1674254239 0.0000928464
207979741.0640871823 0.0000936616
207958274.3843772709 0.0000928648
208018690.1851758361 0.0000924751
215274774.9097031951 0.0000933407
215277440.7595736682 0.0000928999
207963832.5059643686 0.0000924848
215264910.2685492039 0.0000928452
208011538.9253045321 0.0000927820
215265118.5188553929 0.0000928993
207978320.9310821891 0.0000926777
215278477.2903056741 0.0000928958
207970481.0567539036 0.0000926744
215279702.9052254260 0.0000928935
215270309.6249885559 0.0000927070
215276055.6567960083 0.0000929513
215278167.0758613050 0.0000927049
207955645.2613933384 0.0000928733
215256583.7320487797 0.0000928540
215279542.4456968606 0.0000928561
207979463.9317855537 0.0000932556
207965919.8551017344 0.0000929192
215275328.1991459727 0.0000928365
207966147.3222506046 0.0000929452
215275606.0934935510 0.0000928561
207965945.3971156776 0.0000928657
215277707.9265427291 0.0000928596
207958851.2118922770 0.0000929498
207955127.5675273240 0.0000928622
207982521.3375886083 0.0000928245
207958135.2209900916 0.0000928496
215252558.6686943769 0.0000929464
215278188.5191879570 0.0000928205
215273209.8073677421 0.0000928944
207959755.2187558413 0.0000928187
207963678.3332746029 0.0000928415
215276552.9402769208 0.0000928339
207965844.2981808782 0.0000928029
215278007.7990580499 0.0000928092
207964372.5855579674 0.0000929837
215276583.4507552981 0.0000928463
207972827.2282592952 0.0000929129
207959210.6047713459 0.0000928541
207967581.2349109054 0.0000928735
215277151.7909867764 0.0000928513
207965024.4141699970 0.0000927450
215276058.4746818542 0.0000929162
207973223.0836183131 0.0000929882
207961085.1692687273 0.0000928756
215274286.4118583798 0.0000931092
207957057.1942053735 0.0000928682
215281250.4085430503 0.0000929183
207955880.4413891435 0.0000928387
207956913.6609143913 0.0000927536
215275944.5662211478 0.0000928600
207960899.2311511338 0.0000927616
215278289.6370150149 0.0000928885
207965229.6545646191 0.0000927850
215278207.2321337759 0.0000928713
207959187.8830278516 0.0000927403
207966975.5983389318 0.0000926984
207959028.5259987414 0.0000928407
215277596.4406756461 0.0000928772
207961253.5279592574 0.0000927940
207955666.2302859128 0.0000928955
215268460.8713169098 0.0000928551
215277539.7200689316 0.0000928688
215274215.2228648961 0.0000928336
207956728.1217670739 0.0000928546
215277484.0586258471 0.0000929258
207955142.7954361141 0.0000928619
207957852.4630114734 0.0000929100
207955380.5780512691 0.0000928826
207960844.4319396317 0.0000928500
215277543.8063650131 0.0000928982
207957744.2194963694 0.0000927395
207956312.6890440285 0.0000928521
207958307.3473630250 0.0000928893
215278413.3812854588 0.0000928571
207958591.6404069364 0.0000928670
207956109.0522335470 0.0000928540
207960294.9646798372 0.0000928266
207955885.6683416665 0.0000929109
207955715.3224178255 0.0000928615
207957716.9824720323 0.0000928548
215278827.3541656435 0.0000928633
207957970.9766410589 0.0000928611
215278374.5309194922 0.0000928695
215277412.2903475463 0.0000928673
207955544.8656197488 0.0000928712
207961724.6919066906 0.0000928769
207956376.6805244684 0.0000928641
207960370.7168437839 0.0000928308
207955035.5103574395 0.0000928634
207958557.1623505652 0.0000928945
207955382.7624778152 0.0000928637
207955241.2105069160 0.0000928666
215278426.7807192206 0.0000928515
207964076.2180766761 0.0000928701
215278073.2773616612 0.0000928792
207958004.4753131866 0.0000927896
207955021.8187173009 0.0000928552
207956433.8775404990 0.0000928500
207955071.3131837249 0.0000928554
207958495.3759987056 0.0000928435
207956247.8589055836 0.0000928583
215278047.3907507360 0.0000928437
207955915.6881580949 0.0000928745
207955418.8648689985 0.0000928522
215277887.3015367389 0.0000928544
215278665.3245379627 0.0000928538
207955699.8574505448 0.0000928667
207954967.4665565193 0.0000928578
207956564.3847244680 0.0000928535
207955302.6624691188 0.0000928540
207955284.5857746899 0.0000928594
215278801.3264412284 0.0000928587
207955590.5082215369 0.0000928554
215278727.4875671268 0.0000928579
207955432.3039464951 0.0000928582
215278061.3118601441 0.0000928591
207956928.1577393115 0.0000928573
207955023.8707987964 0.0000928548
215270890.4011852443 0.0000928681
215278599.4672042727 0.0000928629
207956866.9563072324 0.0000928421
215278790.2433498800 0.0000928658
207956424.4764484167 0.0000928389
215278725.4594617784 0.0000928539
207955646.2995342016 0.0000928595
215278818.0254907012 0.0000928628
207955239.1726608574 0.0000928479
215278854.8908465207 0.0000928470
207956129.1882254183 0.0000928766
207955073.2038781643 0.0000928545
207955858.3645096123 0.0000928471
215278649.4622726440 0.0000928551
207956209.5666329563 0.0000928894
215278775.4565907121 0.0000928612
207957108.5749326050 0.0000928403
207954959.4575934708 0.0000928639
207960168.2457811236 0.0000928561
207955249.5025500357 0.0000928665
207958631.8431841731 0.0000928671
215278779.2135199010 0.0000928591
207955271.4070202112 0.0000928809
215270866.3838886321 0.0000928742
215274889.4717251956 0.0000928690
215278862.6926386952 0.0000928636
207955729.0780920982 0.0000928641
207955133.9890699685 0.0000928632
207955263.6937987804 0.0000928603
207954987.9732045531 0.0000928648
207955071.8573376238 0.0000928686
207955069.6012756526 0.0000928635
207955040.9947443604 0.0000928557
207955016.0130966902 0.0000928625
207955090.4812576175 0.0000928686
207955024.8794388473 0.0000928644
207955155.9135189354 0.0000928663
215278702.3813828826 0.0000928654
207955143.2972522974 0.0000928542
207954947.0427052081 0.0000928657
207955038.0983072817 0.0000928702
207955088.3569560647 0.0000928664
207954987.6023156345 0.0000928602
215278881.1715058684 0.0000928644
207955007.7550358772 0.0000928691
207954997.2471234798 0.0000928651
207955072.8785334527 0.0000928716
207955001.0354827344 0.0000928678
207955511.7876082659 0.0000928564
215278817.7478859723 0.0000928677
207956156.7399798930 0.0000928594
215278767.6554057896 0.0000928669
207955856.5131255090 0.0000928636
215278861.8169714510 0.0000928654
207955422.4485079050 0.0000928703
215278882.4199059010 0.0000928649
207956052.9682901800 0.0000928647
207956467.5232732892 0.0000928644
215278788.4384356141 0.0000928638
207955186.3061416447 0.0000928728
215278821.6455418766 0.0000928671
207955256.1913071275 0.0000928605
207954976.5423577726 0.0000928659
215276889.8240156770 0.0000928683
207954966.8870388567 0.0000928661
207955512.5618207157 0.0000928652
215278912.5949595273 0.0000928649
207955217.0282358527 0.0000928690
207954969.7958775759 0.0000928656
207955065.0477012098 0.0000928641
207954970.5274001658 0.0000928666
207955077.6411391497 0.0000928675
215278869.1729388833 0.0000928659
207955009.6781510413 0.0000928630
207955025.3686806858 0.0000928655
207955236.7893796861 0.0000928633
207954974.7987403274 0.0000928652
215278633.8126277030 0.0000928657
215278806.3165128529 0.0000928662
207955251.8213554621 0.0000928672
215278886.4604510367 0.0000928647
207955015.0346694887 0.0000928698
215278783.8156902194 0.0000928672
207955225.3736231923 0.0000928603
207954991.6789206564 0.0000928656
163133997.0000000000 0.0000928656 1 0 0 0 0 0 0 0 0 0 0 0 0 0 0 0 