703350055.7143752575 0.0001817803
710561773.4738167524 0.0000790611
726580181.8234226704 0.0000998318
774270022.7333595753 0.0000881983
855430954.3141480684 0.0000039281
731671104.1341613531 0.0000614849
704425507.5925759077 0.0000939790
709740419.4426729679 0.0002155757
714305018.0004884005 0.0000768051
682997392.6105008125 0.0002290184
662269488.8992260695 0.0000015894
719493104.6501300335 0.0000984297
662290594.6526801586 0.0002396067
662379974.8795862198 0.0003495853
767549224.4751838446 0.0000756373
706457378.7136731148 0.0001058292
647501752.3745204210 0.0000011329
605623988.8229613304 0.0000559018
575642374.8467584848 0.0000343033
554721102.1669259071 0.0000418612
574156750.9769183397 0.0005715394
561236116.4620394707 0.0010158654
679294673.7255120277 0.0000159457
552554889.9879192114 0.0008467364
550508229.6562273502 0.0009270145
559950322.8380126953 0.0002531563
572625473.0120270252 0.0003984615
560367257.5962992907 0.0004461485
568000433.7849172354 0.0000497065
585811267.9249858856 0.0001982340
551506955.2727938890 0.0008894603
601908464.8910731077 0.0001543279
489256073.9137561321 0.0000609457
378209987.0731090903 0.0000010644
422292282.1091861725 0.0001501117
380954283.2483987212 0.0000013133
393351344.6290841699 0.0000312288
375602894.1603145003 0.0000011039
409057656.9931766987 0.0000000412
387659438.0767650604 0.0000008049
438137172.6168434024 0.0000000591
375618778.7431851625 0.0000010585
335683711.0429115295 0.0000003391
331020730.2507878542 0.0000003864
333222913.1693553329 0.0000264958
329766789.5855374336 0.0000004229
337574770.7807999253 0.0000044242
330760492.5930787325 0.0000004305
338050170.0599703193 0.0004008538
324510770.1844046712 0.0000004439
318972864.1863219738 0.0002372450
310750232.8705114126 0.0002524625
309239973.7975348234 0.0000628193
322303739.6755651832 0.0000476970
300611879.3657833338 0.0000105452
299499123.0389573574 0.0000109225
288142124.6977476478 0.0000027021
317122907.0470262766 0.0000008119
322334368.4747647047 0.0000003163
276849423.4948378801 0.0000032211
314480403.2307033539 0.0000003172
281057216.6767686605 0.0000024930
340923116.6357998848 0.0000012854
281696384.5748343468 0.0000034213
357198554.2726505399 0.0000558375
272792453.2231177092 0.0000155401
264073015.6902687848 0.0000019290
299988148.3910961747 0.0000150101
235861229.0890687406 0.0000021377
250207803.7124782801 0.0000006344
248117362.3072050512 0.0000058671
256378400.5753743351 0.0000011439
228220106.2576837540 0.0000032630
231444443.7707773447 0.0000029564
328743557.5202196836 0.0000024868
236047077.9788593948 0.0000030329
262223218.1450661421 0.0000409448
231673551.8172851205 0.0000026687
249225758.4811318517 0.0000127459
212746681.0443684757 0.0000038655
249433423.2971793413 0.0000051037
222769699.5702495575 0.0000028681
253885783.7274301648 0.0000019858
211941377.9560177624 0.0000012404
216736043.4183919132 0.0000025908
213924198.7708506286 0.0000007914
268557621.9690216780 0.0000009390
206475896.3334298134 0.0000009926
199149881.4282288551 0.0000131131
193622684.8844044209 0.0000174980
245853213.8305090070 0.0000292294
212971388.5435181558 0.0000155532
232008836.8645651042 0.0000099240
200274379.9619899988 0.0000129068
217352461.8044089079 0.0000940713
205477142.5304441154 0.0000378918
213964038.7646115720 0.0000028960
193142857.4167608619 0.0000114372
219841867.9241914153 0.0000067242
190717072.5376145840 0.0000011119
184114888.1680031419 0.0000072150
192403831.7467544973 0.0000003156
193787687.9077120423 0.0000023968
203964315.9234319627 0.0000119771
249987934.5181058347 0.0000078869
176415465.3664325178 0.0000263872
238794289.6863095462 0.0000000197
170832899.1140707433 0.0000032451
216000895.0120166838 0.0002006245
171401557.9088542163 0.0000010407
201458792.3020042479 0.0000039346
167712401.2617537379 0.0000696879
174510915.5368418097 0.0000055409
163685285.0150114298 0.0000361726
193209128.9220930636 0.0001512623
169370914.3394034505 0.0000017396
226232978.1549929380 0.0000045687
159589994.8304181397 0.0000154796
169149272.3964527547 0.0005048352
162662412.0389450192 0.0000470218
175266103.4878069460 0.0000000481
162209547.0515733361 0.0000088491
225354839.0090397000 0.0000259511
160913020.6438633502 0.0000272993
171445366.9808012247 0.0000000060
163973085.8310341239 0.0000198314
217810309.8987270594 0.0000000482
162513173.4422110021 0.0000162174
203516562.4000392258 0.0000030690
163127077.4201916456 0.0000059983
207688308.0028369725 0.0000004273
159948171.5333843827 0.0000543137
188100349.7839876711 0.0000602839
170097397.0489363968 0.0000075588
195979539.7082122266 0.0000691623
165968662.6862950027 0.0000060840
227677769.1457824111 0.0000000001
160856182.4925793707 0.0000067762
197326188.6394483149 0.0001724280
160383166.7444643080 0.0000017512
186637691.0264905393 0.0000315237
159797340.2251017094 0.0001159786
201828500.6050702631 0.0000023107
161910205.1289680302 0.0000236365
221685955.7587383389 0.0011924838
177620938.1547715366 0.0000012986
156889438.1053251624 0.0000312889
165055788.2569388449 0.0000111926
160660155.1739004254 0.0000318482
168579289.5657264590 0.0000890923
159904981.0113122165 0.0000383782
159538674.5816738605 0.0000058762
158773174.1753481030 0.0000364489
170721948.4953247011 0.0001147929
162743369.6223740280 0.0000389128
169665051.9143863022 0.0000105908
157210222.2824148834 0.0000262206
165174769.4132823646 0.0000249283
159631052.0966970623 0.0000070069
162143328.7121304572 0.0000143030
155632340.5410468578 0.0000609280
157197534.1974594891 0.0000519834
155104842.5475934148 0.0000539718
156021113.9362849891 0.0000588555
156544128.7119406462 0.0001168862
155497058.7199335992 0.0000533309
156651714.0980877280 0.0000679988
153600335.4690166414 0.0000781774
155365855.7552766800 0.0001229895
153634151.5774983168 0.0000666003
156493836.5375463963 0.0001081260
152548866.3357454836 0.0000759258
161407292.7393677235 0.0000508448
156387894.2358994186 0.0000937313
159411552.0616785586 0.0000641421
154598169.2853228152 0.0000795700
154966231.1400786042 0.0000820306
152162480.4464374781 0.0000728327
154446403.4100024700 0.0000644899
155224973.2197728157 0.0000587358
151171325.9872272909 0.0001512287
154502280.9623202085 0.0001415425
151441248.1634405851 0.0001603132
154172855.8756325245 0.0002008672
149741958.2738421559 0.0000101528
151043679.0456500649 0.0000115466
152961246.2886614799 0.0000243819
149911372.0726401210 0.0000254747
152231750.9895421267 0.0000357095
150242846.4544464648 0.0000128260
152065231.6957855225 0.0000208130
153437814.0073448122 0.0000107643
153235902.4954498410 0.0000002161
150621016.2612463534 0.0000050798
153396682.6545215249 0.0000209528
151835055.1625817120 0.0000074749
159432734.9180627465 0.0000108246
151466953.9787937403 0.0000104706
149403781.1675723195 0.0000017529
152420428.5118025839 0.0000000323
154610167.8387049139 0.0000005297
149775749.5291123688 0.0000030907
150585594.4595574439 0.0000102091
150757261.3504881263 0.0000017684
150453988.0942264199 0.0000048307
149951086.3291157484 0.0000013012
150705183.4109448195 0.0000093523
151223299.3253075182 0.0000026168
152599017.7733002007 0.0000068988
150205018.6636273563 0.0000031462
150276179.1527077854 0.0000001869
153090168.1321906447 0.0000011265
148973872.0305000544 0.0000063296
146654483.1661554277 0.0000082150
150458151.7465214729 0.0000132149
146431592.4539549053 0.0000073800
149886688.1968393624 0.0000017248
148680864.0280871391 0.0000038619
149118290.2033720016 0.0000215884
147643803.0700778961 0.0000074314
160604306.3742738664 0.0000157013
146502329.0156856775 0.0000067105
148056738.8959959447 0.0000000767
146635150.2338725924 0.0000094260
147534469.2894459069 0.0000223167
146752510.8337485790 0.0000083716
149311353.8759471774 0.0000207601
145947308.2205084860 0.0000096210
147688042.6802099347 0.0000006158
148771923.2149837613 0.0000048740
144984524.3153083324 0.0000060404
146508493.9439819157 0.0000066339
145901119.5587168634 0.0000679473
147465643.6792716980 0.0000122826
150681318.5533735752 0.0000000401
147607682.0491637588 0.0000037449
150600523.1347707808 0.0000030392
143869244.8370652199 0.0000036902
149793924.8989001215 0.0000066811
144867861.3359336257 0.0000082657
152660108.2138243318 0.0000015788
143063141.8263168335 0.0000000486
146319698.2188556790 0.0000000576
144117101.4728882909 0.0000005127
147896353.1224586070 0.0000004887
145738204.8400833905 0.0000000756
149850039.1540910900 0.0000255135
141763305.6477286220 0.0000000999
141909514.6120923162 0.0000002119
143985868.1440882385 0.0000012543
142625104.8978587091 0.0000000393
143890585.6337590814 0.0000001424
142048187.7013434470 0.0000003005
143291776.7088803351 0.0000002250
142962180.2726505697 0.0000001256
144587660.1856104732 0.0000001484
141781279.1350054145 0.0000000892
144117656.4840024114 0.0000000009
141494285.6343072355 0.0000004032
140790812.4475495517 0.0000001030
142315982.8169567287 0.0000000113
141029203.8143111169 0.0000012693
143112818.3350476921 0.0000001708
141643171.5727207661 0.0000000168
142330933.8512533307 0.0000001299
140232747.9961278439 0.0000002961
140324789.3422734439 0.0000006813
140674601.7622392178 0.0000018460
140946422.7963492870 0.0000000378
142156171.3197556138 0.0000020243
140033575.1123438478 0.0000002483
140049622.9420458972 0.0000014502
140183426.1567562521 0.0000017778
143627478.6976880133 0.0000041610
140290755.4583908021 0.0000002589
141880725.8802516460 0.0000000140
140293334.1116551161 0.0000003241
141236887.1418991685 0.0000007259
139910320.8761703372 0.0000002141
141819500.7394133806 0.0000031088
141973912.3092848361 0.0000000771
142321889.9983720779 0.0000020084
142067831.9127002954 0.0000002498
142743540.9489801228 0.0000032896
139609897.1002997160 0.0000002938
142892545.0466717780 0.0000001742
140124652.2878538668 0.0000012499
141957310.8697530627 0.0000010287
139936731.4853196740 0.0000007856
143428603.8518677354 0.0000000453
140034017.1001884639 0.0000003252
142532809.1288314760 0.0000000069
139730177.7335420549 0.0000000226
140694356.5229239166 0.0000015308
142243301.0427453518 0.0000002929
143647961.3074919879 0.0000029177
140517111.1788175106 0.0000001325
143011307.4192725718 0.0000000006
140484797.3264273405 0.0000002285
142538465.6809215546 0.0000001522
139873673.2478130758 0.0000000013
142144783.9088528752 0.0000019531
142503184.6986798048 0.0000000694
142121215.5744399726 0.0000008321
140519281.5025814176 0.0000001139
139864554.0600813925 0.0000003148
142837171.3194535375 0.0000001838
140480195.7079323232 0.0000038972
142220450.7907262146 0.0000000160
139151662.6710837185 0.0000000060
142009806.3265416920 0.0000000081
139509254.3548377454 0.0000001254
139058855.7131549418 0.0000000015
140735434.1935860813 0.0000004696
139951411.6598921716 0.0000000018
141171321.8090296686 0.0000005201
141187155.1339902580 0.0000000160
140508270.2669382989 0.0000000114
140816335.6792814136 0.0000000108
138299157.1472030580 0.0000014427
137666765.4256243110 0.0000012743
138043338.2766100466 0.0000008189
137541668.4350841939 0.0000004511
141850945.0918969512 0.0000003746
140805339.2650336623 0.0000004180
139584461.1098710001 0.0000017458
137669968.7001576126 0.0000001900
140043588.7383795381 0.0000000005
141112447.5564983785 0.0000000148
143120444.9675483704 0.0000121118
137149042.2102726698 0.0000005504
141170806.4775096774 0.0000011937
141053162.2890763581 0.0000001114
139098716.4095786810 0.0000003211
137879592.0612180233 0.0000012662
137049702.5282176733 0.0000005017
141307570.8182017505 0.0000009970
137486947.0012045503 0.0000006636
138065098.7758425176 0.0000018506
136837492.1639816165 0.0000004178
141308911.5170284808 0.0000004679
137034915.7912949920 0.0000004597
138461352.5165835917 0.0000001526
137052332.2936472595 0.0000004920
137985940.1974689662 0.0000002106
136998064.9374394715 0.0000002496
137761536.4230204821 0.0000010035
137099765.3475795984 0.0000003526
137392162.6105875075 0.0000004811
137426100.9058417976 0.0000005878
137767743.0614063442 0.0000001359
136947540.3341172338 0.0000001268
137228020.9331935346 0.0000004138
137042523.4173149765 0.0000005236
138649733.6614494324 0.0000002248
137037886.4859362841 0.0000006082
139029916.8544747233 0.0000000183
137012640.8551695645 0.0000004115
139961265.0992145836 0.0000004048
137492859.4533156157 0.0000000121
139954796.7317734659 0.0000024174
137103806.7219244242 0.0000003423
138942490.4182469845 0.0000011045
136879292.9032020271 0.0000003598
140544786.2354874015 0.0000002415
136955853.2298011780 0.0000003271
139437230.2253188491 0.0000008939
136985486.9911674559 0.0000004581
140398063.4238495529 0.0000002210
137192751.7396701872 0.0000004620
139417688.0577208698 0.0000001472
137134931.8750581145 0.0000003380
140306553.9643390477 0.0000002256
137133939.3180894852 0.0000003987
140331291.6263912320 0.0000002238
137200081.7576669455 0.0000004858
140358155.5958530009 0.0000002226
136971382.6743106842 0.0000003844
140482720.3397735953 0.0000002305
141112579.9263967574 0.0000003141
137047879.9067202806 0.0000004326
136970366.4965775907 0.0000007501
136951071.9759250581 0.0000003064
140959647.1059665978 0.0000003268
137025882.7406775951 0.0000003994
141567225.6303908825 0.0000004731
137105636.6621941030 0.0000004918
137119632.2347377539 0.0000004211
136966901.6217991114 0.0000003831
140944867.6648258567 0.0000002863
137487143.9073094130 0.0000005108
137167017.9547125101 0.0000001095
137002205.8657900989 0.0000004687
140848699.0689516366 0.0000003128
137098122.3121718764 0.0000003314
137123337.9147602916 0.0000003731
137258632.9978240728 0.0000005386
137281486.3803575337 0.0000004000
137267064.5136012137 0.0000003928
137250792.4895335138 0.0000004096
137313922.6629649997 0.0000005364
137213520.2478751540 0.0000004201
141172926.8699518144 0.0000007198
137185443.1403416991 0.0000003640
137216196.4764165878 0.0000003399
137272331.8451405168 0.0000003825
136924143.9143780768 0.0000004744
137266602.1543688178 0.0000003620
136985563.3802501857 0.0000003462
136839291.5357344747 0.0000004334
137137035.8050743341 0.0000003321
136930247.3692577481 0.0000004083
137049118.8923034072 0.0000003959
136909225.5004009306 0.0000004602
137079757.0513767600 0.0000003714
137297378.4312242866 0.0000004308
137259988.5482679307 0.0000002699
137222328.8395096958 0.0000004369
136879499.7913860381 0.0000002364
137308308.8339932561 0.0000004523
140803710.9757474363 0.0000003878
137195773.4767116010 0.0000004303
136962091.6300992668 0.0000006728
137205724.9867494106 0.0000004032
137144641.4461326301 0.0000005570
137014413.0614434183 0.0000003748
136980823.0355539322 0.0000000809
137175163.2400089502 0.0000003836
137954197.4009678066 0.0000004986
136824565.6993148923 0.0000004512
141029478.3764996231 0.0000005080
137020734.1263116896 0.0000003355
137215117.3716509044 0.0000004693
136843379.6499687731 0.0000004575
137292938.5225887597 0.0000005110
136868021.4794171751 0.0000004390
136850066.2934282422 0.0000004893
136850648.7736257613 0.0000004445
136939440.1656389236 0.0000006233
136808245.7459799647 0.0000004746
137219162.6181700528 0.0000004858
137238668.2099556029 0.0000004430
137173065.4719917178 0.0000004784
136840276.4636990726 0.0000004945
137257280.2440263331 0.0000004297
137174210.5327226818 0.0000005276
137212507.3128117025 0.0000003090
136820552.5062205791 0.0000004610
137052600.2020650804 0.0000004167
137219212.6376643181 0.0000004422
137262082.9731294811 0.0000005230
136840470.4254441261 0.0000004685
137053845.3777145743 0.0000007168
136800463.3044401407 0.0000004720
137158711.2018621266 0.0000005809
136867167.5434193015 0.0000004770
137055744.8292659223 0.0000004798
136829502.5538301170 0.0000004808
136943402.6446592212 0.0000003944
137177286.0975307226 0.0000004497
136719171.6640422642 0.0000004341
136717825.0978479981 0.0000004334
137102344.4751934409 0.0000005396
136881720.3512371182 0.0000004345
137073058.3540062308 0.0000005052
136734905.4317293167 0.0000004516
136728037.3007160425 0.0000003963
136752802.0965122581 0.0000004411
136980768.3435713053 0.0000004291
136719992.2654535174 0.0000004335
136919828.1879330873 0.0000003279
137046311.7173151076 0.0000003890
137134981.2593569458 0.0000003533
136712764.5521028340 0.0000004558
137126012.8047421873 0.0000004896
137069927.8162677288 0.0000004486
136994867.4385378063 0.0000004297
137149076.7802906036 0.0000004776
137221309.4106324017 0.0000004595
137113779.8123068810 0.0000004717
137096058.8488648534 0.0000004625
136801214.9679389298 0.0000004701
137140936.4200312495 0.0000004169
136860710.0323101282 0.0000004586
137154849.7313352227 0.0000004601
137120649.9045343101 0.0000004424
136737915.6992098689 0.0000004581
136753113.8332397044 0.0000004479
136725531.9596146345 0.0000004412
137090422.1628273726 0.0000005187
137100400.6237019598 0.0000004584
136782545.5788544416 0.0000003871
137109679.9842636287 0.0000004566
136797822.9172880054 0.0000004643
136717189.0446466208 0.0000004503
136721137.6556548774 0.0000005014
136763748.2472565174 0.0000004528
136784676.1308059096 0.0000004851
136721363.7244041860 0.0000004770
136976588.4396501780 0.0000004515
137153824.5415881574 0.0000004474
136743173.0359841585 0.0000004856
136724191.8487820923 0.0000004427
137082153.0124949217 0.0000005071
136712438.1033610106 0.0000004542
136766358.8028292358 0.0000003550
136725657.4822315276 0.0000004487
136916650.7677744627 0.0000004477
136730872.3466967344 0.0000004509
136771837.8965658844 0.0000005194
136751344.3636083007 0.0000004423
136758905.7607265711 0.0000004023
137115267.3424889445 0.0000004290
136714304.1355394721 0.0000004514
136780991.9405785501 0.0000004486
136713974.1462181807 0.0000004552
136687416.1213900745 0.0000004762
136719797.5158049166 0.0000004699
136759740.1961292028 0.0000005060
136698908.9149303734 0.0000004809
137127301.4482659101 0.0000004729
137120210.5100797713 0.0000004737
136739153.9854756892 0.0000004751
137127523.1158086956 0.0000004775
136679783.6358461082 0.0000004873
136676155.9764235914 0.0000004884
136762932.1940046251 0.0000004847
136679399.0050070882 0.0000004868
136687954.0521647036 0.0000004529
136678480.1538291276 0.0000004911
136689887.1464331746 0.0000004719
136689422.0315639675 0.0000005029
137072919.4418480098 0.0000004540
136670316.0959243774 0.0000005011
137094515.8167549968 0.0000005399
136679611.1226308346 0.0000004951
136644386.0195117593 0.0000004706
136645823.3782105148 0.0000004749
137059417.1749295890 0.0000004751
136646859.1878454089 0.0000004717
136746182.5796528757 0.0000004694
137066417.7739849091 0.0000004654
136662392.8349485099 0.0000004986
137073917.1098373234 0.0000004715
136757083.9988411069 0.0000004596
136660542.9466440678 0.0000004700
136642874.2158902586 0.0000004842
136674416.5060769320 0.0000004834
136631866.9012961984 0.0000004782
136628872.6762528121 0.0000004738
136649080.6089348197 0.0000004748
136630989.5466421843 0.0000004728
136683922.5687173903 0.0000004513
137069478.9976189733 0.0000004701
136635597.1618374586 0.0000004936
136630560.5980433822 0.0000004827
137046526.8072124720 0.0000004596
137062509.3837900162 0.0000004756
136679299.0602170825 0.0000004725
136631358.5250630975 0.0000004942
136628767.2323892415 0.0000004825
136631076.6106421649 0.0000004826
136637528.6129315794 0.0000004679
137053061.3516736627 0.0000004802
137043369.0324280262 0.0000005164
136634260.5140916109 0.0000004805
136676123.2921214104 0.0000004762
136633960.2046183646 0.0000004739
136757999.4265522063 0.0000005213
137054275.5500210524 0.0000004834
137032306.6286238134 0.0000004824
136624473.4965934753 0.0000004838
136710792.2379966080 0.0000004727
136623417.4519867301 0.0000004849
136661435.8509770632 0.0000004649
137064532.8558965325 0.0000004835
136639008.7247099578 0.0000004786
137054569.7672910094 0.0000004793
136632902.9542666972 0.0000004639
136629359.6786198318 0.0000004816
136991478.3336505294 0.0000004882
137055875.1236877739 0.0000004811
136653401.3816185296 0.0000004984
136647048.0825470090 0.0000004853
136649479.4640539885 0.0000004621
137061622.9889084697 0.0000004738
136638047.7465496361 0.0000005103
136629486.8548191190 0.0000004851
137070178.5528560877 0.0000004767
137059446.1802361310 0.0000004961
137033136.9653766751 0.0000004887
136628882.2081866562 0.0000004821
137073521.7418642938 0.0000004376
136627613.0086903572 0.0000004918
137051608.0734784901 0.0000005182
137024308.4962645173 0.0000004897
136709676.8583362401 0.0000004925
136631739.4507700205 0.0000004779
136979331.7635138035 0.0000005197
136629933.0688851178 0.0000004618
136624779.7293330133 0.0000004832
136666117.7086733878 0.0000004830
136631707.9706051052 0.0000004833
136648898.7241413295 0.0000004713
136623716.1560167670 0.0000004852
136637538.0582776666 0.0000004885
136622292.6400437653 0.0000004932
137069284.0481253266 0.0000005033
137059387.2825174332 0.0000004887
136633375.4156781137 0.0000004950
136621840.5278513730 0.0000004892
136641080.2060739100 0.0000004928
137047190.3139115274 0.0000004872
136675291.5040593147 0.0000005094
136616876.3345752656 0.0000004896
136639605.8885086179 0.0000004878
136622023.2337386310 0.0000004952
137022551.1815872192 0.0000004943
136626315.4498755932 0.0000004891
137039611.7564729750 0.0000004908
137056942.9434877634 0.0000004963
136650353.6461518109 0.0000004653
137054346.3801153600 0.0000004862
136637016.7188595235 0.0000004886
136628801.2428154945 0.0000004922
136616732.2239584625 0.0000004910
136611700.1787663996 0.0000004931
136615899.0990186334 0.0000004918
137035356.0369435847 0.0000004943
136650743.4019048512 0.0000004886
136614639.6526373327 0.0000004900
137046741.8371472061 0.0000004927
136613262.4181816578 0.0000004915
137042902.8640052974 0.0000004826
136617120.8867101669 0.0000004947
137033855.1468362212 0.0000005006
137032564.0899822414 0.0000004887
136666351.7014373541 0.0000005049
136609027.3654528558 0.0000004947
137010653.4386393428 0.0000004971
136610984.6532839537 0.0000004937
136637204.7124564946 0.0000005016
137032164.1558308303 0.0000004964
137048709.9083917141 0.0000004960
137046726.6398070753 0.0000004897
136615989.7711559534 0.0000004953
137042515.5369960666 0.0000004973
136611172.2567569911 0.0000004967
136611441.6058934629 0.0000004999
137048554.4326661229 0.0000004952
136623103.5562428236 0.0000004802
137048948.4615162909 0.0000004947
136612224.1291687787 0.0000004980
137045535.2260601819 0.0000004912
136632404.6642988920 0.0000004944
137048121.8501614332 0.0000004961
136610175.9816466570 0.0000004956
137048066.0071033537 0.0000004945
136611302.6161660850 0.0000004874
136614627.7113256454 0.0000004962
137044112.6233179271 0.0000005015
137051534.1721024513 0.0000004937
136621379.9551451504 0.0000004930
136608873.9042270184 0.0000004958
136616028.2068261802 0.0000004926
136608058.8846814632 0.0000004972
136606275.3499589860 0.0000004877
136608409.3455816805 0.0000004876
136618416.5568869114 0.0000004855
136602721.7750237286 0.0000004867
136623210.7676444352 0.0000004869
136605430.0582037866 0.0000004878
136634000.0171612799 0.0000004926
137040694.4555573463 0.0000004871
136607432.2551527619 0.0000004886
136602699.4610613286 0.0000004888
136614629.6646458507 0.0000004874
136602599.8218018115 0.0000004874
136618859.2378666401 0.0000004941
136602847.6562193632 0.0000004913
136602814.0612806380 0.0000004893
136601367.4414725602 0.0000004890
136607808.6513660550 0.0000004887
136601416.4296056628 0.0000004892
137016950.8177069426 0.0000004861
136602653.6936646104 0.0000004940
136602044.5236843526 0.0000004877
137037891.8582126498 0.0000004924
136618918.4879326522 0.0000004762
136601238.8421474397 0.0000004887
136600126.8578847349 0.0000004981
137037947.4701859653 0.0000004969
136603391.3416120410 0.0000005038
137039734.6724694967 0.0000004960
136613533.2591925263 0.0000004949
137038989.7874030173 0.0000004986
136607015.5974063575 0.0000004979
136601481.1979477108 0.0000004971
136600858.1198043227 0.0000005022
136602459.0344106853 0.0000004987
136598110.1203959286 0.0000004955
136603670.5590007603 0.0000004943
137009860.4964043200 0.0000004884
136597471.7681134939 0.0000004963
136627799.4508391917 0.0000004998
136597425.6402764618 0.0000004963
136596705.7567131519 0.0000005028
136598090.1567611396 0.0000005050
136595704.9704037905 0.0000005038
136595607.1982176006 0.0000005039
136609501.0428436995 0.0000005122
136590618.4417826235 0.0000005047
136965812.7011889815 0.0000005052
136591922.2145718634 0.0000005034
136613685.4453758895 0.0000005076
136591275.1743929982 0.0000005049
136600207.1631214321 0.0000005017
137032294.8474403620 0.0000005048
136599565.9587240219 0.0000004976
136592556.2571285665 0.0000005049
136594183.5014737844 0.0000005064
136594205.5996355116 0.0000005045
136592095.9716282487 0.0000005087
137031400.9907766283 0.0000005032
136592135.6634785533 0.0000005137
136590276.9097361863 0.0000005091
136591855.5191529095 0.0000005107
136591710.9652744830 0.0000005098
136593162.9814254045 0.0000005107
136592563.5811761320 0.0000005098
136592298.4950197041 0.0000005151
136588712.6481055617 0.0000005113
136589624.9578740895 0.0000005041
136589261.7006786466 0.0000005136
136590294.1885372698 0.0000005139
136590088.6795531213 0.0000005147
136603391.5239378214 0.0000005148
137031461.3536364138 0.0000005094
136601400.1594370604 0.0000005178
136589533.7456249595 0.0000005114
136629944.1887179613 0.0000005090
136591761.6652514040 0.0000005110
136609113.0978603065 0.0000005098
136591742.3101369143 0.0000005105
136964087.8218354583 0.0000005118
137029010.6508638859 0.0000005108
136591871.3380966485 0.0000005138
137030092.3746621311 0.0000005119
136587257.4674893022 0.0000005043
136586996.0926471651 0.0000005040
136588625.0145456493 0.0000005074
136588004.5659063458 0.0000005051
136611363.6804692149 0.0000005044
137025535.6010775864 0.0000005042
136604013.6099715829 0.0000005033
136585713.8228681684 0.0000005014
136961113.3789271414 0.0000005019
136587489.8725346625 0.0000004998
136604682.1776329577 0.0000005003
136587721.0608205497 0.0000005000
136961113.4016816914 0.0000005019
136585582.0461269021 0.0000004999
136623504.2296858728 0.0000004999
136585739.2594187558 0.0000005004
136606033.8771704733 0.0000004987
136586584.6092961431 0.0000004992
136960860.9562749863 0.0000005004
136587003.6102952063 0.0000005011
136960860.9809464216 0.0000005004
137026333.4944970310 0.0000005010
136592491.9787784517 0.0000004971
136994419.6775652170 0.0000005001
136584904.7700281143 0.0000004997
136592857.2138540447 0.0000004997
136584419.9501201212 0.0000004982
136589868.7608491480 0.0000005011
137026334.1918714941 0.0000004982
136585879.9540486634 0.0000004992
136584740.3425188065 0.0000004982
137027516.9200565517 0.0000004960
137025290.2560887635 0.0000004972
137027095.4637098908 0.0000004983
136584412.4441408217 0.0000004985
137027213.8835579455 0.0000005024
136585910.3961285651 0.0000004995
136586525.0133133829 0.0000004988
136585695.0968779325 0.0000004990
136585627.3137251437 0.0000004984
136584687.0908669829 0.0000004979
136585141.2894965410 0.0000004991
136584607.6130905449 0.0000004990
136584954.9666967392 0.0000004902
136584878.6925604045 0.0000004982
136584619.9767061472 0.0000004988
136584097.9598209262 0.0000004994
136585702.3435752392 0.0000005004
136584047.9122754931 0.0000004981
136585103.2548164129 0.0000005001
136584244.9054883718 0.0000004980
136585065.3773467541 0.0000004975
136584910.5300853252 0.0000004983
136589108.2455540299 0.0000005008
136584608.9783672690 0.0000004977
136589377.9050220251 0.0000004999
137025875.3054403961 0.0000004977
136589507.0484376252 0.0000004967
137025202.4022152424 0.0000004979
136589543.4118406177 0.0000004956
136584045.1579534411 0.0000004972
136595369.3472119570 0.0000004919
137024280.5023798645 0.0000004975
137021969.5059064329 0.0000004962
136588768.0133197904 0.0000004971
137014756.5717910826 0.0000004957
137024832.5260879397 0.0000004977
136594598.5588436127 0.0000004963
137025956.4176791906 0.0000004971
136587616.3187147379 0.0000004992
136593993.8653003573 0.0000005000
136584558.4113132656 0.0000004974
137025914.2268225551 0.0000004976
136585980.2840951383 0.0000004950
136584282.1421694160 0.0000004970
137025600.1004281044 0.0000004976
137025485.1380652785 0.0000004971
136586691.1737663746 0.0000004974
136584320.3481874466 0.0000004960
136586218.3125021756 0.0000004994
137025370.8356412351 0.0000004968
136586090.0817315578 0.0000004980
136584340.3550961614 0.0000004974
137025817.3781154454 0.0000004974
136584184.8273726106 0.0000004973
136583836.4762616158 0.0000004966
137024668.8415544927 0.0000004968
136587684.1991040111 0.0000004974
136583293.1836623549 0.0000004968
137020659.2856183946 0.0000004952
137024702.1090272963 0.0000004965
136585006.5810821652 0.0000004970
137023523.9694562852 0.0000004977
137023881.0720655322 0.0000004969
136583905.4872081280 0.0000004971
136582768.3931007087 0.0000004957
136583211.1011689901 0.0000004960
136592024.5940353870 0.0000004938
136583395.9444130063 0.0000004960
136587074.0057937503 0.0000004950
137024421.9959654808 0.0000004957
136584789.8622956276 0.0000004960
137024974.1810714602 0.0000004955
136584877.5412488282 0.0000004981
136583302.4187853932 0.0000004956
137025517.3405400515 0.0000004956
137023690.5801523030 0.0000004955
136583545.1306487918 0.0000004960
137024345.8327740133 0.0000004955
137025173.6654219925 0.0000004952
136582301.7018756270 0.0000004958
136584093.5563791692 0.0000004976
137023847.6817850173 0.0000004957
136586241.5876470208 0.0000004972
137022813.2397617400 0.0000004960
137022918.5263310969 0.0000004973
136583716.6312233508 0.0000004958
136588232.6325765848 0.0000004947
136582393.2544110715 0.0000004957
136585300.9728748500 0.0000004950
136582340.8975791037 0.0000004958
136581125.8897196352 0.0000004965
137022209.4099568427 0.0000004965
137020957.3421723843 0.0000004962
137021952.5058770478 0.0000004962
136580524.9005127847 0.0000004972
136580256.9088635743 0.0000004972
137019823.2563879192 0.0000004940
136579689.5033260882 0.0000004974
136579350.7058092058 0.0000004955
136579935.8689778447 0.0000004953
137020553.1496472359 0.0000004967
136579441.1842533648 0.0000004958
136581468.0488841534 0.0000004966
137021230.8577048779 0.0000004953
136582040.0823939443 0.0000004968
136579890.5226627886 0.0000004956
136581995.1525408030 0.0000004959
137020748.7375702560 0.0000004964
136582809.0231972635 0.0000004951
136580817.7238117754 0.0000004962
136581006.9982547760 0.0000004947
136579842.4826659262 0.0000004956
137017861.7604879141 0.0000004992
136579670.8876068294 0.0000004954
136586179.6257772148 0.0000004943
136580143.7573908269 0.0000004955
137020853.7777043581 0.0000004944
137021256.9728026986 0.0000004957
136581794.3983950317 0.0000004948
137021053.5049538314 0.0000004951
136581416.1126256883 0.0000004957
136579126.9727849364 0.0000004953
136579491.2357242703 0.0000004917
137020785.0415783226 0.0000004947
137022101.2972537875 0.0000004967
137020484.9709662795 0.0000004951
136586014.5980244279 0.0000004970
136579123.8691469431 0.0000004957
137020808.5514470935 0.0000004952
136580063.5264952481 0.0000004953
137019782.3645139337 0.0000004949
136579382.0265797079 0.0000004955
136582513.8741434216 0.0000004962
136579123.5048365295 0.0000004957
136580215.1912527382 0.0000004962
136580724.9278392792 0.0000004957
136577339.9929605126 0.0000004950
136578177.6790293157 0.0000004953
136579649.1903253496 0.0000004953
136577633.1773998737 0.0000004948
136581213.2199022472 0.0000004952
137017759.3378624618 0.0000004965
136584575.0939773321 0.0000004943
136578011.4707459807 0.0000004948
136580555.8055529892 0.0000004942
136577410.1362221539 0.0000004951
136577072.1133881509 0.0000004933
136577551.1151443422 0.0000004933
136582173.0535860658 0.0000004932
136577386.1826631129 0.0000004929
137016131.7772935629 0.0000004961
137018172.5875661373 0.0000004932
136576895.4532923698 0.0000004943
136576956.0251217186 0.0000004942
136579827.1229839921 0.0000004936
137018436.2739754021 0.0000004949
136578834.2467570603 0.0000004914
137018709.2618699670 0.0000004943
136577718.8667174280 0.0000004934
137018535.0205912590 0.0000004944
136580624.5407310128 0.0000004936
136577768.4672146142 0.0000004946
137002128.3145768046 0.0000004944
137018254.5122554898 0.0000004936
136579771.5713290870 0.0000004951
137018438.2123815119 0.0000004944
136580206.7407492399 0.0000004931
136576774.7334528565 0.0000004947
136582191.3270535469 0.0000004938
137018072.1743529141 0.0000004951
136578241.1742582619 0.0000004928
136576948.7440361679 0.0000004962
136579959.8146280646 0.0000004954
136576620.6270928085 0.0000004947
137019541.8363743424 0.0000004952
136576264.7010068595 0.0000004945
136578742.4618788362 0.0000004951
137017533.1038668156 0.0000004947
136577132.7115634978 0.0000004960
136576397.9764313400 0.0000004948
137017653.8873651326 0.0000004928
136576266.2247104347 0.0000004942
136577796.4984179139 0.0000004941
136576620.6603610814 0.0000004943
136577184.9781854749 0.0000004945
136576621.3261979520 0.0000004943
136583120.6659849286 0.0000004958
136576001.5868148506 0.0000004946
136582954.5053669512 0.0000004959
136576801.9048114419 0.0000004945
136578512.7544322908 0.0000004949
136576029.4674740434 0.0000004944
136578474.2369807661 0.0000004952
136575714.8406609297 0.0000004948
136582531.4458431900 0.0000004964
136575783.4449199438 0.0000004946
136580917.1543678045 0.0000004971
136577427.4964610040 0.0000004943
136575850.1498380005 0.0000004947
137018166.9814959764 0.0000004952
136575950.5417565107 0.0000004948
136576449.7352441847 0.0000004947
136575813.4373733103 0.0000004947
136576139.9189563990 0.0000004953
136575831.6621865928 0.0000004949
136575867.4249567389 0.0000004958
136575749.0133965313 0.0000004948
136576187.2275435627 0.0000004946
137017247.1890856624 0.0000004949
136576866.6659587026 0.0000004940
136575670.0463401973 0.0000004943
137017934.4652652442 0.0000004937
136575964.4696569145 0.0000004943
136577319.2917491794 0.0000004928
137016094.2897389233 0.0000004944
136577341.7090760171 0.0000004944
137016828.0361953080 0.0000004941
136579112.7246585190 0.0000004932
136576262.5931585133 0.0000004945
136575621.2307311296 0.0000004942
136575356.7345372438 0.0000004941
136577400.9118816853 0.0000004942
137016510.5232667625 0.0000004938
136577444.3795886338 0.0000004947
136575374.0087362230 0.0000004941
136577631.6752300858 0.0000004950
136575519.7844689190 0.0000004942
136579691.3457521498 0.0000004948
136575631.3051977754 0.0000004940
136576830.9218378067 0.0000004940
136575325.8597042561 0.0000004941
137016208.6350060105 0.0000004944
136575434.1056517363 0.0000004943
136576221.4750714600 0.0000004934
136575128.5329830945 0.0000004939
137008736.5449412465 0.0000004940
136575158.8164203167 0.0000004938
136578614.7595585585 0.0000004928
136575665.1228231788 0.0000004946
136575244.7347370684 0.0000004940
136575449.4525673091 0.0000004938
136575106.5994857848 0.0000004939
136575836.2646463513 0.0000004936
136575150.1482035518 0.0000004939
136575612.9179617763 0.0000004935
136575140.0175761282 0.0000004938
136575942.6394229531 0.0000004930
136575109.6206625700 0.0000004939
136575977.9706211090 0.0000004938
136575163.4602602720 0.0000004939
136575410.8650084436 0.0000004943
136575136.6216663718 0.0000004938
136575372.1660444438 0.0000004939
136575058.6748115420 0.0000004939
136575343.5380048752 0.0000004937
136575008.1353817284 0.0000004938
136575322.1627860069 0.0000004938
137016870.2347152531 0.0000004937
136575426.0383958519 0.0000004941
136575065.7409021258 0.0000004938
136575149.5239506066 0.0000004938
136574973.1911182702 0.0000004934
136575021.4509676397 0.0000004937
137016076.5556089282 0.0000004935
136577018.4373081923 0.0000004933
136575045.8854157627 0.0000004935
136577525.6019746065 0.0000004935
137016800.7737273872 0.0000004935
136575317.3167945743 0.0000004933
136574845.1677784622 0.0000004934
137012628.1305719912 0.0000004934
136574984.9625432491 0.0000004935
137012628.1305921078 0.0000004934
137014724.9268695414 0.0000004934
136574843.7506532669 0.0000004934
136575840.8895764053 0.0000004933
136574875.6395211816 0.0000004934
136575168.6298484504 0.0000004934
136574827.4038699269 0.0000004934
136575053.4264841378 0.0000004936
136574806.2183808684 0.0000004934
136574882.7079877257 0.0000004934
136574814.0530139208 0.0000004935
136575213.2170539498 0.0000004935
136574774.2729752660 0.0000004935
136574958.0569104254 0.0000004934
136574776.7154712379 0.0000004935
136575241.5219845474 0.0000004930
136574807.6120332778 0.0000004935
136575033.6851193309 0.0000004936
136574802.9765316844 0.0000004934
136575003.3296563029 0.0000004937
137016684.6311406493 0.0000004935
136575236.5317931473 0.0000004935
137016739.4445252419 0.0000004935
136575259.9210062325 0.0000004934
136574775.4486993253 0.0000004934
136575921.4801561236 0.0000004935
136574865.8156547546 0.0000004934
136575724.8259949386 0.0000004935
136574852.1322050989 0.0000004935
137014661.1090922952 0.0000004935
137016699.9666137993 0.0000004934
136574944.2105992436 0.0000004936
137016644.6567479968 0.0000004934
136574822.0876350105 0.0000004937
137014661.1091029644 0.0000004935
137015709.4965831637 0.0000004935
136574783.0662366450 0.0000004935
136575253.7134535015 0.0000004935
136574745.5849097371 0.0000004935
136574929.1432850957 0.0000004934
136574744.6324740350 0.0000004935
136574813.5021336973 0.0000004935
136574775.0473242700 0.0000004935
136574778.9551644027 0.0000004935
136574731.0822717249 0.0000004935
136574758.4111030996 0.0000004935
136574731.7632866800 0.0000004935
136574784.8724148273 0.0000004937
136574726.0897652507 0.0000004935
136574816.9043376148 0.0000004935
136574737.0871383250 0.0000004935
136574968.3872901797 0.0000004935
136574731.6769512892 0.0000004935
136574943.9150917828 0.0000004935
136574734.8281634450 0.0000004935
136574920.3629450798 0.0000004935
136574718.2494823337 0.0000004935
136575239.5902290046 0.0000004935
136574739.4572546184 0.0000004935
136574914.1891460717 0.0000004934
137016682.0760466158 0.0000004935
136574847.9972298741 0.0000004935
137016691.8207604587 0.0000004934
136574779.7478186786 0.0000004935
136574742.2306393087 0.0000004935
136574853.9087844491 0.0000004937
137016466.6343743205 0.0000004935
136575276.8236078322 0.0000004934
137016669.2275747955 0.0000004934
136574814.1404436231 0.0000004936
136574730.8170357943 0.0000004935
137015652.1762935817 0.0000004935
136574715.5739213526 0.0000004935
137015650.5021789372 0.0000004935
136575050.5645278394 0.0000004935
136574777.1530043781 0.0000004935
136574708.2488032281 0.0000004935
136574749.0652600527 0.0000004935
136574722.5696580112 0.0000004935
137016702.8200246096 0.0000004935
137016685.5062144697 0.0000004935
136574756.9298148155 0.0000004934
136574707.6272821724 0.0000004935
136574736.5288182199 0.0000004935
136574718.2041011751 0.0000004935
136574734.3096449971 0.0000004935
136574722.9287661910 0.0000004935
136574725.7253437638 0.0000004935
136574702.2618344128 0.0000004935
136574709.1603008211 0.0000004935
136574712.8913684785 0.0000004935
136574714.4441609681 0.0000004935
136574703.7912273705 0.0000004935
137016686.1921612024 0.0000004934
137016670.5743976533 0.0000004935
136574718.9323394895 0.0000004934
137016522.5334951580 0.0000004935
136574818.2841564417 0.0000004935
136574722.4204012752 0.0000004935
136574949.3638299406 0.0000004935
136574704.2814455926 0.0000004935
136574942.9265263677 0.0000004935
136574699.9566094279 0.0000004935
137016441.5017610490 0.0000004936
136574738.8315550685 0.0000004935
136574825.6812189817 0.0000004935
136574724.2792629004 0.0000004935
137016509.3502397835 0.0000004936
136574746.6169951260 0.0000004935
137016472.1083988249 0.0000004936
137016576.4356767833 0.0000004935
136574710.8520908952 0.0000004935
136574748.2063641846 0.0000004935
137016671.2353342474 0.0000004935
136574730.8525062501 0.0000004934
137016657.7132096291 0.0000004935
136574745.6480481625 0.0000004935
136574693.8877303302 0.0000004935
136574749.1600253284 0.0000004934
136574697.5651307702 0.0000004935
136574776.3668388426 0.0000004934
136574688.3771988750 0.0000004935
137016407.4476077855 0.0000004935
136574690.1860429049 0.0000004935
136574801.2613652050 0.0000004935
136574687.9283867478 0.0000004935
136574743.2908507288 0.0000004935
136574680.6166385412 0.0000004935
136574708.4210278690 0.0000004935
137016651.5014340878 0.0000004935
136574699.8866178691 0.0000004935
136574681.0126085281 0.0000004935
136574701.9499735534 0.0000004935
137016653.6364825070 0.0000004935
136574721.0166672468 0.0000004935
136574691.2494573295 0.0000004935
136574723.1525238454 0.0000004935
137016657.3777396977 0.0000004935
136574731.5940680504 0.0000004935
136574684.3084028363 0.0000004935
136574836.4375677705 0.0000004935
136574687.1756488681 0.0000004935
136574730.2242006063 0.0000004935
137016658.5956278145 0.0000004935
137016635.9117437601 0.0000004935
136574688.2890717685 0.0000004935
136574702.3597357273 0.0000004935
136574677.8009497225 0.0000004935
137016396.9160702229 0.0000004935
136574686.4126418233 0.0000004935
136574756.0675427914 0.0000004935
137016653.1980114579 0.0000004935
136574730.9115011692 0.0000004935
136574685.8315372765 0.0000004935
136574753.1612400711 0.0000004935
136574692.4024989605 0.0000004935
137016396.9160679579 0.0000004935
137016653.4324946702 0.0000004935
136574691.2123850882 0.0000004935
137016653.0879379213 0.0000004935
137016662.3771356642 0.0000004935
136574681.5652390122 0.0000004935
136574673.3089902103 0.0000004935
137016637.6394113004 0.0000004935
136574747.2747597396 0.0000004934
137016645.7012107670 0.0000004935
136574683.2422277629 0.0000004934
136574671.3962825239 0.0000004935
136574669.1015299857 0.0000004935
136574668.7681901753 0.0000004935
136574670.5462705195 0.0000004935
136574668.8666411340 0.0000004935
136574660.1031540036 0.0000004935
136574669.2767800987 0.0000004934
136574659.8833008707 0.0000004935
136574662.9078491032 0.0000004935
136574667.4179775119 0.0000004935
136574675.6451500058 0.0000004935
136574660.9831713736 0.0000004935
136574658.1927298605 0.0000004935
136574677.0581287146 0.0000004935
136574712.4782823324 0.0000004935
137016629.7890311778 0.0000004935
137016618.6468776464 0.0000004935
137016637.6843887866 0.0000004935
136574681.0392197371 0.0000004935
136574667.0797621906 0.0000004935
136574673.8883883059 0.0000004935
136574654.7891449034 0.0000004935
136574675.3104874194 0.0000004935
137016631.4560606480 0.0000004935
136574661.3271485865 0.0000004935
136574655.0875548124 0.0000004935
136574659.0341241062 0.0000004935
136574653.5141698420 0.0000004935
136574670.0939796269 0.0000004935
137016630.5795887411 0.0000004935
136574671.0009258091 0.0000004935
136574663.6265467703 0.0000004935
137016641.3766623437 0.0000004935
137016631.7053706348 0.0000004935
136574698.9762226641 0.0000004935
137016630.5477527678 0.0000004935
136574680.4096115530 0.0000004935
136574662.2489261329 0.0000004935
136574671.1646786630 0.0000004935
137016633.5498911738 0.0000004935
136574664.6177242696 0.0000004934
136574656.2298437059 0.0000004935
136574671.4108379781 0.0000004935
137016626.7539774179 0.0000004935
136574671.9185789824 0.0000004934
137016630.4406476021 0.0000004935
136574668.9067481756 0.0000004935
136574651.4038956761 0.0000004935
136574648.4282115698 0.0000004935
136574651.4751272500 0.0000004935
136574715.7261924744 0.0000004935
136574646.9083171785 0.0000004935
136574675.7764046192 0.0000004935
136574648.4469365478 0.0000004935
136574645.8353482783 0.0000004935
136574644.4155350029 0.0000004935
136574661.5396503806 0.0000004935
136574641.9467561245 0.0000004935
137016492.1828372180 0.0000004935
137016622.1908254921 0.0000004935
136574663.3210720122 0.0000004935
136574641.4999712110 0.0000004935
136574692.6937629580 0.0000004935
136574645.9697672129 0.0000004935
136574658.7676972747 0.0000004935
136574640.7635778487 0.0000004935
136574677.9009005129 0.0000004935
136574644.9090864360 0.0000004935
136574670.7655439973 0.0000004935
136574641.2873080969 0.0000004935
136574679.9222635627 0.0000004935
137016619.0332276523 0.0000004935
136574667.2917996049 0.0000004935
136574646.5109447241 0.0000004935
137016610.0000922978 0.0000004935
136574642.5758931041 0.0000004935
136574652.4831678867 0.0000004935
137016620.8940875232 0.0000004935
136574640.9948645830 0.0000004935
137016618.3979201615 0.0000004935
136574648.6653342247 0.0000004935
136574648.8500066102 0.0000004935
137016490.6764837503 0.0000004935
137016620.7902663946 0.0000004935
136574662.2561514676 0.0000004935
137016616.5090779364 0.0000004935
136574661.3476416767 0.0000004935
136574644.4620694816 0.0000004935
137016606.5780452788 0.0000004935
137016618.8881146014 0.0000004935
136574653.6889423430 0.0000004935
137016615.7398308516 0.0000004935
136574648.7078333199 0.0000004935
136574650.2993541658 0.0000004935
112765672.0000000000 0.0000004935 1 0 0 0 0 0 0 1 0 1 0 0 0 0 0 0 