353507809.6245568395 0.0007521127
366001451.7249889970 0.0000867820
380081861.3017752171 0.0002073507
396642698.4165337682 0.0002021671
498141627.9906395078 0.0000139234
378447639.8802161813 0.0001006345
354160592.0718973279 0.0008384936
397294500.1525939703 0.0000394433
415982154.5570838451 0.0001793818
415826058.3031023145 0.0004304775
335905127.9160913825 0.0001158922
413593908.7085048556 0.0002488156
330766390.1425620914 0.0008179547
332074595.3464300036 0.0009216785
393348910.4638831615 0.0001046611
378224952.5013341308 0.0004759521
302117350.0316193700 0.0005830009
264675518.0005061924 0.0012280688
250243341.7878290713 0.0015547985
260589948.8914574385 0.0017997428
262540906.5163639486 0.0011726303
264932818.1704794466 0.0007191223
339421669.1992666125 0.0000043230
247564391.0593627989 0.0019084578
235720821.5312708616 0.0019846884
315627303.4471400976 0.0002045712
291575119.8743629456 0.0005709791
257861480.8210882246 0.0004565422
216797974.1982724071 0.0019828077
383949500.9307242632 0.0015778860
210891755.7854022086 0.0010492580
291452882.9094748497 0.0000174858
176949406.5122969747 0.0000689825
148875467.9940057993 0.0001775410
280403988.1618033051 0.0001869416
303824946.9122335315 0.0000048830
152250891.5600911081 0.0001730737
204358551.7083120644 0.0000141007
330535946.3995658755 0.0001966529
374152999.4690905213 0.0000678294
373162083.5227447152 0.0001887628
208372035.6342982948 0.0000571628
333048686.1381828189 0.0001946684
233846409.2087082863 0.0000008534
298490684.6441568732 0.0002487444
193137519.3146143258 0.0000153110
151502692.2833111584 0.0001764339
193322496.2230079174 0.0000284749
346009358.2249736190 0.0001962919
149894141.6787317395 0.0051762724
161418390.4737523496 0.0002139878
229169566.8962686956 0.0000461108
283676675.3838515878 0.0002534047
247949735.6127465963 0.0000000201
245803031.9535640180 0.0001342483
382031033.2233024240 0.0000076634
158510952.8248230815 0.0001628205
178483230.6856334209 0.0000135316
344226676.8643561006 0.0000969433
175842406.9871476591 0.0002227616
174937583.1783871353 0.0001978489
202094115.0832220912 0.0000002725
171836672.3654662967 0.0000948057
157769280.0681781173 0.0008992323
283656212.2885043025 0.0001613167
488309797.2027390599 0.0000666733
285743404.5702393055 0.0002066781
276837001.8233405948 0.0001723401
364262816.5046114922 0.0001555315
176525796.3068756461 0.0000570542
281194843.6418730617 0.0001307071
166138422.9266259074 0.0004509173
161225356.4968397021 0.0001646417
160901271.8538703620 0.0001598760
289375908.0535501838 0.0001468029
162910136.5129030943 0.0002461510
288880983.9141030312 0.0002488158
182704254.9007508755 0.0001038300
153855688.9369130731 0.0002992277
348068749.7564523816 0.0001818803
258028099.0873244405 0.0002118349
160268539.1070446670 0.0001460675
159518099.7551603615 0.0001211139
148793267.6201317608 0.0001183718
154598321.4487492144 0.0055742924
151681499.4750416279 0.0000670991
163668973.1427550614 0.0001770721
319728853.8267652988 0.0001174291
176451520.4672262073 0.0000740850
295368532.4746275544 0.0002162272
191277932.7254873812 0.0002093310
150936566.3708513975 0.0001153396
339890153.1362172961 0.0001199108
166153551.2409020066 0.0000668646
148006710.7239598334 0.0001180135
150369766.3254289329 0.0000153341
315287947.2684710622 0.0001025387
177657029.1783843040 0.0001525851
151532786.9857741892 0.0002031904
153719644.3264783025 0.0000455225
151070847.5226329267 0.0001142794
173375366.9059369862 0.0000874312
318752190.1591359377 0.0001218978
150221345.0732292533 0.0000919274
340439749.2619207501 0.0000830394
156028710.4099987447 0.0001037515
149554306.2820336521 0.0001263400
336550657.6322352886 0.0002627313
318461367.1124935150 0.0001225408
149580582.3129075468 0.0002167595
325140578.0145213008 0.0001395285
294556774.5589981675 0.0001135656
152950581.8753522933 0.0001093575
189908270.3819485605 0.0000897868
148224763.6848950088 0.0001025649
195073966.1802824438 0.0000156440
328060907.7094250321 0.0000080621
156835476.8087593317 0.0002052709
152359576.0786508620 0.0001194642
153158182.9428295195 0.0002004503
148230791.3947277665 0.0001636869
316752306.7322754860 0.0002040577
148061533.7421717644 0.0002564077
153825020.4606528282 0.0003824461
148901578.3150531352 0.0001749147
341413891.2853031158 0.0002360544
340939444.0814561248 0.0001388298
297478402.0387020707 0.0000118855
338120896.2240823507 0.0003067817
318397105.7853193879 0.0000579898
324195913.0886754394 0.0000961716
333366510.6436281800 0.0001157991
153823899.6623980105 0.0001052900
149529078.4160814285 0.0001225003
162544141.8215202987 0.0000707566
152767744.8471795917 0.0001041403
148893626.8957808614 0.0001135197
159773821.6735083461 0.0001071257
148658986.9058904350 0.0001200158
148310142.9459625483 0.0001320516
147997952.2275980711 0.0001197940
154848919.3424636424 0.0001111848
148123710.2039570808 0.0001231946
346708663.8527013659 0.0001325997
148150047.5141058266 0.0001078449
338630140.9097205400 0.0000615374
148189722.1433097124 0.0001254729
148138741.2808994353 0.0000571014
148629988.6934871674 0.0001145753
163762664.9256000817 0.0001032430
147960071.0867890120 0.0001278545
150060671.6350705922 0.0002110113
148655748.8960920870 0.0001305751
323841814.8233845830 0.0001541054
340936007.3208432198 0.0001195018
335318285.3658856153 0.0001246707
151137935.5981653035 0.0001223283
154610545.9874727130 0.0001271441
149156291.2321022749 0.0001264239
150040347.9894982576 0.0001324516
148142339.1795903444 0.0001345114
149527598.9452656209 0.0001195689
148120213.2812584341 0.0001743045
154144219.3020981252 0.0002342905
149135761.9672842920 0.0001204268
151656931.8181037903 0.0001257065
335451162.9999973774 0.0001371981
151994000.6347077787 0.0001011417
337102453.1536560059 0.0001159953
148133347.3963463902 0.0001553184
336155719.9138345122 0.0001209669
151390747.4907843769 0.0001093868
147915488.4021680951 0.0001209163
329434508.8071085215 0.0001377708
333211550.6172655821 0.0001283268
151628221.3318722844 0.0001121226
147677994.6396324635 0.0001389571
147633068.4904411733 0.0001373247
148806393.8682107329 0.0001331877
147685998.9760973752 0.0001375608
147869016.9667347670 0.0001315265
147712614.7316423953 0.0001360404
147876697.5543420911 0.0001474977
148076033.9826633036 0.0001339747
148657368.3837004900 0.0001244475
147590955.5364015400 0.0001255594
148080578.9696031213 0.0001159284
147846939.9360555112 0.0001273900
327390500.8458176851 0.0001246622
147952372.2945052683 0.0001159760
148760633.9175957143 0.0001310756
326701576.5680280924 0.0001243716
153717290.5283704400 0.0001269242
147590961.5733570457 0.0001247261
151235543.7484178245 0.0001369204
148638738.5889922976 0.0001267215
152728997.2838859260 0.0001126424
147574515.4583785236 0.0001239021
147675477.2377439439 0.0001590573
148765844.9694103897 0.0001233115
148492318.1935174763 0.0001389931
148270921.6085757613 0.0001193619
148371225.4119766355 0.0001252541
147914036.1215252578 0.0001251040
151479728.1560295224 0.0001270265
147638118.0052191019 0.0001204897
309731894.3436860442 0.0001304896
148693354.2938667834 0.0001197724
321094468.5553616881 0.0001076511
147605583.4006062150 0.0001259460
150157144.6482596695 0.0001255229
147808760.5939374864 0.0001189053
152429458.1104414165 0.0001374453
147951146.8817056715 0.0001249827
147946273.4962789118 0.0001351476
316996708.6877582073 0.0001235744
147632513.9900089800 0.0001247765
150127409.8637270033 0.0001242177
147646075.2231206298 0.0001248788
149484907.0973353386 0.0001286107
147721601.7163309157 0.0001147925
147556225.9056964815 0.0001431273
147572173.1303044260 0.0001420157
147844754.3184408545 0.0001403576
147687877.0732998252 0.0001429683
148635867.7773541212 0.0001429873
147783855.6423792541 0.0001404922
147567424.5063461661 0.0001425533
147565567.8508959711 0.0001440613
150671581.3232709765 0.0001510859
147894828.6475578547 0.0001425868
148662330.0492365360 0.0001503171
147617904.8257210255 0.0001422932
150224769.1114267111 0.0001347155
147568541.3714074194 0.0001367622
318026103.0360197425 0.0001480062
147613411.5413115621 0.0001419019
150021376.2210144699 0.0001453813
147474179.8779334724 0.0001455424
149819745.2693123519 0.0001435552
147574025.4161854982 0.0001478238
149307206.0088793039 0.0001405612
147693248.1853919625 0.0001443003
149406166.6110963523 0.0001445289
147575641.8760958016 0.0001488162
148327025.9969365895 0.0001455783
147578836.2313056886 0.0001457671
318486237.2711279392 0.0001494484
148208610.3546046615 0.0001470581
320075999.9196255803 0.0001408682
147642100.7544633150 0.0001422835
147458198.5984518528 0.0001621352
147525410.8456842899 0.0001614180
318465272.4286618829 0.0001647329
148169950.8008725643 0.0001624453
149620311.7668477595 0.0001640766
147558458.3290599287 0.0001661312
147430046.1660937965 0.0001625809
147992420.5391755402 0.0001600014
147484512.7035132051 0.0001635062
147393824.9961021245 0.0001577263
147456863.0603865087 0.0001581542
147820952.9208022356 0.0001566437
147394506.9809680879 0.0001587723
147543238.5566801429 0.0001533716
147441543.8715110123 0.0001591408
147500729.1850354671 0.0001397648
147527406.8552175760 0.0001576872
148588818.6876161993 0.0001523052
147540578.0679350495 0.0001576100
148789976.8695202470 0.0001613786
147400138.3906036019 0.0001588200
148725875.5840040445 0.0001582133
147453547.1786759794 0.0001571420
148238644.9776170254 0.0001577734
147417169.5931597054 0.0001572484
147868539.1696284711 0.0001583396
147355682.9217217267 0.0001578668
147774710.8860403597 0.0001659098
147521662.8704359233 0.0001584635
147853820.6289498806 0.0001548109
147493939.1757049263 0.0001566913
147558631.3617552221 0.0001507166
147433203.3812555969 0.0001599454
325268502.2377019525 0.0001584371
147487350.6584387720 0.0001568247
148368014.3001120687 0.0001576181
147462803.5771820843 0.0001568592
147484641.4408726990 0.0001572975
147462929.7601513863 0.0001571823
147531304.2628729641 0.0001585630
147530883.9021375775 0.0001582571
147440320.0003543794 0.0001591347
147359137.8952283859 0.0001585923
325038031.8810612559 0.0001611718
147484254.4229068756 0.0001565151
148106329.0303355157 0.0001590786
147540917.7576599419 0.0001585427
324893207.8689895272 0.0001607803
147368070.4162749052 0.0001599713
148239515.6831742227 0.0001557236
147497013.4899838567 0.0001588950
325324753.6455242634 0.0001580581
148200313.1807674766 0.0001574447
147598771.3887318373 0.0001644738
147376054.1808300614 0.0001581185
328191556.1619508266 0.0001600946
147377533.0696087182 0.0001589562
148090251.3522612154 0.0001546884
147453395.2332423627 0.0001601221
325623958.8155342937 0.0001590995
327660829.3238291740 0.0001584850
147385727.0362386703 0.0001574050
148028173.4264310896 0.0001598271
147523097.9747956991 0.0001578617
148058316.5049287975 0.0001581358
147436348.3987818062 0.0001582674
147552852.1766732931 0.0001569906
147541374.6972644627 0.0001584120
147762988.3458196223 0.0001586715
147462647.3612336814 0.0001570569
147542546.2947899997 0.0001577715
147534584.3127753139 0.0001575092
147400173.9856297076 0.0001547331
147549745.0756419003 0.0001576454
147932652.8874285817 0.0001590096
147429372.0464283526 0.0001571179
148123509.1415346861 0.0001570018
147357042.9281383753 0.0001579004
147918967.6059772670 0.0001552786
147426119.0101846159 0.0001581116
147664206.7915461361 0.0001556431
147520830.8734802008 0.0001593074
147659333.3371600509 0.0001604457
147553886.9099983275 0.0001572116
147864961.0786164105 0.0001587918
147484364.3480688334 0.0001585421
147669745.6765147448 0.0001547043
147442934.4961953759 0.0001581932
147822028.5085587502 0.0001580848
147444759.8878905475 0.0001571457
147638006.3790343106 0.0001590148
147470341.8210540116 0.0001574617
147810008.2032895088 0.0001582801
148150953.5055606365 0.0001580739
147378724.6051944792 0.0001566007
147427758.1913139522 0.0001569039
147365309.4216762483 0.0001578042
147515737.2321336567 0.0001580597
147374820.9953785241 0.0001574778
147388399.5581344664 0.0001585353
147373202.3134060800 0.0001578239
147499392.7215828001 0.0001567892
147487074.7309569716 0.0001580383
147370685.0520474613 0.0001575499
147514729.8427160382 0.0001580147
147534122.3004921377 0.0001574761
147537223.6275704503 0.0001578603
147540324.2805562317 0.0001578438
147397627.0261671841 0.0001574528
147546796.5109769404 0.0001580373
147511179.5496871471 0.0001580806
147352595.4669447541 0.0001578300
147356435.7304947674 0.0001578681
147539921.7030396163 0.0001578878
147390683.8013144135 0.0001572747
147556742.3331227601 0.0001577796
147395173.5138731599 0.0001584856
147546756.6861661971 0.0001580525
147535638.4826705158 0.0001578870
147364117.7180576026 0.0001580920
147447151.8625788093 0.0001564702
147392365.2566008568 0.0001577196
147367925.5141537786 0.0001577864
147366047.1388178766 0.0001579885
147561919.3111325204 0.0001579379
147545406.3143645823 0.0001578994
147555452.2324864566 0.0001577898
147448196.8003521264 0.0001581348
147358205.6775205731 0.0001578262
147396055.4399662018 0.0001578962
147558493.7099056542 0.0001578480
147373042.5673304796 0.0001582319
147373392.3805150986 0.0001578407
147361004.3117771149 0.0001578749
147554734.5617050827 0.0001578090
147496877.2447775602 0.0001579453
147362565.6315396130 0.0001577872
147416457.9104995430 0.0001581670
147360722.6867459416 0.0001578572
147553237.2049722373 0.0001580819
147554412.8847255111 0.0001577922
147365190.9045078754 0.0001578043
147556278.7686626315 0.0001577929
147554067.7837149203 0.0001583070
147557251.3593624234 0.0001578454
147368439.3059566617 0.0001578520
147364343.4206921160 0.0001575908
147368234.3569450378 0.0001573592
147357284.7370895743 0.0001577384
147539747.4339461327 0.0001577839
147555541.0478977859 0.0001578689
147365901.2782041430 0.0001573175
147551310.4593575895 0.0001578177
147394959.2183754444 0.0001576788
147352939.1696240902 0.0001578118
147554266.4480728209 0.0001579487
147557017.9403293431 0.0001578575
147520790.7113460600 0.0001577247
147556132.2957144082 0.0001577776
147385052.1883616447 0.0001575200
147551200.9996085465 0.0001577240
147387425.8277633488 0.0001575661
147353759.9113859832 0.0001581370
147556211.8742595017 0.0001579375
147371324.2752599418 0.0001578138
147511668.3411194682 0.0001575851
147361033.5752151608 0.0001576841
147521936.1494287550 0.0001580200
147560156.1837361157 0.0001578585
147422282.4381542802 0.0001576377
147353485.4278567731 0.0001578090
147551813.9184631109 0.0001577512
147353887.1813023090 0.0001578278
147359887.3007998765 0.0001578193
147356166.9917491674 0.0001577994
147361554.1427232623 0.0001578366
147352336.2792545259 0.0001578427
147558785.9797668457 0.0001578870
147353398.4315512478 0.0001578198
147556591.6233322620 0.0001577919
147560970.2044538260 0.0001578430
147362217.0001971126 0.0001578151
147354528.0218691528 0.0001578083
147362047.5178610981 0.0001579295
147559947.7995944619 0.0001578431
147354309.0520078242 0.0001578400
147561157.8601762056 0.0001578621
147357220.6455262899 0.0001577955
147355414.9983581901 0.0001578682
147367689.4100754261 0.0001578451
147558208.4606516659 0.0001578278
147374286.7210080624 0.0001578451
147560535.6277486980 0.0001578453
147542121.1711195409 0.0001578764
147352604.8101046681 0.0001578254
147358903.8962080479 0.0001578918
147353129.7712810636 0.0001578618
147561170.2945680320 0.0001578438
147561018.5797277689 0.0001578165
147359398.2168893516 0.0001578375
147354948.2673172057 0.0001578349
147359741.0784225166 0.0001578358
147556682.2845775187 0.0001578520
147557912.4169446826 0.0001577736
147561500.7857185602 0.0001578379
147370500.0418696105 0.0001578602
147561372.2521284223 0.0001578416
147358027.4687417448 0.0001577609
147354912.7527209222 0.0001578460
147362099.4916420281 0.0001580034
147354562.3970093727 0.0001578578
147359940.5105152726 0.0001577725
147558818.9493650794 0.0001578294
147352958.3474497795 0.0001579254
147551247.2456550002 0.0001578304
147561156.8098968863 0.0001578230
147559997.3738932908 0.0001578551
147355875.4726338387 0.0001578064
147352507.5985416174 0.0001578237
147352714.7078824043 0.0001578124
147561696.6080713570 0.0001578415
147358452.1067510545 0.0001578395
147353644.1493664384 0.0001578251
147354426.6572675407 0.0001578817
147353035.1130507588 0.0001578354
147557968.1668738127 0.0001578434
147352931.9656966627 0.0001578513
147558954.9359133840 0.0001578615
147353038.0659969449 0.0001578104
147355141.2743478417 0.0001577879
147353495.6561990380 0.0001578377
147356995.2841591537 0.0001578064
147356954.6354386210 0.0001578392
147355480.1894286871 0.0001577845
147560693.9862292707 0.0001578370
147356156.3843321800 0.0001578824
147561309.3527786136 0.0001578453
147356163.2952166498 0.0001578530
147352777.6779197454 0.0001578289
147559809.5521310866 0.0001578605
147561530.6605242193 0.0001578404
147561460.7543187141 0.0001578432
147353804.2420243323 0.0001578486
147352700.5865948498 0.0001578339
147353463.9710907340 0.0001578387
147353709.2897618115 0.0001578451
147560761.6402757764 0.0001578500
147561267.8657114208 0.0001578407
147559504.6174101233 0.0001578064
147352832.5528796315 0.0001578414
147557923.7897262275 0.0001578432
147353181.2606515884 0.0001578499
147354847.3916626871 0.0001578807
147561200.3964467645 0.0001578431
147353940.4859004915 0.0001578449
147352481.6081838608 0.0001578413
147354633.8437148333 0.0001578453
147352547.9155764580 0.0001578440
147354549.4471505284 0.0001578451
147353442.8736919165 0.0001578439
147352330.8184960485 0.0001578421
147353698.4710757136 0.0001578615
147352540.5843316615 0.0001578419
147352268.8933733404 0.0001578498
147561598.6246604323 0.0001578443
147560719.6675279737 0.0001578628
147352551.1047894061 0.0001578503
147353807.7072830796 0.0001578512
147352396.8639965653 0.0001578460
147353504.8673658073 0.0001578407
147352993.5784259737 0.0001578506
147353032.9851538837 0.0001578552
147561515.9603653848 0.0001578540
147352789.1010353863 0.0001578433
147352320.2883117795 0.0001578492
147352340.8593832254 0.0001578488
147352499.6884385645 0.0001578485
147561160.3140018582 0.0001578405
147561585.1902807951 0.0001578505
147561523.2757873833 0.0001578650
147352589.8286597133 0.0001578502
147352515.1815463305 0.0001578616
147352323.3065819740 0.0001578474
147560862.0423642397 0.0001578458
147353193.6219416261 0.0001578475
147354674.1854327917 0.0001578398
147561221.7491400242 0.0001578484
147353122.8963884711 0.0001578412
147352423.0526388884 0.0001578461
147353984.9606892169 0.0001578587
147352550.5835759938 0.0001578535
147352283.5242285430 0.0001578450
147352738.5709201992 0.0001578543
147561671.6561681628 0.0001578442
147561254.2324486971 0.0001578499
147353676.0229202211 0.0001578409
147561587.9729685783 0.0001578490
147353120.7225334048 0.0001578523
147559646.2190556526 0.0001578480
147561794.8759592175 0.0001578550
147352400.8889160454 0.0001578511
147352895.0430201590 0.0001578457
147352291.7270041406 0.0001578513
147352835.7631601989 0.0001578500
147352273.2583650649 0.0001578477
147560869.6255496740 0.0001578459
147352469.3446202576 0.0001578489
147352457.2967949510 0.0001578471
147352364.3032733500 0.0001578490
147353101.5666319132 0.0001578418
147561656.5939520597 0.0001578469
147352868.4670825005 0.0001578618
147352277.8930796981 0.0001578499
147352534.6883546412 0.0001578470
147352523.4445851147 0.0001578503
147352329.9391910434 0.0001578453
147561796.6555314064 0.0001578485
147352478.1023872197 0.0001578518
147561799.3985074759 0.0001578495
147352549.3493015468 0.0001578614
147352436.8910026252 0.0001578493
147352611.9205058515 0.0001578531
147561679.5540273786 0.0001578505
147352861.5913147330 0.0001578463
147560243.1457550824 0.0001578502
147352310.6186042428 0.0001578505
147352685.5823852122 0.0001578514
147352317.6871560812 0.0001578499
147352449.9920933843 0.0001578494
147352298.9253672361 0.0001578495
147352535.2856591940 0.0001578508
147352299.9924089909 0.0001578491
147352823.4101095200 0.0001578468
147352330.9811260402 0.0001578497
147560243.1458812058 0.0001578502
147352295.1446780264 0.0001578508
147352686.9315150380 0.0001578458
147352299.6060597599 0.0001578492
147560243.1459428370 0.0001578502
147352276.6188352704 0.0001578495
147352878.0603645742 0.0001578504
147352274.8858271837 0.0001578498
147560243.1459612846 0.0001578502
147352295.7353523672 0.0001578489
147352891.4028048217 0.0001578489
147352348.1739816666 0.0001578495
147560243.1459393799 0.0001578502
147561670.6694045067 0.0001578501
147352574.3542877138 0.0001578491
147352343.0073848069 0.0001578494
147560243.1460025609 0.0001578502
147561768.7998933494 0.0001578497
147352404.5171886384 0.0001578510
90958298.0000000000 0.0001578510 1 0 0 0 0 0 0 0 0 0 0 0 0 0 0 0 