1235338986.3937280178 0.0007521127
1246861125.7061891556 0.0000867820
1259389828.0584108829 0.0002073507
1231158758.9907100201 0.0002021671
1343132266.9350895882 0.0000027205
1259022814.6043915749 0.0000001798
1231713512.7332856655 0.0005661280
1315362839.6160335541 0.0000098116
1330647112.9286620617 0.0000074545
1296574165.4055266380 0.0002391338
1165565844.7075009346 0.0000254227
1243494654.3490023613 0.0000994672
1169856304.0150370598 0.0002068249
1166787822.2230644226 0.0003196486
1198460416.9823317528 0.0001291579
1217613336.1085143089 0.0000845846
1170932509.4554216862 0.0000181202
1112312656.4027893543 0.0000257278
1087286845.7026906013 0.0000048269
1087429738.3133003712 0.0010095042
1105506083.7508525848 0.0006423865
1095313801.5505638123 0.0013470377
1123685972.8053815365 0.0000230035
1052185740.8468364477 0.0005151106
1038902441.3278774023 0.0007105980
1100591878.1454353333 0.0003784843
1142705331.0797302723 0.0009486637
1052903472.4629499912 0.0017992146
1081449472.2314479351 0.0004281973
1120772861.5092372894 0.0000155251
1039272182.1359114647 0.0012713694
1082125741.5991506577 0.0005402902
1059239656.3798913956 0.0003218988
826860740.8396974802 0.0000360318
759776006.4602401257 0.0077071615
657418940.2133586407 0.0093617702
677860499.2285251617 0.0004993222
664742074.3458880186 0.0133998853
667735378.9923577309 0.0124581555
657287779.9360612631 0.0163918136
709942396.9013040066 0.0204915048
669046994.6687932014 0.0199121002
700627301.9180228710 0.0056100740
656958741.5833115578 0.0199297758
682568733.7984960079 0.0103210687
677694878.7344322205 0.0146670572
727296191.6360181570 0.0208277896
656425223.5716090202 0.0193574741
726677367.5686252117 0.0295017952
672699312.8758965731 0.0189460641
659821033.6307413578 0.0061485711
670390439.9347072840 0.0173364281
702345192.5062756538 0.0047763030
637520508.2056367397 0.0389400979
689868682.9669148922 0.0228686271
636718201.5286401510 0.0491619797
716401443.6999439001 0.0401944240
630029926.5216363668 0.0506915233
598564553.8995311260 0.0593738366
598360379.6669926643 0.0587318371
622264512.8884041309 0.0425070390
606919061.9195377827 0.0457298370
635093220.6080502272 0.0226920149
638560332.5177410841 0.0371531679
597786338.3804699183 0.0344453364
598546881.0753496885 0.0337659819
556747458.2691564560 0.0606533045
570727693.9195218086 0.0513151738
545753675.8296149969 0.0045293096
546126780.3092828989 0.0022323433
526068426.2973018885 0.0131558399
522351176.6748886108 0.0196753749
648636825.8729966879 0.0155478421
508437719.0813699961 0.0197494644
558143319.7180023193 0.0055684993
518353373.1389746070 0.0247309860
545075342.3692559004 0.0125005521
519748768.8828698397 0.0162361425
522515494.5017232895 0.0115234981
517956629.3670060635 0.0199383814
616582959.1852440834 0.0121473638
510908379.3512330055 0.0205584154
506964971.1647284627 0.0684527511
505978017.7706934214 0.0680081076
622477737.0600066185 0.0124909666
512721832.9369681478 0.0665558409
536974679.4221252203 0.0622797685
516960278.1712760329 0.0544081570
556732107.3970392942 0.0540226750
509373734.4562159181 0.0967165063
673708432.0462017059 0.0006499594
507661040.2813897133 0.0671894791
537508045.8971081972 0.0723985342
528889685.6277990937 0.0533173491
447893418.9318209887 0.0644999775
450260191.9565999508 0.0576693610
488178772.1856000423 0.0456783913
475608452.8451185226 0.0725340358
517408845.2407476902 0.0218157498
447242038.8520374298 0.0644004884
461478682.2208912969 0.0887549994
455247513.7782001495 0.0757778579
480176929.8807397485 0.1062611921
430186154.0559823513 0.0797401383
431325558.0514611602 0.0798038853
449331766.7951151729 0.0594140214
472357583.2459836602 0.0696317507
421710523.3602467775 0.0827397304
475104499.5452723503 0.0466399096
421614090.4016492963 0.0816568216
530981051.6280404329 0.0692674150
438219538.8864907026 0.0779444523
459345875.2606509924 0.0716535980
443908266.8483734727 0.0812515006
457017297.5255720615 0.0785781077
482164567.0659005642 0.0594854031
484417095.8912488818 0.0456832006
425239109.7625784278 0.0737749574
428986519.1397866011 0.0885854966
447021091.3485551476 0.0628608769
566540982.3144367933 0.0017981203
413552377.2920432091 0.0783651296
451582455.3359478712 0.0157476891
413009490.5876314044 0.0769233634
462422690.5991686583 0.0328554446
396561710.6551660299 0.0952937575
401383007.3192979097 0.0095193539
407874562.7051119208 0.0907674752
408728847.9466258287 0.1261062679
403003354.2432932854 0.0790655224
420698258.3537107110 0.1135984196
397167888.1075998545 0.0687690695
411951495.6582610011 0.1002678424
406484186.9833891988 0.0810542390
507552969.8978821039 0.0839244768
401042126.7468679547 0.1233119986
418753016.9115802050 0.0371722865
405289382.7208269835 0.0879483406
435048292.0202924013 0.0738624614
392687167.0771433711 0.1360700433
435924254.0664325356 0.1099837152
419333964.6536687016 0.0998695928
499456155.9126284719 0.0334010817
391008404.3872297406 0.0896178433
466353670.6134979725 0.0719003361
383952346.0805599689 0.1279745814
445095111.5738915801 0.0088775939
379961833.8262934089 0.0875918126
390903966.1932989359 0.2365844457
380551691.2942259908 0.0669021721
447789236.5663563609 0.0042417372
368595574.0916661620 0.0793674544
448210748.1581267715 0.0820694252
379955151.7644696832 0.0976010504
408730211.0959039330 0.0285687820
364612955.3752520680 0.0434461957
372747246.6554794312 0.0140381157
366637250.5909706950 0.0362534921
453071127.6870326400 0.0377961709
364181756.9674657583 0.0403666751
360942412.3588678241 0.0243654109
363167451.1023579240 0.0178821794
421435084.1817412972 0.0259251798
370862185.3726266623 0.0137637464
422936643.4472552538 0.0356580487
353539315.5759714246 0.0152378216
465527798.7943341136 0.0184311109
361967448.5857789516 0.0151523757
396211013.3814023137 0.0015580841
358956409.7396804094 0.0166137476
388616095.4552758932 0.0049328525
377671482.3519025445 0.0052646955
446078859.0742214322 0.0002418813
384703193.0156647563 0.0140763397
410391652.5395665169 0.0012726679
356314514.7889664769 0.0137212216
416887368.1446897984 0.0568595104
342814366.3939299583 0.0039374885
535788703.6166524887 0.0014961982
352427806.9740142822 0.0121658965
386673305.6453748941 0.0031338885
339410387.2847975492 0.0076301989
399480473.9356124401 0.0000010778
322758510.4344570041 0.0010923689
364115499.1265740395 0.0035377563
346402853.1073877811 0.0018396787
370040136.6257675886 0.0007273726
325529368.4369243979 0.0011018685
335571664.5973069072 0.0000064241
400079683.3338487744 0.0039051746
328808241.3062155843 0.0030152546
332456436.0133282542 0.0012624315
331269044.9538754821 0.0033724522
326238576.1424599886 0.0011606057
307840422.1973138452 0.0080190604
307463022.1112264395 0.0090626282
297979528.6936640143 0.0049760378
305295862.1061731577 0.0070516981
296733483.7181774974 0.0004152236
298888175.7102755308 0.0000209832
337557265.6589781046 0.0002668289
299382666.0486351848 0.0003145699
310507792.8088973165 0.0010258794
297377023.0134236217 0.0008239962
333867150.0191719532 0.0000734382
292059119.2833765149 0.0004481305
281230919.4969865084 0.0025043922
282129890.2569242716 0.0015874159
311272813.6865864396 0.0065004542
289375964.0160322785 0.0033848583
271875012.2898711562 0.0000006831
281892847.3342909217 0.0000021460
280947513.2947959304 0.0017151449
276296268.3950200081 0.0000005872
297343738.9067173600 0.0000480826
279420296.7240380645 0.0000437039
257177834.8559267223 0.0004758026
270813026.4325028658 0.0005247569
239671357.7402402461 0.0003252614
236531224.7501536012 0.0001868610
247532959.2322116792 0.0003574758
240292445.3043064773 0.0001494472
268205732.1304122806 0.0005789583
234923096.5592558384 0.0002002416
248223415.0714370310 0.0004244339
234577642.9294936061 0.0001169401
279650944.4060445428 0.0001938712
236481349.5308995545 0.0002222836
295136273.0920186639 0.0000000000
230864116.3044341505 0.0000776866
258975413.1388276219 0.0000900449
228262367.2541292906 0.0000960894
238021755.4074253142 0.0000058810
232375636.1124268472 0.0000559223
224421638.4566481709 0.0000005710
227522187.9200920165 0.0000008386
238969742.2174294293 0.0002499725
236185161.2497918606 0.0001580182
240184081.9840997756 0.0000611810
226149255.7712391615 0.0000035546
263005773.4013773799 0.0000062151
227585369.2761102915 0.0000720123
236435059.1299163997 0.0000000060
223549939.8979890943 0.0000013658
227318619.1283358634 0.0000161697
225522837.2819574773 0.0000021302
263133486.0051625669 0.0001048808
219351278.7951155007 0.0000032327
246517698.3392182291 0.0000830849
221495586.1287779212 0.0000359028
233631499.3859945238 0.0000153861
223962186.3102221787 0.0000000194
258203789.1958766878 0.0000001387
223073520.0051775873 0.0000197283
257721282.8948347270 0.0000790700
217984071.5832937360 0.0000013040
220322603.7904387116 0.0000010629
220824049.6466071904 0.0000054852
238396334.6844995320 0.0000126450
225570755.1680588424 0.0000052708
250709227.3004346192 0.0000468721
217547859.7862857580 0.0000035682
261116514.6745476127 0.0000255989
221586885.7179837227 0.0000022142
239568855.9680483639 0.0000908731
216815714.6787479520 0.0000146504
231356622.9601401389 0.0000136564
216087991.2135031819 0.0000000075
211510889.8087057471 0.0000000000
218615937.8502835631 0.0000000645
213160218.0841785371 0.0000015422
211494840.9136281013 0.0000033158
238476495.2586063445 0.0000084179
211451246.9835439324 0.0000226752
223538288.2401142418 0.0001831833
210444183.4252016246 0.0000120881
237069935.4048167765 0.0000457568
212975308.1466588974 0.0000153848
232100104.9375511408 0.0000080041
210779829.3181615174 0.0000082285
237430033.4154182673 0.0002982759
212224637.0503039360 0.0000048700
219711755.3885197341 0.0001736868
209996318.4488281906 0.0000169720
227022531.2774263024 0.0001392021
210786476.3315375745 0.0000190597
228224543.9495652020 0.0001280328
211260732.5886099339 0.0000192660
237392854.6123171151 0.0000335947
209368755.0480074286 0.0000047976
234647579.8938654661 0.0000339915
212443516.5168187320 0.0000151167
224901479.5229490399 0.0001672174
208382597.5109981894 0.0000223601
230423217.7430384457 0.0000003345
210203159.9400815368 0.0000372095
227246969.2457516789 0.0000944841
210436444.6215532720 0.0000459017
240471897.8945883811 0.0000003267
211766684.0671327114 0.0000308681
232338790.3996098936 0.0000001218
208592767.8052694201 0.0000089845
216478576.2969723046 0.0001262930
209793270.7713274956 0.0000244584
227252733.5870277286 0.0000023308
208609177.9976712465 0.0000262029
226341565.4953822494 0.0000046194
207986322.9899407923 0.0000325222
244887779.4973983765 0.0001670640
210252842.7074123025 0.0000722506
220988473.0183857977 0.0004551763
209229891.2349330485 0.0000408211
224234493.9463906288 0.0000529378
212582473.8880712986 0.0001379712
219677436.6236725450 0.0000083627
203706862.8462088704 0.0000328299
210424716.9367813170 0.0000007612
201174719.2658686042 0.0000021588
216924272.2851693928 0.0000310933
206718327.0771285892 0.0000141622
236181682.5332316160 0.0000000000
199999480.3628408015 0.0000072119
211363879.4609594345 0.0000000690
201320956.4301932454 0.0000018267
216647279.2210763097 0.0000008177
201280609.0493617058 0.0000308256
202596999.4675079286 0.0000003474
210756997.2590062618 0.0000371457
202601221.2078296542 0.0000047179
201842849.0624667108 0.0000000139
220623945.9211820364 0.0000040772
201793992.0482581258 0.0000097138
225255920.1516245902 0.0000007103
201406430.8457000852 0.0000087062
209766017.5202037394 0.0000000000
199438053.3589918315 0.0000001596
216583174.9191926122 0.0000195739
200177851.1148231030 0.0000001638
223657981.8875037432 0.0002954915
201048407.1210354865 0.0000017616
224387892.5965790451 0.0000000000
199437180.8021558523 0.0000041275
223169246.1642675996 0.0004267423
202491519.2433694601 0.0000011226
222244872.5336191952 0.0007602610
202256702.0056372583 0.0000086446
227933628.2697908580 0.0000041430
198621197.5532757640 0.0000056565
212930240.4297970235 0.0000515695
200105964.9691759348 0.0000041995
218120948.2062692940 0.0000404192
201153194.4594599605 0.0000005904
204836473.8625346422 0.0000100796
201773811.9863177240 0.0000140519
211120396.3360456526 0.0000007400
199207221.5739877820 0.0000053073
223578757.9006535411 0.0004442828
203677148.1939936876 0.0000246520
226211742.5371322036 0.0009088754
200669576.7887412012 0.0000000021
212702915.9739463627 0.0000444487
205867524.6073844731 0.0000436469
200363861.0132113695 0.0000079029
199431941.5313417017 0.0000059488
198896638.1255120933 0.0000050686
203891389.9140536189 0.0000189052
199165578.5695340335 0.0000016168
206508010.4461476803 0.0000000435
198788911.5420970321 0.0000208851
198909617.4358304739 0.0000003234
201492164.0804930329 0.0000189356
199950391.8731324673 0.0000114611
199725990.8190833926 0.0000081353
205819892.5029842854 0.0000048390
202748461.5266624093 0.0000083458
199085719.4708041847 0.0000068798
201726529.5761176944 0.0000060852
198183619.3415733576 0.0000159802
198123628.3905743957 0.0000139055
198429975.0291322768 0.0000002736
199541120.9591927826 0.0000304418
199660137.0349926353 0.0000440870
197720743.5197757781 0.0000056287
198533572.1395873725 0.0000123242
198331505.5554573238 0.0000051874
197551510.2161736488 0.0000018479
198024867.1571344435 0.0000042367
199797397.5519753993 0.0000682702
197566053.8013380468 0.0000069978
201405893.8306447566 0.0000013869
198297831.3127176464 0.0000002896
199395414.1445557475 0.0000041062
199110088.6139796972 0.0000023330
198899121.1069103479 0.0000022810
201696630.5572966039 0.0000002439
199471848.4141442180 0.0000019840
197305089.1752683818 0.0000041907
202771862.5430853963 0.0000163066
197728980.6911916137 0.0000008774
197464202.0918543339 0.0000000000
197553946.0975595713 0.0000015101
202493618.7656711340 0.0000000000
199805246.0574460030 0.0000316042
200170944.1030617654 0.0000000000
197746186.7924346924 0.0000055461
198611123.9912481308 0.0000065764
197239668.5552900434 0.0000004041
199320129.9652952254 0.0000393950
198936418.8236220777 0.0000017450
203911226.4887828529 0.0000000000
199612392.0712262094 0.0000001450
197971986.9718613327 0.0000004972
196727006.9060541689 0.0000000394
200434873.9361868799 0.0000000000
198103710.5570462942 0.0000003596
198879567.2884722352 0.0000000473
197777878.4190329015 0.0000001813
200993327.8669974804 0.0000151832
196778969.6415210664 0.0000004739
206877207.6228428781 0.0000000042
197840361.5211584270 0.0000003334
198188095.8021930456 0.0000000000
198184061.9258727431 0.0000000997
196410448.1814129651 0.0000000000
196213926.7105140388 0.0000006366
197761250.6757865250 0.0000000000
196208921.2277509570 0.0000110364
200796898.5713214874 0.0000515198
195982303.9032804072 0.0000080061
203491274.9279659092 0.0000940369
199323355.9386906922 0.0000157888
198908434.9021979868 0.0000096774
196570101.6922706366 0.0000120197
198975541.9151446521 0.0000000000
195717445.8299950063 0.0000056849
195909476.3161832988 0.0000108814
195741987.5738548040 0.0000099160
196177774.0436854362 0.0000075234
198840749.4485878944 0.0000169605
196101212.7122740746 0.0000075841
196752917.2781267166 0.0000070040
199290260.6710522473 0.0000078002
195587575.1539325118 0.0000009115
195645109.4043405652 0.0000012377
194192800.8788468838 0.0000004689
194343059.6113432646 0.0000009114
194616556.5942587852 0.0000003463
195104128.9202988148 0.0000006538
195363115.8670051694 0.0000003553
195062316.2774304450 0.0000003598
195910786.4228311777 0.0000026784
194287310.8039752841 0.0000005586
195841048.9793558419 0.0000000815
194340636.0162821412 0.0000004814
193952379.1996656954 0.0000001684
194130082.2491202056 0.0000006138
195679595.7339589298 0.0000017581
194108644.2933616340 0.0000000386
194216912.3455350399 0.0000001779
194060478.7933940589 0.0000000673
194899147.1153941154 0.0000000323
193949262.9047425091 0.0000002807
195591625.2367832363 0.0000000709
194027451.6830223501 0.0000001347
195749900.2278122008 0.0000009977
194134174.6021734476 0.0000001852
194040643.2245704830 0.0000003911
194442560.2722480595 0.0000000455
194368165.3882561326 0.0000115138
196646887.1907978058 0.0000001951
194047094.5547395051 0.0000037033
193984835.9188027382 0.0000001560
194411389.4239970148 0.0000009102
194071608.1397166550 0.0000002751
196609868.9815786779 0.0000005211
196272122.2399601042 0.0000008856
195155778.8337630033 0.0000000383
194182742.8943597376 0.0000004729
194818005.4440693557 0.0000000058
194498759.7774780989 0.0000001938
194627779.5793980062 0.0000018676
194126470.5830681026 0.0000004404
194129269.1175015867 0.0000044415
194140676.4327179193 0.0000002094
196978386.2847365439 0.0000094055
195929549.1945619285 0.0000001495
195561444.1742369831 0.0000038041
195956615.2625406981 0.0000001194
194704416.8554704487 0.0000026307
194204482.1596030593 0.0000004373
193544363.0732337832 0.0000003769
193920765.9672062397 0.0000021360
194867841.2149113417 0.0000000032
193887899.1345889866 0.0000005140
195126120.5875143111 0.0000000339
194961392.4259374142 0.0000003641
194877806.5071367621 0.0000000420
193513782.5426775813 0.0000018020
194099862.8444805145 0.0000089813
193634525.0510154665 0.0000019033
194849613.9644362032 0.0000100500
194002913.6504015326 0.0000007994
194654047.5937315524 0.0000034175
193920606.3614923954 0.0000026283
194677321.1380931139 0.0000127668
193856150.0845183432 0.0000022318
194417436.3548223972 0.0000035900
193521896.9652990103 0.0000022163
194606591.6942293048 0.0000006229
194028448.3487569392 0.0000016311
194283390.6996081769 0.0000082813
194730594.7170176506 0.0000031593
194711368.5050438941 0.0000032206
193605649.1145347357 0.0000005522
194564452.7054180801 0.0000004101
193877163.3955598176 0.0000015457
195025422.4875815511 0.0000014969
193689540.1188728809 0.0000020395
195188878.0390907228 0.0000022037
193716295.7436050177 0.0000038258
194626589.6635056734 0.0000049912
193796874.1655731797 0.0000020285
193686316.9342734814 0.0000054601
193672256.1171807647 0.0000019393
193787873.3403414786 0.0000019979
193556026.7625512779 0.0000011260
193566966.8283720315 0.0000027817
193867094.5208540559 0.0000017410
193831555.1047524214 0.0000021334
193653619.2042691708 0.0000020068
193894363.2989133894 0.0000002762
193766942.3773728609 0.0000017526
193676669.7448806465 0.0000017101
193909330.2694053352 0.0000016311
194731871.5428132713 0.0000001539
193974790.5184851587 0.0000023969
193926702.4655041397 0.0000053242
193546109.3079570830 0.0000012877
195162711.0681657493 0.0000000000
193671491.5260629058 0.0000025321
194834983.4213280976 0.0000000025
193922227.4736878574 0.0000013448
193874376.9787281156 0.0000051749
193573819.0472599566 0.0000019862
193884709.6071895659 0.0000021906
193840225.5178375840 0.0000029481
193991303.3470021486 0.0000017765
194019866.7818784118 0.0000022845
193598206.8775816858 0.0000020495
194062420.4931636453 0.0000017693
193534446.3007156849 0.0000018042
193915682.2027518451 0.0000024740
193517052.6280914843 0.0000018281
193954259.3088033795 0.0000007937
194067385.9402605593 0.0000020874
194081038.7021083236 0.0000014718
193575823.3179138899 0.0000016940
193688073.7420589328 0.0000021254
193555417.5942701101 0.0000015822
193907991.5243883729 0.0000012269
194049920.8276765943 0.0000019519
193502820.3082961738 0.0000019312
193985233.9967840016 0.0000019769
193716822.0191770494 0.0000012668
193989655.6063255072 0.0000019206
193921970.8580405414 0.0000021171
193543996.2475859225 0.0000017762
193671732.9157008827 0.0000015236
193550990.9393829405 0.0000019555
193530444.6068083048 0.0000020249
194000538.7977050543 0.0000018219
193979470.0749190152 0.0000022169
193952121.0753218532 0.0000019463
193799463.0803206265 0.0000016794
194035892.4872346818 0.0000018864
193599427.1862609386 0.0000013885
193588733.8693798780 0.0000020357
193822808.5973322392 0.0000020051
193963658.3650720119 0.0000018901
193819537.8553216457 0.0000019531
194010558.5466499329 0.0000016557
193574267.4670182168 0.0000019775
193552648.8692279458 0.0000019714
193527769.4860014021 0.0000022769
193585866.4357618093 0.0000017278
194014045.2964063287 0.0000015866
194010379.3407561183 0.0000019464
193536861.0795244277 0.0000027835
194011959.1034722328 0.0000019101
193513546.1917501092 0.0000011819
193500919.2565142810 0.0000017355
193628791.6945642829 0.0000027877
194040184.4274299443 0.0000016284
194053657.5812304914 0.0000016521
193503006.4626507759 0.0000018142
193889638.2549173534 0.0000015385
193508643.7167689502 0.0000017710
193945452.9111630917 0.0000013556
193491505.5114629567 0.0000018081
193532643.2322474420 0.0000012115
194056803.4219343066 0.0000017223
193741617.5554235876 0.0000022396
193494443.8903380036 0.0000017774
193494822.1967052519 0.0000016692
193978330.9150559604 0.0000019406
193502057.7943581343 0.0000020163
193504520.6283827722 0.0000020250
193982455.9787479341 0.0000016782
193906851.8425842822 0.0000020156
194045356.0901935101 0.0000019040
193970105.2112239599 0.0000016156
193497977.8121375144 0.0000017970
193918326.1800344288 0.0000019100
193526504.7466756403 0.0000017038
193543725.5373855531 0.0000018095
194053757.5615683198 0.0000019069
193560295.4798588753 0.0000013275
193492730.7751049101 0.0000018162
193502377.6678810120 0.0000019285
193502149.5560165048 0.0000018284
193512536.9022272825 0.0000013690
193504222.5345571339 0.0000019327
193948371.4167949259 0.0000019497
193987271.1510422230 0.0000018635
193738110.1637369990 0.0000015977
194033393.2663115859 0.0000017276
194003933.3024710119 0.0000015259
194047392.9285675883 0.0000017289
193544203.9548872411 0.0000020273
193529033.1836153269 0.0000018024
193731653.0336143970 0.0000020352
194031433.0574497283 0.0000019111
193583626.6876905560 0.0000016984
194025243.2249577940 0.0000017256
193586585.3397846818 0.0000016990
194055244.3238207996 0.0000017562
194054446.0963777900 0.0000020167
194043316.0043010712 0.0000018770
194044668.0607542992 0.0000018798
193495899.0696269870 0.0000017571
194026824.3886723816 0.0000022467
194051860.3638395071 0.0000018754
193956799.2104043961 0.0000016237
193503788.6877725124 0.0000018341
193500707.9456458986 0.0000017595
194014602.2586022019 0.0000018608
193980973.4586334825 0.0000016014
193491819.3755791485 0.0000018126
193976623.3613635004 0.0000018090
193503400.4127773643 0.0000018032
193583474.1408043206 0.0000018343
193539715.7196830809 0.0000017017
194043951.3939181864 0.0000018131
194056500.9332384467 0.0000017492
194051514.5846622884 0.0000018047
193487898.2698091567 0.0000017706
193492569.4324156940 0.0000017711
194060249.6619974971 0.0000019269
194039599.6701643765 0.0000016753
193499381.8697308004 0.0000017529
194032875.2498911917 0.0000017742
194025466.4603724480 0.0000018450
193509315.6866877973 0.0000017447
194020556.8813388646 0.0000018068
193503788.9293906093 0.0000017342
193598864.6620786786 0.0000017297
193506863.1209684908 0.0000017403
193601247.0934087932 0.0000018961
193485649.7778715491 0.0000017759
193533419.0362139344 0.0000018043
193497276.3251487315 0.0000017796
194027925.2951719463 0.0000017793
194031684.7537170053 0.0000018555
194029509.8754069805 0.0000019628
193505588.5022909045 0.0000017856
193492167.4024123251 0.0000017382
194035859.7725280225 0.0000017971
194041811.4620286524 0.0000017282
193490697.0097294152 0.0000017485
193548658.9144678712 0.0000016446
194022551.2978551388 0.0000018421
193579718.3445886075 0.0000016001
194035767.3075815141 0.0000017793
193524770.6175053120 0.0000017048
193487052.2491756678 0.0000017582
194057624.3492074609 0.0000017175
194024375.1785621345 0.0000017843
193531736.9104827344 0.0000019929
194041681.4304678440 0.0000018010
193498437.7543617189 0.0000018608
193502972.5392856300 0.0000017665
194018389.6143559813 0.0000018317
193500341.8275457621 0.0000016921
194013545.3646291196 0.0000017454
194028648.9504853785 0.0000018123
193526943.1557166874 0.0000014113
194043783.8383726180 0.0000017732
193970426.2154208720 0.0000018074
194029746.2965646386 0.0000017379
193495304.2213521898 0.0000017357
193489062.2962949872 0.0000017659
193531222.6779957712 0.0000017701
194039699.8666061163 0.0000017509
194029723.1605967879 0.0000018267
194040367.8904099762 0.0000017929
194053040.2813987136 0.0000018341
193488485.9240093529 0.0000017859
194030793.5134371221 0.0000017316
194041648.5298781097 0.0000017510
193488274.3687580526 0.0000017802
193511718.5841909647 0.0000018100
193486098.4383473098 0.0000017778
193494981.9400274456 0.0000017549
193486907.2121969163 0.0000017761
193489457.8201722205 0.0000017454
194034516.6786998808 0.0000017984
193508614.6443743706 0.0000017940
194039074.1477077603 0.0000017829
193504591.4549629688 0.0000016776
193486330.3497557640 0.0000017906
194042595.3996166289 0.0000017816
193485737.0764513314 0.0000017552
193486808.7684504986 0.0000017831
194037808.7088342905 0.0000017722
194034560.7314021289 0.0000017756
193488319.3711381257 0.0000017618
193491332.8571622372 0.0000017374
193489925.1676013172 0.0000017789
193499177.2561147511 0.0000017442
193488594.1224201322 0.0000017743
194043331.3662980497 0.0000018206
193488544.0238692462 0.0000017735
194031311.3118782938 0.0000017601
194037420.2390182316 0.0000017849
193488277.3344209492 0.0000017686
193487140.8344184756 0.0000017812
194038758.2938057780 0.0000017871
194037476.3013311028 0.0000017673
193484700.2380916476 0.0000017800
193487012.0509962440 0.0000017787
194039300.2376570404 0.0000017777
193494688.0836977065 0.0000017638
194040011.8253420889 0.0000017820
193491501.5189766586 0.0000017873
193486431.5058632493 0.0000017791
193490911.2262779474 0.0000017646
194041126.6370182931 0.0000017809
194036652.4927009046 0.0000017723
193486448.6614161730 0.0000017795
193488149.5852806270 0.0000017668
193486797.7706399560 0.0000017797
193494846.8780888319 0.0000017876
193485674.6111212373 0.0000017886
194041204.8720229268 0.0000017784
193485083.2846850753 0.0000017812
193491294.1650729775 0.0000017819
194040166.3439740539 0.0000017787
193491720.6000552773 0.0000017889
193485258.9588578939 0.0000017748
194038504.1454749107 0.0000017882
194040921.1040232182 0.0000017787
194041033.0135310292 0.0000017859
194040800.8550087512 0.0000017810
194040907.4738519788 0.0000017785
194039530.4922475517 0.0000017811
193490493.5289898515 0.0000017853
194036980.6423950791 0.0000017820
193486095.4570792615 0.0000017787
193486032.8012033105 0.0000017769
193484781.4659892023 0.0000017790
193485613.1492311656 0.0000017822
194040334.8965989351 0.0000017839
193489239.9468009472 0.0000017590
193485245.8232144713 0.0000017784
194040122.3397538662 0.0000017901
193486145.9754317105 0.0000017784
193487427.2319430113 0.0000017846
193486787.3591096401 0.0000017812
193485232.1248505414 0.0000017773
194040862.3797770739 0.0000017794
193486426.9341545999 0.0000017813
194040070.1902479529 0.0000017804
193487001.3158183992 0.0000017723
194040794.0855091810 0.0000017780
193485162.5400797427 0.0000017809
193485366.7547217011 0.0000017851
193485149.9126937687 0.0000017790
193485538.2962543368 0.0000017792
193485214.1921072602 0.0000017795
193485203.2176129818 0.0000017781
194041007.4382385314 0.0000017802
193486368.6244767010 0.0000017796
193485176.3272121251 0.0000017796
193486430.6771516800 0.0000017814
194041047.0527411997 0.0000017800
193486330.1120603085 0.0000017797
193485240.0000056624 0.0000017798
194040094.8467759192 0.0000017789
193484635.9569310844 0.0000017804
193485993.6279570460 0.0000017817
194041114.4899230897 0.0000017802
193485132.7069148123 0.0000017817
194041305.5019533336 0.0000017807
193485469.7938407660 0.0000017829
194041163.1919188201 0.0000017841
193485214.5593378246 0.0000017782
194041521.8286278546 0.0000017799
193485206.8515515924 0.0000017803
194041138.0242723227 0.0000017797
194040335.7193185687 0.0000017795
193485018.9032909274 0.0000017808
194040986.3356642425 0.0000017812
194039922.9623709023 0.0000017808
193487187.1059993505 0.0000017753
193484740.5549254715 0.0000017814
193486625.1894730926 0.0000017729
194040810.6250455976 0.0000017803
193487444.3828833699 0.0000017790
194040620.2813707292 0.0000017781
193486773.4015491009 0.0000017861
193484769.7417724431 0.0000017800
193486493.3903381526 0.0000017828
194041189.8166714311 0.0000017790
193484642.4853560627 0.0000017825
194040406.3769521117 0.0000017797
194041034.0981756151 0.0000017820
193485627.0008419156 0.0000017769
193484628.8900004923 0.0000017800
193485328.0870339274 0.0000017768
194041162.7844361365 0.0000017809
194041114.0853044391 0.0000017765
194041314.2359845936 0.0000017809
194040477.2452518344 0.0000017785
193484696.4745025635 0.0000017802
194041239.8440536261 0.0000017795
194041247.6052034497 0.0000017799
193486117.5839683712 0.0000017779
193484743.2412519157 0.0000017797
193484718.9802507460 0.0000017820
194041272.5039022267 0.0000017794
193484822.2789007127 0.0000017831
193484749.4654535651 0.0000017805
193485347.6790526807 0.0000017817
194041311.2399264276 0.0000017793
193485248.7740787566 0.0000017822
193484940.8620125949 0.0000017803
193484784.9674409628 0.0000017801
193484699.5811536312 0.0000017800
194041211.8607571125 0.0000017801
193484644.8683966696 0.0000017798
193484850.2482122481 0.0000017790
193484632.5688376129 0.0000017795
193484710.9215607345 0.0000017800
194041179.9639432430 0.0000017804
193485072.8085532486 0.0000017786
194041266.3881127238 0.0000017799
193485235.6292054355 0.0000017801
193484624.8077299893 0.0000017801
194041149.6810469925 0.0000017811
193484761.5607709885 0.0000017800
193485122.5333343744 0.0000017803
194041305.6067120433 0.0000017800
193484943.8527439535 0.0000017796
193484718.4554076195 0.0000017804
193485091.1165559292 0.0000017786
193484696.0081324875 0.0000017806
193484858.0139718652 0.0000017806
194041145.6939962804 0.0000017804
193484806.7995136678 0.0000017804
194041265.2887220681 0.0000017804
193485344.6764276922 0.0000017798
193484755.1898030043 0.0000017799
193484936.1033436358 0.0000017795
194041141.7972113192 0.0000017800
193485124.0459640026 0.0000017792
193484826.0915716588 0.0000017801
193485005.1748366952 0.0000017806
193484642.4349096417 0.0000017805
194041139.8973725438 0.0000017792
193484757.3129101396 0.0000017811
187287261.0000000000 0.0000017811 1 0 0 0 0 0 0 0 0 0 0 0 0 0 0 0 