486500856.1454852819 0.0000004714
485759137.1779666543 0.0000001260
507276951.9365212321 0.0000000003
487460749.8768185973 0.0000000019
649965523.6194359064 0.0000000016
526673430.9673276544 0.0000000016
489303709.1682332158 0.0000004103
527282279.0383692980 0.0000000126
515405199.0358912349 0.0000013310
539897222.8348338604 0.0000001689
485038444.9292091131 0.0000000332
496261601.0005326271 0.0000000668
493418518.2838832140 0.0000001272
483525433.4710751176 0.0000002033
439888024.7291229367 0.0000000018
509267302.8247028589 0.0000000492
448349476.0576422215 0.0000002307
455203464.0022166967 0.0000000845
416636640.7500181794 0.0000000000
417388346.1716144085 0.0000000000
437566460.4374509454 0.0000000938
424436367.8932163715 0.0000002100
460281587.4065529704 0.0000000037
405858491.1765549779 0.0000000706
402491899.2862272859 0.0000000002
469942764.7089298964 0.0000000134
395846996.6250640750 0.0000000310
394323194.3458676338 0.0000000913
411699410.4433106184 0.0000000088
425578499.8477739096 0.0000000249
393573237.3349195719 0.0000000238
477092181.5346078277 0.0000000009
416760778.1161330342 0.0000056325
293365339.3214476705 0.0000000756
272546557.2908886671 0.0000001573
285710272.8226060271 0.0000000005
270086772.4371643066 0.0000000222
313241112.2621181607 0.0000003076
281959490.8630697727 0.0000001178
273573636.5881375670 0.0000217492
273732811.3968559504 0.0000001221
282597663.4886355400 0.0000046942
272681588.7230120897 0.0000000083
280163213.9596824050 0.0000013148
271843165.9905288219 0.0000004270
276501480.7996497154 0.0000003902
273046045.7035493851 0.0000010188
288047031.0495070815 0.0000004356
261360667.6286910176 0.0000009781
276896775.2531728745 0.0000290071
263803157.0162890851 0.0000021124
313032082.2557929158 0.0000000084
261036355.1447586715 0.0000009851
252750865.1602956653 0.0000002512
257464731.1601800919 0.0000000180
259739941.2410220206 0.0000021784
256093964.9994866252 0.0000002301
244492618.3789342046 0.0000016697
265007610.2403678894 0.0000020521
262729275.7226829827 0.0000062132
251222681.1509327590 0.0000003782
233437713.9557106197 0.0000020606
235114416.1333287060 0.0000018837
240343676.1168147326 0.0000014944
238499046.8241741061 0.0000021794
229633151.7425633967 0.0000006881
228330831.4597093165 0.0000005177
228639460.7058008909 0.0000024239
234076832.8037248254 0.0000004623
256249818.1454296410 0.0000004317
227952139.0653056502 0.0000001935
201916869.9605225921 0.0000001139
199662546.3071801960 0.0000000611
235358935.4237294495 0.0000000172
202217312.5005201697 0.0000000828
260825672.7267379761 0.0000031865
209671387.3266624808 0.0000000838
233247899.2927714288 0.0000000099
195923808.0312119424 0.0000000002
237648748.5655915439 0.0000000333
196323187.7905925214 0.0000000005
198060807.2714910507 0.0000000727
201921267.5202464759 0.0000000029
253835559.4384686649 0.0000000053
204533710.3220029175 0.0000000114
203235352.4067965746 0.0000000002
215299494.4115197659 0.0000000000
247263635.7313422263 0.0000000076
212451277.5644708872 0.0000000000
234410582.6165630519 0.0000000059
202973042.5966282189 0.0000000067
377856973.3676680923 0.0000000077
204711199.9442494214 0.0000000068
189484266.9133042693 0.0000012533
195159534.1236672103 0.0000145518
209176423.4916493893 0.0000008685
189373297.9423179030 0.0000005072
221824161.6806525588 0.0000016882
189985787.5883208215 0.0000002090
214684208.4397325516 0.0000001142
187492644.2873820662 0.0000002861
255929667.0578726232 0.0000000002
194312683.4788680375 0.0000000659
220700960.4382390678 0.0000000067
190980965.6535376608 0.0000000035
183680165.1824188828 0.0000009632
181265482.2920032740 0.0000003035
238356744.6701931953 0.0000001790
197963902.1665363312 0.0000006254
203155697.4472599924 0.0000015926
190736168.5226189494 0.0000004660
208472817.0560907423 0.0000000324
197506002.0167687535 0.0000002051
210390573.2679274976 0.0000000006
188289873.8303422630 0.0000003153
207412164.6118216217 0.0000002924
182044070.9210561812 0.0000002117
191282543.6528111100 0.0000000071
186303738.4926232994 0.0000002000
191869956.9873479903 0.0000000059
181178566.5755844712 0.0000000608
193924795.4577411711 0.0000000560
194340878.2074378729 0.0000000485
186873745.4118340909 0.0000000262
188017554.0912255347 0.0000000476
256324508.4138220251 0.0000000000
185749705.0487982333 0.0000000370
236660605.3691892922 0.0000000446
183139039.1054272354 0.0000002149
215792629.0328479409 0.0000002790
186735809.4052000940 0.0000000906
210382110.0889638066 0.0000000760
182598493.3603721261 0.0000000372
207858650.3974647522 0.0000000004
182649101.0951146781 0.0000000159
191163883.9759640992 0.0000000185
186728892.3046848178 0.0000000736
213185147.0836922228 0.0000000208
185075064.1726299226 0.0000001750
186964195.9073460102 0.0000000775
193454306.5462677777 0.0000000319
186648925.8399929702 0.0000000240
196249425.0217790008 0.0000000140
186634958.2651060820 0.0000000516
190681925.4167814851 0.0000009248
181501198.2313712239 0.0000002935
201625713.8195389807 0.0000005392
181482694.7031793296 0.0000000463
186853248.4168634415 0.0000000192
193369517.1054485738 0.0000001586
180050002.4640523791 0.0000000226
183310047.0831347704 0.0000000132
188991515.9355638921 0.0000000056
179582964.5161976516 0.0000000184
179437509.0264631212 0.0000000042
184987187.9642674923 0.0000000202
190961255.8767621219 0.0000004690
184495127.3609460592 0.0000000055
180946296.5636210740 0.0000000010
184083269.4522958398 0.0000000042
221946029.8706338406 0.0000000000
181233752.3096761107 0.0000000000
205211099.0653560758 0.0000000012
201561815.1968677640 0.0000000087
177533110.1546285748 0.0000000057
180169579.7371376455 0.0000000000
174830251.8786172569 0.0000000126
172664843.6888507009 0.0000000388
180865477.9718681574 0.0000000001
170663210.2839441001 0.0000000522
203826933.8999471366 0.0000001257
171787569.2108817995 0.0000002926
204928330.6982190013 0.0000000247
174298289.9612674713 0.0000000436
183704323.4303714931 0.0000002810
171504013.2336635292 0.0000000704
194590546.0452201366 0.0000003500
178130762.9729744196 0.0000000458
181496162.6500445604 0.0000000265
172850720.7438194752 0.0000000951
185908731.5571095347 0.0000002664
177508521.4092688262 0.0000000432
181920715.0201237500 0.0000000562
178003761.4684081972 0.0000000218
172066386.6364202797 0.0000000881
173125214.7373792231 0.0000000692
173910691.2662394643 0.0000000082
171803417.8481611907 0.0000000085
186057607.2894702256 0.0000000001
184978889.7172291279 0.0000000595
186209407.2847486138 0.0000000058
172496956.8925966620 0.0000000470
173058238.0123954415 0.0000000093
171451024.8518320620 0.0000000259
209157196.3873019814 0.0000000215
171858291.6329191923 0.0000000435
177616656.3974192142 0.0000000173
171301297.8115725219 0.0000000504
212691501.6192903519 0.0000000004
171464467.3471872807 0.0000000418
184100705.3073789477 0.0000000390
177464588.9938853085 0.0000000045
175556957.5254969895 0.0000002338
197027057.3993038237 0.0000000283
171888989.2532227933 0.0000005478
174006089.8231056929 0.0000000228
185797490.8489466310 0.0000000253
177378976.2078514397 0.0000000534
179175592.4796126485 0.0000000632
177056805.0607136786 0.0000000664
177179492.1062809825 0.0000000633
190879354.0936326385 0.0000000430
171445213.0283451974 0.0000000234
200298923.1467171013 0.0000000123
170840118.3376148343 0.0000000610
182538209.3698319495 0.0000000603
170426844.4096129537 0.0000000494
179903974.1891117692 0.0000000419
177866397.4849227071 0.0000000439
177278041.8448196054 0.0000000454
171044838.8617950678 0.0000000597
178883472.4302029014 0.0000000300
171479689.0360963345 0.0000000442
170215060.9104048908 0.0000003046
172015053.3663102984 0.0000002383
174157967.4071782231 0.0000003036
176219332.5252025425 0.0000002911
176092676.5484933555 0.0000004480
171555068.6975882351 0.0000002455
174916573.5071070790 0.0000014170
171350646.1169740856 0.0000003941
177128613.7335513532 0.0000001480
172603992.6520536840 0.0000002442
186384505.4459231496 0.0000000187
171438613.6840475500 0.0000002180
175058368.2521332204 0.0000002859
178306817.4450662136 0.0000002013
170818672.0228579938 0.0000005637
171166844.1625929475 0.0000003737
194673144.7265158296 0.0000004735
172006020.5520289242 0.0000004371
186570957.3843095303 0.0000004330
171261731.2071170807 0.0000003160
175041857.3434444666 0.0000005832
171108193.7728645504 0.0000003179
176785200.7953649163 0.0000001958
171778404.4187788069 0.0000002953
173651129.4371928573 0.0000003535
170167431.3048418462 0.0000003107
175812914.2751274705 0.0000003205
171057627.3475098908 0.0000002716
173077056.7702739537 0.0000001765
171154998.8405293524 0.0000002958
198319785.6766380966 0.0000002117
170724876.0045250058 0.0000002477
177038863.5856605470 0.0000001370
177993512.7451785207 0.0000002583
189933383.2768874466 0.0000005836
175158059.9738923609 0.0000003067
172700078.7676617503 0.0000004956
171775277.2644651234 0.0000002927
172924436.9174028635 0.0000002494
171734457.6657903790 0.0000002504
170575787.1111969054 0.0000000571
171024023.2305930257 0.0000002000
174410188.7469761968 0.0000005307
170454640.5125687718 0.0000004900
178889712.6501251161 0.0000001945
171556332.5598701537 0.0000003342
190462841.8912167847 0.0000004479
170303713.3889293373 0.0000001867
207072723.3339952826 0.0000002305
170660657.4380231500 0.0000005483
174639855.8439047039 0.0000001673
174023578.2421237528 0.0000002363
171634679.0340128541 0.0000002939
179341007.4455572665 0.0000003461
170447487.3928825557 0.0000003232
180510837.2842062712 0.0000001224
172422093.7570587695 0.0000003188
177886575.3394560218 0.0000001489
172369111.2447243929 0.0000003445
176542128.2319948673 0.0000002874
171568079.5411804914 0.0000002562
170735497.6731944382 0.0000003854
170877194.7515350580 0.0000002953
174126099.8975076079 0.0000002913
172205813.0291606784 0.0000002917
172676036.1845905781 0.0000002942
171929155.0878644288 0.0000003169
176557777.5537334383 0.0000002986
171523460.4190952778 0.0000003195
176106191.2964288592 0.0000002097
171455350.2172061503 0.0000004018
171138712.9422737360 0.0000006493
172940531.2436851561 0.0000003061
181600046.7441464067 0.0000004490
171496182.1274513006 0.0000002868
170671801.3857475519 0.0000005532
173786127.1700423658 0.0000002886
173833015.9999921918 0.0000002907
170290509.1537457407 0.0000003137
174447106.4693473279 0.0000004641
171887815.7622465491 0.0000003611
179653530.8328169882 0.0000002404
170996310.9462803006 0.0000003167
173668397.4602650106 0.0000003908
171096348.4579453170 0.0000002962
171224603.3690292835 0.0000005572
171225542.0692794621 0.0000003338
173946402.4080221653 0.0000001705
170218300.4878246188 0.0000002783
174664494.4295862317 0.0000003293
170116487.1963306665 0.0000003065
174548589.0020218790 0.0000003298
173942460.3497276902 0.0000003470
171285618.7822397649 0.0000002816
170135999.9392389357 0.0000003143
170263353.7347718179 0.0000002845
171013695.6340699196 0.0000002867
171255308.6140143275 0.0000003185
170197131.0686084032 0.0000003184
172335379.5893612206 0.0000002302
171113221.3875951469 0.0000003070
170987809.5315846503 0.0000003240
171096470.4804108739 0.0000002911
171102467.7793550491 0.0000002994
170162508.1987116337 0.0000003532
170214775.7844293118 0.0000003149
172896822.2337849140 0.0000002624
170490621.4248542190 0.0000003065
170764295.4914422929 0.0000002964
170250728.6568776071 0.0000002870
171719971.8695181012 0.0000003150
170272997.6461804509 0.0000003210
170771005.1742300391 0.0000003310
171568897.0685832798 0.0000003065
170648122.5037621558 0.0000003489
171555146.0628646910 0.0000003190
172354460.2072217464 0.0000003040
170408883.7981441915 0.0000003055
174716902.5000470877 0.0000003069
170091938.3514887094 0.0000003137
170573764.4887797832 0.0000003271
170304107.1162039638 0.0000003374
170775220.9360018373 0.0000002910
171173683.2115499377 0.0000003142
170612132.2595028579 0.0000003558
170473911.4361654520 0.0000003135
170700171.6451762617 0.0000002471
171522101.1131925583 0.0000003144
171576502.8180622756 0.0000003051
170184089.7287510931 0.0000003190
170947080.1605329216 0.0000003168
170090370.3958454728 0.0000003197
171960084.2393379211 0.0000003213
170418486.0148019791 0.0000003158
171136678.2991850674 0.0000003661
170308889.3075330853 0.0000003315
171351026.3301808834 0.0000003794
171456421.9469024837 0.0000003308
171273666.7332181931 0.0000003511
170226166.4422104359 0.0000003335
170676178.0258079171 0.0000003249
170218249.2043489218 0.0000003159
173898695.9959073365 0.0000003121
170110991.4700664580 0.0000003304
171182442.4854425788 0.0000003477
170089462.3216103613 0.0000003230
171258487.0812010765 0.0000003666
170087583.3645403087 0.0000003176
172305799.6438889205 0.0000003592
171054792.6010283828 0.0000003147
171433892.0983517170 0.0000003111
170154613.0793812573 0.0000003243
170109881.2642050982 0.0000003178
170150454.8708150387 0.0000003173
171309498.7692376375 0.0000003153
170242730.3173308969 0.0000003170
170648607.6125732362 0.0000003015
170333053.8785202801 0.0000003199
170574075.7363032699 0.0000002764
170347086.8749180436 0.0000002849
170668154.1095777154 0.0000003265
171431739.6850225925 0.0000003269
171464358.2754641473 0.0000003145
171572305.0963242650 0.0000003295
171372907.8137176335 0.0000002680
170228238.4291978776 0.0000003118
172211376.4229113758 0.0000003412
170086370.1267097592 0.0000003124
171916782.1513750255 0.0000003422
171552898.4329164922 0.0000003132
170171727.4636040628 0.0000002561
170535313.5078551173 0.0000003165
171687251.7137155831 0.0000002930
170479460.3207203150 0.0000003092
171268831.5348868370 0.0000002702
171051734.2000631392 0.0000003254
172210750.5335192680 0.0000002970
171325396.9202319980 0.0000003118
171202949.4821532071 0.0000002920
171551331.7476114035 0.0000003072
171941264.1689307690 0.0000003875
170287027.8874940872 0.0000003033
175196034.7160002291 0.0000002902
170528689.2568234503 0.0000003092
170724046.1081934571 0.0000003493
170113920.0129610300 0.0000003201
170981696.4114957452 0.0000002890
170240114.0830159187 0.0000002956
170349942.8407620788 0.0000003060
170119580.1281797886 0.0000003192
170132772.6158518791 0.0000003174
171458678.0302720666 0.0000003291
171530458.0663342476 0.0000003105
170184348.1437505186 0.0000003355
170230050.8496555090 0.0000003169
171176863.4780972898 0.0000003372
170166483.3041034341 0.0000003154
171109638.1410422027 0.0000003105
170090623.4376028478 0.0000003236
171552543.5729801059 0.0000003100
171560746.9012749493 0.0000003137
170656570.1839081049 0.0000002891
170226285.8956531584 0.0000003093
170274021.9009767771 0.0000003192
170223595.3401623368 0.0000003108
170090162.1340129375 0.0000003133
170524988.1362657249 0.0000003116
170097509.1981756091 0.0000003130
171400299.9616604745 0.0000003178
170166939.3588265777 0.0000003145
170090678.4992119372 0.0000003081
170394118.8272624612 0.0000003077
171368354.0910560489 0.0000003152
170181784.7092352808 0.0000003148
170861986.0347291231 0.0000003016
170269247.9521339238 0.0000003077
170107397.0944900215 0.0000002995
170125304.2285305560 0.0000003110
170123275.6896101832 0.0000003075
170083303.6060573459 0.0000003148
170148580.5154699087 0.0000003179
170121520.5765118599 0.0000003139
170372960.3020082712 0.0000003137
170166605.6943634748 0.0000003195
170492316.5676528811 0.0000003242
170217399.1727912426 0.0000003151
171383079.8784022629 0.0000003206
170094820.2873239815 0.0000003114
171326756.9411469400 0.0000003078
170090979.4563842714 0.0000003170
170140055.2172793448 0.0000003242
170160932.9672259688 0.0000003141
171270378.3893736005 0.0000003090
170091983.3583103716 0.0000003172
171277658.8266408443 0.0000003089
170129778.4410609901 0.0000003142
171280186.5942948163 0.0000003088
170112629.4010127187 0.0000003124
171266702.7468707263 0.0000003091
170111612.9187952578 0.0000003169
171363341.0392538905 0.0000003065
170139969.2660910189 0.0000003145
171409120.7619451582 0.0000003057
170156697.2070804238 0.0000003125
171273129.5361392200 0.0000003089
171649762.1676895618 0.0000003118
170166471.8854752481 0.0000003161
170130135.8417180479 0.0000003188
170143576.7298136950 0.0000003137
170414704.2130679190 0.0000003114
170110286.5032202005 0.0000003133
170655120.6962549388 0.0000003183
170122926.4617759287 0.0000003134
170239720.4860108793 0.0000003153
170092471.1783607304 0.0000003155
170179060.9681256413 0.0000003183
170100275.7749149799 0.0000003145
171553816.3360964954 0.0000003135
170148671.5607125759 0.0000003145
170145383.8031829298 0.0000003195
170100378.0525186062 0.0000003157
170144112.7212595046 0.0000003118
170101479.9731301963 0.0000003151
171355182.6213678718 0.0000003150
170081031.3756359816 0.0000003132
170226979.6317433417 0.0000003201
170168768.0481584966 0.0000003135
170203958.4295493364 0.0000003104
170145994.1870076358 0.0000003153
170103996.8941068053 0.0000003113
170130617.7219310105 0.0000003136
170580585.1136572063 0.0000003167
170168439.5102699101 0.0000003132
170167454.5504236519 0.0000003156
170081176.0932016075 0.0000003129
171342983.8542400599 0.0000003127
170083591.1474184990 0.0000003156
170157942.7578120828 0.0000003130
170113123.8705134690 0.0000003151
170146143.4628355503 0.0000003131
170149206.1917669773 0.0000003090
170146458.8346573114 0.0000003126
170149402.1757175624 0.0000003140
170085528.9324963391 0.0000003137
170251971.2319148183 0.0000003136
170139408.0728254318 0.0000003124
170287153.9793877006 0.0000003139
170107499.7295417488 0.0000003140
170298393.1406686306 0.0000003155
170154660.3713721037 0.0000003131
170363434.4489950240 0.0000003141
170080184.6250804067 0.0000003135
170258427.8353979886 0.0000003123
170079395.8670711815 0.0000003138
170153542.0961398482 0.0000003184
170133141.5603030622 0.0000003137
170122445.8571580648 0.0000003119
170135595.0695797205 0.0000003132
170147851.2453535497 0.0000003149
170130485.5198898017 0.0000003141
170173051.1679975688 0.0000003110
170096052.9754479527 0.0000003134
170091174.1944832206 0.0000003151
170153173.6960500181 0.0000003135
170263241.8036805689 0.0000003120
170104110.5666946173 0.0000003144
170106394.4954023361 0.0000003118
170167399.9866481423 0.0000003146
170263440.9941756725 0.0000003134
170106229.5996702909 0.0000003142
170095443.6310610473 0.0000003127
170089747.8396133184 0.0000003135
170089105.5745207071 0.0000003140
170147643.6375117004 0.0000003149
170137540.8931325376 0.0000003179
170270374.5786585510 0.0000003147
170101028.3588832319 0.0000003146
170089990.2787703872 0.0000003136
170116770.8600955606 0.0000003126
170095478.7854164839 0.0000003138
170125571.8184049129 0.0000003116
170168407.1685334742 0.0000003140
170181993.3358001709 0.0000003142
170151052.5625478625 0.0000003138
170105028.7192336917 0.0000003141
170079436.7465620041 0.0000003136
170186359.1459013224 0.0000003134
170105628.4344800711 0.0000003135
170148671.1248731613 0.0000003129
170139285.5332014859 0.0000003137
170122519.9091066122 0.0000003132
170147978.6553592086 0.0000003139
170137844.0014761090 0.0000003153
170084723.7871196866 0.0000003142
170134994.0113034248 0.0000003154
170099972.0285597742 0.0000003138
170086581.6625723541 0.0000003149
170088153.4725143909 0.0000003135
170151438.4930628836 0.0000003140
170134792.8118788600 0.0000003137
170120310.3237607479 0.0000003144
170167344.0473045111 0.0000003135
170166673.9400062263 0.0000003163
170099739.2296537459 0.0000003136
170305706.6437023282 0.0000003138
170154778.5049129128 0.0000003136
170100457.6418179572 0.0000003130
170080231.1060865819 0.0000003139
170222680.4115510881 0.0000003139
170165540.5213329792 0.0000003138
170100138.9425884485 0.0000003133
170165711.6586903632 0.0000003138
170097584.8911257684 0.0000003129
170164103.2610343993 0.0000003138
170085796.8697413206 0.0000003127
170164171.6764618158 0.0000003139
170122734.0063957870 0.0000003144
170081608.2384479940 0.0000003139
170223646.9700390697 0.0000003137
170159641.2932543755 0.0000003136
170113658.9108470976 0.0000003139
170153954.6142185628 0.0000003139
170145295.3350758851 0.0000003139
170079502.5313730538 0.0000003141
170150018.2596127391 0.0000003133
170160483.9598982632 0.0000003141
170110566.9117370844 0.0000003129
170134592.1524759233 0.0000003144
170161708.1034291387 0.0000003140
170164632.7864920795 0.0000003141
170159137.1548998654 0.0000003140
170160747.0962071419 0.0000003133
170157400.9149255455 0.0000003132
170080352.2007926106 0.0000003136
170167528.6614165008 0.0000003138
170086400.6559927166 0.0000003140
170085287.4614181519 0.0000003137
170087632.6597962677 0.0000003135
170079738.9697580636 0.0000003137
170167791.0468943417 0.0000003138
170084621.5168434381 0.0000003138
170166527.7690377235 0.0000003134
170163147.4252914190 0.0000003139
170081469.7240583897 0.0000003141
170168388.0514783263 0.0000003139
170084337.6406755447 0.0000003139
170165697.3108487129 0.0000003138
170105656.9659214020 0.0000003135
170084941.0948317349 0.0000003137
170080886.0876094401 0.0000003138
170165217.8543862104 0.0000003139
170167846.1162959039 0.0000003144
170080426.5693717003 0.0000003138
170120092.4646419883 0.0000003138
170081241.0962732434 0.0000003138
170088590.9627561867 0.0000003140
170081413.7147311866 0.0000003138
170086029.2855745554 0.0000003140
170165283.1749870181 0.0000003138
170081687.3384474814 0.0000003136
170166014.7087805867 0.0000003139
170104905.8726754189 0.0000003137
170168084.1729387045 0.0000003137
170083011.4971174300 0.0000003135
170167977.9595420957 0.0000003138
170085112.2843837738 0.0000003137
170168847.0547601879 0.0000003138
170159509.4519239366 0.0000003143
170081160.9707451761 0.0000003138
170157858.6531421244 0.0000003141
170082252.1207025349 0.0000003137
170091549.1819750965 0.0000003137
170079843.0115705729 0.0000003138
170158415.9542150795 0.0000003135
170169346.9730256200 0.0000003138
170161632.7449727356 0.0000003137
170082942.7090472877 0.0000003138
170162199.9257048368 0.0000003139
170079510.3823684752 0.0000003139
170149992.4857018590 0.0000003140
170166018.6428967714 0.0000003136
170169080.3740980029 0.0000003138
170090266.9414939284 0.0000003138
170079813.0269928575 0.0000003138
170095790.2372126281 0.0000003138
170169155.2253991961 0.0000003138
170095297.1538072824 0.0000003138
170167967.9103830159 0.0000003138
170079726.1953859627 0.0000003138
170169044.6136737168 0.0000003139
170169208.2603742778 0.0000003138
170168197.8132305443 0.0000003138
170079771.7438043654 0.0000003138
170083006.2799634635 0.0000003138
170079423.6557785273 0.0000003138
170165900.0354146361 0.0000003139
170080200.0681712329 0.0000003138
170079566.6713377833 0.0000003139
170079721.2858133614 0.0000003138
170081344.8706719875 0.0000003137
170168428.9002926648 0.0000003138
170083485.6073549688 0.0000003139
170080041.0777753294 0.0000003138
170079899.2605563104 0.0000003138
170079759.3609909713 0.0000003138
170082721.0705336630 0.0000003138
170080555.7723142505 0.0000003138
170081453.6213167310 0.0000003137
170080149.2642203271 0.0000003138
170167004.4940097928 0.0000003138
170080849.9590028524 0.0000003138
170084031.1235704422 0.0000003137
170079880.8411903381 0.0000003138
170083823.8229840696 0.0000003137
170169073.6400462091 0.0000003138
170083469.9442164004 0.0000003137
170079414.6272996366 0.0000003138
170081916.7067719996 0.0000003138
170081447.7450677454 0.0000003138
170081080.9037308693 0.0000003138
170081201.6034659743 0.0000003138
170080844.6615272760 0.0000003138
170168837.2506983876 0.0000003138
170082586.6425155699 0.0000003137
170169172.7676172256 0.0000003138
170079484.6350272298 0.0000003138
170168934.3040330112 0.0000003138
170083835.5248336494 0.0000003138
170080142.8518405557 0.0000003138
170168171.5680837333 0.0000003138
170079583.8498836458 0.0000003138
170079399.4638228118 0.0000003138
170080105.1187104285 0.0000003138
170081339.5273863077 0.0000003138
170080379.6852907538 0.0000003138
170168256.6850740612 0.0000003138
170079759.9203737080 0.0000003138
170079358.9454734921 0.0000003138
170079554.5186295509 0.0000003138
170081438.7303568125 0.0000003138
170079561.6216036379 0.0000003138
170080196.3576713800 0.0000003138
170079422.2481660843 0.0000003138
170169169.5875414908 0.0000003138
170079377.9291023314 0.0000003138
170079418.7247264385 0.0000003138
170079422.1744530797 0.0000003138
170083127.5450037122 0.0000003138
170079342.2411631346 0.0000003138
170083626.2110168934 0.0000003138
170080101.4964903891 0.0000003138
170080406.2186227143 0.0000003138
170079471.9720146358 0.0000003138
170079537.4484608173 0.0000003138
170079338.6158996224 0.0000003138
170080103.1551775038 0.0000003138
170079454.1125324965 0.0000003138
170169066.4801014960 0.0000003138
170079788.4808630943 0.0000003138
170079372.7332831025 0.0000003138
170079345.8918255866 0.0000003138
170079370.9091877341 0.0000003138
170169250.5144892633 0.0000003138
170081941.2435248792 0.0000003138
170079422.8658963442 0.0000003138
170169304.5839546323 0.0000003138
170079484.9735307693 0.0000003138
170169092.5187918842 0.0000003138
119509466.0000000000 0.0000003138 0 0 0 0 0 0 0 0 1 0 0 0 0 0 0 0 