787407412.2099846601 0.0007521127
799812013.5777822733 0.0000867820
806119384.3818831444 0.0002073507
853410523.4002608061 0.0002021671
800898428.5857127905 0.0000139234
838438428.4383741617 0.0001006345
789449577.4869283438 0.0008384936
800513972.6722117662 0.0000394433
780502304.5861396790 0.0001793818
807049714.1551167965 0.0002074969
727853115.3092093468 0.0000192236
785123815.0315470695 0.0000871016
732944970.7461711168 0.0001839304
727661008.6817455292 0.0002826298
769504934.6461237669 0.0000066685
791119807.4845314026 0.0003064243
695470758.5259972811 0.0002014456
647455248.7506414652 0.0005930910
626893312.9190334082 0.0006937284
607887223.7002971172 0.0008070010
606585652.3754025698 0.0010368878
613106061.2797257900 0.0001894006
681762110.6482405663 0.0000003798
596390839.0092300177 0.0009605470
595944318.6331735849 0.0000320551
678486484.1162161827 0.0000325457
672697597.6974269152 0.0000698240
610243527.8771096468 0.0003147710
607235702.1427197456 0.0001402056
601066775.0380761623 0.0001019825
596600703.7659677267 0.0000096064
679837048.4521819353 0.0000790680
538659850.7772732973 0.0000021074
401598307.4407112002 0.0000091482
365364637.8332199454 0.0002755840
358119842.5104640722 0.0011012597
352896910.6998685598 0.0011270009
361918725.1050428748 0.0002787561
360934398.0127753019 0.0010772095
441495983.7432483435 0.0001684684
363814945.7315791249 0.0010775679
426013406.2025963664 0.0009390288
349103246.5888491869 0.0005020733
413158414.6751086116 0.0003232798
369804003.7239533067 0.0003599375
382758394.5902585983 0.0008369004
348129123.6333830357 0.0006117465
399649599.8219393492 0.0006305306
348858163.2645582557 0.0005734218
331723036.7095290422 0.0000566240
343841409.9865801334 0.0000515083
303727417.0352020264 0.0000066025
346326383.8065266609 0.0000042374
359890572.7437106967 0.0000205067
306853962.3036625385 0.0000099189
331483035.6795461774 0.0000244167
305470095.3156227469 0.0000048283
328609219.2894943953 0.0000155719
342866341.8010627627 0.0000039983
358802075.6256855726 0.0000049142
299960657.0463371277 0.0000045800
320687970.6275798082 0.0011565660
292995090.1950225234 0.0000085489
292876599.6634935141 0.0007895799
286260468.0418661833 0.0007288443
382436468.2810479999 0.0000556651
287594305.6838407516 0.0005916211
285117223.0158244967 0.0208763940
307666254.2033967376 0.0169850527
322851036.3608204722 0.0181755339
295073312.6067032814 0.0184448911
303011153.1328470111 0.0182459022
285351554.7646417022 0.0203561758
325115959.8088659644 0.0161764893
303338856.4489570260 0.0188007274
304440540.8157061338 0.0039488892
280304920.2676925659 0.0206323745
340375034.0966894627 0.0083604048
306552387.1177733541 0.0180816996
311572823.7740252614 0.0110898101
277288171.6582296491 0.0225992971
312164461.9673056006 0.0045857904
259770224.6495389044 0.0115023296
244544278.8649450839 0.0093049405
238577990.7956194282 0.0096373694
278753745.3578681350 0.0037434173
251912451.6587295830 0.0072836318
226416708.8353461325 0.0037387824
222535456.3456089199 0.0058808809
269771138.3444268703 0.0000190735
218946259.2476546466 0.0061143368
283916560.6243450046 0.0040016595
218703216.1195324659 0.0046085820
304588337.4384224415 0.0031725602
227019215.1657221019 0.0027288581
232538459.8640688956 0.0093711178
214254173.1548243761 0.0053138380
234658569.8963515759 0.0002560898
220731308.1716978252 0.0041241019
263960662.1856327653 0.0056799647
203177652.1798933744 0.0033561377
272911647.8205238581 0.0047416557
214411469.7889250219 0.0030543470
280695309.0575424433 0.0010503429
209751250.1885527670 0.0043558914
240134266.7392925024 0.0000640653
206845930.2298642099 0.0023195884
251155200.0453934073 0.0020234671
211869015.7712713778 0.0033791009
227082340.8951981962 0.0006295824
199747156.7297909558 0.0041142737
231240400.2908577621 0.0003712156
202123820.6859280169 0.0043588792
248422781.4635880291 0.0012002087
203836800.4669040143 0.0038995408
267363188.2164278030 0.0000174876
214659612.8789714277 0.0044817057
263102618.5675666630 0.0032666735
204056591.0611274242 0.0043625954
285342101.0788527727 0.0062705505
214478368.4055456519 0.0030347115
266428820.1195938587 0.0064528221
203394752.3022730350 0.0011592042
219255530.5652696490 0.0000037218
202070304.9512205422 0.0007837392
211093760.7928415835 0.0360383071
198232833.7157518268 0.0034248978
201993153.0883588195 0.0026610221
200481232.7747647762 0.0049090666
241555116.8478389382 0.0008060834
199969770.0081977248 0.0036712925
235355606.8238840401 0.0003231810
194614856.5853435397 0.0015736324
247417393.7019365430 0.0026830792
193958177.6166640520 0.0023830797
198423184.4762210548 0.0000060882
195969175.3434235156 0.0009532628
277748568.6770539880 0.0027710931
206466414.9317379594 0.0014630268
244755371.6738871634 0.0032661221
197497587.8711729348 0.0026582649
254026118.7983925343 0.0000011899
195792649.6919856668 0.0014245305
242905689.3914678395 0.0152690760
197816416.9216737747 0.0058890751
258550912.8764901459 0.0014984253
196370776.1987577379 0.0017367258
249588699.4343467057 0.0013884351
218804761.3401347995 0.0008322518
201532633.9306248724 0.0026931276
210670502.6473403275 0.0041770967
200771363.7756614387 0.0031233737
196617198.2351588607 0.0018688208
195971628.1158810854 0.0041813199
181533400.4941002131 0.0007997499
183483546.4577959478 0.0000127164
186703711.0496948957 0.0004857952
181574581.0457551181 0.0002424326
202429052.9144881666 0.0011002690
187492261.2502964437 0.0008518277
191496152.7106705010 0.0006603810
188724620.7558887303 0.0007818977
198399583.0464634597 0.0000246304
187702970.1593641341 0.0006912063
178864713.9954351187 0.0004994689
190972056.9220546186 0.0004968411
179240234.3936098516 0.0002459842
177688402.9549532533 0.0006083509
168329688.7044671476 0.0004965736
178861917.2940005362 0.0001275558
183335676.7130538523 0.0001723392
167388837.2740202248 0.0003716546
180412537.2749736905 0.0000977699
167466209.4817188680 0.0002574925
186709332.9837753177 0.0022801782
169242008.9866481125 0.0005029154
178853295.9658717811 0.0000581281
167111341.6195168495 0.0002447713
177781945.9793971479 0.0000785908
167659115.6035383046 0.0000655455
192497547.4503303766 0.0051672233
180236861.7416047454 0.0001632161
187547413.8746967614 0.0006759181
172278741.1056359410 0.0002596861
185301674.6490934193 0.0010748682
166330786.2224456966 0.0004423322
180118186.8180964291 0.0000003028
169055554.7396348715 0.0007767916
186197785.7318491936 0.0011209705
164853359.9504315853 0.0004338096
169539092.3962520957 0.0005276486
169639748.3517505527 0.0004051164
177758109.6657758355 0.0001389673
163702610.8326256573 0.0004127305
169877579.2953672111 0.0000570652
164455657.7541819811 0.0004251430
172313980.0562235415 0.0013688195
162130883.8865489662 0.0003068230
166989450.3349556327 0.0005522223
167853499.8739053011 0.0006718185
184142838.5559538007 0.0005934833
169784141.2668146491 0.0004009433
189727827.3863527775 0.0001009696
163186720.0814041793 0.0001172494
169727688.0468572676 0.0001673028
164081236.1109320819 0.0000063113
169297927.4702202082 0.0007191037
165192595.3549870849 0.0002474684
166912612.7996181250 0.0000057702
163135760.8276722729 0.0000000429
184535948.2576257288 0.0001881573
163083459.4586161673 0.0002527234
215171976.3769439161 0.0000488719
163361989.2750563025 0.0001643569
169211744.7283578813 0.0003548157
163880260.8030132353 0.0002841507
172341526.7703467906 0.0000203363
162358368.3465422988 0.0009276308
184115933.0773712993 0.0042986964
165326254.9861063957 0.0000983837
175946949.4934927821 0.0001332166
166513012.2050538659 0.0003398455
175536048.5229459405 0.0000031522
164278902.4542130828 0.0003582298
174638829.5419446826 0.0000863597
162641506.8041556478 0.0005041210
173626183.2509608269 0.0003275905
162354441.4758282006 0.0002637306
210731504.8863938749 0.0003561854
161568701.7071396708 0.0034142066
172961751.5737609267 0.0037339457
161069434.7677825391 0.0037678507
170480304.9320857823 0.0022222584
163774652.8003925383 0.0047606861
171431387.7458360791 0.0006172598
162176632.2116720974 0.0035846565
190994440.1672580540 0.0006910423
157419575.9579710662 0.0028062671
181307253.6170460284 0.0066136743
158736127.0240313113 0.0043741298
163563556.8834879100 0.0013866130
162791547.3356416821 0.0023088215
183235008.2215630710 0.0040233382
156866800.6396334767 0.0026987839
161923693.7451490164 0.0015335975
155158839.1647261381 0.0023992142
154632196.0270470679 0.0040403332
161014676.6332283914 0.0043255473
178094406.6301205754 0.0051468252
151874626.8026272655 0.0027527289
152597752.1202070713 0.0029387457
154973331.1828753948 0.0023588286
151784854.2859978378 0.0033505578
161520685.9650855362 0.0049063163
154201095.5599924326 0.0032014919
148930444.8066453934 0.0013974000
151194329.8520336747 0.0011799792
151186016.8638357818 0.0010680941
148907789.5966127813 0.0014480348
143280725.0680893362 0.0010805445
142483386.4546906650 0.0011509726
145871320.6582880318 0.0009106630
142646029.4706149101 0.0011835890
145521442.6945091486 0.0008888157
144117287.6346606314 0.0016240184
147189699.1681136191 0.0011358344
143933816.2681896687 0.0012292731
146740671.9319771826 0.0007939882
144435094.8406060934 0.0011097701
148372038.6160483062 0.0024375632
143377372.5881360769 0.0013327633
140649604.8404032886 0.0005516311
140007611.5503130853 0.0004431966
136110006.9592925906 0.0001325926
136292265.0673794746 0.0000991418
140283366.1514060497 0.0000053686
136348635.5478235483 0.0001254070
132617842.5625067353 0.0000904396
137571117.7680811584 0.0000771600
137384119.7014206350 0.0000894613
132455362.0905793607 0.0000905794
135466108.7274686098 0.0001297890
137708590.0156484246 0.0000657326
136306303.4983623028 0.0002194282
136626255.3529730737 0.0000854541
137864620.7685757577 0.0001602126
137947924.3174729943 0.0000810707
137878500.3061671555 0.0000100005
132456489.3283423185 0.0001619398
138419512.6139353812 0.0000261823
139483438.1048033834 0.0000922945
142009570.5052055418 0.0000231664
137547784.0900451839 0.0000806686
137447102.0038927495 0.0005369945
137367399.6870471835 0.0000987589
130561903.0354131013 0.0000198574
132420271.7130352557 0.0000346070
127497845.2014362961 0.0000116571
127384833.1602231115 0.0000090720
133494176.5132568032 0.0000273775
129853989.1280778646 0.0000040402
131356646.8062410057 0.0000000249
127420639.6956944317 0.0000081298
131158983.5526737869 0.0000088625
128784439.5210883319 0.0000183632
127415746.1891637892 0.0000125210
128462945.3532943279 0.0000187427
131254123.1587756723 0.0000275342
127349815.9837042093 0.0000193502
127210159.4154540598 0.0000000757
129628405.8420212418 0.0000002058
130371156.2334429175 0.0000224125
127545185.8747226894 0.0000002212
127809406.8023997545 0.0000007110
129492762.8534609675 0.0000000701
127311539.6552982330 0.0000007899
127338760.0414230824 0.0000008096
129222061.0471243411 0.0000004243
127419008.5696223378 0.0000001243
132693196.3823850155 0.0000029398
128577579.7731989473 0.0000000660
127721468.0367959440 0.0000006541
130347926.2150594890 0.0000001424
128978953.7833794355 0.0000000149
127495484.0334480405 0.0000001032
131797301.3116194904 0.0000003062
127592503.5181674659 0.0000000078
128888557.5301705748 0.0000001177
129535054.4771544486 0.0000004941
135272725.4140830636 0.0000008573
127243571.5418380201 0.0000001020
129479537.8857219666 0.0000029511
129180983.4361269474 0.0000001442
127253388.6437528580 0.0000000696
127210138.5830165297 0.0000002949
130475482.9804197550 0.0000000007
128452646.6677379459 0.0000009930
128121449.8908682466 0.0000072729
129051532.5112504065 0.0000011700
128173898.5561756343 0.0000020201
127434427.6408707649 0.0000000011
128163250.5187800229 0.0000043242
129412225.4423709661 0.0000001893
134922079.0955962539 0.0000009178
127457434.3754234463 0.0000010647
129249096.2670865059 0.0000017441
128816320.7811107785 0.0000001960
133734312.0491834730 0.0000009678
127467502.1927720606 0.0000020409
131174461.6528867334 0.0000042694
128686845.1362914592 0.0000002373
129055634.9007445872 0.0000043610
127475172.2839192599 0.0000009835
128292543.5013268441 0.0000000339
127436696.2557162344 0.0000008678
133337127.7869151533 0.0000003366
129045924.2509048283 0.0000005503
132765316.3340006769 0.0000192743
127439548.0663859546 0.0000000963
127907003.0022569150 0.0000031597
127409507.6423604488 0.0000000680
127680838.7494059652 0.0000057306
128316423.7595083714 0.0000001001
130052443.3511506766 0.0000007103
127435306.3947834522 0.0000003191
133845083.3358086199 0.0000002622
132197222.7861830443 0.0000000592
127245178.9936250895 0.0000005061
128587818.2610791773 0.0000035063
128740767.3875442296 0.0000019701
127434742.5751331449 0.0000000629
127195155.5602352172 0.0000007515
131451247.0351514220 0.0000000180
128772659.6995477229 0.0000005007
128739428.9760110676 0.0000091846
127209061.8352125138 0.0000012669
127724884.5964864045 0.0000051172
127212366.6098462790 0.0000009294
128873773.9176971167 0.0000006348
129138904.7518254668 0.0000014004
127428810.4124393016 0.0000002684
127217722.7901244909 0.0000006184
127732690.2302881330 0.0000019973
128734394.2262192667 0.0000002766
128443851.5730611235 0.0000195140
127272717.9480752647 0.0000005100
127527753.0266200304 0.0000001307
127251163.9959515333 0.0000018641
128473591.2068093568 0.0000004627
127226650.9739003927 0.0000004210
132768600.4232066423 0.0000034624
127211749.6633416116 0.0000005990
127345418.1680772603 0.0000045255
129016212.1545446217 0.0000003856
127574899.8382124901 0.0000000140
129291916.4943235070 0.0000009162
131444124.0800224990 0.0000004998
127222991.0536460578 0.0000008463
128046718.8809446990 0.0000009624
127238475.5782807618 0.0000003679
127477861.5543469936 0.0000009042
127312464.5793974996 0.0000004618
128713216.2329206914 0.0000032227
128898809.8804520965 0.0000008744
128907119.5913048536 0.0000025233
128172884.2401006371 0.0000000928
134181190.3194312006 0.0000000599
127311087.4567427039 0.0000003383
128792952.9064182043 0.0000037727
128225407.1837385446 0.0000009739
127294198.4018590003 0.0000020251
128131763.2015587538 0.0000000938
128353077.6282766014 0.0000031884
129394659.1006354690 0.0000007689
127407394.2380852103 0.0000000431
127211530.5588159412 0.0000002177
127332292.0069301426 0.0000015679
127329073.5233192146 0.0000010548
127252206.1554582715 0.0000016498
127334398.9169758707 0.0000011597
127226004.6089613140 0.0000009164
128433635.7918923199 0.0000032307
127210423.8974574357 0.0000005352
127355233.4319760203 0.0000008802
127239353.4455516040 0.0000010721
129761494.9346730709 0.0000009520
129074038.1906720400 0.0000014324
127468329.7311043739 0.0000006094
127296322.2096588910 0.0000005440
127203619.5988438129 0.0000006214
127409231.2820585966 0.0000007835
129010914.7025622725 0.0000009380
127193403.3338577300 0.0000003719
129243965.9860455692 0.0000004798
127310742.0873913914 0.0000000007
127213912.6174421608 0.0000003893
127290085.4164763242 0.0000010007
129405126.6880045682 0.0000004019
127263340.0719803721 0.0000000090
129108011.1429605931 0.0000003489
127372787.9261778593 0.0000006941
127214567.3575326800 0.0000003651
127235248.3707854003 0.0000009874
129341121.9073630273 0.0000002162
129217160.3177190274 0.0000011013
127217957.2912175655 0.0000001488
129041135.7709066272 0.0000011529
127191550.7094027847 0.0000003510
127233126.3760944754 0.0000002566
129195264.9220154881 0.0000003198
129081641.6950393617 0.0000001152
127201471.2714658976 0.0000003791
127215373.3851573318 0.0000009165
127191679.2185498476 0.0000003698
127332003.9769625217 0.0000003485
127208196.6344669908 0.0000003534
127436432.0965856314 0.0000001811
129174640.8877338916 0.0000003714
127368937.7880317271 0.0000004823
129138914.1214521527 0.0000002748
127315039.2715352774 0.0000001539
129107831.6250593215 0.0000003652
127326499.7255937308 0.0000003243
129322684.6425147653 0.0000004861
127198816.4193412066 0.0000003636
129162297.8556006104 0.0000002082
128932281.1506436914 0.0000009689
127199403.7722041309 0.0000004445
127267066.3369475901 0.0000002633
129249252.8641123325 0.0000004995
127224199.0105341822 0.0000002063
129029234.3681642711 0.0000001967
127289235.3890228570 0.0000001546
127214628.0336414278 0.0000003984
127409306.5482782871 0.0000004878
129050738.4041126072 0.0000002426
128959906.6179548502 0.0000006118
129236344.1110019982 0.0000003661
127211359.2923034430 0.0000004677
127217797.9419691861 0.0000003440
127307842.5015730709 0.0000001696
127201154.8447182477 0.0000003949
129305136.4931973666 0.0000002324
129301263.3276828378 0.0000004268
127233645.4539337754 0.0000002064
129248201.0861878842 0.0000003478
127246491.0491307080 0.0000005932
127199029.5751376450 0.0000004469
129039372.8030783534 0.0000004631
127204457.7124980539 0.0000002775
127260812.6382916868 0.0000003855
127192558.3561509252 0.0000003279
129426612.8337855339 0.0000007242
127197892.2055470347 0.0000003142
127203793.7951127291 0.0000002122
127223479.6569654793 0.0000003618
128913092.3179152608 0.0000001924
127197331.1036189795 0.0000004400
127250462.1704783738 0.0000002524
129250219.4101371318 0.0000003369
127304417.4266531765 0.0000004065
127199458.7771542966 0.0000003642
129317862.2396457195 0.0000003269
127195573.2600043565 0.0000003745
127209441.6358720809 0.0000002038
127203893.5107221007 0.0000004380
129234314.9245251864 0.0000004197
127216462.1376936138 0.0000003376
127207176.3026312590 0.0000005190
127213231.3801412135 0.0000004421
129105016.6264273375 0.0000002325
127191680.8375301510 0.0000004445
127205385.6680666953 0.0000004083
129245434.2578363866 0.0000002926
127242430.4112172723 0.0000009084
129409223.4724535048 0.0000002191
127201239.7186186761 0.0000003806
129297736.7418351769 0.0000003943
127221408.5705882609 0.0000002381
127190839.6431586891 0.0000003350
129329134.3976148367 0.0000003543
129201000.1821963191 0.0000003557
127202280.9333791286 0.0000002422
129255272.1106067151 0.0000003492
127200669.8459891081 0.0000003055
129268174.0288665295 0.0000003446
129290339.6671949476 0.0000003703
127192799.2458992749 0.0000003216
127230701.0734293461 0.0000003449
129257946.2005856484 0.0000003418
127193435.4362649769 0.0000004469
129256748.9761109501 0.0000002582
127272770.8303599656 0.0000002821
127192714.3341355473 0.0000002981
127216053.7057279646 0.0000003458
129270049.2939238548 0.0000003288
127248729.4164223224 0.0000004391
127198185.4753994197 0.0000003526
127196803.5646106899 0.0000003998
127193574.9203912318 0.0000003216
129285440.3151519448 0.0000003368
127197824.3854978085 0.0000003202
129292534.2742954791 0.0000004806
127197309.7841414660 0.0000003324
127250891.1313126683 0.0000003605
127194526.4651020169 0.0000003284
129182858.3137329370 0.0000004379
129300002.2031489015 0.0000003595
127200659.4950915277 0.0000001685
127191791.8488978595 0.0000003507
127193107.4890423715 0.0000002296
127198035.5843227506 0.0000003193
129182561.8069521785 0.0000003499
129317830.9326231480 0.0000003153
129223867.8740921319 0.0000004779
127189517.6203897297 0.0000003935
127190903.4595855922 0.0000004042
127212846.3150142431 0.0000003737
127189072.0007419288 0.0000003912
127192123.6263201684 0.0000003545
129293688.5738840252 0.0000003969
127198629.2883424610 0.0000003093
127191961.9857226461 0.0000003932
127205087.5406366736 0.0000003716
129306521.3276550919 0.0000003795
127195799.6340799779 0.0000003945
127189096.3953060210 0.0000003923
129283086.6038106978 0.0000004169
127193070.4365557432 0.0000003672
129279622.9940217286 0.0000004345
129293156.3724348545 0.0000003938
127215363.6960952282 0.0000004601
127191692.5398804694 0.0000003829
129299025.7522992790 0.0000003337
127189146.1034300923 0.0000003888
129300509.5735302418 0.0000004455
127191115.7394209951 0.0000003933
127198466.8561473489 0.0000003167
127201306.1818088293 0.0000004046
129134647.6403045654 0.0000004389
129287178.7636507303 0.0000003930
127222141.5622176826 0.0000003639
127191223.4037584811 0.0000003849
127194403.7985895127 0.0000003559
129294122.1354964674 0.0000003884
127213998.1756557971 0.0000003602
129321397.6031599492 0.0000003836
127195997.6393071264 0.0000004134
127190651.9927573353 0.0000003785
129271530.8566297889 0.0000003696
129300643.0765736997 0.0000004090
127192676.5349713713 0.0000003342
127192198.0594433993 0.0000003866
127192863.7900093347 0.0000003264
127195691.5325505733 0.0000003862
127193779.1498339325 0.0000004163
127193472.9325199425 0.0000003828
127194003.8606791198 0.0000003697
127192123.9203015864 0.0000004109
127202997.8725394756 0.0000004489
127189254.2923845053 0.0000003909
127192777.7559873909 0.0000004101
127189584.7028411776 0.0000003925
127193604.5928976238 0.0000004090
127189855.9023322612 0.0000003940
127192481.6422310472 0.0000004103
129290466.6843079180 0.0000003945
127195592.6529235989 0.0000004009
129303601.4746799767 0.0000003889
127190438.1824356318 0.0000004081
127189115.7245005965 0.0000004151
127189934.5172858387 0.0000003904
127197072.8466249108 0.0000004169
127189227.8214144707 0.0000003888
129286287.9707014114 0.0000004001
127190169.1875637323 0.0000003927
127192904.4259065539 0.0000003506
127189861.3498834223 0.0000003852
127191448.9328985363 0.0000003904
127191167.3586986065 0.0000003940
127191622.9183630198 0.0000003921
129281463.1116165668 0.0000003992
127188889.9840935767 0.0000003858
127190537.0861068368 0.0000003844
127189281.3547187448 0.0000003924
127190922.8812681586 0.0000003818
127189097.2970166057 0.0000003839
127190265.7623991519 0.0000003988
127189992.8904201239 0.0000003855
129310926.9168446511 0.0000004007
129300488.3928794116 0.0000003871
129302738.1003636718 0.0000004051
127189825.9810491651 0.0000003870
127194631.6694611758 0.0000003747
127190696.7926591486 0.0000003854
127189990.9738463461 0.0000003764
127189703.3601087183 0.0000003819
127193330.5680713058 0.0000003843
129310961.4470082819 0.0000003864
127191586.4686728120 0.0000003910
127189848.2268561721 0.0000003835
129297926.3574751467 0.0000003663
127189828.7952124029 0.0000003879
129293326.4605211318 0.0000003930
127189279.2981469482 0.0000003878
127190997.4218882173 0.0000003716
129299344.2701271921 0.0000003870
127196199.7208365649 0.0000003831
127188865.1877118051 0.0000003836
129309469.0404684544 0.0000003691
129302500.2816085070 0.0000003841
127194849.0386430323 0.0000003808
129302150.3342228979 0.0000003853
127189087.3829618841 0.0000003822
127189704.1320869178 0.0000003858
127189872.1152950227 0.0000003852
127189464.6569997668 0.0000003890
127188900.5606856346 0.0000003854
127192110.5652895123 0.0000003813
127189583.6889833659 0.0000003822
127189036.2787070572 0.0000003748
127188910.8816790283 0.0000003826
127191753.4323823601 0.0000003822
127189311.0182068795 0.0000003864
127190640.2778623104 0.0000003847
127189113.5219499320 0.0000003838
127188924.2785307914 0.0000003868
127188889.6597048789 0.0000003828
127188971.7761626691 0.0000003804
127189278.9134793878 0.0000003824
127189050.6801150143 0.0000003846
127189533.4951804727 0.0000003844
127188924.7322064787 0.0000003722
127189018.0734160691 0.0000003862
129281291.3591663539 0.0000003798
127188892.9109371603 0.0000003829
127193264.4297663271 0.0000003926
127189573.0856864899 0.0000003847
127191117.3249749839 0.0000003770
127191741.1780896187 0.0000003828
127189363.3303799778 0.0000003858
127189905.2381590307 0.0000003843
129294906.8989651203 0.0000003818
127189486.6253058910 0.0000003838
127189619.1018673331 0.0000003831
127191776.4079585075 0.0000003839
129299926.7515477091 0.0000003784
127189301.7877162397 0.0000003815
127188905.5955897570 0.0000003853
129298948.4103442281 0.0000003816
127189516.5378405154 0.0000003826
127190282.6204837263 0.0000003833
127189539.6826722622 0.0000003833
129300852.4412028044 0.0000003852
127188839.7018410712 0.0000003849
127190818.7745863348 0.0000003870
127188973.3871539682 0.0000003856
127190803.9825204462 0.0000003843
127189059.1099850386 0.0000003855
127189373.8022841066 0.0000003812
127189293.1299658120 0.0000003846
129299489.0501036346 0.0000003847
127189889.4426482767 0.0000003839
127191243.2023628652 0.0000003829
127189008.1095685810 0.0000003840
127188926.0878867805 0.0000003885
127189819.3908212930 0.0000003848
129307415.6248649061 0.0000003886
127189042.5283226818 0.0000003845
127190797.8065884113 0.0000003816
127189733.8905128986 0.0000003852
129304031.5680099577 0.0000003860
127189190.7030339837 0.0000003850
127191500.0801021755 0.0000003866
127190995.8024870008 0.0000003840
127188960.1741389334 0.0000003882
129307477.5520331711 0.0000003847
127188917.7896524221 0.0000003847
127189574.4331994653 0.0000003849
127189985.3247349560 0.0000003848
127189008.1882734299 0.0000003851
127188838.6290921569 0.0000003848
127189939.2343100309 0.0000003846
127189692.4658727944 0.0000003842
127188869.0864668936 0.0000003839
127188922.3815115243 0.0000003846
127189072.7765239328 0.0000003824
127189026.6845264435 0.0000003847
127189007.3538697362 0.0000003867
127188967.5278685689 0.0000003845
127188885.1321852207 0.0000003846
127188884.4243705720 0.0000003840
127189115.6589845866 0.0000003849
127189959.4888007641 0.0000003846
127189854.3518069834 0.0000003848
127190009.7423790544 0.0000003851
127189016.6992168874 0.0000003858
127188874.7769764662 0.0000003844
127189997.7342415005 0.0000003856
127189723.7126547843 0.0000003843
127188915.5883646160 0.0000003844
127188915.3613415658 0.0000003843
127189026.1864341348 0.0000003866
127189543.5934664458 0.0000003855
127191049.2884512842 0.0000003861
127189773.0600302815 0.0000003849
127190228.8551023901 0.0000003841
127188942.7368678004 0.0000003850
127188906.4057891965 0.0000003851
127189280.6111770421 0.0000003844
127189742.3827683032 0.0000003848
127188970.5795507431 0.0000003853
127190003.1070447713 0.0000003849
127188876.2519768775 0.0000003842
127189696.8982287794 0.0000003848
127189070.0976621658 0.0000003837
127189749.1736390144 0.0000003848
127189134.5248777866 0.0000003850
127188856.4202272892 0.0000003849
127188857.8817783594 0.0000003858
127188898.3121719211 0.0000003851
127188851.0811173916 0.0000003844
127190009.1002880037 0.0000003850
127189025.8386579454 0.0000003848
127188884.9960650802 0.0000003849
127188975.2072557658 0.0000003843
127188946.6959566772 0.0000003849
127188897.8300028890 0.0000003839
127189901.5495398194 0.0000003849
127189717.8535333127 0.0000003849
127189068.3696789294 0.0000003849
127189897.7386099696 0.0000003848
127189994.6361456960 0.0000003845
127191564.2952506691 0.0000003855
127189763.0879956782 0.0000003845
127188846.8636438549 0.0000003847
127188846.1877651215 0.0000003846
127189876.4174516052 0.0000003848
127189797.0117484480 0.0000003850
127188856.5212446153 0.0000003851
127188898.1104767323 0.0000003849
127188872.9594247192 0.0000003850
127189988.9442455173 0.0000003850
127188859.9550163299 0.0000003850
127188923.8594942242 0.0000003848
127188865.7193713784 0.0000003849
127189944.6564333737 0.0000003846
127189832.6850201041 0.0000003850
127188867.3346223831 0.0000003849
127190034.2917218953 0.0000003848
127189968.3166822642 0.0000003849
127189979.7170775980 0.0000003849
127190019.1609994322 0.0000003849
127188852.1601071060 0.0000003850
127188847.2138257176 0.0000003849
127188915.1554147452 0.0000003847
127188852.1995278448 0.0000003848
127188886.9081872553 0.0000003846
127188843.8525808901 0.0000003849
127188938.9491027445 0.0000003847
127188852.6199379414 0.0000003848
127189784.2200580984 0.0000003850
127190000.4641947299 0.0000003850
127188859.9303835332 0.0000003847
127188840.1769070476 0.0000003849
127189990.8736517429 0.0000003847
127188840.3714479208 0.0000003849
127188893.0796469748 0.0000003846
127190025.6323744506 0.0000003848
127188883.5074854791 0.0000003847
127188852.3139028549 0.0000003848
127188855.4545318037 0.0000003849
127190030.6614178866 0.0000003847
127188848.6570740789 0.0000003852
127190012.6743767112 0.0000003849
127188846.5822815895 0.0000003846
127189916.1510898471 0.0000003849
127188844.7598654330 0.0000003847
127188862.4499636143 0.0000003848
127189902.5804342031 0.0000003848
127188888.5951154828 0.0000003849
127190011.9576438814 0.0000003848
127189865.4675261080 0.0000003848
127188970.5385209918 0.0000003848
127189969.2431196421 0.0000003848
127189917.4161825031 0.0000003848
127189321.1553800702 0.0000003848
96510506.0000000000 0.0000003848 1 0 0 0 0 0 0 0 0 0 0 0 0 0 0 0 