1109458742.8431239128 0.0000009086
1132534706.1578931808 0.0000011500
1139674482.1300768852 0.0000010123
1140620617.4262704849 0.0000008301
1051610273.0109642744 0.0000000241
1076067736.4536638260 0.0000000156
1054160148.1636935472 0.0000000033
1077447893.3322613239 0.0000000109
1125583894.1035501957 0.0000000161
1094629289.3144376278 0.0000000036
1021120860.0552437305 0.0000000360
1094873470.7714190483 0.0000000046
1009669186.6697680950 0.0000000280
1012199179.5763541460 0.0000000028
1153164840.6818320751 0.0000000123
1056895036.8343473673 0.0000000033
965152976.0761427879 0.0000034972
853123638.2310948372 0.0000038902
833146438.2141309977 0.0000059022
814964678.3366405964 0.0000067597
838042736.2887767553 0.0001547719
816393510.9995174408 0.0000002553
851633337.9014084339 0.0000000273
803156107.0391187668 0.0000007448
794716520.5144560337 0.0000012053
850269898.4518163204 0.0000010570
852837014.1018346548 0.0000025989
810245877.7708576918 0.0000055881
820362853.5292040110 0.0000084294
823971545.9964445829 0.0000003385
797551491.2840263844 0.0000029400
893451767.3250478506 0.0000016288
687170459.1593191624 0.0000039770
616696038.8237749338 0.0000229768
654708456.1329606771 0.0000436016
633862581.1069568396 0.0000215054
659532467.1391248703 0.0000195535
602850023.0756930113 0.0000256269
662129332.7538387775 0.0000140651
596547482.9123400450 0.0000010750
645115859.9966585636 0.0000550111
610076171.9000329971 0.0000001372
676077231.3687459230 0.0005028966
596569294.8861873150 0.0000005166
676053587.3703351021 0.0000232446
615802738.5892583132 0.0000196929
687685347.8621357679 0.0000261086
596288082.0688937902 0.0000013976
581354539.1822410822 0.0004020525
600021752.7104915380 0.0003163184
513759311.3769864440 0.0002584144
572320332.3190479279 0.0000054857
510597963.0676342249 0.0003117904
497922994.0196597576 0.0007148734
496187481.2055929899 0.0004625891
495236797.3296453953 0.0006154976
498241044.9736413360 0.0007515858
512997708.6747895479 0.0011873861
508808077.5344894528 0.0006042507
592012877.3914330006 0.0002804281
495349638.6335034966 0.0003150834
490898486.1451899409 0.0001604559
527809547.6971389651 0.0000486235
538426037.1400680542 0.0003120175
491257795.7895551920 0.0001663118
500484504.5224080086 0.0006306974
486358797.2535129189 0.0000130317
494508589.8387550712 0.0000416375
511373786.4027032852 0.0000480773
567274292.3355777264 0.0003346243
476477179.8140030503 0.0002620332
508950938.1790683866 0.0016444914
468640193.8158002496 0.0002676873
491793891.0230811238 0.0003099246
487638133.5980690718 0.0004056027
536023533.6336980462 0.0003650531
459361024.5341362357 0.0000897706
533924090.2420659065 0.0000008566
463264162.0217092037 0.0001836012
486171300.5946618319 0.0005152735
452850032.2891932726 0.0001078196
481015703.6129848957 0.0002081527
471277547.5936449170 0.0010192179
445638348.1722529531 0.0000757652
459029557.4680423737 0.0000626183
460488977.7136806846 0.0000168032
445300964.8550086617 0.0000162593
513766442.9406552911 0.0000164441
434416734.6637194753 0.0000426771
510053439.2705505490 0.0001252149
426477322.8291470408 0.0000302098
449555589.7596716285 0.0001414055
424785507.8022969365 0.0000258378
466436822.5782495737 0.0012121119
424888415.9759650826 0.0000103977
447314305.9888840914 0.0002095184
423824608.0788659453 0.0000845723
524242756.1561836004 0.0000315446
431049025.3883851767 0.0000001400
433794226.0942481160 0.0012381542
414264822.7177928686 0.0000029162
500930554.2684677243 0.0000005035
427228269.4999696016 0.0000005945
463390675.6675133705 0.0001003585
422132029.6022440791 0.0000924091
451538559.7701867819 0.0000003493
411593110.4203818440 0.0003563784
446704579.2808403969 0.0003521859
409855788.6575432420 0.0003850034
389622798.1704416275 0.0018465113
366614873.7483214736 0.0021060139
422058282.8155878782 0.0013369453
376421004.5584769249 0.0017981712
416076896.2424545288 0.0017775090
395322349.7437891960 0.0017168338
486876316.1542248130 0.0002766028
365518560.5643092394 0.0018214687
515758286.4587273598 0.0003791337
363261859.4500860572 0.0008999957
344533532.2950630188 0.0003157162
349521654.3051473498 0.0002207617
458513828.5859096050 0.0081074441
348580082.6606358886 0.0006682724
389704571.9907488823 0.0021770331
353219985.7750198245 0.0004450477
469475618.5137958527 0.0000069798
349700881.4818351269 0.0002726149
456359774.8150082827 0.0003839926
344385042.2484095097 0.0003469881
422719498.9933220744 0.0002951807
353219807.2172673941 0.0000523122
380545210.6036829352 0.0000113108
341921246.1465611458 0.0001239243
441571126.8352590203 0.0008125343
370131673.2651411295 0.0002270840
406934752.0331626534 0.0000013046
337937587.5818941593 0.0001009655
332141347.2898301482 0.0025947081
330898622.9254150987 0.0044412906
429523363.4441866279 0.0003317089
346312202.9311788678 0.0038342211
361361684.5732954144 0.0029402941
310235759.1533867121 0.0016847658
367701176.0748404264 0.0001007400
298273457.0475622416 0.0015074850
300990482.7134581208 0.0010917779
305528470.9896425009 0.0004834740
442271554.7790424824 0.0005192183
339765848.1171767712 0.0013079617
357772635.3826777935 0.0000545625
290744589.5528057814 0.0021035586
396160117.2641593814 0.0012797240
293561847.9003243446 0.0024476100
417074960.1874803901 0.0034866529
292831589.5904190540 0.0013604773
380537806.1711033583 0.0014837447
299678152.6139059663 0.0018708645
376533135.6503986120 0.0009371124
296249711.9858211279 0.0026809965
342800855.6372035146 0.0010293693
292940514.6510883570 0.0039846331
334169183.3232063055 0.0047750773
295855142.6709588170 0.0025960518
364753384.2700809836 0.0066046371
285492922.5618719459 0.0007220133
339280196.7495801449 0.0000465909
297167323.5964586735 0.0008223388
342119189.7904767990 0.0003354577
289180338.0107929111 0.0011918378
286110204.8183505535 0.0008374695
295958220.6980975866 0.0002496001
290039101.5988869071 0.0006938709
302529102.0787021518 0.0018651621
294631280.7646329999 0.0006455564
302487274.8496657610 0.0005650003
298199346.5350982547 0.0011416371
295523808.7012765408 0.0022073202
301295583.3418375850 0.0010093720
293328730.8552693129 0.0005183547
285346309.1353899240 0.0006216667
288632423.0789195299 0.0004822306
281944134.4791976810 0.0006331023
295140186.3788499236 0.0004088865
281746212.1077091098 0.0006688761
301905467.9464985728 0.0004947327
294449849.0198772550 0.0006929455
276195764.0225827694 0.0003575605
273948167.0524440408 0.0003758107
276522959.1744355559 0.0000725550
277041071.4365230799 0.0005095591
284839111.0473976135 0.0004653434
275835385.3505394459 0.0003211433
280767658.6031503677 0.0000293495
274858296.0496950746 0.0005466159
283867507.8093318939 0.0005267899
273618440.2706399560 0.0003347371
271804728.8351615071 0.0009486593
267448157.6874352694 0.0002514694
290890376.0201094747 0.0000272550
266627809.3337116838 0.0002801583
296311253.4440598488 0.0004461186
265012157.0445310771 0.0002956288
267721752.3728895187 0.0000477729
260093591.7871212363 0.0003486245
312175851.1733002067 0.0000633852
260520561.4225673676 0.0003449839
256797008.5183117092 0.0001974496
258701227.4551961124 0.0000758485
259717311.8993032873 0.0018973816
256745970.1995560229 0.0001642314
245459754.5772774518 0.0009217783
245471212.2939924002 0.0005550698
270989433.4093108773 0.0018681744
250090805.1325485706 0.0010262078
272639126.3672072291 0.0014649599
252387468.7569440007 0.0006009241
259860170.5284240544 0.0019702047
249791492.6728952229 0.0010057925
251542799.9745180905 0.0016885184
250644823.4043831229 0.0008910745
267717322.8704413474 0.0006543815
246933184.2512474358 0.0006705779
251625724.7109428942 0.0000969835
253656967.2723975480 0.0007384503
265576578.1813972592 0.0024833016
247356582.5785949826 0.0004185875
253915148.7452006638 0.0005653772
250076083.7163019180 0.0011534163
266032705.3471304178 0.0004483110
253105514.0308685899 0.0011637154
305810348.2946392894 0.0000791813
244209101.7887417078 0.0005578024
245951375.3607040644 0.0003424262
246343999.1101383865 0.0006911923
274173321.3236895800 0.0000536650
244256814.5252212286 0.0004010673
261989706.0183540285 0.0005706522
242722251.6343717575 0.0007458794
274154000.8503396511 0.0013148446
236003165.0214215219 0.0003045598
234632434.1845887303 0.0000146820
244275791.0878306329 0.0000216726
279787541.5630267859 0.0000458677
234274297.6803532541 0.0000237643
246907125.7391042113 0.0000362581
233182455.6305046082 0.0001337682
258881088.0995306671 0.0009113564
236100451.1467266381 0.0000565087
243505153.0998683870 0.0000393436
235921062.9871325493 0.0002077209
272016826.4194702506 0.0000874705
224091886.4967590868 0.0001151137
235737345.0076078773 0.0001303520
223921126.2033237815 0.0003116953
228205493.4229864776 0.0001856469
227481362.9676819742 0.0002092698
250217418.3602828681 0.0007403558
224239705.4430402517 0.0000672155
258765582.1959761083 0.0003002701
225927679.9688899219 0.0002562841
228886262.4552396834 0.0001624853
242391683.5531343222 0.0004223160
245100041.8277450800 0.0008926680
228937026.8146799505 0.0006662171
246241763.0577449501 0.0015691226
220134517.1292825341 0.0001781441
258820037.2957116663 0.0003223562
222544807.6901773810 0.0003258307
222395157.9893555641 0.0000017010
226874201.5733979046 0.0002256729
247729630.5076427460 0.0000000769
220518098.1938536465 0.0001554933
251040293.5458557904 0.0005235734
218767309.8790094256 0.0001228768
227775888.3036642075 0.0001144812
216243003.5487911999 0.0001413809
264897112.4148020744 0.0003086840
211959976.1920181513 0.0000094693
216709826.6009404361 0.0006667986
218278580.7933713794 0.0000082531
232273971.9485373795 0.0000113027
211605515.8535670042 0.0000000746
230912552.3337810636 0.0000000792
211717565.0256256759 0.0000606484
237501561.7265505195 0.0001662425
215949060.7257034779 0.0000028610
223763781.4523112774 0.0009494890
219021249.4899233878 0.0000007263
210820037.7509691119 0.0003551233
205122582.4339788556 0.0004725668
210849459.8211226463 0.0001079019
207780039.1784363687 0.0005526920
222629494.9530776143 0.0000479372
205478149.0688736141 0.0005024358
223744964.7174251080 0.0014800804
205103925.1619309485 0.0005880758
243864002.6998043954 0.0004943870
204618211.9339545071 0.0003460200
206653836.4415184557 0.0011350570
210948294.9665772617 0.0003789522
251292570.8294492662 0.0000055814
210599616.2208400071 0.0004274015
222284506.5008747876 0.0000765255
207659428.7192761004 0.0004013559
204955988.9317800701 0.0004000192
208099508.0013033748 0.0001230364
204407242.5667230487 0.0004542785
201580518.0665981174 0.0003219290
201647170.7121990621 0.0002842477
206956334.0724164546 0.0004055526
201091109.3484218717 0.0003226811
213228178.6773060858 0.0004080841
201384578.4313944280 0.0003549395
199823933.6831344664 0.0000048947
200061053.8800793886 0.0000050918
199876955.1460246742 0.0000523992
200136585.9384858608 0.0000115108
199155156.4632752538 0.0003894569
199487461.7440362871 0.0003930035
202961311.6255578697 0.0002026460
199690961.1121985316 0.0003215647
199240658.7895571589 0.0003032435
199442763.1228610277 0.0002215999
199768987.1648495495 0.0001111040
200371269.6105507314 0.0005137347
203190209.8951314092 0.0000818667
199416993.5721823573 0.0003841302
203393712.6126655042 0.0006320709
201079438.0259196162 0.0003336185
201746066.4775822461 0.0002056211
199465532.2749696970 0.0003415163
199209350.6964578629 0.0002635615
199649033.5279080272 0.0003592348
199694989.2729540765 0.0003920773
199141947.9253279269 0.0004677082
205986895.6890811920 0.0016810782
199612194.8662267327 0.0003931668
199442793.6061095595 0.0000803124
199274976.3989295661 0.0004973101
207313743.4758084714 0.0006429015
199423670.0865645707 0.0005668448
199449855.2880803645 0.0002676103
201022678.5810239017 0.0006069634
202657758.3175238669 0.0004604843
199357533.2119410634 0.0003802537
201158480.5497421622 0.0002139322
199323067.3725396693 0.0004408726
210485534.9982079566 0.0001411779
199524305.1917187572 0.0004579083
199499980.3554230630 0.0002678404
199178421.9345165789 0.0005328690
201818411.4642145038 0.0002347281
198995314.4643537700 0.0004059171
199421891.3962430656 0.0002282419
199543206.1227249503 0.0004473898
199004302.7243110240 0.0007371741
199113095.3503459394 0.0003915467
199298516.1881919801 0.0005112838
199174225.0098615885 0.0003987754
199610428.0749648809 0.0002294118
199132141.0074143708 0.0003272875
199932496.9183911979 0.0003327000
199122749.3273520768 0.0004762533
199488333.6936740577 0.0004326213
199754299.9605162144 0.0002940342
199137798.1403937340 0.0004123643
202045137.6545779407 0.0003096306
199173189.9658239484 0.0003705858
199159816.1680118442 0.0004649010
199038388.9311586320 0.0004516101
199321421.7961221933 0.0003608622
199962809.1408319771 0.0002706437
199091400.7445251644 0.0005857791
199031044.9375514090 0.0003904691
199238833.1407735944 0.0005317333
199026653.6100643575 0.0003779657
200437764.9228402376 0.0005869245
199664847.7167700529 0.0004254221
199369307.5619827211 0.0004989785
199063139.2141364515 0.0004836973
200294759.1143673360 0.0002507987
198980102.0397717953 0.0004505264
199612371.5713044405 0.0004434049
199206781.5280860662 0.0003676335
200750318.0487379730 0.0006026293
199220462.1703530550 0.0005060430
204704577.4641925395 0.0002302684
199261431.3470848203 0.0002675117
200783260.5140311718 0.0005407238
199393016.9859004617 0.0003521449
200470374.5596454442 0.0009928495
199342644.1251337528 0.0005275604
203566473.3685013056 0.0003298855
199344563.1391384304 0.0002493902
199628651.5337547660 0.0004852634
199896809.3324018419 0.0003226751
199174648.9113117456 0.0004698512
199088684.8682398498 0.0004894459
199021946.5302662253 0.0004288553
199375784.1382874250 0.0004819809
198972299.2872872651 0.0004505975
199179882.7095963359 0.0005663764
199010799.4936227202 0.0004345802
199197817.6439038813 0.0003507753
199821678.9035152793 0.0004865695
199175284.1888561249 0.0004517639
199395792.5692136884 0.0004813929
199066295.1923277080 0.0004613178
199619329.1785295308 0.0004025404
199981095.9799846113 0.0004502352
199123435.8294688761 0.0005180872
199028752.0588577092 0.0004396384
199926832.7611858249 0.0004739889
199225672.3836422861 0.0004517707
199649014.7124762535 0.0004242386
199836612.1558362246 0.0004523008
199152789.4920361042 0.0004251174
199856125.9389604926 0.0004522818
199998178.0402829647 0.0004011277
198978100.3238858283 0.0004559968
199803262.3744302988 0.0004708329
199871119.4710901380 0.0004523787
199676948.6414527893 0.0004859568
198979632.0912140608 0.0004885131
199259859.6903818250 0.0003844739
199098787.8387597501 0.0004419251
199226394.0173847675 0.0003967702
199098917.9359575212 0.0004551173
199105801.1266187727 0.0004698793
198985393.7801081240 0.0004569247
198998429.5872613192 0.0004393172
199981447.1556694508 0.0004504603
199087099.3912629783 0.0004390964
199048618.8057315350 0.0004470082
199113113.2137102485 0.0004801707
199094164.7238526940 0.0004522410
198965535.9511260092 0.0004183447
198948794.5498893857 0.0003893476
199257759.5862109959 0.0004172409
199082753.1688932478 0.0003914121
199230767.5159577727 0.0003357335
199163069.6811279356 0.0003876192
198946124.0641244352 0.0003979344
198948161.3082540035 0.0003865925
199566751.8429806232 0.0004606322
199110219.1735309958 0.0004092446
199035430.1503411531 0.0003993587
199156940.7261636257 0.0003871765
200125170.4143282473 0.0004658831
198969521.6447292864 0.0004001449
199128561.0277023613 0.0004190555
199022759.8002170324 0.0003975645
198965998.4979402125 0.0003598898
198966162.7243731022 0.0004102252
199523673.4361829460 0.0004030261
199116669.8116438687 0.0004102897
198971590.2483040690 0.0003100021
199092761.5387580693 0.0004133135
199302697.4445362687 0.0003738461
198937874.3196897507 0.0003702384
199143297.2707771659 0.0003676780
199026401.5576196611 0.0003818435
198952306.2155997753 0.0003537371
198939562.3179819882 0.0003688027
199342241.9630763531 0.0002818918
199158043.0822367966 0.0003800185
199109020.2720800638 0.0003700916
199075061.4369919598 0.0003829496
199183521.1039043069 0.0002703270
199064463.2050298452 0.0003673800
199073266.1914475858 0.0003652656
199045947.1974203885 0.0003792492
198961158.3960549235 0.0003759628
199136053.0410704911 0.0003606651
198960440.0069042146 0.0003877451
198937149.9635438621 0.0003495260
199135654.7374529243 0.0003622608
199005444.7301708162 0.0003465699
199315197.0595520139 0.0003342917
199083111.1929929554 0.0003406145
198939225.0365639627 0.0003475475
198956701.8445960283 0.0003374644
198943455.9033619463 0.0003458129
198947274.2535319626 0.0003669470
199090484.3025158048 0.0003516290
198971278.2070233822 0.0003494106
198936344.3037034869 0.0003408568
199171507.5310549140 0.0003103514
198953986.9014664888 0.0003375777
199031920.8467068374 0.0003493663
198943973.0529054999 0.0003274408
198978385.1847651303 0.0003544093
198961452.2475053966 0.0003388398
199002135.6027285457 0.0003444682
199153811.9326567352 0.0003396842
199166016.5257397890 0.0003629022
198937747.8034655750 0.0003358681
199135063.0822466314 0.0003018169
199125651.4569380283 0.0003449897
198979901.9127039611 0.0003402008
198987203.7399170995 0.0003278355
199127478.2614435256 0.0003330741
199082947.8866080940 0.0003451675
199070458.8321727812 0.0003517176
199002172.3875848055 0.0003380048
198970750.3963918090 0.0003495681
198958579.3718758523 0.0003480260
200282492.2167288065 0.0003620424
199044886.3646597266 0.0003414603
199065684.0041032434 0.0003484504
199074502.5676342249 0.0003396210
199143711.7360972464 0.0003310227
198986582.4286344647 0.0003458331
199010312.9560385048 0.0003393483
199083959.4110934734 0.0003470391
198951794.1763059795 0.0003422540
199124847.5428737402 0.0003423631
199109269.6673012674 0.0003418297
198974484.7513665855 0.0003395648
198958008.3427069783 0.0003327250
199042039.1759575605 0.0003417985
199123511.2484268248 0.0003458737
199064428.5132328868 0.0003205072
199098678.8216936290 0.0003418291
198955528.6118745804 0.0003344017
198935471.8728183210 0.0003392674
198936989.8177507818 0.0003482740
198949273.7099938095 0.0003398054
198971261.5509393215 0.0003331292
198986419.2972940505 0.0003356293
199146134.4212956727 0.0003397611
199164620.3349712193 0.0003408582
198927249.3829515278 0.0003477330
198929537.2944023311 0.0003453080
199029985.4634144008 0.0003431553
198950645.8189588487 0.0003471144
198963256.6562711298 0.0003446545
198931080.4710784853 0.0003518374
199107050.2557355165 0.0003669604
198953397.4209759831 0.0003488080
199075780.4687235653 0.0003435102
198934610.3495861292 0.0003478014
199153392.8848716021 0.0003444731
199141333.8409857452 0.0003466098
199042979.6779717505 0.0003439758
198949651.8588844538 0.0003430737
198982700.3582863212 0.0003513880
199118140.0275447071 0.0003481890
198995390.3468056619 0.0003453169
198938966.6623933613 0.0003482262
199155899.0350149274 0.0003551770
198946597.4617905617 0.0003450649
198952765.1438419521 0.0003455249
199152659.4032765925 0.0003485270
199000116.5411202610 0.0003445848
198935449.1550912559 0.0003495687
199042514.3501345515 0.0003518111
198925077.3891717792 0.0003484667
198969921.8031269312 0.0003342578
199139129.9349056184 0.0003452000
199064126.0266688168 0.0003496156
198931414.2838623822 0.0003494839
198975911.2650854588 0.0003400190
198934805.0993643403 0.0003438592
199031320.6631970108 0.0003682770
198932086.0184101164 0.0003424937
198976600.9172379375 0.0003477178
198927435.1705300212 0.0003473547
198949784.2365925014 0.0003368939
198964764.4206276238 0.0003501139
198941131.5031066835 0.0003451143
198924800.8356251419 0.0003499480
199149414.4923275411 0.0003472185
198976634.6159163415 0.0003446252
198964950.2234539390 0.0003374984
199165405.0526054502 0.0003434656
199116308.7232155502 0.0003552265
199160396.7692269087 0.0003568097
198924188.0577384233 0.0003360438
199137099.5277536213 0.0003364707
199050705.9495679736 0.0003168734
199136651.2831316292 0.0003404406
198955837.4078361690 0.0003172752
199135717.6376528740 0.0003339906
199114302.8465251625 0.0003391096
199123818.5233556032 0.0003363239
199117214.9811037481 0.0003541422
198956123.6755573750 0.0003320119
198943824.8259013593 0.0003317025
198952747.1977041364 0.0003345800
199119440.9670507908 0.0003326008
199153688.1703780293 0.0003365174
198953439.8468520939 0.0003402636
198940682.3409258723 0.0003368500
199074482.8290166855 0.0003390254
199147970.6682511866 0.0003332889
198949916.1653757691 0.0003461757
198926004.7883776128 0.0003370582
199110338.3232349157 0.0003399315
199157652.1653341055 0.0003358343
199074123.9374849796 0.0003547817
199153642.2910449505 0.0003389933
199040623.7599969208 0.0003225957
198940549.0413740873 0.0003322824
199109800.5528428257 0.0003299374
199054168.4174780548 0.0003364224
198956959.1929451227 0.0003293408
199142643.1126867235 0.0003354719
199028256.1814940274 0.0003292929
199135417.4547531009 0.0003391567
198953313.5817441046 0.0003381894
198957976.7227440774 0.0003366396
199159783.5039468110 0.0003237021
198929092.8173538744 0.0003361678
199176599.4773287773 0.0003335776
199044521.3496005535 0.0003360500
198992312.6950106621 0.0003327970
198928910.1651801765 0.0003393773
198933236.3423397541 0.0003359500
198948273.8428332210 0.0003347576
199148539.0121729076 0.0003358277
198927200.3023378849 0.0003442934
198936503.7074117661 0.0003335385
199039488.5414345264 0.0003307994
199150380.2909823358 0.0003377597
198934335.3623103499 0.0003329120
199145563.5410200655 0.0003371233
198943211.3900442421 0.0003387608
198927325.7964357436 0.0003357954
198942341.2580963969 0.0003419597
198941825.3824922740 0.0003343676
198924561.2073717415 0.0003353193
198929481.8978600502 0.0003364499
198947555.3411442041 0.0003347956
199167675.3896246850 0.0003352691
198926680.9901899993 0.0003390509
199137515.3931455612 0.0003375362
198942897.2694897056 0.0003341051
199165594.8432173431 0.0003374431
198938491.1723804474 0.0003358558
199153605.1937896311 0.0003357556
198973851.8464313149 0.0003323431
198924657.6530192196 0.0003361564
198927584.1427977383 0.0003369452
198930245.3576811254 0.0003360714
198926849.2286251783 0.0003386602
199157490.4396528006 0.0003371901
198924049.0984385908 0.0003335745
199157414.3129058182 0.0003334618
199134619.8154190183 0.0003348067
198926026.1765304804 0.0003332534
198941181.2322719991 0.0003348248
198924515.2565650642 0.0003335361
198933963.3715842366 0.0003304845
199166963.1988461912 0.0003335938
198924849.5689709187 0.0003378218
198928097.7676802874 0.0003342943
198952055.8931810856 0.0003340546
198926266.4814905226 0.0003335626
198941386.4948466718 0.0003324465
198922956.1731183827 0.0003341537
198940616.0248880684 0.0003285946
198931417.8983636498 0.0003340275
198937639.3056842089 0.0003359453
198924623.3904858530 0.0003341929
198956181.0496911108 0.0003349663
198922024.9777710736 0.0003339572
198934230.6429048181 0.0003293594
199151797.3596484065 0.0003346399
198957142.3244331479 0.0003328387
199162260.6438703835 0.0003342090
198932646.0194259286 0.0003298446
198924849.7544400096 0.0003340280
199154711.8945270181 0.0003356942
198921872.4842114747 0.0003336380
198939298.1313130558 0.0003306303
199137304.7660935819 0.0003348128
198938599.9478649497 0.0003299751
199161540.3636502326 0.0003339463
198932572.2292123437 0.0003316188
199152960.0993148685 0.0003341406
198924638.0614745319 0.0003329341
198929989.3698065281 0.0003328778
198927061.5972417593 0.0003331546
198928003.3068645895 0.0003327654
199073847.9102678895 0.0003332405
199137638.8321859837 0.0003341340
198940804.1305248141 0.0003311031
148838157.0000000000 0.0003311031 0 0 0 0 0 0 0 0 0 1 0 0 0 0 0 0 