1682236977.9698500633 0.0000106599
1682169095.9275913239 0.0000195587
1682137861.1548593044 0.0000020051
1542351322.6254429817 0.0000186974
1682171767.2802374363 0.0000132789
1362826334.0576455593 0.0000231127
1821971566.9988467693 0.0000118202
1681741753.1942694187 0.0000213621
1440637289.4195334911 0.0000211990
1333631254.5307004452 0.0000238308
1357496737.0437817574 0.0000232438
1338969661.9104037285 0.0000236995
1682184723.7817292213 0.0000017157
1341686666.9065227509 0.0000236326
1334626984.8046681881 0.0000238063
1334392754.9055569172 0.0000238120
1333565333.5900683403 0.0000238324
1333709393.9119565487 0.0000238288
1682145957.5402033329 0.0000069014
1333631254.5307004452 0.0000238308
1333572045.9197549820 0.0000238322
1333581664.1553800106 0.0000238320
1333562089.9557318687 0.0000238325
1333562127.4712321758 0.0000238325
1682142563.2867777348 0.0000155675
1333562127.4712321758 0.0000238325
1333563301.6303300858 0.0000238324
1333561791.7262964249 0.0000238325
1333561698.5690493584 0.0000238325
1333561810.4840705395 0.0000238325
1682166778.3102016449 0.0000143591
1333561810.4840705395 0.0000238325
1682140776.9035217762 0.0000276079
1333561810.4840705395 0.0000238325
154915007.0000000000 0.0000238325 0 1 0 0 0 0 0 0 0 0 0 0 0 0 0 0 