600758803.5651977062 0.0000004778
613880441.7141978741 0.0000000592
632301688.2616827488 0.0000001359
647181408.2442350388 0.0000009109
603603036.1998327971 0.0000000089
633059357.4142222404 0.0000000669
603805785.6485185623 0.0000005196
589673345.5312023163 0.0000000272
557104362.4015121460 0.0000000039
638841554.1627236605 0.0000000121
539498354.1696643829 0.0000001442
637435147.0321528912 0.0000000006
563509450.9894046783 0.0000000064
542718296.5346188545 0.0000000021
570879136.6027303934 0.0000000800
645321764.9945646524 0.0000000080
514439394.2424111962 0.0000180059
464650634.0757200122 0.0000162449
434433311.2912722230 0.0000263989
420387552.4425647259 0.0000121018
425931273.6890404820 0.0000001837
423457108.5968441963 0.0000023367
548952853.3457643986 0.0000001117
414901819.3175704479 0.0000080015
415455217.2839307785 0.0000082202
537987817.5843026638 0.0000020557
425606629.2774164677 0.0000053512
430871641.5483070016 0.0000077621
528135431.4082575440 0.0000013339
500955227.6785159111 0.0000005595
416150762.0136289001 0.0000096064
551143214.2512596846 0.0000024963
377027112.0033527613 0.0000264022
255556469.1521526277 0.0001462866
261052173.5243380070 0.0001411122
259456062.0024992228 0.0000463097
258153143.0155736208 0.0001303952
247736702.1560167074 0.0001577138
284853765.3345517516 0.0001800567
251687311.1816212237 0.0000984851
282496138.9532077909 0.0001276401
226472938.0744286776 0.0002202411
269821139.9027407765 0.0001538676
228461308.7994402945 0.0001976656
215910181.2666664720 0.0000020504
210905458.6047372818 0.0000116415
201328404.9601697922 0.0011823320
207451391.0599699914 0.0010549909
229835538.7341503203 0.0028688618
212824044.3124154806 0.0010984143
203477490.2825842798 0.0011352173
209320873.9058269858 0.0012796855
224038050.4641594589 0.0013750383
221873130.2778611481 0.0017550894
209878434.1190744042 0.0007332558
210070367.7010663450 0.0009676610
226905273.1250807345 0.0005699048
202581227.2937383652 0.0009861616
248394590.0803734958 0.0017448645
207585095.1863528192 0.0009392475
233528765.2351329029 0.0000251954
198893587.9183915257 0.0011068945
272229446.8139706850 0.0004430948
207471335.1655047536 0.0020185210
242490132.2264656723 0.0000000162
208200181.7382664084 0.0010068120
242531647.8583959341 0.0007249678
202306262.9784355760 0.0017693177
186113286.1086210012 0.0001666347
180418516.9767244458 0.0001225882
189324771.0897244811 0.0002474914
187360443.3171961010 0.0000078181
198799166.3328320980 0.0000187543
180908470.3581466675 0.0001898032
199350334.1889558136 0.0000884281
191717069.6766153276 0.0020098097
194629419.6248710454 0.0002423793
181147506.3696654141 0.0002477376
171196137.2300170362 0.0021532227
180576561.9025492966 0.0027562414
208423254.6442252696 0.0021086393
171453417.3358436227 0.0009010113
239163283.5359753668 0.0001456040
172367743.6091990173 0.0014722517
190788615.8817755878 0.0026419394
177510328.0115556121 0.0013802726
195604413.8456526995 0.0002332646
181490955.2329499125 0.0020022916
173359248.3839218318 0.0005937520
178917362.1575577855 0.0028927224
220343939.2893666923 0.0015463943
173873954.0797820985 0.0013312184
222555656.9638132155 0.0178682656
181369153.8096843958 0.0004890299
187352518.8538723290 0.0000894990
178167053.8177324831 0.0022055522
228969826.4661269784 0.0044384542
178149203.4795517325 0.0045449413
183515451.2123406231 0.0002292627
175607168.0071041286 0.0022723166
191776933.2214809954 0.0009180100
175095208.0994755030 0.0018751895
197935197.0448664725 0.0000068584
175633284.5073340535 0.0020396103
230173074.1891100109 0.0012071282
166911560.3751309514 0.0013806033
201990847.0230498314 0.0000272247
172616967.3201960921 0.0021985680
188294840.2360138297 0.0007695563
175419369.3027578294 0.0004958878
181466182.1054555476 0.0029636065
170016952.2771120667 0.0018311840
189617570.6680703461 0.0000266956
170346894.9120968580 0.0013643055
169799138.0696476400 0.0008376457
173897418.3895412683 0.0014409716
179679361.3897624612 0.0003541854
179821318.9894704521 0.0010776757
194316461.6301243901 0.0010090523
175935418.9940643609 0.0020926216
179898914.4831152260 0.0030473736
175329704.4874168634 0.0009344032
197618976.9484297335 0.0000129811
175762417.3919512630 0.0006546806
212184518.6085413396 0.0000000313
173133659.9080072939 0.0011661321
172958823.2232075930 0.0006073641
176655805.4585768878 0.0008200305
190678767.9765875340 0.0000045427
201143651.3318642974 0.0053583900
207724311.3604470193 0.0003482938
179439915.2077697814 0.0015259465
212699918.4845773280 0.0003330760
190017593.0170629621 0.0000102701
168376083.2827400863 0.0016366500
186659837.5180928409 0.0006489862
176570378.2175045311 0.0009383538
172684165.4457892179 0.0009177124
176477884.0637506843 0.0018775581
175457634.9845867455 0.0023119479
169783276.5501862168 0.0014484254
180358824.1176240146 0.0000789666
166782454.7789830267 0.0012195041
185642855.2720909715 0.0016927513
172001874.0613320768 0.0014469649
188853119.3447950184 0.0015221683
173575562.5820145309 0.0019922836
183771214.8136414587 0.0035811081
175081372.3651250303 0.0013580028
173762309.0805123150 0.0001562412
170709056.6853902936 0.0005978750
176490861.2035647333 0.0000679417
180850529.6576638818 0.0006271148
180197008.6586686075 0.0001482587
172435740.4791409373 0.0014353018
184592426.0145338178 0.0024702758
172798300.6397437751 0.0014125480
178844676.3688878119 0.0000739603
172478954.0171864629 0.0008564151
183111278.3728173375 0.0098788956
176697393.5604790151 0.0015055802
217040803.0491803288 0.0009429414
176155002.3814437091 0.0014023152
167008868.4641407132 0.0009733746
181164079.4391590655 0.0002134693
167145088.4170417786 0.0013263063
177139921.8906064630 0.0013422376
167068249.8747972548 0.0010560914
167724794.4867917597 0.0005873609
168414430.2782782614 0.0011961975
174497560.0746751428 0.0003395240
167159833.1814658642 0.0012991250
172672292.1975081563 0.0009443231
175661681.0910728276 0.0010673824
174860671.8225578070 0.0009445814
178788959.5519183278 0.0013345374
176144851.4441209435 0.0015557570
177194244.2355623841 0.0010380913
177940282.6281165481 0.0011328132
171812143.8256269991 0.0018030975
167893017.2298682928 0.0009659967
183291032.5344152749 0.0015952891
179184364.4698710740 0.0011755793
179082071.2875669003 0.0007024745
177590843.3056407571 0.0012572523
170175005.2187653184 0.0008134191
177575349.2986886203 0.0012224740
178062005.2297602296 0.0015052856
176909039.9844549894 0.0012642097
168270539.8249082565 0.0010689294
167212820.1759430766 0.0012378216
174484337.0928774476 0.0013288476
178062838.9400758743 0.0012798178
166464555.0707587004 0.0011810638
178600435.7384855449 0.0011003803
179759934.6146551967 0.0008214151
178196655.0553805828 0.0011248147
170298838.4108680487 0.0014968975
166637149.6387702823 0.0013966881
170873960.2751605511 0.0007873518
179533444.4520018101 0.0010425151
175395202.0236072838 0.0012741095
178386474.5750573575 0.0013261489
172090801.2824390829 0.0008335745
167106767.6978261769 0.0011561611
172811982.7450655401 0.0012777320
169485174.3802592754 0.0010470081
176660197.8890263140 0.0006172094
167188884.7045033574 0.0013849397
178779203.3553066552 0.0009111024
168162526.6741203964 0.0012301849
168844287.0254046619 0.0024077887
168151869.0672885180 0.0010589330
183235210.7222006321 0.0014134991
177571702.6688205600 0.0012179653
172300313.9734437764 0.0011077870
166481677.9264058769 0.0011504470
171452917.0668953657 0.0013600631
178606545.8884545267 0.0012233702
166833478.7491986156 0.0010598313
167634500.6467622221 0.0012215746
170579493.4875862002 0.0008231612
166490825.4244439900 0.0011207679
171689470.3569505811 0.0013380373
179436311.0847640634 0.0012387669
167354053.4900885224 0.0009365648
165991975.7236408293 0.0011057201
171449617.0740010738 0.0015235172
177846652.7811220884 0.0011580868
165378452.3981789649 0.0011943332
167916212.6394340694 0.0012242889
173077715.1930138171 0.0019133426
177325687.5014352798 0.0012183479
177852561.8864290714 0.0015502571
178390771.6505072415 0.0011649104
176519499.7951301932 0.0012125557
167797654.2255495191 0.0013224082
176309005.3081570864 0.0008247222
175100969.9385065138 0.0010912912
171704614.4763665497 0.0008993203
178218695.5138630867 0.0010673515
166475774.1188517511 0.0012413484
165497859.6776759326 0.0012068323
175579310.7808548510 0.0010582913
166995729.7955546379 0.0012286438
169850980.7707954943 0.0008331790
165967623.0634367168 0.0013766583
175462760.4003932178 0.0007456958
165371961.7582620382 0.0012206601
175241903.9023256302 0.0013941105
176603262.0913480222 0.0012004769
169018217.2632195354 0.0018211889
165766525.0023490489 0.0012730244
166495649.4496875703 0.0011964226
174577469.8242010474 0.0011954122
166262858.3714255095 0.0011996939
175371573.9696365595 0.0011980560
166948387.5965273678 0.0012290819
175329962.1555435061 0.0010596502
177353574.2796857357 0.0012992391
177609457.1378432810 0.0010967454
165268375.2526007593 0.0012982768
170166343.5010637045 0.0011645315
165559017.4353748560 0.0012630299
166358474.1224253476 0.0014305072
177451809.3163913190 0.0013216758
169981151.9413430393 0.0010959172
165503512.8644583523 0.0012370201
166120806.2531598806 0.0011935401
165399698.5721133649 0.0014050295
171120167.0536739230 0.0010758809
165665213.3251057267 0.0013430378
175695634.4285147190 0.0011117369
166656637.2362720668 0.0013638924
177713713.3023903668 0.0012928499
166026662.8848029971 0.0012219807
174724484.6127676964 0.0014144440
165327047.4721408188 0.0013489514
169504350.8487351537 0.0013535052
165358679.3722771108 0.0013569156
169323037.1574631929 0.0015968102
165397475.9260283709 0.0012103948
177243817.3255273104 0.0016046655
165345645.7666974068 0.0012785244
176939323.5736664236 0.0016328447
165253181.9085199237 0.0014105514
177426998.0868207216 0.0016501692
176885746.6549776495 0.0014062288
170651026.1311005056 0.0016094206
177477271.7898825705 0.0014401681
165687341.1590275466 0.0011454406
165158274.5076821148 0.0014721287
170541437.9435662329 0.0011709425
165510502.9977816045 0.0014237870
166601549.6623599529 0.0014075091
165233502.5769493282 0.0015509118
173635627.5162890851 0.0012831317
177536792.6041757464 0.0014390046
168881558.7283743620 0.0013015748
165781412.3578134775 0.0015205342
177155999.3076863587 0.0013884979
166520191.0415337384 0.0014305459
167546930.1048460901 0.0014102459
166360758.4935941696 0.0014099165
166293523.0628932118 0.0016547827
165522798.6257272363 0.0014595642
168358882.4905102551 0.0017216465
165870266.2257473171 0.0014694765
175401247.6264702380 0.0017234124
165214672.2563641071 0.0015414173
165629854.5339910686 0.0017134279
164990572.4934006929 0.0014190490
174274449.6584947109 0.0014039616
176288476.2919043005 0.0014193423
173919484.7757934630 0.0011433060
177408219.7726718485 0.0014423820
177015864.2158832252 0.0011140228
177155610.8581831455 0.0013738073
174724042.6421144009 0.0015047411
165135944.6143708825 0.0014113624
165878230.9816749990 0.0013060129
165645899.0568091571 0.0014106641
176277724.3178801835 0.0012261633
176855537.3816387057 0.0013978426
166484211.8707115650 0.0015010363
165459209.9330004156 0.0014155563
165122703.2730188668 0.0018076704
165765255.5755538642 0.0014952140
176598254.2377503514 0.0015795530
176086576.6926148832 0.0014001933
165740322.3095610440 0.0016507023
165109564.9676176012 0.0013895905
172725332.1898902953 0.0014006174
177144494.2188371420 0.0014535610
166217862.3586591482 0.0011511148
165142108.6423033178 0.0014642710
176720717.5498397350 0.0017276420
165182086.8294712305 0.0013995883
175117002.7414309382 0.0016681683
165420704.6503494382 0.0014321895
165340430.5424059331 0.0016117185
176721832.1829451025 0.0014192100
174436840.9553710222 0.0013697512
177208256.6695796549 0.0014086533
164980635.4025692344 0.0012618197
177167676.1484288275 0.0012259458
171769981.1118167043 0.0016204486
164941780.4039431214 0.0012288761
166348033.4126737416 0.0009353422
176081048.8327521980 0.0013009961
165774290.6166807413 0.0012174182
165159246.1688582897 0.0012236225
165137559.9295945764 0.0010262832
164855758.1261196434 0.0011968653
166382292.3391551077 0.0011619776
164951500.5625854135 0.0012478558
165754916.0823344886 0.0012139720
165317598.9023772180 0.0011135179
165198914.7105214000 0.0012410965
174889602.7505041063 0.0013095652
164729781.9379834235 0.0011873303
167057493.5977956057 0.0011897339
164792064.3420492113 0.0011939852
165084203.2099016607 0.0012354897
164891568.5457643569 0.0011931542
164728409.0204390585 0.0011728094
164772993.2331042588 0.0011567292
164720218.1051696539 0.0012745453
164791113.9848030806 0.0013195767
174880717.3869656026 0.0013713248
164744408.3606516719 0.0012686068
169086277.5994238555 0.0011625548
164775463.7207959294 0.0012828945
174625972.7399494648 0.0012164247
164806492.1296946108 0.0012610433
165064921.2762939632 0.0011624225
164658847.6255647242 0.0013054709
165765760.1008815765 0.0011093129
164673445.5358368754 0.0012902432
164613249.8110093176 0.0013306958
164966979.4562879503 0.0013244445
167032460.3642872274 0.0015210792
175767802.8724836409 0.0013303858
164959148.4381937385 0.0012532868
164750790.4082307518 0.0013595914
164693639.4463015199 0.0013060650
164795019.5345956385 0.0013044169
174996780.6785896420 0.0013376798
175294337.5063796043 0.0013484070
164865868.9204988182 0.0013749947
175980124.7749428451 0.0013612604
165589700.5240037441 0.0012624573
175511875.8356047571 0.0013102169
174978639.0339866281 0.0013729721
164479267.3614035547 0.0013229687
165915491.5977689326 0.0014256553
175373051.8028061986 0.0013006495
166866048.6479818225 0.0012803730
165035135.4908919334 0.0013857902
174816213.5847145915 0.0014544485
165761757.2636812627 0.0013088797
174534039.4982676804 0.0011734637
164514644.6706069708 0.0013760167
174644634.7565580010 0.0011383274
164451335.6906988919 0.0013243011
174547812.9416375458 0.0011401096
175704439.7364663482 0.0013408781
167977860.4493371248 0.0013755385
164511529.9448151886 0.0013098308
167358153.2924413085 0.0013948811
175672834.6277874112 0.0013491182
164928520.0366283357 0.0011555485
175316990.6398987770 0.0013785493
164848922.9030605853 0.0011563238
164533815.8149836063 0.0013371187
173115310.8181379735 0.0013254094
164900959.2595312297 0.0013841189
164666970.4299232364 0.0013082403
165005768.0420553982 0.0012881691
164481659.3485928774 0.0013282969
164705863.0866181552 0.0012890652
164753195.8543674350 0.0013130257
164368521.4121651351 0.0013491138
164488818.4484165907 0.0013327515
164982301.5070124567 0.0012818843
164505136.3944418728 0.0013616268
164425553.8806575537 0.0014185871
164587505.3940445483 0.0013184280
165306976.1851246655 0.0014205498
164376285.3358326256 0.0013452782
164694267.7940055132 0.0013903959
164604815.5667831898 0.0013258586
164557416.8064865768 0.0013637034
164603783.8695578277 0.0013459265
174710568.8181964457 0.0013914978
164607402.8198297620 0.0013507899
175451174.9546935558 0.0013499311
164553147.2044696212 0.0013284638
165594606.4735921621 0.0013014769
175515931.7393939197 0.0013443070
165839409.3426118791 0.0013603589
175415080.6341293752 0.0013429675
165692441.9016329944 0.0013633753
164627483.2544309497 0.0013815821
173868632.5703592002 0.0013287721
164431923.3840938210 0.0013233820
165786706.8921906650 0.0012959356
164516100.4880535305 0.0013327427
165249418.4129274487 0.0012945830
164547885.0492332280 0.0013407115
165465596.8442290723 0.0013221929
164508297.4013854265 0.0013536035
164361025.2616572380 0.0014020956
164426548.5697357357 0.0014213763
165034969.5068019629 0.0014181076
164682284.5665842593 0.0013894677
172001975.5002433360 0.0014236183
164714809.2836454213 0.0013608286
165195049.6323774457 0.0014640820
164366806.1821306944 0.0014121603
165381166.3707498908 0.0013771283
164461847.5185909271 0.0013934165
171885704.7880860567 0.0014612350
164894348.9207563400 0.0013776008
164585051.4109565020 0.0013934980
164617142.2593886852 0.0013923565
164401456.9738672674 0.0014086483
164823604.3874582052 0.0014245769
164425171.4724509716 0.0013944946
164738734.6640240550 0.0013942129
164358950.9304687977 0.0014030532
165197555.4415877461 0.0014289030
164567105.8246362209 0.0014169434
164830338.6545836031 0.0013811097
164391593.3049517870 0.0014114322
164719926.1118403077 0.0013976885
164324116.4678847194 0.0013972264
164465580.0691769123 0.0013929759
164562860.4717787504 0.0013892421
175584238.2477310896 0.0013416983
164493980.0318566263 0.0013881463
164311529.5911928713 0.0014054465
164429969.9405792058 0.0013970808
164428783.5498820543 0.0014684648
164312295.2442775071 0.0014069162
174653951.0903449655 0.0014427664
164377447.5335131288 0.0014061965
164823099.0573825538 0.0013893834
164357739.6604199708 0.0014155918
164302914.5845899880 0.0013843668
164315406.4071827531 0.0013953906
164752476.6291039884 0.0014018436
164345422.1498892307 0.0013866790
164787717.4559770525 0.0013828638
164396967.5735635161 0.0013825279
164304369.8411777914 0.0013703739
164337842.9094540179 0.0013830469
164912903.7698784173 0.0013453103
164421798.9819497168 0.0013832197
164493274.5912040770 0.0013923984
164522077.3728313446 0.0013869892
165189559.5476914048 0.0014051534
164448660.0225252807 0.0013764298
164644298.0654490590 0.0013831484
164402683.8762692213 0.0013797406
174251858.9630875885 0.0014165189
164563025.0594669580 0.0013823398
164421922.3957256079 0.0013762027
164430741.0608509481 0.0013772704
164512093.9389751554 0.0013287110
164378877.5390891731 0.0013819362
174370766.1730097532 0.0014145192
164539960.4290987253 0.0013830923
164334067.3815025091 0.0013618032
164473805.3668865263 0.0013952253
164438203.3126731217 0.0014046977
164408946.9910730124 0.0013782916
174447661.6236281991 0.0013969600
164516892.9088707268 0.0013884764
175490100.1030106246 0.0014051396
164308577.7911462486 0.0013899081
164948034.6748428941 0.0013639586
164482887.4976977408 0.0013756691
164441290.2087492943 0.0013732452
164327047.8841777742 0.0013857983
174336542.7864821553 0.0014010811
164328370.0912312269 0.0013779655
175525426.2167714834 0.0014120411
164531723.3355447352 0.0013771355
164290752.1752277315 0.0013692550
174985386.8818785846 0.0013891345
164535764.8905249536 0.0013689568
164704055.4948374927 0.0013812647
164320728.5467290580 0.0013645892
164612151.3788846135 0.0013620653
164354377.6632217169 0.0013736401
164439840.0429208577 0.0013502379
164551842.0976859927 0.0013690415
164550010.1876857877 0.0013588885
164334778.8656696975 0.0013610123
175418417.8632328212 0.0013672564
164319028.6231869459 0.0013677885
164644129.9543709755 0.0013612370
164551846.0890705884 0.0013681781
164681888.4326067269 0.0013739432
164313917.3372287452 0.0013701720
164513621.7074753642 0.0013617468
164314563.8334133625 0.0013623431
164450344.2899262607 0.0013450087
164335366.1121168435 0.0013675148
164511216.5549901724 0.0013706568
164292481.9821441770 0.0013716411
164531142.0066007376 0.0013588896
164282209.4881101251 0.0013721129
164550340.7562498450 0.0013889664
164305431.0842050612 0.0013752119
164397080.4576662779 0.0013690094
164309462.9321458936 0.0013725918
164376978.1874538064 0.0013654915
164512477.1356637776 0.0013724170
164388420.2697474360 0.0013558619
164343434.7387716472 0.0013681443
164499624.5217251480 0.0013625127
164342238.5469114482 0.0013746088
164528257.7268380523 0.0013694401
164469900.4262469411 0.0013716891
164392284.5168401599 0.0013888340
164303812.3781346977 0.0013697416
175448164.5544607639 0.0013722054
164530988.7670986652 0.0013709595
164424150.0488139689 0.0013730000
164503382.0608503819 0.0013735343
164368289.8269875646 0.0013708297
164525015.9741992652 0.0013766321
164440698.2717788815 0.0013827964
175331434.6444221735 0.0013708581
164541790.2104747295 0.0013744327
164293137.6121378243 0.0013720759
164450081.5663269460 0.0013745620
164550513.2145849466 0.0013726029
164521048.7815713584 0.0013692728
164335549.5079708993 0.0013716942
164305592.6838663816 0.0013721000
164305659.9920856357 0.0013739583
164436717.9866843820 0.0013812100
164296614.5558063388 0.0013708822
164308954.1201487482 0.0013701485
164301862.4083424509 0.0013721370
164394624.3510179818 0.0013675554
164299189.8299159110 0.0013697928
164290497.0746881962 0.0013674082
164340988.8899052739 0.0013731236
164421339.6620845497 0.0013814209
164312477.8954827785 0.0013701512
164306929.4510311186 0.0013666222
164539421.2476445735 0.0013709355
164473712.0279810727 0.0013746182
164291084.8006843925 0.0013733299
175465567.8257638514 0.0013687965
164294880.5636541247 0.0013692644
164531087.7037944794 0.0013747536
164283977.1848894358 0.0013725314
175463100.5019417703 0.0013690051
164295821.3578254282 0.0013692706
164410263.5386720598 0.0013730918
164290800.3071723878 0.0013720207
175470266.4052165449 0.0013697623
164438841.7039623260 0.0013709383
164277788.0469242036 0.0013717208
164336474.7202740014 0.0013757845
164279457.4317601919 0.0013722422
164504780.6412976980 0.0013745844
164286607.5178060532 0.0013711557
164508318.2154387236 0.0013740154
164275187.6414760053 0.0013717425
164302325.6205092669 0.0013674028
164525241.8188970089 0.0013731017
164360716.3899031579 0.0013640745
164277257.6099746525 0.0013718605
164393621.3763410151 0.0013728856
164292213.1546816826 0.0013723716
164557515.9289378524 0.0013730399
164556130.8128151596 0.0013716484
164510087.2349407077 0.0013697608
164288708.7052833140 0.0013715474
164306720.7605228126 0.0013725444
164273565.4658310711 0.0013710168
164327955.0385864079 0.0013693300
164272735.4856630564 0.0013709167
164303429.6555970907 0.0013690117
164279512.8054910600 0.0013712690
164338306.5671989620 0.0013746267
164297171.0665821135 0.0013699271
164559551.3465163410 0.0013711015
164292228.5226891935 0.0013730620
164278112.5512738526 0.0013705857
164278686.7458823025 0.0013678277
164559073.9504341185 0.0013707971
164282100.3857532144 0.0013692447
164556587.5538037419 0.0013707593
164284444.7705190778 0.0013701904
164273884.1384579539 0.0013703622
164293437.5591931045 0.0013735065
164554330.2491765320 0.0013708469
164545291.5233316123 0.0013721249
164272560.2647899389 0.0013701435
164557799.7558504045 0.0013693611
164274493.5957546234 0.0013702157
164286221.1327366233 0.0013709639
164276210.8874966204 0.0013702452
164286486.5304761827 0.0013686828
164287243.2441878319 0.0013692802
164305439.4792195857 0.0013682243
164547578.6251405478 0.0013698204
164274055.2736024559 0.0013688907
164292389.0423417985 0.0013706273
164313119.1310621202 0.0013700646
164282106.5387635827 0.0013703885
164513155.6504666805 0.0013705192
164558153.7275557518 0.0013699434
164538027.9233361781 0.0013710011
164272640.7855359316 0.0013702664
164531080.9683395922 0.0013698954
164291677.7686842084 0.0013691608
164548201.0818743110 0.0013690679
164554231.4191797972 0.0013696057
164554554.7626709640 0.0013702761
164278910.5120476782 0.0013702692
164555949.8039235771 0.0013699869
164288033.3306156397 0.0013705634
164559549.2520035207 0.0013700987
164273312.0865636170 0.0013696504
164558296.8759717643 0.0013700830
164273474.2304098606 0.0013693311
164558560.1505301297 0.0013705665
164557037.4103528559 0.0013709696
164559910.0011529624 0.0013699104
164275733.5920929313 0.0013692747
164558730.5459464490 0.0013698075
164280437.7153732777 0.0013706906
164274066.4584214985 0.0013704809
164279402.0529178381 0.0013699064
164273081.8325214386 0.0013698728
164274013.6943069398 0.0013704725
164277793.3948743343 0.0013703709
164282684.8047921062 0.0013686169
164273243.2618801892 0.0013702058
164549671.9037368894 0.0013695502
164275470.9602575600 0.0013701020
164281340.7106604874 0.0013709952
164273634.7411085367 0.0013704121
164278040.1640263200 0.0013706113
164271910.6417907774 0.0013701010
164276669.2643275559 0.0013695993
164271634.3343234658 0.0013705837
164297496.8578455746 0.0013703650
164555637.9619496763 0.0013706655
164294739.5746850967 0.0013717875
164556633.2546890676 0.0013706795
164274296.7733912766 0.0013704766
164272700.5607086420 0.0013707175
164273659.3850029409 0.0013686500
164274907.7625506818 0.0013707091
164555594.8054678440 0.0013704979
164556914.9385525286 0.0013705501
164557870.3614849150 0.0013713083
164276391.8184057772 0.0013706065
164280792.8887905777 0.0013702176
164553765.3221277297 0.0013705832
164284606.9036504030 0.0013708757
164551380.1366071105 0.0013707233
164557706.2868026495 0.0013706462
164277877.1000951231 0.0013700206
164558793.0241201520 0.0013706210
164275762.7375375628 0.0013708459
164271417.2888359427 0.0013704510
164272984.5047140419 0.0013706275
164558845.1345940530 0.0013705664
164556962.1749617457 0.0013704985
164271316.0153335929 0.0013703433
164272519.6035204828 0.0013699380
164558162.7069313228 0.0013704272
164556146.4019946754 0.0013702618
164555369.7369799018 0.0013703594
164280516.6191304624 0.0013696234
164271883.2120237947 0.0013704179
164275198.5629760623 0.0013703793
164272864.2837963998 0.0013703909
164558912.6914131343 0.0013703052
164557825.3542960286 0.0013703648
164272864.9189057648 0.0013702997
164277689.8330501914 0.0013706644
164558686.6133356392 0.0013703287
164557283.0338810682 0.0013703549
164559005.0833638906 0.0013704179
164274734.3563613594 0.0013704392
164559011.7456313968 0.0013703419
164553285.1650012434 0.0013702440
164558861.6066111326 0.0013703549
164278187.1044262052 0.0013698037
164271504.1002488434 0.0013703097
164276392.4623533487 0.0013703945
164271820.7075309753 0.0013703186
164271664.9117318690 0.0013702173
164558366.1775017977 0.0013703026
164271564.8192147315 0.0013706227
164271684.4594514668 0.0013702736
164557935.3729813099 0.0013701872
164558513.7149979174 0.0013703926
164273049.6086446941 0.0013703819
164271519.1491653919 0.0013703704
164555551.0685535967 0.0013705054
164271765.1819709241 0.0013703573
164272725.3065510392 0.0013701320
164272094.0271551609 0.0013703085
164272392.0995444357 0.0013702368
164271639.7239385545 0.0013703881
164274619.1245786846 0.0013703423
164558405.1711758673 0.0013702879
164272823.9253602326 0.0013702496
164271660.6894881725 0.0013703882
164274784.0877064764 0.0013703844
164558654.6338468194 0.0013704196
164272120.5173520148 0.0013700053
164272157.5418080688 0.0013703808
164271473.6631029248 0.0013703614
164272045.7546766102 0.0013702635
164555837.6270384490 0.0013704499
164272157.5022074878 0.0013703130
164274479.5933316648 0.0013705053
164271526.6736612320 0.0013704059
164557916.1284148097 0.0013702040
164271736.5386294723 0.0013702943
164274580.7936004400 0.0013706542
164271782.4990922809 0.0013703650
164274461.8286959827 0.0013706517
164271844.1510029733 0.0013703872
164274378.3349250555 0.0013706491
164272023.5817459524 0.0013702929
164274354.0706761777 0.0013706576
164556927.1287593544 0.0013703165
164275910.8043468595 0.0013706317
164272008.9299892783 0.0013702807
164557251.0707663298 0.0013705032
164271383.9850105643 0.0013704029
164273974.4573780596 0.0013703014
164271369.0557251275 0.0013702813
164273586.9769000113 0.0013701807
97236645.0000000000 0.0013701807 0 0 0 0 0 0 0 0 0 0 0 0 0 1 0 0 