452431065.6948790550 0.0000009890
423037853.8966024518 0.0000003415
426680278.6408376098 0.0000000584
459599066.7128364444 0.0000000015
440716239.8096238971 0.0000000969
519668694.2830652595 0.0000000164
450658250.0184056759 0.0000000007
426998369.1927841306 0.0000012535
425006395.9570001960 0.0000000025
474591816.4911578298 0.0000000007
496359988.2507965565 0.0000004952
405626628.2344795465 0.0000000479
466106280.0954656601 0.0000000568
402764814.9363253713 0.0000004368
408731685.1969984770 0.0000018952
421418056.0621350408 0.0001935371
461385378.6674479842 0.0000006503
363201418.7096443772 0.0000005469
334752233.6734403372 0.0000007400
351661438.7909523249 0.0000034095
324520506.5644504428 0.0000063798
319753142.4637643695 0.0000073057
337549247.9560956359 0.0000011308
323154262.3455093503 0.0000094971
314851294.3904159069 0.0000077632
423284585.2555416822 0.0000010151
408702446.3483866453 0.0000018122
360305009.5347600579 0.0000016359
356101511.8848543763 0.0000002304
327738355.3021531701 0.0000009030
327814150.7753284574 0.0034397509
243740603.9679231942 0.0002140886
227182113.3414258063 0.0007436765
228502564.4901870787 0.0006826519
248834173.4575234354 0.0004283369
233081937.6444723606 0.0007444090
251096346.3666197658 0.0011076859
213921825.1460067034 0.0010995032
262734995.1176503599 0.0004505200
216502887.9783740640 0.0008934097
237447909.1899723709 0.0009969776
221212778.8909255266 0.0009029561
266445869.0492461920 0.0010249078
211842832.7495970130 0.0009670727
211188553.9991425574 0.0079448533
218259402.2936433554 0.0080634253
222913648.4044534564 0.0099031683
220119399.6066762805 0.0070787610
225785026.4802060425 0.0068278550
214951378.9721817076 0.0071540162
210649700.0561102629 0.0113135108
208093773.8626733422 0.0110590406
213015954.3901836276 0.0003362639
197271191.9252442420 0.0113698176
229412176.9926841855 0.0062005310
207828020.0328488350 0.0104887524
207525426.9941814840 0.0062357242
214597650.8628467023 0.0053850614
221119675.8169270158 0.0053060784
196711071.6940146387 0.0151606383
216906832.1953705251 0.0090254492
195553867.5988429189 0.0167739372
217758653.7293158770 0.0125509690
194449234.7980074286 0.0158510893
178827331.7476236224 0.0304754398
181194595.6442453563 0.0281754704
182667786.8357176781 0.0287252189
185700571.9731063843 0.0302371534
210735453.6551927030 0.0135618264
199107167.8730528653 0.0233799004
183329642.1138681769 0.0641648036
200700177.5957193077 0.0360875197
191975048.4796038568 0.0297491613
196346907.3040191233 0.0339510282
198957455.5787611008 0.0037182928
187569849.0107684731 0.0366311388
220381611.7770139277 0.0047091065
195637556.7501132786 0.0253149439
209323203.7447744608 0.0154594419
182734656.4406310022 0.0315492887
194934520.2131716609 0.0383747448
199845322.5086144805 0.0251342683
212682340.1458698213 0.0049160836
180336307.5408599079 0.0297428953
175781590.4885324240 0.0410015862
188374755.6659500897 0.0443044619
177658553.1650530994 0.0456996890
171656793.7703566551 0.0418580880
224520766.2675530314 0.0456869578
172568239.8243494332 0.0326784177
161565079.3944935799 0.0922179963
166245445.9409103990 0.1072939565
204203168.7559977174 0.0500359511
160701391.3439272940 0.0862830221
227933167.1216709614 0.0344486565
172840988.7719238698 0.0686791779
251571572.0135957599 0.0238335443
160913730.6635239720 0.0854641217
168138111.7344255149 0.0128691680
161901423.2174903750 0.0720092295
180951004.5994952917 0.0488320815
169221361.4105390608 0.0695818810
168306088.7107954025 0.0826855638
167055833.1564488709 0.0763494054
142829873.9432874322 0.1088695692
162106191.6581523120 0.0847855020
140596263.2572571635 0.1680654351
126215906.0695524812 0.1751506192
148778333.8731045127 0.1064667600
146053778.9599072039 0.1748371383
156176115.4754719436 0.0616086168
126488641.7958655953 0.1756101646
142478382.6916979551 0.1501661439
129112000.0711613894 0.1800522873
136868651.3528516889 0.1934811982
127444142.3302088380 0.1418324132
182220453.8037340641 0.0332154095
127960137.0104397237 0.1466858016
177039521.1838654280 0.1063149882
133009181.7030716240 0.1507718979
159522248.7926051319 0.0911830469
147601766.1710445583 0.1683762369
192919810.4137946069 0.0890266390
148251418.9776749909 0.1717474073
151799628.6960037053 0.1006416803
145516864.9272398055 0.1734983965
140330524.2520469725 0.0840487876
135199169.6121923327 0.1418253823
141796418.7966541350 0.1234354279
133082329.5641757846 0.1375880018
165325680.8556342423 0.1057768161
130472692.9683263153 0.1823748089
155167163.4178892374 0.0800948980
144878436.9314344227 0.2078459193
146085733.7032875121 0.1707082814
133323642.6525294632 0.1119554588
160799990.1546442807 0.0382216901
141800612.3243910372 0.1706402107
149241839.5162140429 0.0813211743
128055701.7935182303 0.1419509846
160184548.6811702549 0.0947193898
149441755.0136741996 0.1747795150
147547106.5908114016 0.0895391945
133798788.4467337430 0.1575605403
145236024.7297230363 0.1304750109
145381431.6966888607 0.0982468193
149989318.8925824165 0.1274801875
131689273.7232722640 0.1844639990
146738605.9865887165 0.1033380990
149699532.3804551065 0.1749809469
175518303.4452966452 0.0285901709
136290528.0379929543 0.1373578695
134076621.7409762442 0.1157411137
139248960.8548403680 0.1631912791
197783667.6559855342 0.0496926306
127113998.5182621628 0.1390065606
173367837.1017042398 0.0353909116
139098729.4575710893 0.1668978053
169011355.9178805947 0.0325749645
131343645.2357000113 0.1339302300
161374189.9385820031 0.0539643506
130119040.2036196738 0.1524892168
171861084.0694764853 0.0335021852
148098275.5637104213 0.0914034410
131826976.1018421203 0.1502394796
145337586.4601227641 0.1735116091
143961924.0747972131 0.1631288894
140650111.5701735914 0.1647222809
142770438.6359593570 0.2040130371
148488499.9440413713 0.1744440458
147919119.5813452601 0.1647219299
145415062.8301694393 0.1713782276
128866237.4833533168 0.1471576059
127251396.7461246252 0.1768964669
149180115.9821238816 0.1746540714
144808279.1842039526 0.1727107152
133680863.7679913044 0.1506801900
144645707.8453159928 0.1688713203
145819732.0679356754 0.1744700441
146778885.8177661300 0.1726241213
131183995.6714405715 0.1542662273
145135619.1690780222 0.1681370882
139486852.9884736836 0.1643336257
146358827.2425234616 0.1703425310
130456369.3412341177 0.1823475342
143504202.6661196053 0.1649023545
139657753.9446804821 0.1650629852
141109291.7047237754 0.1644849766
143844429.3055120409 0.2059609953
133904206.3493646830 0.1882953409
129917291.6110192984 0.1814253852
126156892.9083596170 0.1750513909
141127846.0784263015 0.1662307604
146134017.5679786503 0.1732783084
132770998.2403519899 0.1863309901
126873895.3534094393 0.1762591440
131256877.5469468832 0.1598029258
144604381.9681888521 0.1680671914
130611319.0690887421 0.1404992075
143289236.7527544200 0.1707242136
138997381.0929277837 0.1675158452
145846592.0416078866 0.1743507283
128531431.3345427066 0.1790652744
147813108.2431854010 0.1733795651
132824261.9071207792 0.1561442315
140300055.0543737113 0.1623580908
129405374.5398962945 0.1805522844
147183268.3664699495 0.1741043306
130377141.4246593416 0.1409566347
142412993.8683085442 0.1672652406
130576567.7767114788 0.1442780701
147571510.2721083462 0.1716820060
133215088.5997402966 0.1525908179
138886149.8386903703 0.1633172941
126365694.5075124055 0.1754023087
128893440.0124748945 0.1796801764
139195094.9910945594 0.1676617890
131673281.6260777712 0.1844370794
131799187.7013802826 0.1387923713
137458236.6283232272 0.1617600528
134899788.7892366350 0.1900296288
127987017.8097570240 0.1255843968
135662447.0440351665 0.1913628622
127086585.0189756155 0.1766181668
126625550.2420939207 0.1758404367
146543476.7659493387 0.1731976827
147104057.9203074872 0.1748784654
144564349.1074919105 0.1693338167
145600435.3596567810 0.1728255051
127741158.5443253964 0.1777249341
126509745.9119390994 0.1756452833
144603672.3812319338 0.1725956849
145600734.6408348382 0.1729854394
127352813.4062162340 0.1770680506
146165581.7739453018 0.1732373817
127112535.8652324677 0.1766620245
146764058.8808676004 0.1745989887
130367670.9933633655 0.1821960367
126184675.1178553402 0.1750981134
146620994.3349938095 0.1742695946
126741999.2493244559 0.1760367714
126157206.3360898197 0.1750519325
146672234.7276275456 0.1748859964
134827772.5642055869 0.1899036895
146532284.1266863346 0.1739043457
146697733.1463194489 0.1744401423
126460407.7529473454 0.1755622332
127096527.8337087184 0.1766349246
145642257.8286859691 0.1733054647
132181495.8135498315 0.1853126469
127167445.6560546607 0.1767547000
142879973.0921785831 0.1663071101
127483169.2422416061 0.1772883459
130401054.5376409143 0.1822529485
146743261.9088158309 0.1745183203
144205224.4077782035 0.1716723526
126924392.5802262276 0.1763443723
146619455.1443746090 0.1736053898
147464007.9105651677 0.1746557981
145072062.5361704230 0.1713338639
146837419.4615182281 0.1738208990
128123789.9338096976 0.1783733729
145590795.5909557045 0.1726592024
127286866.6240562052 0.1769565528
126283842.9681364447 0.1752649705
127695244.3563190252 0.1776473191
145947175.7832292616 0.1735000930
126918522.9390258044 0.1763344905
143911003.4069193900 0.1704407808
127800743.3306440860 0.1778257515
147076007.6659294963 0.1749369284
126498799.5968044847 0.1756269097
126133124.4689109474 0.1750114010
146754357.4092022777 0.1743556899
146976415.9932260215 0.1747683789
126658701.9684609324 0.1758963648
126201414.0947807282 0.1751262855
126315147.5861208439 0.1753176553
126418584.5081202537 0.1754918037
126984556.3497530371 0.1764459297
126190792.8506282419 0.1751084023
126352326.6653034389 0.1753802443
126193501.4089077711 0.1751129641
146908192.2187469304 0.1741648736
126209094.0755234808 0.1751391969
146407568.5731517076 0.1741820492
126628509.5042950064 0.1758454309
146472244.1245099604 0.1735628107
126212206.8046924919 0.1751444312
127628691.4996697158 0.1775344418
146699440.3389158845 0.1743728122
146748572.4467099011 0.1742113538
146762486.0108695030 0.1743529144
127766107.0643394887 0.1777670577
147013768.7028854489 0.1745770602
126644273.1097515374 0.1758720158
126444791.4429644048 0.1755359208
146666309.7551609874 0.1739535751
126199387.5759743303 0.1751228660
126746826.2045197189 0.1760449116
126229138.2377543449 0.1751729153
126784146.2059896439 0.1761078419
147200849.7934176922 0.1749874595
126313545.4792634547 0.1753149717
146804401.3211168349 0.1742954205
127322329.8520366848 0.1770163989
147256021.4308565259 0.1749838728
126529151.7171060145 0.1756780678
126268094.6428388804 0.1752384731
146606597.3157235682 0.1739351559
147067419.6353093982 0.1747441982
126143875.1878338605 0.1750294829
126405219.3109378517 0.1754693162
147159023.0583689809 0.1749426285
147271310.4148096442 0.1749692849
147228805.3711049557 0.1749750833
126911897.3631582111 0.1763233076
126157327.6099972427 0.1750521113
126389446.4885261059 0.1754427359
147180745.1107906103 0.1749890740
147272679.5670293868 0.1749899887
126333880.3743574023 0.1753491857
126193089.9707067162 0.1751122802
126290982.8170340955 0.1752769865
147030892.5010133088 0.1747217639
146953647.5124046803 0.1746129809
126487502.5296295136 0.1756078423
126176320.5997276455 0.1750840590
146266602.0487282276 0.1737969230
126139776.4038969129 0.1750225885
126302255.4231369495 0.1752959453
147149125.9858552516 0.1748358722
126445841.2680899948 0.1755377038
126134840.5890699327 0.1750142860
147171454.2473187447 0.1747245927
126137292.5615081340 0.1750184081
126285860.1149707139 0.1752683641
126127549.3933538795 0.1750020240
126810355.7236876637 0.1761519946
147190341.5772578120 0.1748899691
126985289.7127285302 0.1764471578
147139475.4324006438 0.1748356295
126369051.9845657647 0.1754084033
147222000.8501012623 0.1749548972
147074435.2152607143 0.1747106652
147243210.9837878346 0.1749940734
147053506.0536156595 0.1747046363
126272895.3545487523 0.1752465466
126225296.3351123184 0.1751664486
126156044.8486772478 0.1750499522
126547418.9917763323 0.1757087933
147288026.2508528829 0.1749915949
147137177.1221022308 0.1748832670
126481486.1043416113 0.1755977144
147187283.4914406836 0.1748838504
126130750.9578826278 0.1750074205
126152390.1068542749 0.1750438020
126170636.3874839544 0.1750745090
126168298.0394797623 0.1750705593
146858579.6435936689 0.1744644760
126231026.5985416323 0.1751760945
126143956.9405972362 0.1750296197
126211027.8720239550 0.1751424472
147195810.5867385864 0.1749390424
126275741.5247292370 0.1752513395
126130979.9934183210 0.1750077937
147226567.0342712104 0.1749596474
126126624.9198401272 0.1750004676
147172136.6469224393 0.1748716049
147207460.8445360363 0.1749583923
147234455.9883930087 0.1749826839
126135518.3139341027 0.1750154245
147163170.6176265180 0.1748670100
126130522.2956810296 0.1750070224
147078305.4098049104 0.1747258715
126166875.5003987104 0.1750681688
126220130.6365955621 0.1751577603
147248773.8359116018 0.1749840700
126139597.6546253413 0.1750222875
126141058.8743498623 0.1750247442
126376709.0060009360 0.1754212855
126147710.3321190625 0.1750359300
126342039.2904227823 0.1753629168
147234717.3323472142 0.1749713334
126207928.9939361662 0.1751372298
147205407.6474981904 0.1749346138
126176354.7088134140 0.1750841202
147232398.0725837648 0.1749817836
126217463.4942539334 0.1751532784
147239105.2361249030 0.1749947504
126139800.5733464211 0.1750226257
147232224.7819490135 0.1749857627
126305764.2109208256 0.1753018576
147223054.5196682513 0.1749852835
147129558.1987363100 0.1748832557
147237701.8489153683 0.1749753798
126217881.3269004226 0.1751539743
126155308.5730550587 0.1750487105
126204800.2041331977 0.1751319630
126135390.8047905266 0.1750152101
126139104.6710453331 0.1750214582
147226868.0281882584 0.1749844237
126131518.1978596151 0.1750086986
126139886.0088376999 0.1750227714
126150409.5869257450 0.1750404726
147196233.7720399499 0.1749158538
126224735.2063207626 0.1751655092
147116549.9097587764 0.1747704298
147207966.9977155626 0.1749765532
126130584.5409004688 0.1750071264
126156787.8633225709 0.1750512007
126126560.9228208214 0.1750003599
126144182.7317709327 0.1750299965
147215876.7180326581 0.1749638206
126196082.2759162039 0.1751172989
126150915.6497521102 0.1750413229
147232061.4712662399 0.1749848974
126131577.8091257513 0.1750087982
126138468.3357337415 0.1750203869
126170279.3334783912 0.1750738940
147232313.5470819771 0.1749834324
126149312.5541023612 0.1750386268
126126168.0034710467 0.1749996991
126143570.4679864347 0.1750289691
126129600.0793253630 0.1750054711
147193676.0719416142 0.1749279738
126125985.8272223026 0.1749993920
126175577.8294331282 0.1750828055
126132399.7044723630 0.1750101791
126129342.5061188340 0.1750050372
126130234.9307637513 0.1750065386
126170676.5310600400 0.1750745628
147238783.7666162252 0.1749923930
126145288.2735383213 0.1750318557
126135883.8335497975 0.1750160394
126126269.8734967411 0.1749998693
147244738.0247474015 0.1749972401
126176095.7796483338 0.1750836774
147240806.4410557747 0.1749956228
126154601.3083762974 0.1750475220
126125459.9196042269 0.1749985074
126139092.3642320782 0.1750214346
126126587.1179263741 0.1750004031
147210852.7938076854 0.1749512145
147243045.8989603817 0.1749923607
126201754.2158575505 0.1751268419
147241212.7307698429 0.1749924765
126147038.6942067891 0.1750348003
126125882.1622248739 0.1749992173
126130618.2775597423 0.1750071842
126134902.8155418932 0.1750143887
126140964.3748821020 0.1750245832
147241319.5764291286 0.1749863289
147243732.0806524456 0.1749967285
147247568.2453252077 0.1749958041
147243754.4753248394 0.1749970634
126129853.6376866996 0.1750058965
126126367.1685378551 0.1750000333
147241019.6849901974 0.1749825953
147238633.9994018078 0.1749865571
147249458.1553167999 0.1749934298
147244794.1889891028 0.1749943842
126144284.5347435772 0.1750301687
147241634.1805219352 0.1749934459
126141546.3462687582 0.1750255626
126128600.7036725283 0.1750037896
126141440.2420996726 0.1750253845
126130964.8508536816 0.1750077661
147238094.3100589216 0.1749927888
126126423.3919868320 0.1750001278
126127175.3819633275 0.1750013918
126137093.9859264791 0.1750180744
126143212.5069064498 0.1750283658
147242904.7416464686 0.1749906768
126134806.2482570857 0.1750142274
126132535.7185130864 0.1750104081
147232179.6991006732 0.1749801202
126127986.7026101053 0.1750027570
126141166.9051909298 0.1750249251
147245263.2052470744 0.1749952990
126129772.4610543996 0.1750057601
147244981.8708540201 0.1749971632
126125939.3041661978 0.1749993136
147240298.1999640465 0.1749913708
126126834.5990192890 0.1750008194
126125329.9571383297 0.1749982888
126125512.0550601780 0.1749985950
126130710.0075824708 0.1750073369
126125946.8076751828 0.1749993262
126126519.6632344276 0.1750002894
126125691.7724454701 0.1749988973
147243027.2934547067 0.1749975847
147243446.5341565609 0.1749938743
126130801.5860070288 0.1750074915
147245020.9489852190 0.1749969944
147236277.1978950202 0.1749818180
126126695.4108649939 0.1750005852
126137350.8247789890 0.1750185064
147245986.5382939577 0.1749967641
126128561.5382976979 0.1750037236
126125446.7839361876 0.1749984854
126125107.5137896091 0.1749979148
147241760.7876804471 0.1749921602
126127280.3664422780 0.1750015692
147244916.9017812014 0.1749961770
126134527.7272624373 0.1750137585
126125111.7432908565 0.1749979219
126129165.3230196685 0.1750047395
126128596.5499428511 0.1750037827
126132416.4941450208 0.1750102074
147244649.5212663710 0.1749971613
126138795.6108629107 0.1750209365
126125724.9720115662 0.1749989533
126129783.4431669563 0.1750057787
126125192.6077203453 0.1749980578
126133868.8861844987 0.1750126504
147244789.0669738948 0.1749961483
126129518.9307988882 0.1750053342
126125352.2277949452 0.1749983264
126131753.1503109336 0.1750090920
126128374.2579378784 0.1750034090
126125068.3788485527 0.1749978492
147242033.4446092844 0.1749938584
126130663.4064801782 0.1750072591
147245536.7284964919 0.1749971184
126138526.4358215630 0.1750204840
126125255.1834767908 0.1749981634
147238174.7107751071 0.1749849522
147244957.9483174384 0.1749972048
126129226.0245751739 0.1750048416
147244589.1731662452 0.1749969111
126128470.7551330626 0.1750035714
147242219.5649141669 0.1749917342
126138677.9245026261 0.1750207390
147244897.6615558863 0.1749974483
126125963.2752804458 0.1749993540
147242343.5836665630 0.1749940386
126129050.4572475106 0.1750045462
126125067.0000000000 0.1750045462 1 0 0 0 0 0 0 0 0 0 0 0 0 0 0 