975534624.3214341402 0.0003696950
945428010.5493583679 0.0001328477
955440163.5440372229 0.0000190272
931109850.4430543184 0.0009115246
967265559.9748858213 0.0001070074
933551687.6534333229 0.0000638528
1043283448.7362368107 0.0003899016
934110094.1036189795 0.0004679858
927262880.3625454903 0.0003898802
1042927388.8279958963 0.0000402861
1041145719.3270492554 0.0002523275
914766389.7197153568 0.0000546878
997000723.9412351847 0.0001133611
913049185.2815759182 0.0004981512
904079426.4183833599 0.0008141327
1015833879.4842218161 0.0004339562
955707444.9200910330 0.0002314868
801670617.7452768087 0.0015264513
803515119.0612200499 0.0006385954
797944090.0133986473 0.0008940403
804448425.2202395201 0.0000501193
771316147.7927211523 0.0008838727
827594489.7236187458 0.0000665179
772277519.7851057053 0.0000346575
762702344.8117624521 0.0005343749
870224198.0077071190 0.0000013880
846345396.2538152933 0.0000845002
901484922.1018818617 0.0000024454
797685810.3030598164 0.0001055630
754396287.1932007074 0.0001149990
889358648.8260957003 0.0000612978
704161983.2255139351 0.0035452269
777356787.9055746794 0.0018843969
708890590.9023574591 0.0034825168
767374415.4906495810 0.0001818537
709957511.8865593672 0.0031919754
761472751.6787235737 0.0006517002
694911775.2298108339 0.0046675685
785174483.3951946497 0.0023828225
686785866.3781124353 0.0070555908
811729573.1257832050 0.0035301890
696600820.8581154346 0.0062231051
883234835.3836587667 0.0032334654
682332813.1143840551 0.0073100996
631954746.8759322166 0.0079524295
632150515.4340176582 0.0078235543
676078740.8014109135 0.0062767002
624670255.3890943527 0.0082050685
661102124.7888107300 0.0061475922
625519647.6973347664 0.0082968087
753197190.6259762049 0.0000796421
624407058.8959454298 0.0082678369
612968226.6970870495 0.0034528517
635879597.3162255287 0.0010808699
591293483.7672139406 0.0033681250
588812958.2136460543 0.0049921677
592803111.2201681137 0.0125056677
585178130.2109922171 0.0069120628
609159658.3578205109 0.0016300719
622123381.7562732697 0.0056225631
599942717.8709381819 0.0176646575
591296781.5310744047 0.0074879339
573706261.0428775549 0.0105670597
554545841.1601337194 0.0161086968
476271825.4399892092 0.0425772626
484363368.4584007263 0.0378047663
437811885.9432785511 0.0597651959
437821745.3812593222 0.0591464804
522647985.6789949536 0.0207277677
436097659.5694725513 0.0557289916
459286122.9229815006 0.0614743596
444228896.2582001686 0.0515794754
551683118.8059022427 0.0241649302
421383605.2334816456 0.0647086857
429281513.0509378910 0.0261385266
432428375.8342739940 0.0612733083
600648503.7996900082 0.0256308663
405748531.9820337892 0.0699276451
561097631.0416510105 0.0238396876
417837191.0062487125 0.0632765877
490384066.3065978885 0.0332462725
456140061.9952222109 0.0591919925
446878323.7540315986 0.0551250158
396867268.9698419571 0.0722570864
481636946.6986896992 0.0400127393
384693531.5887671113 0.0814250628
388232453.4445003271 0.0681197048
414574022.3250451088 0.0660421501
337232443.4227051139 0.0989015249
334062463.9644169807 0.1007909400
410864658.4203248620 0.0638275724
343249127.7463493347 0.0925202841
353052160.0053543448 0.0967268699
368023837.1667779088 0.0867268103
423729881.9223645329 0.0538564750
325015384.1178029180 0.1254166582
459997571.1172868609 0.0463995048
332212281.3332470059 0.1124299868
389455843.4359251261 0.0911855072
323014599.8734657168 0.1452592845
432812561.5122960806 0.1024295673
312782614.9421708584 0.1250866816
330171746.8650608063 0.1030660177
325472711.5406430960 0.1236970302
364767101.2238070369 0.0020878636
313331696.0031141639 0.1240361385
400937381.8479643464 0.0614046208
308125042.7544918656 0.1257381270
367994241.6782196164 0.0870129364
310559424.6177507043 0.1107262818
302889210.7255918980 0.1153955040
262368230.7218772471 0.1240151979
360640109.3298733830 0.0408056050
262786798.8086890578 0.1197192897
304990069.0546947122 0.1363416708
297106307.9815008640 0.1130029696
385071286.4620394111 0.0473106549
296725353.1484673023 0.1167554579
350985128.7653665543 0.0684180504
299863229.0000870824 0.1190857317
286799161.4611813426 0.0481520618
298256623.1125033498 0.1167044067
341988767.9381195307 0.0718216825
258951685.1996334195 0.1478322446
310051856.8700411320 0.1477107116
298312243.3489307165 0.1326893289
294972743.5861546993 0.0996407188
263854515.9071650505 0.1335276075
348189123.5888847113 0.1516563871
256391645.1196663380 0.1427558856
392577322.9062508941 0.0731688822
298420568.2864156961 0.1402716500
330698188.8407831788 0.0826410624
259304851.0413671434 0.1320435620
352376524.3253974319 0.1049682428
256463935.1197109222 0.1449256094
338651539.8975018859 0.0982392256
258373933.9833376110 0.1357847281
297219317.2369840741 0.1544154111
262104750.3843594193 0.1369933060
327594452.5765725374 0.0849888951
263346192.1304846704 0.1191379705
273359453.1613532305 0.0008686728
302243010.0221232176 0.1345856972
292778487.3254879713 0.0612615246
289631085.4159679413 0.1157829035
299443259.9507454038 0.0621208902
294991124.5645404458 0.1338514303
361914301.6697159410 0.0515828646
261861265.3750090599 0.1384493793
297558181.0058061481 0.0780407876
293692563.9395856857 0.1336208055
299254841.2523185015 0.0900795805
248469200.7855299115 0.1508195938
352610044.4374569654 0.0372282659
248159563.7974236608 0.1485252619
307192710.8452913761 0.1206969382
254459480.2147819400 0.1399387349
310004820.9095397592 0.0649776460
250062187.0735056698 0.1368819077
336837725.3187404871 0.0435176407
256313037.7214315236 0.1457418924
334431849.6712436080 0.0727003382
254854967.5928250551 0.1452473885
324425826.2287063003 0.0573358726
258959660.3752665818 0.1301156813
305214945.0161805153 0.0705322910
256287922.6414143741 0.1476458614
315075401.6361407638 0.0590068419
255920980.6060167551 0.1347526575
320647539.4175999165 0.0520313407
260569628.0886146128 0.1357131843
311044124.3726293445 0.0942342625
291579004.5003790259 0.1500218915
288195639.1099105477 0.1048995319
287392087.3910283446 0.1402190327
363623555.1888733506 0.0775066346
283534290.3833590746 0.1407611676
285551491.4176461101 0.0979726331
383811450.4329639077 0.0963974488
257235331.2525039017 0.1273895958
249622715.5779692531 0.1539626760
283987636.3856981993 0.0866122272
290585825.6861975789 0.1450871933
260197363.9816852510 0.1223228688
249844294.8618701100 0.1481639350
263844388.4596500099 0.1054427079
251543583.2353909314 0.1525976878
239702770.0091568828 0.1925350516
235835021.0291758776 0.2188707100
280838349.5355046391 0.1838166459
233969718.2847766280 0.2237278338
279742475.6527633667 0.3475818407
231783691.0301301181 0.2260641528
262234673.9400209188 0.1765316768
234831410.8260826766 0.2156563513
280484488.2935660481 0.2181129745
231822436.3387964368 0.2304454070
268457041.9454075098 0.1869185325
238633551.5885644257 0.2276413509
233383962.8737038076 0.2168847517
279060466.5187455416 0.2203554671
221232090.2339051664 0.2143291357
220773327.8794083893 0.2075467859
229746081.1731523573 0.1593292967
218803790.0952219367 0.2120840153
231754787.7164973319 0.1400608424
220791421.1950523555 0.2107321090
231089187.4032504261 0.2135604013
220068590.1500872374 0.2129476093
273707452.2389642000 0.1617712223
220759294.9716093838 0.2056604534
279341216.5984303951 0.1587118043
217234678.2091831863 0.2210344001
235187657.2765265405 0.1740443577
218002533.1810469925 0.2177597584
226136146.8384265006 0.1584096666
218862365.0038474202 0.2114940739
226537659.4902089834 0.1302267055
214585324.6752237082 0.2286518230
232171241.4031124413 0.1740508428
214605576.8057564497 0.1980731105
217641278.8010237813 0.1770011657
218582396.7136690915 0.2179091012
239491141.8025361001 0.2275478241
215371779.0827081203 0.2280147228
241282231.5179657340 0.1645800160
215896660.0868550539 0.2294216726
205819128.9370142221 0.4051548100
203968800.8051834106 0.4182299966
213252561.2692330480 0.3945123942
204165096.9518990815 0.4169153204
261017687.2278631926 0.4481740410
206599156.5059912205 0.4422418167
214317756.8622162640 0.4177822069
207119234.7707332671 0.3994454848
249782986.4321266413 0.3440843971
206830540.1563950479 0.4094968685
283046275.4348272681 0.3372583906
204372575.7936470509 0.4223907187
260323399.7661834657 0.3824388455
209774288.4842181206 0.3909334024
229469028.4491093159 0.3563808550
210951834.2649329603 0.3908636033
205080592.1056538522 0.4070820540
209023498.1464644074 0.3838435917
205611789.0807275474 0.4239610993
207903401.6324231625 0.3618267320
204566806.8942919374 0.4243083624
206162873.4459142089 0.4385161247
204391336.9213064611 0.4087950671
208107354.6873367727 0.3972979360
203994217.8602279425 0.4225249631
207831979.0909075737 0.4157826332
203616529.9060909152 0.4185944444
209596884.7881329358 0.3590716166
204770444.9310493469 0.4135984163
212802474.5641205609 0.3896918961
204005029.4268314838 0.4153976997
206659433.9680131376 0.3825370143
203716980.2554377317 0.4254722345
204740250.1594094634 0.3982474556
203796868.6220355928 0.4133244667
208658515.4268930554 0.3949535124
204381542.8969986439 0.4132327670
206346835.7686713338 0.4121213298
205513048.3274483085 0.4228687563
210020968.7419801652 0.3991693876
204363345.5918582380 0.4068458599
211687945.8076077402 0.4103358999
203717648.6003240645 0.4259704804
204471496.9312586486 0.4229021947
204688269.8392947018 0.3946236679
207338514.5841495693 0.4678883723
203908595.4806686938 0.4208725998
205299492.5302368104 0.4235572119
203985591.9149333239 0.4138116370
203726305.1944042742 0.4439437201
204785269.0137942731 0.4176016318
211299482.6620889604 0.4082661539
203495395.5066291988 0.4214624252
203662982.3309633732 0.4418111390
206002223.7055138052 0.4112966723
204430046.9941968024 0.4156730723
203733905.4252340198 0.4227245712
204843744.8969953954 0.3673304743
204721998.0978454649 0.4266179940
206034794.8695788085 0.3906854927
203739465.6424411535 0.4178893976
206378755.2399367690 0.4239990994
204109411.9214040339 0.4315095261
205490985.2926145792 0.3982402639
202983306.1465024948 0.4431338522
208303839.9827503562 0.4945777209
204952083.7652252913 0.4223428230
202813254.9669633210 0.4710331292
203205310.4697898626 0.4720014048
206830848.4856435061 0.4405564845
202580791.3882443309 0.4721168926
205117928.6629377007 0.4453889299
201399112.1947208345 0.4829214723
205644773.7217230797 0.5079673755
201577174.5633596480 0.4750528461
205229875.6533569992 0.5029924791
201393278.4266988039 0.4772836766
202049418.1210367084 0.5158602017
202310668.9008709490 0.4720827707
207102761.1444630027 0.4726926796
202713453.2553181052 0.4782479938
205976674.2857384980 0.4636527495
201358231.9604190886 0.4766219760
201900211.3297201991 0.4823546561
202247025.9053928852 0.4851185664
204315635.1773329079 0.4816582902
201812100.1602613926 0.4763615448
217663504.8679490089 0.4192420856
202342227.6832568049 0.4885776905
206127781.7151426077 0.4477540507
202541296.4284519851 0.4700484027
206347881.2190910578 0.5001670789
201848632.3263984919 0.4789860559
205609585.7140738070 0.4523648441
202138754.3940090239 0.4703010920
205634348.5598284006 0.4541361515
203599508.5122317076 0.4624352837
201805283.2337163687 0.4730931573
200826041.0298772454 0.4945082265
200829795.1903830171 0.5019356342
203627343.5685470700 0.4778165002
200825990.9857244492 0.4928031214
203633690.4425665140 0.4531664932
202665129.5517609417 0.4975807318
202524026.9816239178 0.5119293532
201099230.1793816090 0.4951146456
200918990.4586057067 0.4961815678
201144371.2885129750 0.4895537438
202793410.0792655051 0.4944583389
201421749.1350660622 0.4882184801
201767321.2848306596 0.4938662594
200714970.8457556665 0.5064186916
201663375.2370921075 0.5095149359
202892445.5446748435 0.5027799677
207127250.8474794924 0.5000782660
200848200.6629849076 0.5036312701
203101610.9046031535 0.5064190428
200245992.4524936378 0.5094958198
199988357.7935184836 0.5183565878
200258384.9518716335 0.5177662678
199915956.0691594779 0.5343731414
199969032.2069955170 0.5338399966
200528270.1538549364 0.5217323494
199336766.0628696382 0.5375161923
199008267.8387674987 0.5532969152
199615906.8143523335 0.5552715700
198391079.3735741079 0.5613055232
198561421.5570118725 0.5576126778
200210460.8468024135 0.5217191080
198430834.3423375189 0.5617492365
197676902.8126393855 0.5711099770
197677422.2583082020 0.5728897814
201216706.3398910761 0.5520581367
197827134.6355279684 0.5661371045
201652745.5492925644 0.5559543223
197462610.1062554717 0.5715847986
199147981.7817175984 0.5830522496
198028226.6335375011 0.5704287832
198909021.7014807761 0.5726909646
197489073.9723158181 0.5721029873
200126621.9320310354 0.5806387357
197218226.9855182171 0.5814266172
199481177.3788902462 0.5804713634
197332380.2177735567 0.5927436565
196589256.7822628617 0.5934036786
198367677.5058970749 0.5941122161
202193061.9011984169 0.5607261542
197273884.2009314299 0.5973973022
198414710.5678429008 0.5782007371
196976708.6264359653 0.5940566194
197916142.0742024183 0.5884520001
198846541.7504096329 0.5950224001
197931507.6767092943 0.5912239925
196530804.8353940547 0.6005677585
196729628.8549782336 0.6100928838
196717614.7010762393 0.5939207414
197757388.0600627959 0.6003208372
196853413.4677078724 0.5897978679
197157977.1290507615 0.5983348828
195791043.3435135782 0.6019568411
197567410.3380377889 0.5921417097
195583829.8530287743 0.6132708198
197138878.7115809023 0.6027004409
195552294.1418036819 0.6103417810
195506626.2471521497 0.6143687842
196105771.5070264935 0.6106889517
197056613.9748012125 0.6266805148
195395585.2464747131 0.6145351508
195855074.9061892033 0.6409099737
195685470.4907158911 0.6165662980
195517189.1591289341 0.6180179130
195534283.0123855472 0.6158814479
197252238.5901298821 0.6331556819
195522758.1010800302 0.6118505722
193525006.4022635520 0.6320626779
193518343.4684629142 0.6326656692
195312652.8271481097 0.6242395739
193912814.5889086127 0.6320337991
194463196.3450136781 0.6245283797
193629883.7287956178 0.6337123480
194022373.7978112102 0.6354855059
193496211.3037305176 0.6337621154
195647157.2145165503 0.6053096366
193892265.6402844489 0.6280773592
193969572.7899235189 0.6242539232
193967550.5904211104 0.6236209615
194309061.8035913706 0.6316727917
193640334.0985680521 0.6312919773
194277577.6390502751 0.6323506271
193599523.9137581587 0.6362516703
196472809.4017130136 0.6326712541
193544283.8522950113 0.6357304816
193955876.2993696034 0.6321429312
194227389.0340088606 0.6309769548
193928466.7344170511 0.6451570078
193705182.0032163262 0.6349231807
193654404.5062569380 0.6371755938
194105230.8358977139 0.6370045183
193454936.5606152415 0.6375031466
193367325.5802971423 0.6415760859
195341826.8050028086 0.6223748529
193501891.9775442481 0.6382316289
193176098.3158931136 0.6589747503
193038476.8522595763 0.6612057438
194737801.4908479452 0.6532942511
193022851.7411300838 0.6617189458
193468159.1915270090 0.6816588712
193832228.9332011342 0.6656195531
192869586.7601957619 0.6581136071
192675598.8741075993 0.6542504331
192556260.2413669527 0.6743261411
194064366.3385138810 0.6722418179
193752545.3273569643 0.6679964696
193575003.2106534839 0.6730970174
193524805.0819644928 0.6547906777
193769684.6817764938 0.6715102930
192946312.8582170606 0.6752416851
192247879.6643292308 0.6729280715
193954951.4016487598 0.6651997393
192448096.4246276617 0.6754117039
192264033.6549910307 0.6819989329
192129461.7816926539 0.6780891927
194544509.0518617034 0.6572169424
191958709.2591696084 0.6730842862
194514933.2258177400 0.6641415332
192469099.0146022439 0.6710455360
194961449.1043803692 0.6401694249
192050137.0984500051 0.6782772183
194024002.9743290842 0.6654011275
192141462.7851876616 0.6714140909
191952582.7665691078 0.6794603492
192320863.4319221377 0.6820110500
193058595.5769394040 0.6834514818
191832187.1225440502 0.6799445047
191235976.0098273456 0.7074278754
190805502.5860018730 0.7088036328
199851107.7718296349 0.7022809727
190845987.4480668008 0.7142414651
190519651.6979164481 0.7101927386
191099746.7700096667 0.7092188834
190893713.9331682622 0.7410557391
191537659.4618358016 0.7094851212
190727227.3828777075 0.7116784242
190813208.4683646262 0.7098774330
193167931.2840819061 0.6886475022
190718480.6107833385 0.7093237810
190990625.4608450234 0.7053355672
190716267.0596908927 0.7050405939
192317238.1973477602 0.7085964315
190679784.5724090040 0.7083131886
191197491.4254052341 0.7037893407
190954375.2929071486 0.7064113408
190989800.1427407563 0.7187710691
190738106.0332238674 0.7084464502
191168175.3226793408 0.7177589560
190840039.2881530821 0.7115129108
192983822.9895322025 0.6797574350
190410562.2913394868 0.7155714025
190108568.3101765513 0.7225600303
191509946.2715586424 0.7171179796
189929116.7584627271 0.7209222002
190351179.8017351627 0.7231633188
191202454.3676589131 0.7162409635
190862208.5162953734 0.7179100753
191858974.5129849613 0.7126906536
190333151.7031559646 0.7173404798
191381872.2196538448 0.7088238695
190268558.4561013877 0.7231464396
189655312.0107925236 0.7343811445
189613989.3533528447 0.7353076299
189000933.7198578417 0.7560248118
189020745.7226982713 0.7535828698
189890484.3718810678 0.7515803827
189735999.4569869936 0.7542198776
191041977.3030383587 0.7343179432
189235401.8061831594 0.7511881418
190863080.9352424145 0.7771249297
189738699.1924526393 0.7555623377
191958322.4654079676 0.8014342390
188790507.5579459667 0.7564932235
191894591.1454123557 0.7451535016
188812802.1110113263 0.7566568341
190513787.2116737962 0.7346161404
189319090.7999679148 0.7518211508
192206490.7128430605 0.7441340231
188745898.5960651934 0.7568543325
190574389.7033913434 0.7413265104
188692688.4180497825 0.7557443407
190951533.8572803140 0.7360757659
188997552.7373384237 0.7558450193
191197111.5641294718 0.7439130240
188907714.1390349567 0.7532444850
189805623.4031290114 0.7407806529
188935744.4808119833 0.7528954055
189678702.6204474568 0.7337638042
188727036.9996228218 0.7551745879
190732823.7909596860 0.7506000792
188922069.5926768482 0.7533364370
191300763.9926827550 0.7541089974
189245079.6103147566 0.7524282953
188550312.5081838965 0.7616100069
188532630.0019292533 0.7609304153
191057297.9003782272 0.7393805976
188672034.8847579658 0.7604630416
189368014.6461828649 0.7483318172
188579541.8096352816 0.7585699043
189093973.0478015244 0.7455455284
189537107.5816974640 0.7697879480
190090665.5929309428 0.7488834070
188999473.0290512145 0.7639355101
189452594.2182145417 0.7673347714
188645780.2570007443 0.7618575359
190350342.4925978482 0.7397945125
188901694.7959784865 0.7532677473
194222474.7164829969 0.8013521800
188738103.6344341338 0.7602922909
192051178.2621779144 0.7374212678
188544592.8745679557 0.7602068980
190649762.9942215681 0.7541840144
188403724.4712008536 0.7673802973
190384714.0316147804 0.7566248732
188431506.4010028839 0.7648607151
188580997.7624323070 0.7640187300
188232865.2797711194 0.7690718112
189902792.6840578020 0.7603880818
188437863.0841370523 0.7680658389
192064441.6335645616 0.7465100120
188302548.9624828994 0.7691144846
189537673.6718993485 0.7486667530
189086752.5862723589 0.7661134262
191697999.0471464097 0.7694978936
188368325.0382587910 0.7692493584
188386146.3196899891 0.7728554314
188913284.6733157635 0.7715185897
194297285.8195427954 0.8139280622
188388597.3095317781 0.7700778658
189035232.1672553420 0.7658513709
188981791.2295610607 0.7622995899
191772213.6619983315 0.7505884073
188259614.2245202661 0.7682026677
189583790.4313252866 0.7500840267
188610791.0167620182 0.7723849295
189574497.1192789376 0.7536048738
188492802.7345675826 0.7677609891
190159376.8089165688 0.7627063083
188332667.4585050642 0.7666269481
190829957.9699721634 0.7531945471
188792028.2208322287 0.7667230863
190191702.9055421054 0.7468485705
188322229.8340031803 0.7698902463
193289703.0710671544 0.8146955513
188480495.8731082976 0.7644826536
188537549.6327509284 0.7613018879
188380029.4285909534 0.7729617963
190491098.4299482405 0.7515159318
188704136.7584434152 0.7681364978
189416998.7128377855 0.7417410844
188386566.2251017392 0.7698982721
193358310.1684353948 0.8164310437
188338356.5985600948 0.7686663285
194002098.1306875050 0.8163123533
188281514.1320215464 0.7711019370
193832580.4688811600 0.8166706566
188358845.3733105659 0.7682213273
193846228.8780350089 0.8168268790
188248489.6109568775 0.7679931439
190476686.7349550426 0.7544393297
188528807.4499346018 0.7665043401
188204588.5291632414 0.7722093350
188179103.5888702571 0.7703463142
190464353.0782646239 0.7565188548
188317186.9376483858 0.7684981811
188625210.8280239105 0.7699108347
188411128.1161459982 0.7694852849
191802622.4229826033 0.7445308159
188337551.7473458648 0.7686185189
189012402.8764695525 0.7597395087
188418860.4765926301 0.7691150411
191474106.9871185422 0.7556679072
188237659.8716404140 0.7719723457
195443013.8729873300 0.8210264316
188414949.7527757585 0.7675494193
190104630.6490238905 0.7350395997
188706358.3728422225 0.7736538411
189326266.0892260969 0.7583893313
188319752.7608561218 0.7696725708
190456121.7359839380 0.7569124185
188463250.9758015573 0.7685215515
188792591.0379851460 0.7671611283
188302381.7732959688 0.7695350222
195235440.9980133474 0.8190607249
188261321.9166525006 0.7695358520
189923096.1764159203 0.7549584264
188624254.7462220192 0.7677826417
195165629.8352153897 0.8197192561
188737059.6599645317 0.7729563199
191553060.3697843254 0.7540804326
188443133.6957890093 0.7692339426
194477725.5380975008 0.8155500757
188301696.5164240599 0.7695224098
190857849.0600073040 0.7620753049
188579936.7584078014 0.7664887901
194173473.3731923997 0.8127596076
188306318.1654819250 0.7676824766
188066101.1778157055 0.7729521461
188570208.3989188373 0.7661437147
188545082.8114719391 0.7642605513
188451794.8099856079 0.7762094734
192390963.9828181267 0.7460331555
188611775.9729777873 0.7683763705
187885581.1656557620 0.7776172467
188571024.2536900342 0.7775820872
192038919.0302841365 0.7467752418
188622795.3988058269 0.7717974236
188901246.6891623139 0.7593286212
188562354.9046669006 0.7759039552
191863107.7079124749 0.8241112057
188827547.3953433931 0.7724163107
189347292.7156976759 0.7652074471
187912504.1482489109 0.7790158936
188407418.1442248523 0.7722755775
188970547.3413948715 0.7821959933
188546244.0312083960 0.7687417054
188402492.8679934144 0.7727755738
188166896.7736289501 0.7718676110
187998310.8258662224 0.7765721244
190446174.2344847322 0.8188100189
188631413.0166889131 0.7796766246
189326429.7468597293 0.7601784458
187917897.6219421625 0.7769453659
191826913.4950860441 0.7949380509
188042377.5275971293 0.7775151564
188605969.8957559466 0.7749373044
187856326.1176967323 0.7762410995
191595478.0492792130 0.7621895526
188292289.1875586510 0.7713537864
189057399.3232080936 0.7727095614
188246202.5236170888 0.7716950931
188449262.3765719533 0.7637108321
188079589.8598651290 0.7768818108
188537406.2076818645 0.7762369589
188125321.0834264457 0.7713249450
189392825.8723213673 0.7559348346
187849596.2691182196 0.7765093807
190692765.7835441530 0.7557363517
188277831.1436975598 0.7728288005
190271945.9617752135 0.7644585990
188158651.7851368785 0.7730391461
190273278.2326568961 0.7535798190
188591957.7698705792 0.7798112664
188131651.6673423648 0.7737922986
188014552.3552242815 0.7749285422
188089294.5132492185 0.7769553763
187927401.9157926738 0.7775589420
188163005.9306919575 0.7734876645
188094758.2458581626 0.7748043542
188881603.2097996473 0.7780676863
188235072.3366189003 0.7748548779
188769253.4761725068 0.7809351179
188136983.0901720524 0.7757284656
190303621.8741833270 0.7597711652
188028569.5849856734 0.7762425057
189538422.7730580270 0.7600119916
187758633.8423853815 0.7815625604
190939016.5321958959 0.7643740065
190543722.4701663852 0.7744333363
188489501.0829779208 0.7779258358
188696433.3746815026 0.7783460851
189128483.3734959960 0.7752611404
188611711.5293758214 0.7806841416
187857868.5909326375 0.7813219638
188486927.7520882189 0.7801605007
188249079.8151091933 0.7743937210
188510601.4840877950 0.7804682257
189591286.1971604228 0.7960581873
187985424.1479223967 0.7811788087
188426473.2216135859 0.7745103358
187842063.2312442064 0.7834723632
187670875.5942669213 0.7849963829
188076685.9791349471 0.7853969286
188398100.4283725619 0.7768260840
187856331.5746093094 0.7850135316
188570740.5059242249 0.8060742934
187935290.8224343061 0.7828748449
188951911.7403082550 0.7809019971
188098719.7170487940 0.7833801673
187492903.9380645156 0.7862201514
187682497.3162581027 0.7857024161
187883813.9496592581 0.7840007939
187497749.5802903175 0.7867187338
188494012.7332118750 0.7839083747
187745808.5619704425 0.7871560979
189906124.4932119846 0.7997943405
187504228.1660766900 0.7861907785
187838345.3765651882 0.7820961265
187540652.0388863683 0.7879093079
187848906.7525078058 0.7790152451
187785612.6901507974 0.7840422381
188408258.6504102051 0.7797858121
187572373.4336217642 0.7858516085
188510172.4171550274 0.7734610767
187682523.3523208201 0.7853287111
188287457.1196077168 0.7782182067
187519437.7664523721 0.7862371282
188555107.1831203997 0.7754416973
187580112.0646905601 0.7858356833
188547883.1603153944 0.7896471884
187487092.3988266587 0.7861147400
188170085.0987733006 0.7837757693
187480155.3099149466 0.7876306032
188024010.8366878331 0.7846460405
187476752.6649187505 0.7871289582
187914405.1958398521 0.7881490232
187839681.3697748482 0.7903867598
188802641.8006336689 0.8005878368
187810421.9228791296 0.7850446947
188747597.5859929025 0.7758413576
187555072.8789980114 0.7896755181
187827507.3261074424 0.7829612746
187737092.9632889330 0.7868857427
187760056.0328087211 0.7839105889
188442249.7776180506 0.7828262144
187367961.7368535697 0.7930976508
187701385.1260589361 0.7916551960
187922874.0660258830 0.7870287866
187313294.5414785743 0.7944090321
188998615.1307558417 0.8099652798
187253977.7774222791 0.7955477124
187938165.9558644295 0.8005137604
187198451.1198669970 0.7959144149
187964617.0580366850 0.8022509287
187078677.3797762394 0.7983118059
187272111.3904064000 0.7977823954
187111799.2756482065 0.7969049122
187884215.2479104698 0.7933631348
187113764.7137680650 0.7975869441
187942402.3072684705 0.7860689954
187362298.6502218544 0.7942678264
187422208.0122868717 0.7962862845
187221993.6415415704 0.7987227846
188174340.7207261026 0.7896514563
187400708.5325816274 0.7959622763
187452707.7599524260 0.7949871343
187234785.9090679884 0.7984960700
187089847.7113802731 0.7983246725
187100418.1807489097 0.7971879051
187095008.0358891189 0.7981406795
188017187.4946440756 0.8060873481
187274378.0067810118 0.7984230582
187263841.0493482351 0.7943853177
187061914.3489324749 0.7981941454
187121947.8148522079 0.7980787429
187011487.6609418690 0.7987671260
187108737.9332975149 0.7981821143
187302860.7345747352 0.7986802945
187189294.5490557551 0.7959317138
187102391.1008241475 0.7982911676
187833380.2542120516 0.7969424047
187135672.3979620337 0.7982569127
187209602.5762220025 0.7959151670
187101968.9421470463 0.7994125147
187933769.7710021734 0.8057625824
186999723.8521033525 0.7989868596
187251010.5924049318 0.7965492108
187017728.7474600375 0.7992211793
187894876.4715467095 0.7938680692
187128938.3504368663 0.7983663587
187235984.7771992087 0.7952982241
187165166.0930653214 0.7989369961
187172618.2598334253 0.8019029792
187112104.8439322412 0.7987860638
187980752.8864562511 0.7946024445
187059191.2860426903 0.7979842423
187817790.7384743094 0.7953717610
187103212.6314589083 0.7982871296
187217579.2199147046 0.7997408068
187042719.5524052680 0.7993065308
188149122.2197498977 0.8077757507
187124316.5966628492 0.7992953569
187127682.4505476058 0.7960190301
187068726.2191920877 0.7985722541
187713892.9671023786 0.7996494044
187068231.1792742014 0.7994390426
187756901.6429573596 0.7985879360
187100274.1796118915 0.7981150812
187575432.3307716548 0.8047840646
187050444.5757084191 0.7992557716
187765858.8433756530 0.8012514632
187050793.7700881362 0.7985009987
188026682.2840829790 0.8076600275
187205865.7443832755 0.7999938048
187791743.4786547124 0.8065859052
187203315.2657971382 0.7998168633
187604590.1937301457 0.8027093641
187010322.5014377236 0.7993191269
187793804.7938681841 0.7933861119
187095443.8353317082 0.7993076052
187056949.6291962266 0.8013828363
187079855.6596736312 0.7994322039
187841003.4538093209 0.7948053098
187259338.1344555020 0.7969897271
187048606.2929649651 0.7988138323
187169534.1193161905 0.7981148777
187034538.3081487417 0.7990831896
187124112.2115510404 0.7975177257
187011466.9742906392 0.7988636351
187215556.2100406587 0.7968895299
187007459.2398706079 0.7990614493
187114133.5191284120 0.7972409255
187061638.3868129253 0.7986413644
187218028.1894191206 0.7967511535
187044961.0574336052 0.7991831426
187226433.5512472391 0.8010722133
187070254.9329707921 0.7993049960
187099248.8525821567 0.8012745666
187098603.2289277315 0.7991019218
187218713.8103770316 0.8009069268
187017360.9303759634 0.7987346623
187239860.8155510128 0.7967045110
187077145.9430762827 0.7991681797
187121025.8829718232 0.7972785824
187079775.1189337373 0.7993944857
187280907.7380849123 0.8024758156
186984274.2164682746 0.7992219054
187350987.4195263684 0.7987434751
187031722.4938843846 0.7991971024
187147056.0377255976 0.8000113685
187099572.3084012568 0.7995653099
187041136.9435079694 0.8000578018
187052770.1395092010 0.7987254058
187240529.5292044878 0.7966271758
187069346.2444535792 0.7989999964
187433444.7785048187 0.8007719420
187024722.9067845047 0.7990622501
186994111.5631114841 0.7993386823
187064455.4247749150 0.7994259486
187001249.5941551328 0.7992507931
187123680.4280910492 0.7976236098
187083126.0699301064 0.7990044274
187125341.0311055779 0.7981492000
187039145.0932982862 0.7995037771
187031578.7475269437 0.7998199655
187062636.4827679396 0.7995761873
186952994.9081605673 0.8004571253
186969767.5844952464 0.8006520117
187001768.0747829080 0.8007154102
186988626.9137567878 0.8005473144
186993054.5725359619 0.7999578590
187033953.0615045726 0.8000986028
187069076.4328846633 0.7999307087
186952123.6386514604 0.8002157000
186992729.1860714555 0.8003344996
186970317.7080762684 0.8001937958
187049816.3267986774 0.8003018883
186952436.4581423998 0.8004274126
187159098.3960052431 0.8022253547
187055588.2778148651 0.7998102846
187097964.6346020103 0.7995976647
187058922.8063385785 0.8000203531
187039905.8330858648 0.8010334712
187072791.4232633710 0.8001539722
187083470.7580912411 0.7988666101
187074129.2917264700 0.8001123276
187049555.4928047955 0.7993440930
186955947.3649872541 0.8002334260
187119614.7788942456 0.7992960826
187055428.4017470777 0.8006699191
186957282.1782966256 0.8000513185
187014640.3743088543 0.8004741692
187117120.1857808828 0.7991635158
187066238.5309113562 0.8001999994
187069575.7417203188 0.8003076534
187060002.5295912921 0.8001537034
187268119.6343862712 0.8014458315
186967827.1216735542 0.8002497549
187043946.3936141729 0.8001107570
186976163.4186354876 0.8003246105
187100912.3356948495 0.8009335216
186948515.2260398567 0.8001939497
187199207.3553831577 0.8007258130
187034161.6693745255 0.7998271599
186959559.3180839419 0.8006639730
187091252.4259035289 0.7996446445
187056227.5325348079 0.8002168790
186953064.7417370677 0.8002070856
186968622.4473260045 0.8001591334
186979976.1546767056 0.8003412626
187073759.8054017127 0.7995550624
186956969.5670873523 0.8003204595
186970789.8463280499 0.8002747812
187067963.9379613101 0.8000726265
186960834.6729783714 0.8006057896
186982321.9882255495 0.8003635008
187089730.3733043671 0.8006949256
186963425.3761296868 0.8002795144
187030115.5380852222 0.8005470883
186971035.8554362357 0.8003840680
186952324.8572138548 0.8006646782
187065750.9996987581 0.8000927472
187035841.4479978085 0.8004347309
187067713.7295475304 0.8001355449
187062259.0440900028 0.8003500376
187078257.4879937172 0.8001241292
187049740.9809183776 0.7999117906
186948380.1622474790 0.8002473490
186958797.1554391980 0.8001762972
187072288.1339175403 0.8001153330
187070146.1138993800 0.8001064065
187040190.2161347568 0.8005360470
186952530.3021891713 0.8002545074
186960630.9062260389 0.8002477371
186966905.1434843540 0.8001716474
187033867.0302743912 0.8006417295
186962006.8033914566 0.8001679436
186952293.0090839565 0.8002425802
186954071.8165937364 0.8002944668
187067680.7314647734 0.8002735047
186960653.2626558840 0.8001955854
187004535.4690390825 0.8004999679
186947769.9127487242 0.8002920537
186952234.9735385776 0.8003801328
186954063.1840489805 0.8002262112
186958851.3901585340 0.8004963136
186961113.5206275284 0.8001911728
186971294.3216952682 0.8003963355
186957514.6253399253 0.8003431774
186984057.1158659160 0.8002310472
186946120.2124769390 0.8002681658
186963275.9633459151 0.8004454780
186948444.5053519905 0.8003299722
187051461.8035067618 0.8000362172
187073702.4091134369 0.8001936905
186946930.1503345072 0.8003715064
186946142.7413836122 0.8002858883
186948360.9318921268 0.8002349887
186958081.1083925664 0.8002191769
187060928.3942109346 0.8002303098
186959735.3194754422 0.8003253625
187002248.1443729997 0.7999410945
186945961.6626737416 0.8003070110
187062260.8388566673 0.8003735547
186954105.6208621264 0.8002830329
186956709.1596303880 0.8004225236
186948870.9040264785 0.8003383835
186956972.2389276922 0.8003155622
186944368.8332717121 0.8002981203
186944322.0581339896 0.8002879257
186957305.1949237585 0.8003278858
186959679.3931232393 0.8002730739
186950725.0525461733 0.8002017328
186951117.6041157842 0.8003146269
186955858.5971989632 0.8003298894
186954341.6657367051 0.8002812659
187066498.5663212538 0.8001881968
186946460.5184312165 0.8002608091
186995880.6709888279 0.8005463323
186957635.9491333067 0.8002947450
187037743.3309108019 0.8000792983
186957790.4539745450 0.8003028722
186957404.2186127603 0.8003299164
186957007.1325819790 0.8002653504
186950508.5698461235 0.8002990041
186957388.5577916801 0.8002860576
186945363.1119717956 0.8003559374
186953399.5405495763 0.8002578704
186958564.8205451369 0.8003067496
186953466.8422019184 0.8002732115
186950525.7972108722 0.8002290419
186957939.4247655272 0.8002565659
186946962.9765182137 0.8002878157
186956598.7224997282 0.8002477745
186955452.4811975062 0.8002729171
186959110.8385503590 0.8002805378
186975553.2235202193 0.8004385627
186958222.9460914731 0.8002652237
186948308.6337815821 0.8003592469
186958080.5709809661 0.8002934518
186955517.9125878215 0.8003328912
186946136.6003204882 0.8002806387
186954675.0447585881 0.8003282617
186949674.0308491886 0.8003092891
187077908.1810837388 0.8001448685
186958115.4262305200 0.8002867406
186946329.3071657717 0.8003472941
186953582.6082922816 0.8002552632
186970305.4837540090 0.8002519629
186958333.0224050879 0.8002707555
186954716.8688237965 0.8002098038
186946072.4984349608 0.8002876330
187042961.4278349280 0.8002125552
186951829.1369409859 0.8003112752
187068869.6742210984 0.8002100783
187071877.6861558259 0.8002700366
186944647.9770486057 0.8002930832
186955269.0583347678 0.8003695847
186957155.8354377151 0.8002673520
186956464.3975995779 0.8003450662
186958233.8715628386 0.8002798203
186960344.5113936067 0.8002539078
186946180.1002589464 0.8002932840
186949643.6837955117 0.8003180414
186946249.3327309489 0.8002977665
186952811.9250646234 0.8002410246
186945433.4422134161 0.8002890760
186949073.9188313484 0.8002228073
186946416.8879489303 0.8002928135
186957789.0238350034 0.8002371083
186945215.9448613226 0.8002923645
186950104.1645040214 0.8002945358
186958039.2677551508 0.8002807405
186946919.4892833829 0.8003187355
186944084.2582883835 0.8003003561
186956078.3269911408 0.8002853458
186947964.1590001583 0.8003307366
186955740.5819323957 0.8002871330
186946851.7007933259 0.8002993433
186958252.3165739477 0.8002947129
186945032.4503754973 0.8002900665
186946140.6794872880 0.8003094386
186945268.7670059800 0.8002765889
186944482.8370070457 0.8003039276
186948851.9418151677 0.8003082393
186957764.1709692478 0.8002956058
186959360.3514463902 0.8002823075
186944512.6550728083 0.8003004820
186958633.1515361071 0.8002673303
186945316.6639463007 0.8003067267
186953848.6018650532 0.8003725381
186944426.6201370656 0.8003031809
186944610.8799986839 0.8002910879
186943999.2606076598 0.8002930633
186955912.9488777816 0.8003194674
186956960.1519584060 0.8002831551
186948189.5192585886 0.8002951772
186944170.8401365876 0.8002913150
186958890.0521907508 0.8003380084
186943968.1918419003 0.8002939164
186956250.0995285213 0.8002835303
186957897.9567458630 0.8002905696
186949537.6478672028 0.8003183966
186957883.8043273091 0.8002871880
186945666.5575635135 0.8003045527
186944539.3122371137 0.8002936569
186945002.5895981193 0.8003057488
186958538.3818977177 0.8002941306
186950586.6794762015 0.8002615764
186944362.6591192782 0.8002937909
186949239.4421433210 0.8003074088
186944865.3409119546 0.8003010832
186958667.1756727695 0.8002903600
186944064.0763728917 0.8002923979
186956210.2546451688 0.8003032497
186957953.4459093809 0.8002863983
186943410.5990635157 0.8003104544
186958179.9721073806 0.8003060630
186945038.9334126115 0.8003209979
186943864.9062680006 0.8003117638
186946307.1442821622 0.8003071963
186945416.4153106213 0.8003175366
186951472.6745455861 0.8003482996
186944184.6194167733 0.8003134600
186956699.0519755185 0.8003164071
186958631.2484165430 0.8003057059
186943689.3274352252 0.8003211466
186943726.5497814119 0.8003118584
186957840.5108037591 0.8003137315
186943512.7773979604 0.8003190075
186945123.8175837994 0.8003006375
186943903.7110597193 0.8003184494
186953231.3711116314 0.8002802110
186957610.3421437442 0.8003091201
186957716.0472404063 0.8002636809
186946607.3651232421 0.8003275216
186954300.3590163887 0.8003283037
186956133.3646338284 0.8003003762
186949225.8168386817 0.8003229921
186945295.6125291586 0.8003194670
186951254.4812952280 0.8003020111
186958260.3974215090 0.8003103033
186955809.0461425483 0.8003803068
186943744.1853916645 0.8003059201
186946495.0474443734 0.8003243543
186943603.1081214547 0.8003093295
186952557.4290938377 0.8003191062
186957823.7676597834 0.8003130083
186949933.7101893425 0.8002676835
186956728.2349937558 0.8002998393
186948512.4364980757 0.8003310869
186943454.7756625712 0.8003167949
186947820.3514134288 0.8003147071
186944237.7930015326 0.8003140393
186948347.0817983747 0.8003190739
186944726.3644481003 0.8003129639
186943428.4513736963 0.8003102093
186943868.5410685837 0.8003241789
186958279.7372881472 0.8003096132
186943593.0294185579 0.8003108204
186944797.3471985459 0.8003096257
186944043.1389984787 0.8003079904
186944216.6275557578 0.8003143863
186943693.3924337626 0.8003117572
186943489.5558748245 0.8003112509
186944627.8830271363 0.8003132674
186958161.4236230850 0.8003108707
186943761.3317007422 0.8003113830
186957630.1849644482 0.8003059208
186944713.4063102007 0.8003178856
186943395.3965376616 0.8003117170
186945171.0009813905 0.8003077799
186958143.1739420891 0.8003090769
186945010.5116640031 0.8003206926
186943571.2437402904 0.8003124127
186944375.1699380279 0.8003126228
186943646.7395638525 0.8003128161
186944145.9010467231 0.8003201630
186943485.0731261969 0.8003127522
186945062.7797891796 0.8003146962
186958231.4447678924 0.8003105873
186958161.8350848258 0.8003118910
186943799.3469853997 0.8003132450
186945742.2670834363 0.8003278558
186943420.3778545856 0.8003115752
186944751.8384283483 0.8003147779
186943331.1314139068 0.8003114935
186958345.8981317580 0.8003133553
186958092.5359288454 0.8003088445
186945284.7231914699 0.8003183930
186958360.1333809495 0.8003101792
186944521.7481543720 0.8003257532
186958218.7363009155 0.8003110412
186957027.6491894424 0.8003058005
186943353.6677792370 0.8003126714
186944118.8622489572 0.8003119619
186943490.9062490165 0.8003119045
186956806.2707202137 0.8003034903
186958220.3426686525 0.8003107907
186943793.7500551045 0.8003112547
186943535.9925850928 0.8003104600
185101247.0000000000 0.8003104600 0 0 0 0 0 0 0 0 0 0 0 0 1 0 0 