569459266.6698212624 0.0000009890
541385249.2318696976 0.0000003415
543987154.2443814278 0.0000000584
582446708.1584421396 0.0000000015
562744196.0608830452 0.0000000969
578325524.6958482265 0.0000000164
583851820.6703253984 0.0000000007
543142309.2458592653 0.0000012535
589150739.7241741419 0.0000000025
565701104.8708481789 0.0000000007
557286639.4888374805 0.0000004952
528817318.6798980832 0.0000000479
564084182.4372215271 0.0000000568
523807776.4293327928 0.0000004368
520568558.5289952159 0.0000018952
579901603.4622052908 0.0008397408
587391630.5807411671 0.0000009135
474217607.1862584949 0.0000032554
442992027.1731897593 0.0000043206
443379663.6164443493 0.0000046900
417674064.2081404328 0.0000048630
404582676.5138142109 0.0000049184
437911139.9489754438 0.0000001383
379950087.7005289793 0.0000054948
370537121.9322773218 0.0000033902
394341487.4032085538 0.0000000039
440101827.6058859825 0.0000005456
420300205.8231215477 0.0000000238
412821562.6899242997 0.0000005955
350741657.2457745075 0.0000008110
394820182.3331613541 0.0003593511
319941323.5212680697 0.0054296230
348456013.3125038743 0.0055314314
331141979.9458953738 0.0053352893
331986165.8984250426 0.0054154146
315610983.1237006783 0.0057791874
330239801.3583683968 0.0040236286
302551404.9031644464 0.0054846957
344152226.4531531334 0.0014537489
318565971.2443175316 0.0050145196
304607029.1044341326 0.0008332062
302916557.4377170205 0.0063746941
335187127.5545590520 0.0029952576
312826889.3314867020 0.0037529379
321538043.0147087574 0.0013330425
316730485.9234858155 0.0058137278
286245678.9875308871 0.0005274781
285789220.1245032549 0.0005480110
314343751.6241725683 0.0000915437
295398157.9268907309 0.0005230604
261970308.1305504739 0.0002759266
261865654.4655120075 0.0003080378
264847692.3058959842 0.0000384486
262770889.5990481675 0.0003055930
205371001.2548768222 0.0000471467
221611137.1769310236 0.0000428629
209447522.4524182677 0.0005331174
219644599.0350849032 0.0000473344
215913857.8527354300 0.0000291931
221004866.2722723782 0.0001525984
198145850.9219924212 0.0553258270
208213099.1617123485 0.0683271481
233202396.9785603583 0.0196715621
198073709.7631859183 0.0638762243
192695599.9916146994 0.0513141649
212647252.8831838369 0.0495634527
206357761.4585928321 0.0583637428
196367009.9338873625 0.0554562504
183498191.4880996346 0.0073523095
193194129.3862175643 0.0052228670
208328161.5102054775 0.0003298247
182569707.2160140872 0.0114078237
294854546.0670462847 0.0080334088
187317403.1612535417 0.0095037958
199850119.8944403827 0.0009309684
181447831.8842172325 0.0119870227
179176842.3080152869 0.0092738220
181089554.1004002094 0.0109425306
196558114.8824637830 0.0020305504
191311633.3458769619 0.0128660133
238515971.9298021495 0.0005021889
168710874.1126545370 0.0090075577
184385609.8589015901 0.0040098347
191273050.0376152992 0.0129302249
180552766.8094317019 0.0350347483
175928641.2392143011 0.0198994059
173566787.9369711876 0.0002813401
173382771.8749282658 0.0154072417
203562198.7270772159 0.0042947615
168813710.3830774128 0.0110422030
173349519.7016928494 0.0079707374
186671176.5149038136 0.0184599964
250665984.7434104681 0.0104885266
161919335.5008505881 0.0047406871
155545788.8785182238 0.0068194416
160388841.2754610479 0.0072652827
168615717.1914146841 0.0000670784
170757400.9683659077 0.0053601087
155658394.9016339481 0.0001395967
154760818.9320620298 0.0029167602
154521914.6247446537 0.0001145425
154974985.1439849138 0.0001546075
175439037.0074367225 0.0022373747
164841767.2578350306 0.0000700667
161637187.6270789504 0.0001011935
155326245.4721828699 0.0001201106
184043524.4570688605 0.0003012133
155554594.4854152203 0.0001068028
180718258.6714257598 0.0009912316
159068064.4130651057 0.0008175047
226904971.7644347847 0.0035714978
164951213.6329972446 0.0001306981
185982085.9887730777 0.0007929007
155077859.3782615066 0.0000749446
189515415.5837644339 0.0031686852
160331104.4320673048 0.0001101727
190680628.1433568001 0.0001529609
167576526.3998327851 0.0000034528
187827855.8849941492 0.0000180958
154457863.2459783554 0.0000818915
165392763.3610185087 0.0001631047
154526455.1227273643 0.0000285482
187889823.0824841857 0.0003457115
158285738.7907309830 0.0000010844
203154394.5707782209 0.0000001049
158156885.2300940454 0.0002262363
192911718.1213477254 0.0000278223
158543437.5362601280 0.0000485091
177282489.3427915871 0.0001580863
160013692.4867729843 0.0000036043
175506706.4830622971 0.0006349665
153363113.7898984849 0.0000329224
158425607.0856163800 0.0000570448
159104324.7066343129 0.0000366293
162982916.7191176713 0.0000286417
163074646.5029970407 0.0000392427
169364758.4139796793 0.0012579210
162037722.1958044469 0.0000568337
176898168.4885284305 0.0000617125
166544600.4206638038 0.0000120421
166111599.5312854946 0.0000002664
153158065.9320563674 0.0000146609
166153070.6716823578 0.0009375078
158813424.1267442107 0.0000588226
179842495.6017094254 0.0000088118
157344730.5546394885 0.0000003659
156845424.3341350853 0.0000235449
161487090.6028491557 0.0000009806
152496208.1183790565 0.0000187337
177080841.6187529564 0.0000000634
156431305.9657941461 0.0000471534
151177184.1400826275 0.0002220946
154892676.4657019973 0.0002244639
157479153.1338165998 0.0004217343
152444615.1409100294 0.0002332990
159264681.8083305061 0.0005299746
153752568.8692949712 0.0001939196
161684457.6213351786 0.0000000005
149741408.0969768763 0.0000266192
157436144.4021762609 0.0000000003
149818909.4834626615 0.0000384392
152692716.8566006422 0.0000267848
159990908.6283490956 0.0000247931
148544986.9429448247 0.0001492712
150467424.1687371731 0.0001290490
155434472.8053653538 0.0002770107
152123084.7297616899 0.0000606286
157552639.8809124827 0.0000089310
150322962.4148124754 0.0001649030
159864812.7739696205 0.0004799743
147817623.6886252463 0.0002622686
151906082.8595522344 0.0003663430
148850484.5776568055 0.0003731536
160037399.6115696728 0.0000358323
147773802.1832091510 0.0001073835
150943146.2897331417 0.0000015664
148524314.6218657494 0.0001567139
162159961.7367179394 0.0000732737
151234481.9370424747 0.0001753908
161495937.3495090008 0.0000407754
149536350.3516036868 0.0000852206
148860297.6472153366 0.0000339734
149191565.3411458135 0.0001186763
152600288.7427303791 0.0000526428
148785344.0322930217 0.0001076587
154593322.2215289772 0.0003129304
151277583.0765852332 0.0001683786
147768116.0697787106 0.0000004671
156599996.2563708127 0.0000008829
150112820.7491415143 0.0000059038
148952323.4289950132 0.0000014834
149151001.2656591535 0.0000002177
148579269.3520264626 0.0000008799
148496467.8507679403 0.0000008654
149699196.2954464555 0.0000002622
150042187.7441632152 0.0000002249
150044569.2205546498 0.0000000000
146488343.3757385015 0.0000023172
151324714.4063417614 0.0001459303
151712248.7233393490 0.0000022209
148345715.8609968722 0.0000040116
150062592.4151887298 0.0000041131
159828469.0677837729 0.0000001597
149419763.1977555752 0.0000042657
152161301.8841009140 0.0000416083
147921974.5537574291 0.0000011264
150192951.9786301255 0.0000050219
148178564.4829964638 0.0000013215
151932971.4279601276 0.0000001298
149656529.1923526525 0.0000036441
147993270.3556916118 0.0000180609
150393385.3933083415 0.0000013575
150195149.3972788453 0.0000014608
147427659.3567664325 0.0000063978
153932280.5736615062 0.0000000421
151473482.3509842455 0.0000028003
149898158.5095541477 0.0000354648
148379634.1129784286 0.0000054323
148573521.7542873621 0.0000000784
151544371.8092920780 0.0000022793
152694664.3939037919 0.0000269534
147577128.1814544201 0.0000071227
149671248.3871344328 0.0000006831
150200712.2612388730 0.0000097466
150016748.5730402768 0.0000007427
147108354.2148844600 0.0000009223
154961669.8020697236 0.0000000601
151551637.4383558035 0.0000016078
147791311.3255670965 0.0000101200
147078151.2513147891 0.0000018942
148945812.6872216463 0.0000000243
152251086.3046256304 0.0000108539
147921395.5483998358 0.0000039302
152112658.5469042361 0.0000000948
151388631.5411245227 0.0000056925
146875178.2042030096 0.0000044450
148108379.6153912842 0.0000046993
147489549.1751472354 0.0000001330
154217815.0143112242 0.0000009130
146897435.9728882909 0.0000000131
150086062.1674918830 0.0000107053
147416552.1908655167 0.0000117511
147421352.2818031907 0.0000000005
151322969.7176374495 0.0000002220
148166303.4539683759 0.0000006695
151968730.6726377606 0.0000023974
146721840.3460435867 0.0000019581
147083585.7381161153 0.0000017117
146528053.9122418463 0.0000012142
152296638.4612080157 0.0000022904
147331157.5190259516 0.0000016492
146588562.1276152730 0.0000017757
147693048.5094633400 0.0000030554
152414602.7827960253 0.0000023819
152270242.8845576942 0.0000019410
152213508.9357029498 0.0000025446
148918426.9016998112 0.0000026295
152555980.0353892744 0.0000014757
152306248.8857634664 0.0000026761
152285348.1359754205 0.0000017234
148956352.8026908636 0.0000023394
151924453.1388241053 0.0000028585
150797509.9437448084 0.0000027340
147706592.4075371325 0.0000018415
147451806.3762546778 0.0000002860
146437569.5691139102 0.0000040558
150742177.9750282168 0.0000054527
146796917.2907765508 0.0000067981
147558693.2862860560 0.0000083501
147580955.7507188320 0.0000031818
149895731.3586749434 0.0000036906
146503675.5790825486 0.0000038710
148586369.6105723679 0.0000044530
147601955.2316930294 0.0000046115
149434232.2693464756 0.0000092046
146458695.3810897470 0.0000050765
150389133.2348476052 0.0000076621
152256494.4746087492 0.0000041422
149998637.7968993783 0.0000012218
146607175.3123765588 0.0000039243
146496938.6577912867 0.0000010165
152402572.3666627109 0.0000040151
146317884.6368448436 0.0000036114
146387620.2393455505 0.0000034918
149115591.2238627970 0.0000065613
146661252.0533733070 0.0000036420
147223408.0786885619 0.0000025237
152536773.2317875028 0.0000033856
147799111.8895224035 0.0000043220
152565386.9440132976 0.0000049647
151402837.9970299006 0.0000044594
146466735.2544802427 0.0000039479
152669337.9212014377 0.0000046095
146659289.8138458133 0.0000042217
151815049.3077978194 0.0000003512
146982539.0506029129 0.0000030680
149423672.5575315952 0.0000099946
146589436.3554728627 0.0000042316
151065302.4045847952 0.0000043144
152133534.7195080519 0.0000029724
147555665.4981843829 0.0000013391
147850598.4348395169 0.0000042527
146607404.1187631488 0.0000012428
146458387.1794798970 0.0000035933
148187998.1215597987 0.0000044171
152152131.2007738650 0.0000029543
150855788.9238149524 0.0000086208
146279991.4724621177 0.0000049280
147009743.4627584219 0.0000075554
146902083.1356094778 0.0000050148
148186058.0993283093 0.0000087182
146328170.1815337539 0.0000062063
147265182.0539726913 0.0000085733
146825039.3607194424 0.0000039304
147546222.0997108519 0.0000052061
146470601.0704945028 0.0000038431
146729491.5172518790 0.0000024243
146119619.3038510084 0.0000041199
148083819.1224445105 0.0000025872
146355765.4332498312 0.0000046545
148378001.6484262645 0.0000018314
146445073.8592673242 0.0000028655
146823349.0448171496 0.0000018022
146541085.1997755766 0.0000040688
149872458.1724003851 0.0000043616
146534137.8508085012 0.0000043520
151817187.6917229891 0.0000060023
152086576.4306413531 0.0000042563
146308116.5041826367 0.0000086094
152288006.3840231597 0.0000059710
147608902.0981017947 0.0000030868
151690888.4144386053 0.0000042404
146696116.3623363674 0.0000040759
152718794.9720717967 0.0000037894
150749363.8260186911 0.0000024580
146416522.4001215696 0.0000044635
146286714.4556772411 0.0000127741
146435947.7194105387 0.0000059810
151183105.4523268044 0.0000067473
152773561.6414324045 0.0000045846
146242366.9231770635 0.0000044045
151827816.5235391557 0.0000055849
146224283.9594545364 0.0000045221
147201678.0175445974 0.0000051265
152560942.5863144696 0.0000051932
147301874.3971000910 0.0000033985
146128892.6341365874 0.0000039928
146821006.4343477190 0.0000031637
152916389.1950722635 0.0000036854
152521093.2460067570 0.0000023627
146204695.4395104349 0.0000045507
152564036.6203318536 0.0000024508
146185191.8316239417 0.0000042269
146471023.8690769970 0.0000057440
152912569.0966365039 0.0000040724
152056515.4288041294 0.0000039455
146470060.0912689567 0.0000044260
152910940.7488187253 0.0000033822
146339765.5107353032 0.0000044105
146575971.5936886668 0.0000058664
152622632.2333865166 0.0000042768
152559044.3738964498 0.0000052483
146088755.2264048755 0.0000034484
147695091.9894464016 0.0000032815
152004809.3820755780 0.0000035703
148736417.9902726114 0.0000043642
146426487.6836101711 0.0000030977
151190827.7506397963 0.0000052088
152416761.8734836578 0.0000034637
147192680.9578416646 0.0000016286
152704815.4790736735 0.0000040311
152852185.2435387969 0.0000035460
152687552.0825037062 0.0000034843
152731943.4329284728 0.0000035429
153100223.5388089120 0.0000024991
146084063.1044174731 0.0000032718
152723186.4086488187 0.0000031508
146152650.8344719112 0.0000034909
146360930.6788448393 0.0000031985
152813869.7723243833 0.0000034142
146928727.2820047736 0.0000029151
146098570.5582484901 0.0000029781
146384957.1895092428 0.0000027126
152763275.4785035253 0.0000032912
146287265.2709943354 0.0000035554
146142819.6286035180 0.0000031953
152214053.1142706275 0.0000028854
146162176.3092050254 0.0000031393
152309124.5582587123 0.0000038174
152628157.0658411086 0.0000035212
146392135.7625537217 0.0000034663
146192172.8400972188 0.0000030884
146256619.9499486685 0.0000033109
152784768.2346447110 0.0000034679
152607767.3238539994 0.0000036591
146517278.2473176420 0.0000033084
146277950.9550921321 0.0000031765
146240878.1387680769 0.0000030425
152515227.0857898891 0.0000032863
146080789.2278783917 0.0000031624
152995090.9331302643 0.0000023529
152660335.0489085615 0.0000032752
146623561.5620296299 0.0000028536
146391219.6312004626 0.0000031681
146971877.4145356119 0.0000024624
146112503.6637904048 0.0000031730
146597527.0700995326 0.0000041078
146122573.0594310164 0.0000031722
146309616.6528202295 0.0000040354
152574787.5854848027 0.0000032787
146591792.6660563350 0.0000027289
146273212.4258059859 0.0000030798
151591539.9437001050 0.0000032858
151814465.0619105101 0.0000030485
146142917.6236842573 0.0000029767
146096344.0037601292 0.0000030493
146305263.8573079705 0.0000035092
146131719.5218756795 0.0000031856
146141058.9835028648 0.0000038136
146109671.1301866770 0.0000031400
152669623.3779372573 0.0000033581
146124366.1966071129 0.0000031379
146147518.0159589648 0.0000031649
146112304.3044768572 0.0000031879
146074579.6538462937 0.0000031553
146168339.2302949131 0.0000033155
146078728.6837629080 0.0000031197
146126019.7422133684 0.0000030713
152765910.4286119938 0.0000032001
146170907.4195870161 0.0000030799
152762510.9969843030 0.0000031920
146432851.0321527421 0.0000029439
152793291.0736827254 0.0000031015
146145984.0042076707 0.0000032596
146104867.3478892148 0.0000031036
152611478.0763877630 0.0000031054
152729304.5011772513 0.0000031762
152746532.7438652813 0.0000031281
152778613.2216219306 0.0000031059
146216035.9276396930 0.0000030625
152763237.7274492979 0.0000031640
152745054.5514574349 0.0000030676
152756618.3035807610 0.0000031253
146106254.8880847692 0.0000028702
146100794.0595496595 0.0000031823
146376488.5469839573 0.0000034174
146123190.5114729404 0.0000031560
152636843.5838213563 0.0000034009
146073992.2207430303 0.0000031686
152796234.7910126150 0.0000032517
146071731.4183561206 0.0000031559
146122639.1041624844 0.0000032648
152771761.0834251046 0.0000031345
146257983.7953833044 0.0000032240
146102563.8872078359 0.0000032027
146135318.8431822062 0.0000029801
146101695.5986598134 0.0000032084
146285761.0801714063 0.0000030006
152751047.2451294065 0.0000031284
146096321.2123847902 0.0000032823
152746709.1132041514 0.0000031745
146177345.4585576355 0.0000031832
146069190.7032079995 0.0000031832
146203200.2346175015 0.0000030487
146076629.3457335830 0.0000031533
146239531.6033526063 0.0000032031
152748126.4819720387 0.0000031325
146159492.6673222780 0.0000031553
152743123.9801136553 0.0000032066
146134338.6599832773 0.0000031843
146099447.8404846489 0.0000031298
152658374.5304465592 0.0000031681
146137062.0995320082 0.0000031078
146158985.2177122831 0.0000034944
152747179.1231557429 0.0000032104
146133235.5593660176 0.0000031800
146076539.1261792481 0.0000031144
152764067.7075825334 0.0000031549
152773352.0352608562 0.0000032651
146192078.2218658030 0.0000029056
152665184.8437007368 0.0000032608
146245539.1645634770 0.0000030576
152646156.2313893139 0.0000032627
146089084.0594587028 0.0000031972
146132419.4100067616 0.0000031174
146076595.6864594817 0.0000032073
146125009.9453030527 0.0000032648
152766580.9793258905 0.0000032008
146151583.2339990735 0.0000030234
152784132.8896966875 0.0000031936
146116564.6780261099 0.0000032756
146098600.8246455789 0.0000031746
146183659.1350884736 0.0000030586
146108401.5371589661 0.0000032149
152695782.0282779932 0.0000031708
146094678.6516174078 0.0000032051
146124292.6627466977 0.0000031198
146074631.2792221308 0.0000031717
152785608.2030876577 0.0000032123
152781617.1309123337 0.0000031503
146132365.3162454963 0.0000032899
152732234.7965796888 0.0000031525
146191982.9595618546 0.0000032315
152737003.0508540869 0.0000030219
146072792.4274680018 0.0000032268
146071923.2240444124 0.0000031827
146082584.5631812513 0.0000032583
146068330.4919967353 0.0000031783
152612723.8262882531 0.0000031992
146069870.9262038767 0.0000031777
146125127.0920230448 0.0000031312
146069468.2465298176 0.0000031808
146091348.6557435691 0.0000031800
152778695.2866975069 0.0000031799
146093728.1832023859 0.0000031742
152784060.7443331182 0.0000031574
146090986.1968177259 0.0000031897
146072336.8862992525 0.0000031680
146078267.2375248075 0.0000032274
146070656.3986840844 0.0000031798
146072013.1303220093 0.0000031945
146069958.9551424682 0.0000031914
146079486.3619412184 0.0000032339
152778153.8955753744 0.0000031901
146083060.3309266269 0.0000031767
146068476.3802178502 0.0000031607
146090734.6387622058 0.0000031782
152772948.6832036376 0.0000031601
146091592.1200489998 0.0000032319
152778301.7383479774 0.0000031867
146091085.1057385206 0.0000031792
146071381.6304096580 0.0000031891
146178107.4052390158 0.0000031489
152777638.4424215257 0.0000031887
146079977.1938832104 0.0000031334
152768542.5194192529 0.0000031968
146080365.2807336152 0.0000031019
152776428.8597711921 0.0000032031
146075971.6482059658 0.0000031360
146066968.7833932936 0.0000031756
152611695.9416769445 0.0000031966
146068713.8780327439 0.0000031711
146133208.2772901058 0.0000031930
146082917.8289088607 0.0000031611
146069640.5322257578 0.0000031862
146080894.6751614809 0.0000031797
146069096.0233770609 0.0000031786
146075212.3932667971 0.0000031688
146067656.8207800090 0.0000031674
146089245.0921201408 0.0000031505
146067619.9602564573 0.0000031785
146073832.3463385701 0.0000031697
146069856.6672112644 0.0000031695
152696273.3295465708 0.0000031861
146068678.4103445411 0.0000031630
146119221.8067197204 0.0000031587
146069762.6065588295 0.0000031712
146100697.0900707245 0.0000031954
146069088.9792473912 0.0000031753
152696274.5350916088 0.0000031861
146068070.7452932894 0.0000031788
152696274.8309141994 0.0000031861
146067647.5701705515 0.0000031772
152696275.0520605445 0.0000031860
152776217.8881239891 0.0000031835
146071427.7275038362 0.0000031543
152738569.8351552188 0.0000031808
146067583.6440311670 0.0000031733
146084240.9922018945 0.0000031858
146068578.1472299993 0.0000031748
146074269.3098490834 0.0000031808
146067204.8512620926 0.0000031696
146069695.2840216160 0.0000031647
146067478.6516329348 0.0000031767
146070946.5793893933 0.0000031709
146067612.7170998752 0.0000031741
146069759.9277498424 0.0000031899
146067187.1906648576 0.0000031769
146073849.8922839463 0.0000031857
152779600.9260111451 0.0000031745
146074947.7764485776 0.0000031755
146066962.6245180666 0.0000031714
146074076.8789505064 0.0000031700
146067353.3729714155 0.0000031753
146077147.4380114377 0.0000031596
146068885.2332542837 0.0000031691
146079560.2497699261 0.0000031609
146068634.0573662817 0.0000031704
152739388.3456441462 0.0000031766
146068233.2104818225 0.0000031705
146092171.5740270317 0.0000031661
146069644.0375316739 0.0000031674
152739388.5562164783 0.0000031766
152779809.2097216249 0.0000031703
146067029.3819523454 0.0000031848
152781206.6289063990 0.0000031732
146074175.8139027953 0.0000031618
152739388.6412534118 0.0000031766
152760537.2779573500 0.0000031740
152780630.8513981402 0.0000031718
146071413.0850733817 0.0000031714
146066962.2007294595 0.0000031702
146068148.1307460368 0.0000031636
146067691.9277054667 0.0000031691
146067414.2855301201 0.0000031663
146066992.7808597684 0.0000031699
146067818.5194582045 0.0000031722
146066811.0956495702 0.0000031715
146067499.8868652284 0.0000031700
146067187.9828665257 0.0000031708
146067804.4888515472 0.0000031711
146068058.8927238882 0.0000031719
146068172.4686811268 0.0000031733
146066898.0445827246 0.0000031699
146083177.6439158022 0.0000031709
152780400.4550705850 0.0000031706
146070281.3736770451 0.0000031766
146074359.3419033885 0.0000031677
146068396.2306508124 0.0000031709
146066733.8458482921 0.0000031724
146067535.0710439384 0.0000031757
152780858.6783916056 0.0000031727
146066907.1349145770 0.0000031689
146066624.1010545492 0.0000031731
146066741.6522668600 0.0000031692
152780560.7232465446 0.0000031733
146067246.6095608473 0.0000031750
152780185.2863248289 0.0000031734
146067695.0687214732 0.0000031736
146066854.9247167110 0.0000031727
146066756.2989128828 0.0000031717
146068471.2796962559 0.0000031730
146068396.4823774695 0.0000031699
152779663.5560761690 0.0000031725
146069206.1333935857 0.0000031747
146066813.1103350818 0.0000031728
146068300.3618322611 0.0000031748
146066949.7267242968 0.0000031729
152770262.4835483134 0.0000031744
152780782.1016350687 0.0000031726
146068726.7534588575 0.0000031743
152780319.5405989587 0.0000031730
146068824.2432688177 0.0000031733
146074515.2005766034 0.0000031716
152775549.6660277247 0.0000031738
152780736.4805228412 0.0000031728
146067834.1104727685 0.0000031734
146066632.6485727131 0.0000031729
146070391.7548104227 0.0000031723
146066572.8158407509 0.0000031727
146067989.8150666356 0.0000031735
146066651.2854340374 0.0000031726
146067150.3134026527 0.0000031720
146066670.3843891323 0.0000031728
146066734.4571030140 0.0000031736
146066767.1736595333 0.0000031729
146066733.7007873654 0.0000031707
152780511.3314957917 0.0000031728
146067281.1340382099 0.0000031725
146066571.3845257461 0.0000031731
146066791.1594788432 0.0000031740
152780456.3934571445 0.0000031731
146067193.0022586584 0.0000031746
146066640.3124159276 0.0000031728
146066692.9148693085 0.0000031715
146066680.4543931782 0.0000031732
146067575.6191870868 0.0000031729
146066748.0241521895 0.0000031735
146068598.8623376191 0.0000031722
152780258.7613579929 0.0000031736
146067481.3922760189 0.0000031731
146066795.9832857847 0.0000031727
152780363.6950614750 0.0000031715
152780681.2920441926 0.0000031731
146066931.7923591733 0.0000031730
146066705.5701785088 0.0000031740
146066597.1493152976 0.0000031732
146066741.7125462294 0.0000031730
146066721.1262352467 0.0000031730
152778030.6730425060 0.0000031735
152780651.8280000687 0.0000031734
146066973.3396755159 0.0000031723
146066671.5985435247 0.0000031729
146066761.6883458793 0.0000031729
152780642.2789102495 0.0000031731
146066671.4300931394 0.0000031726
146066601.5991352797 0.0000031729
146066648.3208747804 0.0000031730
146066642.9941354990 0.0000031729
146067120.4902418852 0.0000031736
146066658.2072085440 0.0000031730
146067124.7895612419 0.0000031727
152780508.2505621016 0.0000031732
146067296.3253595531 0.0000031726
146066600.7691774368 0.0000031730
146068464.1050757170 0.0000031733
146066675.1934986413 0.0000031729
146067086.9155355096 0.0000031733
146066721.7223517001 0.0000031732
152778030.6757639945 0.0000031735
152780597.8420232832 0.0000031732
146066608.3906733394 0.0000031727
152780517.9656671882 0.0000031731
146067008.3105186224 0.0000031732
152780658.2811639309 0.0000031731
146066779.7708867192 0.0000031730
152778030.6766810119 0.0000031735
152779352.4831967950 0.0000031733
146066597.5584393144 0.0000031732
146066936.2632827759 0.0000031728
146066575.5849102437 0.0000031730
146066708.4875008762 0.0000031736
146066587.8038216233 0.0000031733
146066633.6523855329 0.0000031731
146066574.0634319186 0.0000031731
146066667.3040604591 0.0000031733
146066621.8722272217 0.0000031732
152779352.4821531773 0.0000031733
152780614.2771373391 0.0000031730
146066863.6973418593 0.0000031737
146066597.8207703829 0.0000031732
146067453.8461173773 0.0000031730
146066694.8981147110 0.0000031731
146066587.6904276013 0.0000031732
146066617.1370968521 0.0000031732
152780675.6572320163 0.0000031731
146066617.0668659806 0.0000031730
152780661.4496555626 0.0000031732
146066636.0390793085 0.0000031730
146066588.6762735248 0.0000031731
152780523.1025573909 0.0000031733
146066593.5577282012 0.0000031732
152780610.9282284081 0.0000031732
152780646.9570119977 0.0000031732
146066580.4969949722 0.0000031731
146066574.8132953048 0.0000031732
146066580.9814802110 0.0000031730
146066586.0899344981 0.0000031732
146066608.9114724100 0.0000031733
152780657.6334037483 0.0000031732
146066600.7121167481 0.0000031729
152780594.4342948198 0.0000031732
146066772.1436321139 0.0000031732
146066603.1593476534 0.0000031731
146066608.6146398187 0.0000031731
152780644.8582600951 0.0000031731
146066602.5585615635 0.0000031732
146066616.5869304836 0.0000031731
146066706.0640532672 0.0000031728
152780625.4740774333 0.0000031731
146066717.8751733601 0.0000031730
152780639.3314327896 0.0000031730
146066664.3748283684 0.0000031733
146066603.0164918602 0.0000031732
152780634.3024460673 0.0000031730
146066604.3062530160 0.0000031731
152780636.5047062933 0.0000031730
146066565.9951757193 0.0000031731
152780625.0027247369 0.0000031730
146066610.4716577828 0.0000031731
146066836.8054853678 0.0000031731
146066691.7185375392 0.0000031731
152780645.7328759432 0.0000031730
152780659.5896156728 0.0000031731
152780666.5676625371 0.0000031731
146066574.9232481420 0.0000031731
152780667.4778058231 0.0000031731
146066600.5466724634 0.0000031731
146066584.3081753850 0.0000031731
152780652.3424852490 0.0000031731
152780659.3838184476 0.0000031731
146066612.6113431454 0.0000031730
152780668.1705822051 0.0000031731
146066597.6222164929 0.0000031731
146066568.2564018369 0.0000031731
146066581.3206526637 0.0000031732
146066571.7153076530 0.0000031731
152780637.3145920336 0.0000031731
146066565.9360468984 0.0000031731
146066587.0999032557 0.0000031731
146066579.8051030636 0.0000031731
146066658.5697458386 0.0000031731
152780676.9908574224 0.0000031730
146066628.7360495329 0.0000031730
152780675.7860136032 0.0000031731
152780671.4547637701 0.0000031731
146066586.9347142577 0.0000031731
152780659.0356708169 0.0000031732
146066615.5796891451 0.0000031730
146066590.7579417229 0.0000031730
146066566.2401659787 0.0000031731
152780677.8485240638 0.0000031731
146066575.8397240937 0.0000031731
152780668.1943715811 0.0000031731
146066574.0296476185 0.0000031731
146066579.5017524958 0.0000031730
152780681.1787542105 0.0000031731
146066573.6781419814 0.0000031731
146066580.8221194148 0.0000031731
152780659.9432364702 0.0000031731
146066573.8052436709 0.0000031731
146066576.7615157664 0.0000031731
146066573.2349918187 0.0000031731
152780677.3905648589 0.0000031731
146066572.0469425619 0.0000031731
146066583.7696294785 0.0000031731
152780680.9127760231 0.0000031731
146066586.1478688121 0.0000031731
146066566.3556340039 0.0000031731
146066571.8107622266 0.0000031731
152780671.0172949433 0.0000031731
146066592.3153294027 0.0000031730
146066566.7584352791 0.0000031731
152780670.5496471524 0.0000031731
146066566.2408563197 0.0000031731
146066583.1600985527 0.0000031730
152780678.9291189313 0.0000031731
146066573.2972166836 0.0000031731
132206228.0000000000 0.0000031731 1 0 0 0 0 0 0 0 0 0 0 0 0 0 0 