518638792.5438463092 0.0011368988
514187432.6053655148 0.0001633229
518799232.3688096404 0.0008084093
525723635.8448796272 0.0004893332
590529988.7211948633 0.0003884920
546723692.8791799545 0.0000175065
507327657.7457299232 0.0003625951
507202902.1232606173 0.0000070990
530884792.9820253253 0.0001461922
544500515.5260601044 0.0000967202
546588054.4176862240 0.0000582730
488000511.8206884861 0.0003728737
553623381.4025996923 0.0000216283
488052230.7747832537 0.0000089729
480199612.0482444167 0.0000000098
552694769.3285622597 0.0000000052
486682592.3237143755 0.0001619250
425126048.7486178279 0.0000149827
407347334.1821146011 0.0000177684
409232193.4662637711 0.0005606647
402843940.9814808369 0.0018646874
401940332.7057136297 0.0028490063
342814208.4592579007 0.0043306062
324359902.3199391961 0.0050866007
318480620.4175154567 0.0037854265
382261331.0790104270 0.0000498077
434046742.2922789454 0.0007064150
397044531.1185994148 0.0001913332
365127489.4774321914 0.0024246831
302562080.0248335600 0.0019101309
354978509.8804166913 0.0010181548
240511657.8584249318 0.0061213484
294135801.6393158436 0.0085000846
248721094.0162200332 0.0060052708
260121978.0204119980 0.0000029603
243967732.0778979659 0.0063252127
296556271.3233081698 0.0005976861
236563065.2293259203 0.0012974594
269169801.2644398808 0.0003467015
239001729.0522471070 0.0003414162
261670105.8636908829 0.0000006179
234302156.4547990859 0.0013534311
290628180.1731536388 0.0007532731
232040000.1646895707 0.0013113323
234574945.4666247070 0.0017379874
231829890.6005282700 0.0013566918
197884861.2626540959 0.0009890637
190911396.9276750088 0.0015431138
252221427.8518744707 0.0004447062
196582336.5718709528 0.0016638449
198190276.8538656533 0.0010985811
190108974.7775270641 0.0016236834
201841921.6072717011 0.0064697162
190311464.4014083147 0.0036242480
202880318.6954306066 0.0018807621
195031164.5006573200 0.0013997004
225024631.2471009791 0.0003798236
190256605.0582395196 0.0009189549
261748193.6486671865 0.0010510270
208105656.7922120988 0.0009314236
177603257.5802498162 0.0016649582
177266482.7966248989 0.0014931207
187555950.3232304752 0.0016098373
181720135.6763678789 0.0021949744
251907588.6333685517 0.0007223297
179460306.0562101305 0.0015156004
288797521.9653993249 0.0018463652
176499913.6734097302 0.0013736313
291490156.7768630981 0.0007202943
175402536.0836096704 0.0009328512
217054903.3443979025 0.0000041355
177419015.8812503815 0.0002948150
208949675.2456002235 0.0008078656
177647818.5090789795 0.0050931129
188553455.2129513323 0.0000103764
176017045.5772985220 0.0017242960
216519840.1154341102 0.0000009122
180761406.8105449677 0.0018107151
195279024.7093975544 0.0006101679
181067968.1612869501 0.0051907641
206961441.0432989001 0.0038345571
183076165.5235957801 0.0008788381
194237061.1634036899 0.0018334179
180761786.0491665006 0.0006997174
218324641.6836572289 0.0008735546
174580229.5358174145 0.0015628567
179029295.2805789709 0.0033070766
181125387.2449594736 0.0005096922
214775656.5338188112 0.0258007673
187854830.8740790486 0.0008978541
232278107.7248739302 0.0027548854
174323159.0015433133 0.0024924007
217162825.9640598297 0.0007017805
180677293.4826938510 0.0004802584
224139340.4699399173 0.0079221696
183282961.6817592978 0.0013215115
211871888.3697897494 0.0013998910
174745790.9385499358 0.0022339533
200917075.7745643556 0.0071498615
172776248.0172922313 0.0041726281
178927307.4965289831 0.0021443194
183591004.9157448113 0.0049249523
228831411.4519810975 0.0024219939
190137845.3512836099 0.0053262040
277818208.3141209483 0.0000171081
179760737.4027521014 0.0030956362
227683260.4797703922 0.0214713764
171657491.6481928825 0.0031261304
210328724.2073552608 0.0017082730
184791742.7055167258 0.0017512601
236592128.0007759035 0.0002223996
174432376.9671940804 0.0005981563
174927757.5293033421 0.0031267505
178357802.7010270059 0.0014993363
176622848.6210703850 0.0030634264
180920790.9803491235 0.0019258695
178124119.2090378404 0.0029002551
173867358.5884713233 0.0025006240
174143233.0539154112 0.0038344268
175688419.0664080381 0.0027053527
173556788.6925667524 0.0050868967
177094531.1912127733 0.0131075167
173462687.5618024170 0.0020204202
173212902.3165684640 0.0012890566
177175742.9131267369 0.0031691469
160664144.2908581197 0.0016368045
181644756.5792458057 0.0008067699
169610078.5700194836 0.0063602556
157379254.0006209016 0.0022772109
172508450.6047509909 0.0010202758
160677995.3748473525 0.0027213448
176844957.9996477664 0.0049945384
158447581.9068597555 0.0020025877
159008142.5699191689 0.0013450391
177449014.9611987472 0.0018365841
159534582.5868057609 0.0019454436
157795586.4722582698 0.0020876569
150211416.6960340440 0.0062349181
151758649.5568555892 0.0061587694
161850870.1683747768 0.0029305320
164790040.7995541692 0.0052951130
148363275.9336151779 0.0116406137
156600134.3938158751 0.0102558143
150464230.4501433372 0.0281149206
151478816.4161158204 0.0099290299
154160340.1812640727 0.0048194968
154881113.5302570760 0.0094640156
181872286.4381743371 0.0073035219
153452771.2768459022 0.0109100999
146958731.0388741791 0.0115650498
150215604.0153986216 0.0109067742
153404107.7278323770 0.0066752963
147996096.9615835249 0.0121521421
168309173.1587875783 0.0022593295
150083923.7099992335 0.0155165468
145678830.7227443159 0.0070732954
144866331.8398722410 0.0050022487
144776227.1229283214 0.0081790677
144544018.0123995543 0.0106006405
149382772.8660921156 0.0151448413
150599257.2945357859 0.0100752742
151512421.8777728081 0.0129962051
144583888.9086995423 0.0121254820
158013791.2853980064 0.0082961142
143860744.1066963971 0.0115056872
149995243.6489514112 0.0236593207
142204348.7881480455 0.0132918329
146691304.2539297938 0.0169026436
142371172.8363908827 0.0133497296
155880733.1629627347 0.0132421896
142635467.1366707981 0.0107651630
144917122.2770076990 0.0170518847
143876375.1995451450 0.0128150910
148121194.5078674853 0.0026540460
142125084.5793137252 0.0126292038
147971677.8550445735 0.0104864239
145919630.3087182045 0.0119340173
162856744.4775227904 0.0036248995
148645249.1112256646 0.0125856909
168647001.3607112467 0.0078131543
148783538.9315026700 0.0119568366
150587289.1837379634 0.0031579881
146916040.1253347993 0.0073158076
150883324.8459669948 0.0139458876
149314362.7645604908 0.0113374905
153191036.8861244917 0.0166489853
145219739.4937686920 0.0117122156
149684692.3935749531 0.0118451512
142418992.5414843559 0.0093294200
153901420.3185545206 0.0201320917
145346937.0469428003 0.0115968545
152299183.1842670739 0.0135960712
145859542.1082638502 0.0162904729
156102561.6976330876 0.0139307081
141968998.9657347798 0.0131394093
145870622.2890293002 0.0249539654
141387355.9016103745 0.0143013243
144333909.6216120720 0.0105190028
144505032.5755677521 0.0148582411
142441799.4601426721 0.0121478594
143731910.1089848280 0.0095615953
153724669.0800206959 0.0216015376
142609253.4150463939 0.0107002303
165564871.3452656269 0.0106907125
146339430.7410094440 0.0236480677
147305037.5665120780 0.0106536689
145548488.7955086529 0.0141004434
140219472.1600630879 0.0148400455
141707283.5368053019 0.0146988938
141141059.0334312618 0.0101464702
146806198.7435643971 0.0132188883
152887781.3670460582 0.0048025723
142616943.4247380793 0.0173364215
157422103.4006521702 0.0109625897
144501294.8052726090 0.0127172355
143268673.1205410659 0.0223225388
148899281.3430595696 0.0125594220
143438177.9333502650 0.0120791663
142397079.2317819297 0.0134414316
146003739.8742550910 0.0140988716
141366099.8546077311 0.0147530909
133970597.8764538020 0.0056198552
133938555.8689729571 0.0088386081
134405869.4439279139 0.0075524737
141653552.0210876167 0.0066402879
136400555.7009314597 0.0074603617
143451579.7840778232 0.0173323363
171498076.1614045203 0.0100258434
134215293.2906647474 0.0065510739
137301370.8927824497 0.0093632816
149071925.9645198584 0.0030983952
135892178.5970582068 0.0097590637
156726269.8880096376 0.0110127796
136098418.4645813406 0.0121530638
142691792.4523857236 0.0069864800
135506953.7116548419 0.0094769934
153352232.2089591622 0.0061607782
133992250.8914727420 0.0069001794
155500623.4115899503 0.0050298458
170486153.1163647771 0.0075556387
155170470.9802109599 0.0056575093
136462201.8604799807 0.0098424070
138452494.9257529974 0.0233580850
134219072.3437232375 0.0031427875
146997678.1403981745 0.0049981980
133611243.0285322815 0.0091690643
159173949.2987029552 0.0059234618
165624902.7472840548 0.0107340937
141811445.1118603051 0.0065756634
171883166.3957156241 0.0081271736
161837331.3774167299 0.0225239539
133327333.8881581277 0.0072970002
155857992.5378052890 0.0001086682
175819248.3247952759 0.0072522263
134328563.0566134453 0.0016538596
172602253.1108567119 0.0076445627
159070350.1405061483 0.0028937827
135516657.9094509780 0.0078428042
171006766.0862253308 0.0043583425
168078025.1054223776 0.0066755818
180356766.9048437774 0.0083882973
138208120.8434509039 0.0086661198
143512630.7913811803 0.0071371792
168778062.9330655336 0.0065201774
155881361.8029994369 0.0097563685
133438253.2855285108 0.0114478165
155169443.1984726191 0.0025524117
132999119.6318462938 0.0113386331
172897885.9226314127 0.0118969141
133584779.0684187412 0.0108253909
143659298.0985934436 0.0225191907
134996088.3450759351 0.0113071570
142131522.9347786009 0.0024982139
139502848.1061046124 0.0120255744
152612772.7736058831 0.0068362169
134483571.3833344281 0.0096393022
135330253.5044456422 0.0107565728
166889381.8135264516 0.0146959104
135482408.7071976960 0.0073657188
135175017.9052632153 0.0122629768
142106565.5691309571 0.0149278733
176343749.4944958091 0.0100175604
168211294.6917436123 0.0153955451
133353308.2264015079 0.0110198185
171535997.2650920153 0.0095036765
136029017.4567111731 0.0143186858
161461828.9654194117 0.0121260509
134630956.3008837104 0.0104139813
165174361.7999746203 0.0112756758
135289209.0122649670 0.0137099024
134688153.8044256866 0.0113840958
161212583.5363261104 0.0138198966
173109225.6693831980 0.0112000192
133225567.6900504231 0.0163537412
169032530.3767943680 0.0104817197
131859028.9289986193 0.0092472366
135251090.3238997757 0.0092273727
134298218.8589873612 0.0037460559
132513800.7169574648 0.0087571569
134712917.5230549574 0.0122119038
135030416.1614854634 0.0084998874
133877973.2082841843 0.0090427266
134259814.0735213459 0.0096410303
135416971.2810751796 0.0173320710
134325808.0605870485 0.0089263786
133906122.7007468194 0.0127550229
134150418.2461531609 0.0096170628
131872169.7140339911 0.0117635019
132397233.7393842489 0.0100924247
137812710.1779161096 0.0084489799
134073154.1753773987 0.0120701856
134363033.5005725920 0.0133145103
133449302.8022157848 0.0078885550
136768077.3642754853 0.0068501049
135453118.1572849154 0.0086256924
133291290.7338855416 0.0071696233
134873959.8727767169 0.0097291253
138032481.7992680073 0.0075441785
131725128.7418718040 0.0093015541
132575075.5079181343 0.0063074941
132551268.6940105706 0.0108764046
134867404.7531557977 0.0154507935
135110577.7046741545 0.0079328612
134529921.6354176402 0.0085100506
131980816.1669704020 0.0080815244
139531210.8269607723 0.0119285314
131866850.2770276517 0.0093987958
166369493.0541068912 0.0049091253
133350528.0282001942 0.0093902532
167007337.3871541321 0.0132608949
132081011.5056160539 0.0105881642
136116140.3364124596 0.0033397739
133527795.1348496526 0.0091477261
169316225.5529591441 0.0123225244
132994088.9489506483 0.0095648979
137701514.4794518948 0.0030290743
136144225.1785242856 0.0093976450
136223744.9253439605 0.0031059314
131908133.0718226880 0.0093627756
137768165.8320398629 0.0030346706
131718369.4068773985 0.0090678862
131960461.3869131505 0.0031753047
132401396.3656992018 0.0108589666
133267862.5662564635 0.0121184239
135251635.1934999228 0.0079796439
134987888.4579103589 0.0093753537
132327904.4717242718 0.0072435200
131555624.4158564657 0.0093797385
132112924.8319327980 0.0080653565
132752790.1609641314 0.0093660314
135536719.2321129143 0.0089097618
131619509.3800810724 0.0088457822
136101470.7785029113 0.0080069906
132602131.6780915707 0.0090524763
134857778.8676303029 0.0141457996
136024679.5077541173 0.0086363597
135608667.7043489814 0.0103843062
134665252.5088902712 0.0085992874
133626601.7286945134 0.0116413796
131948668.3374367207 0.0091556634
132646084.6669036150 0.0074315067
132066932.0091510564 0.0101634833
134193538.7033166736 0.0075894974
132195094.2962867022 0.0081950891
135886182.5783023834 0.0111532188
135110458.0606377721 0.0099097119
135054841.0811459124 0.0071057939
131832346.2498538196 0.0084777101
135259168.5152098835 0.0109144641
133647269.7372033596 0.0092971228
131515386.8111466616 0.0078838399
132115362.2502747625 0.0076024436
133068305.0972619951 0.0070069254
131463516.9746612608 0.0074773751
132302155.5961560011 0.0064859254
134464425.5338940918 0.0086703730
131665049.4460605383 0.0048602288
132308370.0260523558 0.0067223241
132761076.4033233672 0.0079810690
132080142.4323030859 0.0071818879
132282534.8154404312 0.0071775629
134631121.3092103601 0.0073375989
133156034.8368397206 0.0053544832
131472348.4842052460 0.0073259681
134545019.8474618495 0.0048105359
135361771.3825576007 0.0074996450
131849115.8154767454 0.0094968967
135688661.9020751119 0.0075862474
134040351.1175585836 0.0054444849
131448572.5464502275 0.0073269323
133721600.6001817435 0.0068257358
131712543.9071042985 0.0075356753
133718456.9021787941 0.0056805457
133283182.4099143147 0.0076857130
131472902.5251875073 0.0071361539
132186980.2176827788 0.0076170455
136469791.8787260652 0.0091375275
131863498.5794922858 0.0073342411
132119856.1930750459 0.0101230213
134636352.8304558992 0.0082130814
133357696.4181046188 0.0085847107
131492419.1306693107 0.0082680111
134146763.6832752973 0.0066463397
132182435.6312519610 0.0073444602
133681690.6588717848 0.0085065192
135974735.6463761032 0.0072881071
134450617.3218625784 0.0070690930
133841116.9331019819 0.0076075069
132820984.4208195508 0.0065840744
131665213.1598472148 0.0068505461
136824888.7895911634 0.0093347259
135855617.8341819644 0.0078149518
131689260.3866225481 0.0073790857
131526380.7144016922 0.0061670063
135463323.8620135188 0.0070240385
135343679.6423142254 0.0083669777
131484118.3756710440 0.0072245687
134447810.7477363348 0.0072341060
131628801.2528956831 0.0071876997
135018978.4431218505 0.0063965891
135678047.5367732048 0.0078128400
132559976.6829855144 0.0059240438
135825337.2832857668 0.0072823651
133016372.3872939646 0.0060025777
131607015.5900333226 0.0066629362
135951562.4502631724 0.0071544327
131606107.6372181326 0.0073916170
131925127.2895912528 0.0070575061
135132654.4100723267 0.0072368231
131870531.5604595244 0.0068159234
132987394.5450549871 0.0077216240
131494510.2302385569 0.0073825418
132314275.6020922214 0.0072963058
131630020.3518403172 0.0073946353
135742939.1031590998 0.0074819138
135849693.6288468242 0.0072680712
131640426.1379543543 0.0069737146
135646780.2189808786 0.0073801857
134891684.8548756838 0.0072304148
135730212.3083716631 0.0073371760
131905853.9552844465 0.0076865517
131657483.8491840363 0.0073258709
132121994.9426086396 0.0070829851
131604549.5567207783 0.0071551886
136043465.2202508748 0.0074872769
135954549.2820222080 0.0075954881
132461579.1202268600 0.0067197114
135494348.0492895246 0.0071236897
136020390.0255514085 0.0065353483
131590120.7590878606 0.0071219622
131487962.8719463646 0.0073753829
135855779.8170916736 0.0074307608
135477936.9266833961 0.0073848666
131568455.3694158047 0.0072195090
131627563.1449993104 0.0081906898
131534635.3439357579 0.0074919531
131483606.8674937189 0.0072527836
135863837.2833539248 0.0072882720
135899167.5197124779 0.0073405874
135238527.7678949535 0.0074527910
131520996.4891560525 0.0073598904
135695964.8313018382 0.0075801948
131458131.6098066121 0.0073516611
131685955.8408727795 0.0073773234
131468630.6899665594 0.0073076524
131522285.9537815601 0.0075121545
131503549.4293929636 0.0073145439
135909386.8150668740 0.0071108160
131570429.2435530722 0.0073241989
131545968.6345769465 0.0074217507
131460880.2165493667 0.0073364573
131530763.8321739733 0.0071623847
131502329.1942076087 0.0073344007
131477178.6845458150 0.0069204425
131577294.6465633661 0.0073451963
136067466.0080310404 0.0073154663
131491624.9325955957 0.0074325814
135210123.5980928242 0.0074805070
131504685.8999249935 0.0073394200
132146954.0900276750 0.0073558973
131518264.0160236061 0.0073423556
135645646.4482131600 0.0072557408
131547654.8835986853 0.0074466021
131470498.5063638389 0.0073366419
131475737.7225589305 0.0072915585
131644524.5616837442 0.0070264576
135647907.1916893125 0.0073045692
131829954.9118264019 0.0072758526
135770820.6026546061 0.0072545630
135563637.1433710456 0.0075588719
135683923.8595875502 0.0074218234
135339950.7707096934 0.0069007222
131540761.8234433532 0.0072820143
131606662.4918670207 0.0074717395
135923769.9357730150 0.0073318389
135896110.6886258423 0.0074967970
135692737.5631086826 0.0072180621
131547479.9215383381 0.0073089024
135937496.1927927434 0.0073394981
131453682.9774030894 0.0072188305
131458505.9038146138 0.0072455772
131480848.0158091187 0.0074229600
131449495.7414762378 0.0073049814
135659825.8957249820 0.0073541362
135960687.1768184900 0.0073306390
131503310.8874873966 0.0073550159
131473671.6514090002 0.0073142935
131551637.5058038682 0.0073529664
131457793.0437427610 0.0073187585
131480194.2480258048 0.0073359265
135815679.4043588340 0.0073378568
131672233.9032991230 0.0071886930
131454163.7657440901 0.0073369662
135762665.0302214622 0.0073215869
135964560.7727113068 0.0072986413
135916224.7859292924 0.0074547539
131450139.7856624573 0.0073176542
131453550.2798918635 0.0072316910
131485717.0707241297 0.0073478233
131455839.3258436173 0.0072372616
135939088.6487318575 0.0073452467
135911338.2800632119 0.0072306917
131448742.6554311365 0.0073148650
135940885.4877559543 0.0073289703
131459719.9308487177 0.0073394042
131449942.5238162428 0.0073272947
131464657.8737658411 0.0072575531
135958002.2406196594 0.0073291849
131445809.4639481902 0.0072961242
131463191.5363205969 0.0073000994
131610857.5778550655 0.0072625657
131459693.6765537709 0.0072889880
135944320.4920740426 0.0072548922
131473495.8528348505 0.0072995188
135946441.3067922294 0.0071858817
131493300.3051448017 0.0072904168
135995819.7998377681 0.0072508806
131485700.6852381527 0.0072906488
136023061.4224465787 0.0073318135
131473230.6673892587 0.0072946562
135831971.9589838088 0.0073265070
131487115.5996839702 0.0072925436
135907287.0679173172 0.0073265066
131476313.5430865884 0.0072832329
131490156.7998947203 0.0072379688
131453105.8193809390 0.0073189560
131526072.3969864100 0.0073122617
131462550.3600971550 0.0072903400
131649556.7381302416 0.0072922006
131487207.0406152308 0.0072906795
131542365.3579437733 0.0072818973
131483654.6502239406 0.0073158929
131471563.6435032487 0.0073259639
131466813.6262771785 0.0072939127
131468196.0010782182 0.0073483016
131454493.6253083050 0.0072824327
131465064.8011585772 0.0073510561
131461222.6540566236 0.0072915176
131464837.9795015007 0.0073512277
131460541.5190646052 0.0072851107
131475532.0176853985 0.0073561434
131492656.9927273691 0.0072960519
131474593.1289842427 0.0073549152
131489734.6881042421 0.0072879728
131475790.0716698468 0.0073564724
131453586.5620931387 0.0073086599
131475875.8946573287 0.0073600690
131472766.8613526523 0.0073034310
131475851.6424575001 0.0073614738
131488897.4502445459 0.0073091207
131475865.5054387599 0.0073586758
131449515.6326929778 0.0073082013
131475186.8118402809 0.0073494527
131460674.3489124179 0.0073227721
131470333.0488315523 0.0072864658
131468777.1231905669 0.0073244702
131456964.8188351542 0.0072879337
131488068.6113975942 0.0072836730
131452641.2587670684 0.0072947751
131457049.5139314234 0.0072804538
131446994.2141338736 0.0072931383
131534244.3275372088 0.0073066691
131484704.7611613125 0.0073090939
131467008.7555475980 0.0073012623
131480248.1745776534 0.0073181722
131466846.9714918733 0.0073003517
131482148.6472096145 0.0072759404
131463473.7407765836 0.0073312515
131492182.2046881467 0.0072831973
131453996.9897723049 0.0073422239
131470821.0346197188 0.0073067548
135953799.0691569448 0.0073277465
131452103.4115332961 0.0072829252
131485440.4026744366 0.0072988917
131451938.8042050153 0.0073115687
131493516.9601922333 0.0072487175
131460976.9513362795 0.0072930577
131458402.0449418575 0.0072585896
131451343.4204836637 0.0073004499
135916967.6761436462 0.0072993067
131457671.7298408747 0.0073157950
135960771.0543050766 0.0073313836
131483271.2788460851 0.0072873715
131492372.7940096855 0.0072683390
131450346.0384937078 0.0073170446
135864988.6820927858 0.0073197739
131464895.7633013129 0.0073133161
135914731.7948490083 0.0073034960
131468813.8280855119 0.0072951912
135966145.8736108541 0.0073401474
131483619.1500215381 0.0072543217
131464753.1394483447 0.0072752162
131458439.5811181068 0.0073049574
131450440.8078548163 0.0072992565
131457740.2840307951 0.0072977921
131491103.0681298673 0.0072988091
131446032.0611947924 0.0072953935
131488187.6532659531 0.0072971899
131447904.7420003414 0.0072821839
131491327.3507999778 0.0072971691
131456177.2287962735 0.0072909588
131488718.1028562784 0.0072963593
131455824.4890300184 0.0072942010
131446696.7854388952 0.0072956307
131448140.1548449397 0.0072992180
131490865.4240524769 0.0072940980
131449160.3704752624 0.0072847626
131446148.8377506882 0.0072960810
131448330.4802271575 0.0072965994
131446215.3373535126 0.0072979992
131452847.0524249226 0.0072955963
131485077.2645818591 0.0072958118
131451918.7000880539 0.0072940760
131486061.6764509976 0.0072956286
131459178.3534979671 0.0072982438
131446958.9661409110 0.0072965733
131461674.1788193882 0.0073019453
131489721.8354356885 0.0072965787
131480670.4813741595 0.0072970233
131448488.1842136085 0.0072925178
131446733.2333053946 0.0072963809
131447299.3352276683 0.0072964247
131451584.5675513744 0.0072932644
131489625.4789762199 0.0072997478
131458197.4383612275 0.0072952085
131445968.6293263435 0.0072962969
131485667.7103927433 0.0072942143
131491395.9570536017 0.0072961137
131453090.0367329717 0.0073036524
131445999.5091915131 0.0072980087
131483816.0200525373 0.0072983210
131489310.6160164773 0.0072962194
131478262.0657464564 0.0072999082
131448447.9941926599 0.0072964708
131484200.1947413385 0.0073026790
131486917.0066669583 0.0072951111
131447049.3929649442 0.0073029490
131481462.9626697302 0.0072795362
131487204.5800589919 0.0072878272
131446078.8393055052 0.0072962873
131455440.9015818536 0.0072984340
131445799.7347182035 0.0072957166
131487491.4985868633 0.0072871597
131491953.0418208390 0.0072958549
131450637.3427615613 0.0072975751
131489725.3180099875 0.0072961693
131454919.6164818257 0.0072964895
131491930.3724358678 0.0072949398
131489462.8252814561 0.0072993022
131447083.7710087597 0.0072958996
131485641.2515283972 0.0072971810
131487693.6991648972 0.0072957172
131448652.8384362757 0.0072970778
131448293.6035919636 0.0072948885
131492216.4508645982 0.0072953896
131446337.3621242791 0.0072970586
131492687.1368817389 0.0072958394
131449386.5448183864 0.0072961956
131446130.8733890355 0.0072957467
131450326.8059076220 0.0072966596
131446009.3841829896 0.0072956511
131447070.8591231108 0.0072955966
131446311.5942394286 0.0072954284
131446047.3445281684 0.0072960751
131492186.4950810820 0.0072962078
131491342.0463403910 0.0072931394
131492751.6785758734 0.0072956849
131446487.3502446562 0.0072931655
131491551.4863030612 0.0072964968
131449193.9394421279 0.0072961375
131446031.6662294865 0.0072956452
131446115.4386779070 0.0072974987
131447271.7528760433 0.0072949529
131491369.0092322081 0.0072974294
131491375.6964806169 0.0072957742
131446915.4460756183 0.0072932318
131445994.1893875152 0.0072961890
131446987.1281363368 0.0072946855
131445989.8610293865 0.0072953146
131447206.1950356513 0.0072982859
131445983.3811869174 0.0072955338
131445832.3107146323 0.0072961038
131490814.3154589981 0.0072961555
131446037.1328087300 0.0072947769
131446323.5854723155 0.0072952361
131488770.2121998072 0.0072963867
131489929.9585550129 0.0072955348
131450554.1846557260 0.0072932322
131489772.5812567174 0.0072947736
131492334.1635234952 0.0072955298
131448206.0389102250 0.0072960374
131492885.2166285664 0.0072955506
131448482.5186413676 0.0072966006
131446147.5820263475 0.0072961611
131492307.5900612622 0.0072948410
131492809.2358898520 0.0072956782
131492549.7740676403 0.0072952542
131445869.7744144946 0.0072956024
131447160.3384365439 0.0072953420
131445979.8576087207 0.0072956513
131446207.1608617604 0.0072961577
131445834.2924418747 0.0072956395
131446370.7898232043 0.0072951111
131445981.0243098289 0.0072965807
131446762.6957698464 0.0072965529
131446500.2072603703 0.0072957950
131492136.7453239411 0.0072961605
131445960.1701328307 0.0072960699
131446129.8287775367 0.0072956993
131446012.9526757747 0.0072962250
131492755.4178446382 0.0072958222
131492810.6574948430 0.0072953121
131445853.8483712524 0.0072958513
131446314.6208781898 0.0072959598
131492867.9380338043 0.0072957565
131445945.2965741754 0.0072957163
131445966.0137549490 0.0072955438
131446821.5861700326 0.0072953367
131446165.2532496750 0.0072957151
131445887.9849862456 0.0072955093
131445912.1791411638 0.0072957614
131492569.0137863606 0.0072958783
131492902.2864494771 0.0072955932
131445852.9345095605 0.0072963409
131445998.6888179481 0.0072957114
131445902.3840873390 0.0072958346
131445992.2859951556 0.0072956074
131492415.6386970729 0.0072954841
131492483.8342722654 0.0072958023
131446621.6099182963 0.0072952339
131492842.2967843711 0.0072955957
131492643.9060796499 0.0072962591
131491881.5130817592 0.0072956354
131445979.7507219166 0.0072955533
131445843.0465390384 0.0072957187
131445824.5240400434 0.0072954961
131492618.0939408988 0.0072957282
131446330.2375379056 0.0072956926
131445865.4828525335 0.0072957286
131445992.4972751886 0.0072956351
131492804.8838745654 0.0072957050
131446103.9438528866 0.0072955732
131445892.9098042250 0.0072957381
131445812.7084474713 0.0072956792
131492762.1654212326 0.0072957309
131492853.4913480878 0.0072957553
131445894.3094171435 0.0072956868
131446242.9984091520 0.0072956982
131445945.0562585294 0.0072957426
131446032.2247729003 0.0072956823
131445893.7342079282 0.0072957450
131445850.8942989707 0.0072956565
131492595.3008337319 0.0072957690
131445828.0935920030 0.0072956715
131492676.6506584436 0.0072957961
131492867.4865742475 0.0072956869
131445827.4196719229 0.0072956160
131445808.7747141272 0.0072957121
131445940.7535519749 0.0072957492
131492748.0456144065 0.0072957241
131445984.1735877842 0.0072957520
131492803.6259028614 0.0072956303
131445864.7004749775 0.0072959091
131445811.0740469396 0.0072956753
131445974.6098530143 0.0072957702
131445855.4472559094 0.0072957176
131445928.2934587151 0.0072956474
131492852.3713046461 0.0072957198
131446220.7106438875 0.0072958436
131445833.8415597081 0.0072957179
131445973.6339045316 0.0072958232
131492872.5728064626 0.0072957801
131445860.0510051101 0.0072955853
131492883.7688126266 0.0072957316
131445907.1667751968 0.0072954268
131445793.8428095281 0.0072957335
131445891.4717937708 0.0072957132
131445796.5458219498 0.0072957411
131446282.3525324762 0.0072956213
131492760.3624746054 0.0072957286
131445904.6897196919 0.0072958381
113047069.0000000000 0.0072958381 0 0 0 0 0 0 0 0 0 0 0 0 0 0 1 