422623918.6709012985 0.0000010765
415107477.8098970056 0.0000009310
415786185.4054971337 0.0000000528
462995536.4664688110 0.0000001326
438498950.3463857174 0.0000000004
452498087.4887539148 0.0000000562
466834496.0905146599 0.0000001498
418714198.2227091789 0.0000000339
430580960.8344699144 0.0000001123
447994408.9644384384 0.0000000863
482009334.9401099086 0.0000006306
406483932.6157343984 0.0000010302
444459175.9464520216 0.0000001960
403365600.8901857138 0.0000003982
406399266.9029225111 0.0000000297
428265914.2559471130 0.0001764234
425313738.3655403256 0.0000000065
367847873.1836878657 0.0000009162
334665545.9304372668 0.0000011973
338111519.1668834090 0.0000000267
322199195.2485095263 0.0000002472
314220023.6716085076 0.0000004452
327630778.8154466152 0.0000038672
299152862.9758797288 0.0000008768
297904745.7389656305 0.0000021221
358652972.9806566834 0.0000013208
323907191.6419526935 0.0000054264
324183992.4156224132 0.0000015858
323570762.3599042296 0.0000013960
318420974.0962648392 0.0000015028
322262288.7936820984 0.0009402660
272217314.4088029265 0.0000051337
306129484.6230170727 0.0001118720
288570691.2835816741 0.0000169162
299651881.1409341097 0.0000201205
269909572.6558549404 0.0000068242
265339025.3918944299 0.0000649869
273071989.4033001661 0.0000100206
321756903.5575212836 0.0000021784
263801573.9848942459 0.0002515513
291316215.6738834977 0.0005448111
274121303.3488527536 0.0001638433
304740309.8501051664 0.0002138307
262094707.9744300246 0.0001697426
281447047.2494958043 0.0008488809
262584958.3557088971 0.0001758945
273689869.4036450982 0.0000084334
262537543.6040199399 0.0001799342
254435606.5635268986 0.0004914351
258982354.9825332463 0.0004363745
232890568.6451756656 0.0005350667
235974586.1825734079 0.0003979032
274349223.4003146291 0.0000005357
225849103.3768257201 0.0006775967
250666553.2777807117 0.0004252523
228097590.1180972159 0.0006191736
248249819.3163962066 0.0004033053
220826073.1710871756 0.0010546429
269812387.9426046014 0.0015299093
220171086.7195679843 0.0005847507
226962868.6358434558 0.0001413406
225115807.2847699523 0.0005341727
237015350.5335317254 0.0002560804
214208759.0767665207 0.0005322250
190007044.1714600921 0.0005423540
200606693.0595588386 0.0004403433
212468743.0861257315 0.0002539451
178691014.0961546004 0.0005299482
208660116.9228021801 0.0002571025
198301068.7800799608 0.0004221530
256647105.6978936493 0.0002310676
183432281.6110763252 0.0006509133
216834294.7344556451 0.0002828516
179098162.0814761221 0.0005116355
209027943.2696117759 0.0007941090
182168202.1843369007 0.0002168711
250222274.3518861830 0.0001075557
181200361.3296252489 0.0028190145
223472217.3922451735 0.0013468928
194132845.7255165875 0.0003498223
211717093.1205409169 0.0001437339
177170347.3829071224 0.0004999926
158330789.2898644805 0.0000079748
153748916.2781457305 0.0000030752
184138900.5653302670 0.0000562666
154937237.4657062292 0.0000035661
165778787.2903224230 0.0000046178
156467987.2205650210 0.0000029738
184378118.6131260991 0.0000000573
153641430.7429474294 0.0000058832
177558557.8136266172 0.0000176855
155982652.2260917425 0.0000025361
171389756.5926535428 0.0000024216
153863100.3395953774 0.0000047451
177531031.1911453605 0.0000001092
158997121.7822651565 0.0000200948
165475884.3799564242 0.0000125145
180099247.6553782821 0.0000004183
184260870.1723217666 0.0000024405
170033544.9613265097 0.0000124497
199876167.1692379713 0.0000000042
157560357.3098601997 0.0000001129
194463018.3367504478 0.0000204141
174097536.3970673382 0.0000001950
191427541.0560441613 0.0000596711
174356745.2101290524 0.0000023863
200899596.9046003222 0.0001299361
155623853.1176267266 0.0000009929
170477273.2844798267 0.0000056997
153416429.4481733143 0.0000021463
176552960.5467309952 0.0000002551
164493016.1557236314 0.0000051426
148544044.7563337684 0.0000058419
150131915.8455985785 0.0000038270
193077695.7459907234 0.0002842502
147361690.6635566652 0.0000025515
183758268.7538344264 0.0000137682
150554323.7136762440 0.0000107575
225844257.4234678149 0.0000030570
152388374.1687454879 0.0000000008
195429698.4790055156 0.0000136998
150649794.5957196653 0.0000017249
182358166.1219958663 0.0000045002
148263163.7641442716 0.0000025802
200608403.3307171166 0.0001182665
149817541.5299234092 0.0000175973
182893817.9374589622 0.0000021852
148967734.7428590953 0.0000039512
172294034.0130235851 0.0000022668
217605170.3147085309 0.0000015386
176765999.6533511281 0.0000007225
150281033.6702595949 0.0000023252
152265822.3531882763 0.0000004454
195075744.1341307163 0.0000000002
151430482.8114082813 0.0000068029
211729056.5431033671 0.0000067139
149293729.5146664679 0.0000030575
160849413.2518611252 0.0000025819
149271191.8638324738 0.0000045960
147885066.7943810821 0.0000006880
152635019.6367729902 0.0000009648
159371721.3210182786 0.0000048726
152274629.3708193600 0.0000043597
150392020.1141245365 0.0000030364
149966383.2435649037 0.0000009983
190307666.3582662940 0.0000000060
147692963.6506598294 0.0000020993
149611748.6740006208 0.0000005697
147666699.0485793948 0.0000030460
158547011.8165166676 0.0000017366
150822235.6438423395 0.0000079325
191381115.0524263382 0.0000369089
150162628.0093546510 0.0000022593
152931648.5875460505 0.0000000016
147069353.1507394016 0.0000031984
228532157.6184708774 0.0000001956
151441178.0347397923 0.0000013499
152494747.5953243077 0.0000218474
148562880.5034400821 0.0000025961
151358909.1005263925 0.0000173024
150069117.5928434730 0.0000029173
158307815.3980793059 0.0000047904
148170049.4526423514 0.0000022953
149268112.1202529669 0.0000001337
148357084.4486358166 0.0000000791
153745230.2462892532 0.0000014747
149058026.3378264904 0.0000033944
193061914.8749282956 0.0000022761
149125777.7627798021 0.0000007966
149701090.7509207428 0.0000037246
148840056.6391820312 0.0000001352
152297218.1493874192 0.0000024304
147905912.7126530707 0.0000005862
149297171.1502425969 0.0000032243
149242441.4772605300 0.0000102496
146873582.1913349628 0.0000021015
150203675.4424040914 0.0000054949
147239434.0634296238 0.0000043713
150503566.8024092019 0.0000013093
149995089.4874714017 0.0000036606
151236199.4596177340 0.0000015996
147934115.2565607131 0.0000051040
148581760.8532608449 0.0000022102
147012518.4289434552 0.0000019176
147449870.1727005839 0.0000016172
149234227.7362015545 0.0000002972
147786803.5659165382 0.0000019051
152591171.7641254067 0.0000016906
147644404.8377576768 0.0000021136
149025971.5950211585 0.0000006809
146982549.9940393269 0.0000018803
153232052.2597013414 0.0000032486
146773182.1451856196 0.0000021645
148393533.7377967536 0.0000019362
146842754.5958689749 0.0000013789
151269945.6851149499 0.0000038513
146878950.2908179462 0.0000015913
150746306.7961268425 0.0000051761
151680435.9696427882 0.0000023601
149130493.1674605608 0.0000008164
150466675.3998379707 0.0000019243
150875664.1592057049 0.0000011168
151344083.9885187149 0.0000026730
148602197.0918643475 0.0000017560
149958081.0994447470 0.0000022114
148680971.1810061038 0.0000010812
152452451.4194070101 0.0000023671
149185690.6510468125 0.0000016350
148178093.4396118820 0.0000019666
146862499.2403531373 0.0000018553
147817692.1204968989 0.0000015818
148456511.4504449964 0.0000027046
150852588.1673094928 0.0000027861
146760613.5832973123 0.0000026936
151463725.2544858754 0.0000026773
146567377.6087143719 0.0000003947
147390738.0008322597 0.0000004024
147896511.6469919086 0.0000000271
147029585.5513615906 0.0000002876
147856930.3121874332 0.0000001065
147663313.4881003797 0.0000004330
147586778.6848490536 0.0000004342
151628336.4157605171 0.0000003417
153686697.1121609509 0.0000004851
147292417.0061513186 0.0000005758
150352654.9768632054 0.0000007292
146929759.6500131190 0.0000001523
148799189.7244900763 0.0000004383
146540552.2272376418 0.0000003323
146560187.0785119534 0.0000003247
150344583.9944166243 0.0000004671
148548914.6063186824 0.0000000182
151282132.6235305369 0.0000003265
149902515.2140544653 0.0000003128
152023160.0082079172 0.0000005830
149704695.6205823123 0.0000000532
152395669.6643413901 0.0000003360
147777201.9481039047 0.0000003766
147840210.2085710466 0.0000003680
147142400.7814188004 0.0000013802
152091612.6253978312 0.0000002330
149743091.5003274977 0.0000003787
151562531.0524817705 0.0000003535
148924420.1734191477 0.0000006082
151898552.4899584949 0.0000003175
150361514.5086970627 0.0000001232
146691274.1594081223 0.0000003338
148066576.2481252253 0.0000001242
151482939.9968525171 0.0000003486
149919441.9498501718 0.0000000815
146556716.6919939816 0.0000004896
146429866.1354182065 0.0000002916
149658798.8289445937 0.0000003121
146887061.8465893567 0.0000001720
152333471.8900916874 0.0000005278
146874332.5073733032 0.0000003194
148970183.3725918531 0.0000001858
146905325.2897291481 0.0000002908
151717151.4050796032 0.0000001302
146604574.8376298547 0.0000002898
149953096.1734497845 0.0000002537
146502506.7706055343 0.0000002612
148398454.9392957985 0.0000006450
146590568.2239494622 0.0000003134
149603364.1629337072 0.0000002121
146404903.3897947967 0.0000002357
151436364.0610256195 0.0000001568
146581267.2627848983 0.0000003894
147146525.4594389796 0.0000000004
150790796.5811472833 0.0000002646
147807748.5489005744 0.0000000912
146585247.3018930256 0.0000002704
148847240.4320945144 0.0000001211
147269177.6296096742 0.0000001846
147759510.5651708543 0.0000002008
146348242.6856916249 0.0000001870
148094454.0136780441 0.0000001647
146541589.6972065866 0.0000002132
150417307.1134914160 0.0000002449
151996443.6849510074 0.0000001845
146862887.7257203162 0.0000001529
146367075.1947759390 0.0000001538
146744736.2780292928 0.0000003976
151793472.2832958400 0.0000002313
146587331.9664754272 0.0000001828
147766818.0325476229 0.0000001527
146718337.4862031043 0.0000001816
146393632.0426150262 0.0000001224
146579665.8920911849 0.0000001683
152154508.6210351288 0.0000002236
146491445.9255523384 0.0000001763
148716753.4773152173 0.0000001497
146774132.6227999926 0.0000002299
146795186.7019355297 0.0000000997
146514348.5797372460 0.0000001747
146608108.0917642415 0.0000001273
146485128.2446141839 0.0000001556
146375574.8174841702 0.0000002032
146672762.7032873333 0.0000001547
146354953.0791264176 0.0000002213
146752383.7818782926 0.0000002169
146447647.3559905589 0.0000001855
151894308.4911559820 0.0000002007
146731232.4678722024 0.0000001826
146606802.6287684143 0.0000002248
146489217.9612890184 0.0000001876
146555596.2530779541 0.0000001865
146754336.6187366545 0.0000001987
147728963.8301062286 0.0000001497
146769154.3561441004 0.0000001813
146529340.0622183979 0.0000001525
146436306.0203265846 0.0000001835
147393006.7392258048 0.0000001743
146773325.1392230392 0.0000002035
146466351.7309993505 0.0000001979
146360941.6083237529 0.0000001895
146389346.5839129686 0.0000001814
146444998.8575476706 0.0000001842
146686233.8664028943 0.0000001669
146735175.7302367389 0.0000001829
151903858.0876863599 0.0000002035
146775838.3458960354 0.0000001855
146631192.1236928403 0.0000001344
146493443.4024659693 0.0000002032
146507864.6989767253 0.0000001979
146737857.6691245437 0.0000001750
146507330.7640444040 0.0000002512
146390039.7865494192 0.0000001948
151534396.2398400009 0.0000002038
146385050.5317192078 0.0000001984
151534653.7523717582 0.0000002023
146363172.8518240750 0.0000001814
151539023.8162508309 0.0000002060
146342665.5120442510 0.0000001888
151561759.0403711200 0.0000002067
146510626.8395867944 0.0000002600
146601237.0853313506 0.0000001501
146347187.0706511140 0.0000001882
147026996.0593505502 0.0000001710
146410456.6935774982 0.0000001906
146777173.6535386443 0.0000001830
146364831.0950949192 0.0000001935
146565563.5492939949 0.0000001674
146395088.7599430680 0.0000001824
146741276.9610790014 0.0000001599
146773410.8060870469 0.0000001962
146415383.6442986429 0.0000002003
146392811.3042798042 0.0000001849
146709001.8225051761 0.0000001729
146346668.5542094409 0.0000001929
146385800.1887954473 0.0000001692
146329718.1808015406 0.0000001835
146940814.4557582736 0.0000001593
146391607.9081201851 0.0000001738
146569001.5062424839 0.0000001751
146359718.8370706141 0.0000001856
146592045.9255606830 0.0000001839
146406426.4606466591 0.0000001837
146830840.4389855564 0.0000001865
146746570.7343991399 0.0000001938
146496606.5033643246 0.0000001687
146683040.7803443372 0.0000002021
146471579.3946254849 0.0000001991
146329187.2548991442 0.0000001862
146503580.9230529368 0.0000001862
146784762.2707498372 0.0000001919
146679662.4017679393 0.0000001928
146327482.2059192061 0.0000001868
146664118.2411694229 0.0000001781
146368211.0946680903 0.0000001920
146722301.9503112435 0.0000001771
146337936.0082919896 0.0000001875
146752610.8043735325 0.0000001756
146353540.5158967674 0.0000001834
146537206.9287642241 0.0000001908
146324390.6953015327 0.0000001844
146346876.9453051686 0.0000001918
146369140.6352768838 0.0000001833
146535822.8406428695 0.0000001690
146748163.9672057629 0.0000001833
146476221.2453306615 0.0000001809
146768499.6063902080 0.0000001806
146765352.2451648116 0.0000001951
146750865.6511995792 0.0000001844
146440931.6261479855 0.0000001924
146342060.7672779560 0.0000001801
146741119.5647211671 0.0000001896
146370872.8477907479 0.0000001839
146348761.6927151084 0.0000001713
146711344.6414058208 0.0000001843
146666854.6393681169 0.0000001817
146380946.1919780374 0.0000001846
146633902.3848491907 0.0000001964
146741015.4712892473 0.0000001884
146698203.8700382411 0.0000001892
146704313.4050720334 0.0000001935
146356204.6268727779 0.0000001846
146356694.2807865739 0.0000001819
146350929.9340480864 0.0000001859
146401239.9935461879 0.0000001813
146786237.7958920300 0.0000001860
146430011.2933913767 0.0000001823
146759305.7574604154 0.0000001813
146349310.7614854872 0.0000001872
146770125.1995941103 0.0000001858
146393398.6273598671 0.0000001870
146322749.7374610901 0.0000001850
146713021.8177891076 0.0000001744
146750947.0484612286 0.0000001849
146540394.0366720259 0.0000001898
146321724.3050498068 0.0000001853
146340157.0283954144 0.0000001856
146322379.2184961736 0.0000001855
146401482.4028127193 0.0000001860
146358123.0594984591 0.0000001821
146342086.4732650220 0.0000001835
146332935.1932202578 0.0000001846
146746114.0903123319 0.0000001876
146773602.7862317562 0.0000001827
146321505.2861102819 0.0000001851
146776764.8227142394 0.0000001865
146784081.6101250947 0.0000001855
146345295.1944541633 0.0000001867
146321488.7712067366 0.0000001855
146343786.8014091849 0.0000001846
146322118.5009736717 0.0000001864
146786111.3806464374 0.0000001864
146320322.8168455660 0.0000001848
146339019.0576214194 0.0000001823
146325732.5035653710 0.0000001840
146749433.1542336941 0.0000001856
146768836.1124263704 0.0000001841
146318449.1575058103 0.0000001785
146324386.2963052988 0.0000001782
146317698.7832744122 0.0000001838
146777312.4822537899 0.0000001837
146430763.4033446908 0.0000001862
146324250.1593474448 0.0000001835
146342830.0776726305 0.0000001843
146321628.1971544623 0.0000001835
146329160.5620394349 0.0000001840
146319853.2288424075 0.0000001841
146320392.6899488866 0.0000001832
146774642.0737000406 0.0000001842
146338426.3398191035 0.0000001874
146779225.1286813617 0.0000001840
146327492.7287845910 0.0000001812
146321993.1712163687 0.0000001838
146316364.9180348814 0.0000001827
146331208.2360470295 0.0000001827
146359580.4597876668 0.0000001821
146316239.5397893190 0.0000001837
146762557.1250887811 0.0000001846
146774685.6852147579 0.0000001838
146356906.8523454964 0.0000001839
146778702.6562977433 0.0000001840
146318051.5626074076 0.0000001834
146327847.1852718294 0.0000001816
146329523.2760904431 0.0000001823
146317285.1837667823 0.0000001839
146314041.9330577254 0.0000001811
146313544.6488405168 0.0000001819
146751119.4494613111 0.0000001834
146313792.2456079721 0.0000001820
146324484.4584462345 0.0000001793
146762726.3107662201 0.0000001823
146764356.7774882019 0.0000001824
146319599.5128260851 0.0000001814
146338598.8781118691 0.0000001811
146313199.6075277627 0.0000001814
146385003.8788392544 0.0000001782
146314316.0113233626 0.0000001821
146774759.2228284776 0.0000001787
146312765.9030372798 0.0000001821
146765922.6654377878 0.0000001790
146763952.6596638560 0.0000001819
146329569.3158797324 0.0000001832
146312338.7724900842 0.0000001812
146327031.8406574130 0.0000001829
146772329.0501968265 0.0000001822
146749568.2337368727 0.0000001765
146312293.4976658523 0.0000001814
146760757.0099002719 0.0000001816
146330549.7652857006 0.0000001813
146352202.5550208390 0.0000001854
146328169.5988736451 0.0000001811
146758709.7554877698 0.0000001861
146747692.2500500977 0.0000001812
146362998.2135717571 0.0000001811
146769747.2920025587 0.0000001817
146722736.9538722336 0.0000001791
146325096.8575057983 0.0000001810
146740799.3859237134 0.0000001804
146320635.5041334331 0.0000001814
146761300.8678970337 0.0000001866
146317811.6201911271 0.0000001817
146394362.4260582328 0.0000001808
146320729.4985850453 0.0000001803
146351044.6107329726 0.0000001791
146771574.7273271680 0.0000001812
146314801.8711696565 0.0000001836
146313140.3575157523 0.0000001813
146313056.9577555358 0.0000001859
146764381.1099783182 0.0000001821
146326520.2759340703 0.0000001831
146757627.4830743968 0.0000001831
146313060.5158106685 0.0000001820
146318147.9251032770 0.0000001816
146313180.7886604071 0.0000001811
146313657.5316713750 0.0000001802
146312608.0635115802 0.0000001815
146322813.1102501452 0.0000001809
146312904.0506659448 0.0000001807
146332582.5707218647 0.0000001802
146313664.0995891690 0.0000001812
146345273.2782991529 0.0000001793
146313367.8445724845 0.0000001811
146321173.1273271441 0.0000001820
146312262.6168857515 0.0000001814
146320492.6369781792 0.0000001807
146313452.5157161057 0.0000001817
146316297.6326790750 0.0000001827
146313928.1446147561 0.0000001816
146317011.8881649375 0.0000001806
146313097.2494120896 0.0000001814
146332883.7417019904 0.0000001815
146312007.0257214308 0.0000001811
146754993.8327130973 0.0000001796
146312532.4645340741 0.0000001817
146764171.5413019657 0.0000001811
146312853.5999627411 0.0000001812
146357660.7029604018 0.0000001811
146312624.0061070621 0.0000001811
146311159.5676885843 0.0000001826
146769013.9458896220 0.0000001819
146324610.3629479706 0.0000001850
146311268.0351594388 0.0000001823
146771802.2232089341 0.0000001823
146770668.5480898917 0.0000001822
146770023.6894420683 0.0000001821
146322612.1445521116 0.0000001826
146315175.3534239233 0.0000001832
146311953.2043141425 0.0000001822
146318799.7554225028 0.0000001835
146313120.5918274522 0.0000001824
146319985.7389402986 0.0000001834
146310777.7592421174 0.0000001825
146319768.2598380148 0.0000001833
146317139.9398824871 0.0000001820
146326042.9708612859 0.0000001827
146312203.1464927495 0.0000001834
146318585.0888603926 0.0000001835
146772269.2756578624 0.0000001831
146316329.3312176466 0.0000001794
146313751.3134362400 0.0000001826
146317426.4449500740 0.0000001843
146768941.9361068308 0.0000001831
146329813.0593186319 0.0000001821
146311489.0295146406 0.0000001837
146313205.5880953372 0.0000001825
146311473.8378667533 0.0000001827
146770488.3435579240 0.0000001828
146329869.3154814541 0.0000001817
146312093.0478324592 0.0000001824
146737964.8380635977 0.0000001831
146312645.1581419408 0.0000001827
146326850.2947248220 0.0000001823
146312487.0867903829 0.0000001826
146324136.7284174263 0.0000001825
146312099.8209302127 0.0000001825
146320933.0968420208 0.0000001819
146311615.2912933826 0.0000001825
146312854.8896898627 0.0000001825
146311045.0814729035 0.0000001827
146312682.3810966909 0.0000001828
146311812.9471594989 0.0000001823
146311903.5047393143 0.0000001823
146312317.0052592158 0.0000001825
146311819.3297105134 0.0000001822
146310720.9755029678 0.0000001826
146318294.7911764383 0.0000001826
146312565.7551441193 0.0000001826
146313627.3851945102 0.0000001838
146312714.3628607988 0.0000001828
146315358.8879223466 0.0000001821
146311027.7911065817 0.0000001825
146319491.9988054335 0.0000001829
146312733.1101554334 0.0000001826
146317499.2384226620 0.0000001821
146311776.7620538175 0.0000001827
146737242.8809736073 0.0000001830
146311057.0534380972 0.0000001824
146314162.4922555983 0.0000001827
146311296.8068988621 0.0000001828
146736262.5237119198 0.0000001831
146311155.0219942331 0.0000001823
146736405.1471737623 0.0000001831
146312433.3028114438 0.0000001825
146736265.2741259038 0.0000001831
146756599.0258903801 0.0000001828
146311704.2483920455 0.0000001828
146319103.2419442534 0.0000001823
146310929.5696277916 0.0000001826
146319931.7329218686 0.0000001820
146311732.6522174776 0.0000001825
146315337.9133722186 0.0000001823
146311683.1834190488 0.0000001826
146757847.9523411095 0.0000001828
146310940.0076974034 0.0000001824
146316650.2904296219 0.0000001825
146311275.6917360723 0.0000001824
146312704.1329144239 0.0000001826
146310899.4679884315 0.0000001826
146312601.9856129885 0.0000001826
146311283.6658934653 0.0000001825
146312811.3290404081 0.0000001826
146312791.2275543511 0.0000001828
146312331.1906356812 0.0000001826
146312798.3983286321 0.0000001825
146311118.6582957208 0.0000001826
146314695.6834981143 0.0000001826
146312683.5731618404 0.0000001826
146311678.2505888939 0.0000001825
146311228.3522391617 0.0000001826
146314471.3205783665 0.0000001825
146312292.5942500532 0.0000001825
146311838.7744208872 0.0000001824
146312508.2813925743 0.0000001825
146312051.6117953360 0.0000001826
146311258.0458197594 0.0000001826
146311219.1609647274 0.0000001825
146311092.2730355561 0.0000001826
146311492.5314574540 0.0000001824
146312392.5694447160 0.0000001825
146310746.9851472080 0.0000001826
146311350.2241185904 0.0000001826
146311302.0771799684 0.0000001828
146312501.6080010533 0.0000001826
146313614.0008505583 0.0000001822
146311351.5973484814 0.0000001826
146312353.8269784749 0.0000001826
146311153.7655104697 0.0000001825
146312265.8782613277 0.0000001827
146312235.3839457631 0.0000001826
146310765.9003688097 0.0000001826
146312269.1936743259 0.0000001826
146313840.0897226036 0.0000001827
146312760.0709739327 0.0000001826
146312173.6694431007 0.0000001825
146311134.7512114644 0.0000001826
146310789.4215574265 0.0000001827
146312140.0652599037 0.0000001825
146312820.0629746318 0.0000001825
146312094.0812691450 0.0000001824
146310685.8023896217 0.0000001825
130664759.0000000000 0.0000001825 1 0 0 0 1 0 0 0 1 0 0 0 0 0 0 