474264212.0675454140 0.0000849938
455595996.2387454510 0.0002895318
456432376.3218195438 0.0010669560
473371206.3687061667 0.0006716029
514409601.1232814789 0.0004910410
513213093.1631577015 0.0000287013
460022570.8941469193 0.0005065953
461451730.7769517303 0.0012021308
496396141.8096073270 0.0006216905
531989782.5424800515 0.0004225310
537778608.4749425650 0.0000075055
442812696.2860711813 0.0013795474
441643428.0569132566 0.0002124451
440805538.3262534142 0.0000000096
432850930.5252510905 0.0003077310
474880486.8151359558 0.0001640295
476448595.3540014029 0.0002795531
417547709.5306372643 0.0004552413
401850934.9212420583 0.0006095200
393656082.9081719518 0.0014544438
366129574.1848943233 0.0012785021
360907558.6076307893 0.0012591558
380342471.4851788282 0.0002430060
331828148.2796456218 0.0013579601
325366099.9225276709 0.0007235494
437131101.5309664607 0.0000186313
335336251.7122976780 0.0001017278
341370279.6623846889 0.0006743168
336889900.2438988686 0.0002676061
309157422.6319199800 0.0000655560
373889821.6757586002 0.0000349433
270836105.9458628893 0.0042538255
342666972.8192328811 0.0031630263
262216402.2330125570 0.0050471601
356400564.1675946712 0.0012232418
270657483.4981692433 0.0052329841
261185493.7028095126 0.0026803590
265680406.0953602493 0.0018462978
307624793.1719765067 0.0000279497
260957061.0106901228 0.0001197177
270559951.0443628430 0.0005776048
267594968.3426029980 0.0001126513
293699070.4480345249 0.0001092646
262420590.9362783134 0.0000000004
267619061.5741675198 0.0000267196
276680075.3993536234 0.0000546867
251675989.6483809054 0.0003329468
249312074.2312802374 0.0002899351
310913371.8309770226 0.0001419782
247797573.7438962758 0.0002698385
251865851.9534376562 0.0001107926
240657617.8451566100 0.0004038436
291282344.6235598922 0.0012253770
253689297.4024782181 0.0003094417
248922083.9618488848 0.0033323695
237675574.9066936374 0.0008870792
232219591.1496807337 0.0002982561
228612273.0249629021 0.0008215289
251772931.8993627429 0.0026042814
219244531.5318565965 0.0017609494
263604305.6742462516 0.0007728263
215727991.1259132028 0.0008324887
216040356.2760211825 0.0010121875
221454166.8861687183 0.0003713991
216578503.4089201987 0.0001643639
223733501.2831022143 0.0055217800
222020242.4994040132 0.0000752444
219710937.9163770974 0.0014195504
231821214.5247106254 0.0001620991
224130355.5925752819 0.0000462038
244221329.5909895599 0.0026175454
217472444.8357107937 0.0011853561
234478076.8918766975 0.0018191073
211866530.0927704275 0.0023578184
203034071.3428568840 0.0106263627
200084248.3966617882 0.0110269549
260426447.6796267331 0.0032938685
204081809.6733985841 0.0099679499
240405410.0126740634 0.0012668605
215913258.1399395466 0.0083614599
203661295.6799474359 0.0125390632
205726095.8027574718 0.0087937288
213918582.4091297090 0.0063897023
192830127.8109912872 0.0133180841
238851545.7078424692 0.0131117839
198965122.2465392649 0.0130162084
221071170.8922215402 0.0076379529
202824364.3999822736 0.0109679191
231045369.4894349873 0.0033852774
194012606.5504432023 0.0119452232
238498407.9095170498 0.0010137762
186441881.4845422804 0.0284592706
194539442.9758246243 0.0331941397
194727935.1812299788 0.0280392584
193204717.2796356380 0.0277981490
190017804.9920981824 0.0281903542
188218460.2666531801 0.0205663579
188074323.8834328949 0.0259267977
185396135.6206949651 0.0262132979
194208854.6231851280 0.0229749555
181859404.0397774875 0.0276757935
188344818.9355240464 0.0235207502
178068511.7945936918 0.0239618563
228722115.7403554916 0.0191238056
175736536.4564873278 0.0220975463
172339798.0574769676 0.0238081599
180574846.9119397402 0.0209869041
172528323.9659431279 0.0261093236
172191895.5077821016 0.0293163030
171819913.2194160819 0.0465507722
171679459.7348413467 0.0511068784
164074024.6608247161 0.0407574554
163742495.0528149605 0.0426638824
156759389.7681860924 0.0656581203
154882651.8065777123 0.0704685342
168699346.1499054432 0.0484964958
154970402.8815237284 0.0670024402
154805274.3763809502 0.0605762484
157685029.9052972198 0.0569004787
152456390.2093821466 0.0625318717
153429642.0668170452 0.0630168268
169613145.5347489715 0.0501058172
155392373.3829731345 0.0589026561
173001763.3080897033 0.0408180079
153311654.9897261858 0.0612345825
161770180.5701606572 0.0448510911
159853036.7281288505 0.0553473217
167045546.4475271106 0.0343258037
154050466.4631732702 0.0634054703
153745260.4182639420 0.0578409836
155048937.6480441689 0.0618859117
149952599.2164623439 0.0635633597
151026141.2739983797 0.0699447852
149323483.1254098415 0.0643742924
151002025.0025814772 0.0608695813
150106282.6383641958 0.1191799300
150862535.5291888714 0.0563164954
154054099.1968407929 0.0595803909
152836140.4260309935 0.0590428816
152380095.2584289908 0.0494253373
151301099.3366726935 0.0605455710
150701076.2903939188 0.0756817455
151627721.1149804592 0.0653018735
143847207.7880941927 0.0306121906
144106024.2075169086 0.0309188454
152539105.5512965024 0.0478312436
145904057.6392720342 0.0334934931
149333205.6063688695 0.0221253125
146517616.6997329891 0.0309411555
150038588.6309679151 0.0178473362
145359524.3816472590 0.0308558861
148283489.0945492089 0.0306841712
146319119.1791646779 0.0337984745
150033599.4355503321 0.0058966479
142942449.5751318634 0.0243473321
143106424.3345384002 0.0223016422
143866237.0657495856 0.0224898586
155838943.2652058303 0.0183641525
143082223.7284676433 0.0198592051
153319425.6074396074 0.0224448298
145153921.5915957689 0.0273155109
146952765.1885995865 0.0116337857
146714690.7501358092 0.0220414933
151276911.5712165833 0.0201189453
143494183.5965969861 0.0240988634
151498760.2223886251 0.0170116161
145656972.7093643844 0.0248683448
145038817.1808388829 0.0124894628
142888142.3524626791 0.0217939307
150813132.5403219461 0.0264310687
144259711.0972684920 0.0223791783
146430540.0142848790 0.0082919649
143525424.3087473214 0.0214210292
148619591.9777787030 0.0203204818
142773709.7971893549 0.0187317976
145486374.2010743916 0.0250334337
143759002.3823237121 0.0190201247
151131868.0566084981 0.0246066508
142659293.9038503468 0.0199551305
146952534.6731234789 0.0163422086
142993180.4850077033 0.0196423259
151534784.1226046383 0.0251010267
144654181.1269080341 0.0158756911
153077085.0836055279 0.0110561495
142373951.8634686470 0.0192694735
154513940.3415564597 0.0224259875
145159393.4448861778 0.0189564632
152887534.5768952072 0.0053241047
141923936.9053892791 0.0161814939
153485476.3473497629 0.0106190185
143155433.1602027416 0.0158254131
158725757.1446407139 0.0086768031
145467258.4177163541 0.0240734971
143501102.9802556634 0.0367564022
143650618.0252985656 0.0154775455
148999426.5997685492 0.0191073746
142972255.9896320701 0.0184006508
149020401.6850560904 0.0084489654
143578861.4050443769 0.0155907241
140489070.9365420938 0.0131815512
141422230.2329387963 0.0108302766
145761044.6904079020 0.0234828409
138201798.1591151953 0.0138144720
151025166.2171772122 0.0164031189
139101077.7106114924 0.0120631572
157730686.9341183007 0.0139786718
137774063.2893151343 0.0137683846
155460743.2947805226 0.0285731736
138185333.5802075863 0.0082043955
152507045.5327975154 0.0029307227
139356922.4200768173 0.0131443200
130195903.5421223044 0.0121662103
130066656.6980041713 0.0135521026
135043046.2597740591 0.0082012613
130327170.8205579817 0.0165126673
132127047.2560657412 0.0084628578
131261213.7185076177 0.0135102757
134306126.2263216674 0.0076010010
132117770.3888765574 0.0141968947
136440428.1367909014 0.0023223390
129778909.1144640744 0.0131762762
132216385.3674466908 0.0048059938
133307360.0053711534 0.0121923157
140718287.7913127244 0.0107901362
129647960.0583379269 0.0115353128
138950335.3169814348 0.0162504534
131534972.7203636914 0.0140571890
161972724.2904013991 0.0050792147
132345890.7403386831 0.0098326083
139781492.0795316100 0.0086724481
130652411.2438233346 0.0128695047
146118734.0969476402 0.0061813856
131754458.2510224283 0.0105781969
131655515.7559690028 0.0281708616
132299284.7236697376 0.0102289148
140962617.6817358732 0.0124569324
131970577.2625445575 0.0126852399
144618103.8091956377 0.0045830252
131424208.4479929507 0.0088187272
134576491.1788922548 0.0031398642
135838299.6064416468 0.0116856912
128521979.7343139499 0.0110216217
131104742.3748372942 0.0097475798
141244099.1918804049 0.0105296095
128729775.2921605706 0.0102837807
132024275.9548307210 0.0132863632
128058350.5900933892 0.0109167049
137235765.5990881324 0.0089510268
129715784.1119666100 0.0088373059
133565486.6718423367 0.0088418541
127404624.8492906839 0.0141213969
136976233.8802121580 0.0326773804
128598413.6267610043 0.0111416841
140691299.5979394317 0.0126215692
127405082.9405994862 0.0173583612
140384340.7835157216 0.0097444711
125510172.4231396317 0.0166369823
129705657.8389465362 0.0155624204
125636439.8873992115 0.0143989953
125058967.6526171118 0.0109774445
124037927.7454427928 0.0118837144
122264987.0334215909 0.0111743161
122566414.9375338852 0.0112659760
121839502.6632238925 0.0191045980
122430796.9810519814 0.0207415383
122523315.7283141017 0.0179116817
122526327.0690370649 0.0209124834
122910540.6071878821 0.0131145110
122875156.3693892956 0.0213871435
123804292.8677265197 0.0225601426
120496900.6664960682 0.0184629960
124253565.1228947639 0.0202585048
120492890.5252316892 0.0168285066
125091578.7662998140 0.0162110007
120548741.4882780612 0.0134194535
127948876.7567482442 0.0198185799
121748818.0579567254 0.0168746871
122369863.0214130282 0.0148396045
122069481.5121171474 0.0144664292
122514009.5643562973 0.0157166971
121009209.7811555862 0.0161564816
126981661.9811849594 0.0130953576
120537697.4848412722 0.0155614006
123900882.8446624875 0.0131379461
122180875.2671643496 0.0180540334
122284223.8044079691 0.0129930416
121596001.3786430657 0.0158184179
123317858.3384937495 0.0136909473
120871047.2174986601 0.0170142661
119531908.9715153128 0.0170595820
119437286.3682662994 0.0201178778
120594591.7442312092 0.0170350903
119411241.4073385149 0.0227102783
119509509.1316646039 0.0136620533
120438387.3438851684 0.0229092312
119941466.9185231328 0.0230363547
119922343.6715877205 0.0240337047
122132472.3243402094 0.0234895027
119775939.4120030105 0.0209452305
121929673.9534664005 0.0371690448
119758869.3008243293 0.0204445755
124809609.5934476107 0.0203148714
119326854.2223696709 0.0240257472
122018565.8747528046 0.0180635602
119281128.7482179254 0.0261541597
124460972.5563464016 0.0251317289
118873517.7136494219 0.0276287988
118058827.2542933822 0.0291726302
119375875.2491779774 0.0284008193
120809866.9679701626 0.0271944728
118148945.3127924502 0.0285535010
121039972.8427977562 0.0226253466
118366433.8770553321 0.0286896886
123880837.6563169509 0.0228995165
119048054.4984436184 0.0284129220
119266937.7623620033 0.0212380480
117833870.4469771385 0.0283487980
117893628.1494375318 0.0375148095
118489221.4794677496 0.0309133828
117780664.9082603306 0.0265592628
117281345.8763372153 0.0260851291
115743815.8048865199 0.0291293919
116468783.1637939811 0.0239908084
118299519.7065057904 0.0201282668
115986290.0583996028 0.0287738941
119167764.2651324123 0.0423359386
118428861.5437093973 0.0296549350
120983831.4561942965 0.0235001008
116167727.6889622808 0.0300521209
125004888.2635054290 0.0247799138
114975492.3740735054 0.0311178075
120134355.5773723274 0.0302597604
115369541.0171737671 0.0319801065
117403461.2911288440 0.0237099151
115208378.8671834320 0.0354227342
114187062.1784603447 0.0345476843
115870820.2222974896 0.0314677856
117634779.0568681359 0.0374258437
114046148.9223733991 0.0343014404
114953024.8300721794 0.0257431178
114643952.1912720948 0.0342522423
112695640.4860214442 0.0480767102
113665566.5382399559 0.0468171349
118623764.5713147372 0.0458659704
112913467.7172262818 0.0428545073
115701611.6403627396 0.0422665699
113233248.6394812465 0.0448233020
115391848.1933214962 0.0511308973
112854090.3761077821 0.0441309515
114706548.9212849885 0.0539425551
114314442.7503539622 0.0470082342
114000480.0756841451 0.0473286268
113779641.4276919365 0.0432050826
113371076.8317991197 0.0554023437
113270329.2649957836 0.0520278801
113295533.8903780878 0.0725136679
113920440.9618925452 0.0471476611
119790967.7931237817 0.0478970725
114164314.9533809721 0.0465908934
111724640.9153466076 0.0276074204
111784121.3626056165 0.0291503361
114861089.0844909698 0.0198825863
111494177.4578745812 0.0302498751
109602075.1931959987 0.0286421104
109380265.7129261345 0.0271585236
112229273.2464838922 0.0225322453
109875799.1063707024 0.0254193885
110278433.2233032584 0.0243950093
111012542.2516222596 0.0305803770
116540707.7885707021 0.0196435940
110041751.0107950866 0.0253217570
116092238.5618790537 0.0212555434
110632765.5669688582 0.0283207963
109207508.3603851944 0.0352346928
108585257.2102115452 0.0325151528
112992953.9688550681 0.0238617594
110356719.2160799354 0.0325218223
119928541.7968358845 0.0300306949
110443747.3885751218 0.0315017811
109339438.3920748979 0.0380860052
111634996.2168684751 0.0348935963
112206418.8480412364 0.0309610984
110439355.8602579236 0.0317110939
110641773.8263159394 0.0237845789
110608130.3033904880 0.0334020292
114181249.7613701969 0.0326217583
109090002.4958374947 0.0341727796
110928809.1424322575 0.0398262934
110043519.9926133454 0.0301755211
110699688.7610676736 0.0438586988
108314451.4573676437 0.0362655412
113796120.3433333933 0.0393886106
111046962.1638389975 0.0328336830
106228608.5107259899 0.0428155602
106089226.9677133113 0.0404884174
108296928.6740719229 0.0388167442
105374330.2823567092 0.0498427443
108290937.1045296937 0.0489813939
104908340.4313418269 0.0524063238
110956784.1832102090 0.0494221532
105031699.8278293461 0.0529935280
100888344.4578399211 0.0866211823
100601455.3650369495 0.0900209987
100786514.8370078206 0.1135220876
100510185.0911569893 0.0919895275
112438967.4424574524 0.0962316600
112221761.2483636439 0.0928604358
104405077.1151896566 0.1018892889
99941400.6448717266 0.0940880478
100693150.8010147363 0.0872750498
112848715.6708806157 0.0913005382
101320716.8900356442 0.1066246642
108324866.7231957018 0.0944804135
99936293.7978827655 0.1050120371
98795182.2214396149 0.1075753693
101300761.6630422622 0.1057298734
99014728.1973006576 0.1066059057
100364592.7329318672 0.1027742904
98329225.8329825848 0.1103773560
99616814.0135653615 0.1059194443
99089643.6080409437 0.1095578513
98401749.8683818877 0.1365579419
98347230.1840477139 0.1009401989
99154239.9800908118 0.1186266844
98563195.3927602023 0.1059662512
107072262.4302349687 0.1048232119
98367561.4737061858 0.1119266401
108826310.4725546539 0.1201832743
98547670.6885331124 0.1104186883
97429452.5148727149 0.1121971675
100923668.6732727587 0.1062829861
97047052.1484688967 0.0993901384
97183467.5739686340 0.0985699055
109913301.0341115892 0.0805276357
97217090.7203275263 0.1045539016
96861989.9547923952 0.1056721912
97286794.6221307367 0.0989507613
100545573.2141139805 0.0861180623
96795604.4523063153 0.1060091238
99687228.1107216626 0.0809182566
98534830.7366747111 0.1030638998
97508488.9660788476 0.0880795986
96848786.4224979281 0.1039422110
101941459.2083818913 0.1145167123
99643720.9480269998 0.1094164136
100380674.2486779094 0.1389786632
98162371.3834297806 0.1088482477
96022471.4600967765 0.1132700976
98497862.8076167703 0.1038588483
102936785.4504171312 0.1044560483
96648750.3325813860 0.1129528936
98495179.2595080584 0.0772800299
99155749.1368128359 0.1121639639
98322185.4427090287 0.1133443012
96353756.1033787727 0.1115969450
99973836.4612094611 0.1229759442
98865825.6774508506 0.1073877475
105341480.6779593974 0.0948777250
97797166.7864035219 0.1075607486
96000562.2173875719 0.1404447964
95828480.9947868586 0.1382148402
99423590.8821094334 0.1472515907
99619405.5311309099 0.1388480380
97550457.0947524309 0.1451430139
99039666.9874919653 0.1359628110
97322640.3644576520 0.1140980538
96060408.1232111752 0.1415652121
100782673.2372042239 0.1742905328
99402198.6260122955 0.1352520065
101337596.3194428831 0.1042577026
99922835.0274138600 0.1325339698
97529123.6064699888 0.1341715941
98665943.9663031548 0.1387935802
97286593.1525327116 0.1302615351
98190872.5147173703 0.1295831129
102346991.0013523400 0.1585361766
96070972.4679596871 0.1335822759
97586065.6291842461 0.1262111566
95926799.2893370837 0.1409113417
98239779.1098998338 0.1109085233
95948922.8651260287 0.1365631836
97886047.9363792986 0.1149448234
96498917.0175618678 0.1321943277
99048950.9980189651 0.1331800445
96258045.5915091932 0.1406578507
101847526.7287796140 0.1556728709
99438156.0011867881 0.1322259243
96853159.1050335914 0.1290287560
96834436.8314576000 0.1413371042
97140688.7750969678 0.1706662783
99209594.8782414347 0.1390212891
96606136.9789366126 0.1281877783
96274624.3297405541 0.1353680495
99616627.5896039158 0.1348417574
99833214.9234667569 0.1359965669
100524199.8017790020 0.1025082165
95892641.9755204320 0.1403060851
97921023.4341548681 0.1070399233
100263372.8947847486 0.1379987374
99044079.9445859492 0.1404697412
95810837.0458679944 0.1344922170
97705225.0567015558 0.1027911482
95629979.2740123719 0.1414398249
97675527.8131259978 0.1280134223
99926015.2441622466 0.1383102266
96962739.4943957478 0.1574075959
96227671.2322323620 0.1416134319
98123255.0922505409 0.1203524767
95961108.7441196442 0.1477752241
99661160.8235298395 0.1485443324
98783582.1653985679 0.1376421951
98383056.9115392119 0.1639869145
98818677.6045858860 0.1460391534
99571428.6050748527 0.1388221036
96000146.4518181682 0.1467941160
96409324.7940235138 0.1302048761
95792486.0445897877 0.1411682144
97385282.3304480165 0.1218501280
95934282.2334480584 0.1428013542
97192710.0951649845 0.1337592050
96476221.2406973839 0.1373761362
99521123.2603277415 0.1317712863
96041452.6544258744 0.1352749796
97810745.2132132947 0.1559870294
96852312.8600176275 0.1442870016
102010325.4671202898 0.1107004338
99792704.2251139283 0.1429901948
96419437.4267105758 0.1466286376
96650429.6732282043 0.1390753209
96099394.7430140972 0.1289578253
95802337.1420191377 0.1370443238
101054047.4484022111 0.1490969256
100175497.7465660274 0.1325247707
100783472.7824812531 0.1508146446
95660901.0359593779 0.1431973092
97697400.9691433012 0.1064111350
100578503.7876709551 0.1395668223
99288606.6962187290 0.1477436346
96435018.9040142894 0.1465750741
99338785.9302218556 0.1573969495
98713551.4161437601 0.1345554848
98778433.0064800829 0.1320403744
97611009.5568414181 0.1346296661
96059599.3351005465 0.1442180549
97546068.0596710891 0.1476055755
100409695.7020505071 0.1460683713
96637468.8469309211 0.1501250446
100583258.1823032647 0.1348438293
95782046.3798298389 0.1615129709
95616593.3772418350 0.1461694147
95585652.7409115136 0.1462841419
95935294.2217857391 0.1440299898
95631822.9304676205 0.1484768584
97496868.7088747323 0.1575254703
99881014.8389358371 0.1467963213
99099701.5366897434 0.1417606159
95734613.4215637743 0.1450309734
99815008.6679271162 0.1419572428
95614497.6088757217 0.1470730889
96031610.3457932621 0.1480613374
96143439.1232408583 0.1478100684
96721345.7386579812 0.1492398274
95708372.4549622536 0.1446739171
98730490.1550370008 0.1453726668
95594605.3465088159 0.1471979476
100051774.6418206841 0.1546000554
95660328.3089166433 0.1484827412
99881528.3053737283 0.1444888618
100116247.4729067534 0.1471239327
99033016.2264526188 0.1415640414
99921396.4841926545 0.1459089083
96247536.7602932006 0.1475699208
95870284.2347913831 0.1472100963
99018566.3893561363 0.1484349116
95858940.4162615091 0.1479632068
99499686.3903501034 0.1485640328
95614845.2250801325 0.1446188783
99027433.1511972547 0.1461889247
95879255.0305875689 0.1450888743
96430200.2458475083 0.1384443066
95703783.8333017677 0.1458695551
98938008.5371727943 0.1470318924
99995056.3141499609 0.1458876902
99207656.9101440161 0.1487450706
95983473.6704567671 0.1468624365
95698511.5845392495 0.1421590942
95882091.0720474422 0.1482425034
96652610.7463308424 0.1441517698
95712878.0206541270 0.1450680802
99576676.8499432653 0.1420344585
99459258.7620906532 0.1445527643
96224784.5038940758 0.1457185433
99086023.9900282472 0.1430525140
95610137.2162609100 0.1460334765
96318145.3994175345 0.1492317755
95577282.0549970269 0.1470696114
99075643.2228447050 0.1449020337
99841677.2889058590 0.1468962116
96482850.6518870890 0.1497435626
100003080.5198810697 0.1465754034
95532148.6428885758 0.1500234518
100077674.6204746515 0.1491895780
99931412.0483568311 0.1496100746
99979145.8766390085 0.1492222979
95526197.0724499375 0.1500006966
95702917.9650580883 0.1517632371
95533220.5183723569 0.1503112552
95583431.5284624547 0.1505824386
99896621.1531097591 0.1500900293
96080145.9484461993 0.1523611279
95557228.1781819910 0.1497780033
95682049.0179370940 0.1490362886
95546709.0235488415 0.1497029379
95772261.7690850198 0.1478263140
95558598.1903684288 0.1499778140
99895011.8311611265 0.1512982471
95604814.4282369763 0.1500452359
99630514.1488765031 0.1490103941
99981583.6381113082 0.1497432487
99965867.9412835985 0.1511286457
95619100.0978009999 0.1502412468
95543690.8217083961 0.1507610382
95587360.8017687201 0.1500767007
95627832.0727290362 0.1484320624
95558091.3502529114 0.1502632976
95517929.4739118814 0.1507978050
99941767.1089892685 0.1511344590
95569428.8989745826 0.1503283626
95577562.9393639117 0.1509484207
95893208.7305517644 0.1512371089
99963943.2458857894 0.1510935556
99742443.5132451206 0.1495205306
99940437.5758318603 0.1504138239
96068051.5955538303 0.1512897292
95540609.2700095475 0.1505328757
99795135.6463334709 0.1501329989
99946225.2279776633 0.1511413682
95619363.5050501227 0.1514424047
95528072.8406204879 0.1516570462
95559516.3177905381 0.1497954940
99868012.4957529157 0.1509998333
95714622.4807530344 0.1522829576
95519755.7692101449 0.1508172945
99962363.1150029451 0.1490083890
99837765.5926504433 0.1505416255
95721677.6612183154 0.1513731057
95615508.3841581345 0.1509254948
95653650.1166080236 0.1526274532
95547266.6736786515 0.1505332946
95803756.3683363795 0.1521767823
99996947.7379979789 0.1502710515
95664449.7419859320 0.1541896101
99920146.0498265475 0.1505459829
99865571.7327657938 0.1522939643
95552248.9665114880 0.1509872219
99833047.9862665832 0.1499999413
99838821.3656675220 0.1504904100
95718188.1207627803 0.1516857376
99517644.3873014599 0.1491048027
99950862.4731638581 0.1515941338
99980472.9652392864 0.1509098133
95658155.6142732501 0.1515589625
95521091.8498062342 0.1505696533
95586286.7576155514 0.1511815505
95536082.3343057185 0.1507007763
99912377.3484458178 0.1510411866
99948500.4988962412 0.1507602347
95515511.7929105908 0.1527206939
95518980.3340564668 0.1526244298
95507138.1844624132 0.1516383368
95504653.9145434797 0.1516356600
95507398.6236977726 0.1513166576
99981163.5387587547 0.1515357319
99982268.5516242087 0.1513270567
95542888.4569071382 0.1520837542
95624603.2970368117 0.1519118514
100001412.9175149351 0.1515662214
95517381.0757775754 0.1513106154
100006979.2440965474 0.1516016315
99876738.4468244910 0.1515617665
95533185.6381407082 0.1518840632
95689511.5420577824 0.1519758150
95523164.6501661688 0.1515955560
95747570.3130514920 0.1515954674
95517575.7804990262 0.1517350144
95594155.5277935416 0.1523531915
99996771.8038324118 0.1515738935
95602254.5452777594 0.1517403702
99973999.7111167759 0.1515750737
95629677.1915201247 0.1514501718
99997935.6013304293 0.1515777041
100015242.6238213032 0.1517646126
95507665.9770474434 0.1514444160
95565647.4604584277 0.1513101689
95553274.0942783505 0.1516284250
100049107.0557141602 0.1519040108
95550685.4990251362 0.1515353062
95568649.2963303775 0.1517776439
99995596.0145400017 0.1517869515
95641504.0012576431 0.1514520827
100001925.3084407747 0.1516703303
95537416.3725278378 0.1516389157
99944897.9220714420 0.1516797714
95507680.2974894196 0.1517509394
95581033.3091439158 0.1515263997
100056046.0647926480 0.1516147571
95559085.9231904894 0.1517946745
100025759.4140571505 0.1516127732
95505949.0475867242 0.1516627517
95511516.1771755815 0.1516763708
95542132.0757166892 0.1517763270
95519001.7904098630 0.1516978542
100023619.1972047240 0.1514860336
100050657.8935500979 0.1512621795
100030969.7418188453 0.1512720846
100026689.1869931668 0.1516862349
95565391.3349750191 0.1516175875
100025796.6720335633 0.1515427028
95534805.0132626295 0.1520915611
100024443.9422032833 0.1515705112
95547203.0886009336 0.1523477417
95515728.5360234082 0.1516355290
95540671.6340593696 0.1518635018
100007949.2972147614 0.1515388263
95520250.0694250166 0.1522917434
100045763.0386439115 0.1516244393
95585238.2547322810 0.1513715497
95525904.3212994337 0.1516621488
100031579.2812465131 0.1511590737
95515018.3418622464 0.1516726744
100055063.6792012155 0.1518598875
95520067.4910855144 0.1515993927
100029591.6477266103 0.1518570953
100040925.4698784053 0.1517004156
100001410.9668873847 0.1515730066
100063473.8123149574 0.1519351742
100055172.7365392894 0.1517856737
100040854.2224143147 0.1516307493
95553750.6161901653 0.1515280290
95507837.5152377635 0.1516674615
95524523.9881485701 0.1517618197
95520565.8620713055 0.1516555897
100033026.6266511381 0.1516003319
95510116.9082091004 0.1516855569
100022492.6403673142 0.1516808498
95505556.3253464550 0.1516287168
100035563.1029778123 0.1516895405
95504090.9171212316 0.1516378655
95513811.0351126641 0.1519910846
95507076.8026065230 0.1516056599
95592315.4150048792 0.1517887879
100037214.8873872161 0.1516412903
95526646.9725575000 0.1515123210
95502823.1970910877 0.1516909029
95503899.4031875730 0.1517000655
95506868.4893447310 0.1515679127
95503822.2366095334 0.1516974311
100026716.2400998771 0.1517202287
95507614.8841268718 0.1516978952
95516420.8826861084 0.1517197794
100031450.9004345387 0.1516612487
95507395.3304753006 0.1517606777
100022832.7666575611 0.1516333870
95513525.7717473209 0.1517483564
100027510.7070765048 0.1516557731
95520549.7589536905 0.1519079200
100032991.5093762577 0.1516897998
95506670.8746509105 0.1516884791
100032350.8433998674 0.1516767622
95510947.7255596817 0.1517496334
95512642.5039178282 0.1517070346
95529258.9494968504 0.1516614252
100036086.2545053959 0.1516261024
95521333.5846829563 0.1517048337
95507720.0643093437 0.1516869850
95501763.9679897130 0.1518068851
100031895.2458566427 0.1518328348
95540749.2944722623 0.1518864962
95506732.5115302950 0.1518045435
95521194.3190111816 0.1517934447
95506604.9576299340 0.1518298064
95503669.1719537079 0.1518686434
100024607.2028513402 0.1518190245
95516173.8533441424 0.1519443113
100034726.9130664915 0.1518036721
95524852.4439657032 0.1518020211
100028094.5862244666 0.1517779877
95502055.3237820417 0.1517680807
95501697.4056583494 0.1518340979
95502356.5745204985 0.1518713604
100031399.2839091718 0.1518526732
95532215.4646303654 0.1519553551
100028407.7261229306 0.1518590080
95501408.0563692749 0.1518334185
95505525.5788766146 0.1518494885
95507758.0280177146 0.1517979625
95503969.2050500810 0.1518408412
95503934.3247063905 0.1518795205
95500915.9575271159 0.1518500799
95528414.1634464115 0.1519394467
100040709.7791781425 0.1518498506
100033563.7912151217 0.1519077106
95502755.3805459291 0.1518415246
95509274.8387429416 0.1519300246
95502786.8118921220 0.1518578872
95511210.8520261049 0.1518533077
95503503.5230303556 0.1518484994
95514982.6136118025 0.1517688501
100042154.3728453070 0.1518546142
95524277.2103019506 0.1518682519
100039275.0038648397 0.1518492278
95508219.4923814535 0.1518772607
95506197.4834090471 0.1518701653
95504419.3310096860 0.1519107162
95505893.4829282612 0.1519321905
95509650.2487194240 0.1517707901
95503171.2512009591 0.1518326808
100024382.6639414281 0.1517537409
95501432.4235535711 0.1518597635
95504723.5095079988 0.1518872041
100035430.3637529463 0.1518295401
95500866.6926131099 0.1519556070
100045089.6348747015 0.1519438108
95530312.8217137605 0.1520881236
95503126.5658167005 0.1519451895
95508359.3312734216 0.1520196558
100040291.2158440500 0.1519652652
95513625.9672067314 0.1519551758
100001642.8783039749 0.1518833819
95501339.5331261307 0.1519722872
95516199.9529134035 0.1519586831
95501510.6911116540 0.1519400713
95506026.4087249488 0.1519386113
95502464.1259485483 0.1519483478
95514297.0500872284 0.1519877127
95502845.8772901446 0.1519509096
95512898.7248878032 0.1519832966
95501110.7556611598 0.1519618268
95510088.1703847796 0.1519582897
100050628.5382105410 0.1519449491
95504994.6869527549 0.1519514548
95502284.7635289580 0.1519671389
95502184.4451405108 0.1519652754
95501007.1075100005 0.1519601001
95502758.5879774690 0.1519869957
95501313.4655933380 0.1519514607
95501399.0737727284 0.1519881850
100048377.8626900315 0.1519526791
95501549.2389552146 0.1519268485
95502410.9291158170 0.1519628168
95502972.1326617002 0.1520583417
95500513.5542033464 0.1519572571
95502222.8261555284 0.1519772616
95501135.2341890037 0.1519476028
95501837.1113911420 0.1519376043
100048943.2693434507 0.1519382484
95506729.4323306829 0.1519969328
100050271.5671746731 0.1519393603
95505799.4492717385 0.1520468346
95500662.8675297052 0.1519607663
95518232.9239598513 0.1520052430
95501585.4026700258 0.1519606465
100002177.0060688704 0.1518850538
95500342.8398587257 0.1519762302
100001893.1406899244 0.1519040116
100050138.5671121180 0.1519673235
95506927.1438888460 0.1520141606
100049221.4231601059 0.1519717045
95508161.2739779353 0.1519839867
95507130.1849245429 0.1519924178
95499855.3496453762 0.1519729309
95504549.9723207802 0.1519744355
100049799.8811598420 0.1519739338
95501350.9326634705 0.1519855521
100049646.2080946416 0.1519813807
95500373.3508488387 0.1519667681
95499825.1478929967 0.1519765410
95500042.0313269794 0.1519964140
95499860.2098383009 0.1519766924
95500031.1231395155 0.1519741968
95500061.5919784755 0.1519668433
95500090.4863454998 0.1520132057
100050122.2013339400 0.1519660462
95500132.8728473485 0.1519480034
95500549.6128055602 0.1519754003
95500188.5368468463 0.1519686454
100050141.8878842145 0.1519729447
95501098.4069209397 0.1520139053
100050263.6988559663 0.1519750419
95501094.3736977577 0.1519783747
95499891.9250971079 0.1519748899
95502366.3718894869 0.1519412896
95500156.7189029008 0.1519756252
95512618.3809653372 0.1520176960
95499912.8445509523 0.1519802792
100025786.2856754065 0.1519404283
95499901.7336219698 0.1519800063
95506576.6049503386 0.1519907178
95499969.5070283711 0.1519803037
95504072.1916511208 0.1519890865
95499747.2246123254 0.1519785527
100025841.2810647786 0.1519424386
100049976.7550876439 0.1519829838
95503383.7226796746 0.1519794392
95500366.7525741309 0.1519720236
95500157.7792564780 0.1519805330
95500135.7181365788 0.1519684917
100050198.2932402045 0.1519779458
95500038.9550923556 0.1519815838
100050211.2581376731 0.1519775565
95500071.7690786868 0.1519735991
100049698.7726418525 0.1519766378
95499902.6123302728 0.1519798568
95500059.7231711596 0.1519760849
95500019.5163422823 0.1519738936
100050030.8511390686 0.1519747832
95500099.9546092451 0.1519918377
95499977.1835802943 0.1519798598
95499879.6474403888 0.1519634666
100049995.6006080955 0.1519776976
95499954.8985878527 0.1519976544
95499939.7218254805 0.1519828499
95500011.7867393196 0.1519822354
95500038.1147877127 0.1519804806
95500188.9642380327 0.1519805908
95499960.3689963222 0.1519824059
95500664.0177923292 0.1519706227
95499925.8675464392 0.1519774306
95501786.2497339249 0.1519803450
100047089.2747578323 0.1519740056
95506930.7654125094 0.1519952758
100050081.4417490810 0.1519803671
95500560.9353041351 0.1519802269
95500322.5546530038 0.1519780627
100038131.4370178431 0.1519604970
95500855.2663172930 0.1519826579
95499803.7094676793 0.1519761030
95500049.6256409883 0.1519811967
100050250.3317812532 0.1519791617
95499884.3900765628 0.1519833996
100050267.1949359477 0.1519789423
100050626.4526001066 0.1519719410
95499906.6408764124 0.1519799398
100050300.7798494846 0.1519821115
95499808.2141069770 0.1519798366
100050270.0344641656 0.1519780345
95500243.9882557988 0.1519792118
95499775.4381787479 0.1519795271
95499733.5438929647 0.1519823872
95500083.5716891289 0.1519837422
100048897.3000443578 0.1519823984
95499751.3910822868 0.1519822897
95499986.5852432847 0.1519850993
95499787.7219845653 0.1519811929
100050210.0469345003 0.1519827656
95499807.7779390365 0.1519830458
95499822.4653930366 0.1519841711
95499720.2925918251 0.1519828300
100050588.5536983907 0.1519834316
95499744.2734731436 0.1519828130
95499893.3017624766 0.1519797626
95499765.0382396132 0.1519828936
95499915.6103598922 0.1519836689
95499787.3648619950 0.1519827309
100050392.9500422627 0.1519829785
100050470.0339621603 0.1519819621
95500463.8199422359 0.1519859869
95499755.0934985876 0.1519832562
95500625.2903933525 0.1519882654
95499721.3848766685 0.1519831726
95499981.5804733634 0.1519812963
100050294.3763016015 0.1519824286
95500351.9967508614 0.1519835517
95499833.4029062241 0.1519821466
100050498.9226901531 0.1519811384
95499713.8634478599 0.1519827783
100050428.7417312264 0.1519813290
95499729.3005128950 0.1519827962
95500397.4843628556 0.1519819217
100050305.0632237345 0.1519824278
95500083.3072360903 0.1519794556
95499706.7717749476 0.1519835306
95499821.7676872313 0.1519831161
95499697.3059168011 0.1519843015
95500098.9837420434 0.1519844626
95499756.1135920137 0.1519844434
95500189.0711078197 0.1519840744
95499803.0177563578 0.1519845602
95499732.4711030871 0.1519828522
95499734.7505198270 0.1519843313
100049273.8881789744 0.1519840025
95499863.5928502381 0.1519842126
95499704.9137132019 0.1519843540
95500061.9226675332 0.1519845065
100050468.5953420550 0.1519847514
95499938.4356030822 0.1519836840
95499730.2351590991 0.1519843065
100050210.2280849963 0.1519825334
100050413.4227295518 0.1519837664
95499811.6502268910 0.1519844190
95499717.7003269196 0.1519840641
95499773.2019341141 0.1519860346
95499731.6728406549 0.1519844880
100050357.0846607685 0.1519829889
100050412.9361091256 0.1519846527
95499764.7635632008 0.1519846812
100050407.0173036456 0.1519841418
95499813.6886881888 0.1519827577
100050272.7803801149 0.1519840024
95499779.6653886735 0.1519819488
95499757.8302706778 0.1519844451
95499890.1006385684 0.1519853528
95499730.8378417641 0.1519840812
95500197.1364433318 0.1519865561
95499759.5350485742 0.1519842345
95499765.2762882859 0.1519842871
100050460.7790325135 0.1519844250
95499696.1761363596 0.1519858053
95499725.3111992925 0.1519857431
100050323.2735567540 0.1519843920
95499693.1874066889 0.1519858354
95500245.8219668716 0.1519853978
95499710.9999461621 0.1519858697
95500211.5052220672 0.1519887026
100050552.2509418428 0.1519858960
95499711.2304842025 0.1519868347
100050447.8862624913 0.1519855852
95499955.9574102163 0.1519857464
95499694.8006100208 0.1519860487
95499827.6112015098 0.1519872347
100050415.2121446133 0.1519853706
95499783.5388133675 0.1519874138
100050455.7078449726 0.1519858672
100050458.9493229389 0.1519855506
95499745.2979258299 0.1519866492
100050480.2670439929 0.1519856738
95499785.3376515508 0.1519860731
95499746.4091383368 0.1519860088
95499777.4690651894 0.1519862497
100050482.1572800726 0.1519858506
95499698.4846980572 0.1519861839
95499706.0793474317 0.1519859208
95499756.9336926043 0.1519856829
95499721.3411732614 0.1519861184
100050520.0289235413 0.1519856302
95499719.7868640572 0.1519863258
95499763.3081218898 0.1519846771
95499704.1315782815 0.1519857237
95499739.0565360039 0.1519859369
100050498.7580617070 0.1519857707
95499766.1325334162 0.1519860561
95499713.3463068306 0.1519861366
95499751.2272996604 0.1519858112
100050480.4686242640 0.1519856185
95499792.4627220333 0.1519863346
95499715.0678613186 0.1519859629
100050431.2801052183 0.1519855991
95499685.7494834661 0.1519857173
95499682.7778988630 0.1519856873
95499691.7843903601 0.1519855592
100050453.7081293017 0.1519857200
95499707.7534277588 0.1519855216
95499685.5176003724 0.1519856929
100050091.6455491334 0.1519851230
100050461.4404769540 0.1519858027
95499746.1738228649 0.1519855230
95499693.2940433323 0.1519857616
95499709.8707039058 0.1519850339
100050468.3033767045 0.1519857044
95499699.3075200021 0.1519857438
100050467.8781816959 0.1519855887
95499688.8271313459 0.1519858023
95499685.6546354741 0.1519856677
95499689.6829257309 0.1519852114
95499690.1262698025 0.1519858095
95499688.5428675264 0.1519859589
100050463.9582977444 0.1519856806
95499688.2622497231 0.1519856405
95499684.0512322783 0.1519857654
95499686.9243283570 0.1519859005
95499690.0193882287 0.1519855980
95499713.7665005028 0.1519859452
95499680.5363715142 0.1519856692
95499710.5274254084 0.1519860532
100050465.8290843815 0.1519857220
95499721.2226850539 0.1519854155
100050471.6712899655 0.1519856989
95499714.8718832135 0.1519857079
95499687.3345864266 0.1519856012
95499904.0905183852 0.1519862771
100050486.4053791165 0.1519855290
95499729.6369981915 0.1519860441
95499679.9925567955 0.1519856145
100050100.1333123446 0.1519850503
95499692.9534436464 0.1519856806
95499788.7344208956 0.1519856413
100050100.1333144754 0.1519850503
92125544.0000000000 0.1519850503 0 0 0 0 0 0 0 0 1 0 0 0 0 0 0 