430274451.7200642824 0.0000009890
419183167.6011725068 0.0000003415
421887918.9470923543 0.0000000584
448799801.2579503059 0.0000000015
460011797.9893235564 0.0000000969
428622319.5387233496 0.0000000164
437931045.8464913964 0.0000000007
420779777.8921566010 0.0000012535
455802841.5290526748 0.0000000025
424849408.7444885373 0.0000000007
416736911.2920927405 0.0000004952
409855313.9077870250 0.0000001405
436232628.9426848888 0.0000001592
409618146.8756407499 0.0000006326
408467217.9589543939 0.0000007772
437159962.6513695717 0.0003443569
419945005.8353988528 0.0000001712
364426085.1531015038 0.0000015072
347088670.2526619434 0.0000019870
339775458.5727655888 0.0000008581
336067466.5555007458 0.0000003297
331160114.8821941018 0.0000005395
336550905.0892586708 0.0000017971
313860970.0084607601 0.0000009868
311355808.0861172676 0.0000021244
308493538.1213268042 0.0000112731
344736443.6149643064 0.0000028839
331563674.0953876376 0.0000035690
324801023.8559561968 0.0000012693
303217105.8148950934 0.0000173365
325469568.8914948702 0.0076815305
292936332.2681720853 0.0032291378
309811048.5976936817 0.0023613439
361889857.6748068333 0.0049689123
294565028.9749720097 0.0029842478
314655640.8889210820 0.0060546685
298994101.2917318940 0.0030870889
305838402.5493842363 0.0046005097
303355946.9546279311 0.0023597936
309278831.2523691654 0.0025419930
292707156.2343734503 0.0028719468
323713731.3618902564 0.0019592888
294969062.3507349491 0.0032130760
283215422.6051897407 0.0007737716
295025726.1867552400 0.0010452567
318672703.6373075843 0.0004620193
286133066.3276005387 0.0010530109
253313301.8198676407 0.0003330881
253987628.2411126196 0.0003075438
253328492.3340476155 0.0003160174
242312942.2898806334 0.0003857041
243716425.1778908074 0.0004013319
260115400.1200533807 0.0003337093
298300225.1627386808 0.0005394143
246454326.9091860056 0.0003765043
215612913.6519046128 0.0002413785
223093561.2804546356 0.0002261477
236092534.5611829758 0.0000040860
218529825.3957626820 0.0003999280
226330253.8738323152 0.0001675270
220826450.4857666790 0.0003610083
236575853.1238639355 0.0018738154
220027450.3672192395 0.0001873343
177927783.8425053358 0.0000294261
170628234.9928981066 0.0001924780
172286346.3020172119 0.0002040264
199445224.7390813529 0.0025404295
162316725.2690483034 0.0000508934
174060367.8049419224 0.0000140616
173067229.8894570768 0.0000618287
215084872.1823547184 0.0000012170
164576780.8794592321 0.0000078933
187012060.0168535411 0.0000265920
160711259.4742693007 0.0000346358
168757185.6318044364 0.0010592490
161866724.6065243185 0.0001015828
202434698.5930066705 0.0000204576
159448148.6335972846 0.0000335629
197946038.1031894684 0.0000012841
159529904.3667572141 0.0000281940
156287809.3404562175 0.0000277602
160633252.4977000356 0.0000829671
192153189.4415619671 0.0004756537
155338094.6853800416 0.0000281592
194619278.9358074069 0.0000494971
162980127.8942221403 0.0000113461
187954591.9676415026 0.0000021569
158678136.3382482231 0.0000083484
171703423.9425087869 0.0001185437
159862782.3087854981 0.0000004717
196729882.1831453145 0.0002689700
158286691.5405205488 0.0000006248
179958958.5494893193 0.0022997503
148735919.1967383921 0.0000389863
197547781.1434219480 0.0000001557
146404074.8884323239 0.0005852788
183861378.8525168896 0.0000031320
157064879.1683493853 0.0014698237
152718035.8870785236 0.0041316338
149188135.5711745620 0.0003832406
177252487.0271843076 0.0003664866
147007229.3779294491 0.0002126957
178808147.1127483845 0.0005440343
149447726.9185042083 0.0007260788
195084344.3100900054 0.0002580226
144326387.0381499827 0.0004511338
172180048.6664503515 0.0002082108
145903432.4581660926 0.0004559897
174795778.6821128726 0.0021753922
143519555.1176939011 0.0001648546
144436491.7240761220 0.0005039183
150349095.7503570914 0.0001163293
192536062.8186745048 0.0000273721
142747666.1567606330 0.0001545896
175780691.1363151371 0.0000017183
141235231.4295870364 0.0001021988
190445660.2985447347 0.0002538450
144460289.7926352322 0.0000181829
174237229.2200520337 0.0021177018
140579325.0752324164 0.0000243683
163787363.6641766429 0.0000227192
143563971.1503643990 0.0000239308
159270851.4258834720 0.0000028900
139958935.5028822124 0.0000336304
175148168.2206245661 0.0000274271
141546965.8452998400 0.0000048952
164251227.8690035045 0.0000121862
149194106.9822993875 0.0000000316
173450262.5964798331 0.0000026978
136072193.3902462423 0.0000052826
161804758.6863393784 0.0000003251
138854070.6397075355 0.0000049347
185968804.6197123230 0.0000043860
148853036.4214776754 0.0000029351
156687527.3717844784 0.0031424102
139894682.0564256608 0.0000012047
158113187.0580302477 0.0003564160
132321353.0007615089 0.0000011426
166056628.4729343653 0.0000000035
132133440.6908961684 0.0000003141
188767724.0158169270 0.0000000141
137217535.5022411942 0.0000018114
166740566.2186636627 0.0019950286
135055219.2972099185 0.0000013054
186388034.6258835793 0.0000721732
131587810.5883692205 0.0000018032
147726727.0657059550 0.0000006930
129417201.5538590848 0.0000095525
148095527.2234151065 0.0000179563
130752626.5884472579 0.0002181442
163720721.5663279891 0.0000071202
131260157.6394881010 0.0000047982
143135025.8836762607 0.0000143649
133336836.5426208377 0.0000001682
172136399.5914322138 0.0000359974
132205750.4632783830 0.0000010364
147257582.7028803825 0.0030849689
133380149.3344761431 0.0000363108
155294436.8204438984 0.0000016423
132808955.9219267666 0.0001146466
144960906.0537360311 0.0005971453
134530416.4204632640 0.0002005516
159312651.5053271651 0.0013371312
131579456.1866029948 0.0001817183
165674825.9088928401 0.0000313048
132354053.4069890678 0.0000195126
147320241.0984940529 0.0000292849
133554785.7969713807 0.0000099100
146802379.9658596814 0.0000003461
132784249.8206727654 0.0000013785
151097577.5045406222 0.0004558245
133673064.7427918464 0.0000086625
167309704.0283510089 0.0007700887
135459679.1917546690 0.0000012042
131724421.8644163013 0.0000161530
142823789.7363573015 0.0000686221
133113934.7933477163 0.0000008531
129863912.4721444845 0.0000117441
131737108.4459349364 0.0000047464
147406503.7707464993 0.0000551031
130505317.1427817345 0.0000164872
131882497.2685144693 0.0001288283
127912970.0486020893 0.0000006099
130129042.6026578248 0.0000010399
126340333.5890020877 0.0000014848
153362112.1094622612 0.0000211912
133751007.4507627040 0.0000042982
128314894.8088826388 0.0000004951
127488836.2609399706 0.0000006915
131225365.7865149081 0.0000394209
126039792.4308005869 0.0000022719
131982200.8024903834 0.0008716259
126430840.8560588509 0.0000002948
133758203.1840141267 0.0000074285
126069334.2321811318 0.0000006991
132694033.6038449109 0.0000019373
128534617.0265999734 0.0000050189
127665237.5056655407 0.0000296389
131539498.8218044192 0.0000007333
126160286.1823176593 0.0000225661
128003217.7820285559 0.0000027025
131165754.2558486313 0.0000002091
127917976.1685180664 0.0000009484
131105425.1053947359 0.0000024051
126324751.1792305112 0.0000014230
133139348.4297712743 0.0000004478
126142224.0139355659 0.0000008989
132197476.3167857081 0.0000070639
126751439.3858798444 0.0000023958
133331913.5304639935 0.0000004625
127300369.9047151804 0.0000017239
128678607.8425680548 0.0000021076
125722267.6351688653 0.0000019164
122895617.0169118494 0.0000001619
124699587.0300922543 0.0000015536
125445766.0861864537 0.0000206073
122726256.7869263291 0.0000002528
124818885.6997609288 0.0000181220
122551944.7995239943 0.0000001638
123252362.9887158871 0.0000764955
125509561.4626832157 0.0000004395
122513523.1841000319 0.0000078332
122256556.0212418288 0.0000455360
122739882.0875122845 0.0000712445
123207552.2130395919 0.0000445800
130977966.0123302639 0.0000485101
122081185.1687365025 0.0000476484
122828261.7213261575 0.0000525429
123172559.0934841782 0.0000564414
124588254.6601683795 0.0000739285
122374640.8058105558 0.0000504892
123848443.8118378818 0.0000016679
122281196.6084546745 0.0000244541
129916280.8513859361 0.0000328609
122458350.1932886988 0.0000614514
128371233.3193602711 0.0000611635
123043758.9236631542 0.0000485151
123475339.8148977160 0.0000003367
122107091.0784059018 0.0000519940
131117070.4291446209 0.0001438413
122866133.1033566892 0.0000494179
123549514.1086434424 0.0001349074
123083773.6950754225 0.0000483180
122503306.3280255944 0.0000015890
122101357.5173224956 0.0000740857
125744810.9654228985 0.0000809359
122964977.5679017603 0.0000491733
131546289.5937029570 0.0000654291
123158067.5396487415 0.0001077027
125373633.6202904433 0.0000801278
123936200.3949284554 0.0001092793
125732138.4219545424 0.0000202517
122639258.6879995316 0.0000218006
129696266.1660125852 0.0000070941
122801768.1128096133 0.0000883014
124535457.1118532866 0.0000000420
124119343.0292128921 0.0000128287
129175179.4808025956 0.0000947638
122273144.9623524845 0.0000434968
131903972.9960720390 0.0000040449
122961967.1037240922 0.0000474562
130088225.1476739943 0.0000165094
123793544.2254018039 0.0000491405
128843948.2528083622 0.0000192370
124301769.2391428798 0.0000102535
128102896.0947257727 0.0001089615
123194277.6876803637 0.0000502398
128155224.5679818988 0.0001089360
123661675.2130934745 0.0000380169
122354484.3587001115 0.0000078846
124040660.1221907586 0.0000269704
128433932.5275427550 0.0001143182
122629281.2431976199 0.0000326243
123946603.8723331094 0.0000121935
124377401.5079612136 0.0000162805
123955747.7247167230 0.0000449749
122870198.7178277224 0.0000640769
122119714.9383508563 0.0000477527
123970614.0725977719 0.0001030177
121755398.4464986473 0.0000748599
122875466.1091785878 0.0000693853
122106821.9667603225 0.0000919594
122823342.8240851313 0.0000771454
122529156.6986792833 0.0001261932
121818219.7449501902 0.0000777303
121831769.4142653048 0.0000899871
122855717.7267162204 0.0000736374
123206364.6118038297 0.0000781533
121733953.8352729529 0.0000845524
122956952.5054166317 0.0000569087
121668974.3109270334 0.0000782960
122167273.7193326503 0.0000700447
121655545.8677484542 0.0000703892
122133107.0428985655 0.0000657876
122656205.3329804391 0.0000805569
121818830.6796918362 0.0000648617
121575350.4637413025 0.0000675762
122952919.0074980706 0.0000502721
121859322.6605695635 0.0000649784
121462780.2337055802 0.0000757759
121504720.2933451384 0.0000749377
121730739.9543826729 0.0000262359
121491741.8732134700 0.0000655885
121506037.5028783679 0.0000851744
121525244.2832098901 0.0000884506
121970206.5632911623 0.0000544235
121925661.5524423569 0.0000777608
121953221.6178212315 0.0000990565
121409953.0389559120 0.0000765005
121678834.4936942011 0.0001392664
121477875.8474114984 0.0000745819
121772435.0155651867 0.0000547277
121361304.1467631310 0.0000843088
121008412.7775620222 0.0000809984
121210831.0427272767 0.0000681813
123047305.3585020900 0.0000884586
121161295.5683372021 0.0000810873
121596137.7237660736 0.0000752611
121695182.5625344813 0.0000823796
121101994.6656819284 0.0000548423
121081523.1568275541 0.0000781491
121915954.6097114086 0.0001236790
121163775.3828016371 0.0000825550
121880192.7230581939 0.0000836843
121371798.4259654284 0.0000730002
121659172.1565939188 0.0000723702
121168126.8628429919 0.0000782440
121485265.3481797725 0.0000690614
121051912.4250370413 0.0000817705
121257265.2328625917 0.0000440361
121722395.0229758173 0.0000727794
121707865.8525885791 0.0000848316
121188615.1381344497 0.0000691319
122103475.8303450793 0.0000909348
121898293.2554439604 0.0000989822
121968793.2075543255 0.0000924116
121231953.8710754067 0.0000797534
121586106.4699056298 0.0000551545
121205326.6968559921 0.0000803256
122496365.0812338889 0.0000834408
121244355.5415605903 0.0000743391
121578302.8705035001 0.0001284323
121232889.0478190482 0.0000898013
122645124.4160517305 0.0000569773
121085750.0251738578 0.0000760397
121469162.1321273446 0.0000625882
121848840.5813067704 0.0000833234
121539157.4250757247 0.0000613070
121176607.0550868511 0.0000979500
121852006.8431903273 0.0000917180
121069087.9629846811 0.0000652682
121524575.9733834416 0.0000519116
121091225.6635557711 0.0000820581
122123789.2123084366 0.0000874171
121228352.8504429162 0.0000797232
121807843.7796991169 0.0000840536
121675533.1374675930 0.0000972073
121002026.6120893508 0.0001467476
121026132.8866498321 0.0001469189
120526816.2721354067 0.0001271963
121078010.3495087177 0.0001357283
121919741.5315739661 0.0000729921
120603557.0410560369 0.0001208808
121347281.0874510258 0.0001361906
121211072.1355053633 0.0001311727
120469714.1339993924 0.0000501076
120359438.3087993115 0.0000501846
120848310.2208913416 0.0000550306
120263921.6169825643 0.0000448687
131602789.7548539937 0.0000658824
120159925.5178814977 0.0000457281
121625781.5944751650 0.0000428104
121116587.4905855060 0.0000360511
120848605.4909170717 0.0000574814
121196325.2507971674 0.0000401968
121461258.7930855751 0.0000406948
120290354.7395401001 0.0000600098
121170587.8991795033 0.0000359566
120191181.1150284857 0.0000433694
120800226.4690667540 0.0000321893
120170099.9971434027 0.0000408556
120903463.0459253490 0.0000375137
120250968.6054083705 0.0000483341
120292654.5774584711 0.0000621666
120990506.9863026887 0.0000455569
120715444.0822103620 0.0000386633
120159462.4396958947 0.0000393391
121194964.6536048353 0.0000216048
120432946.7461181581 0.0000398860
120986179.5643610954 0.0000196321
120951599.3884213120 0.0000414280
120461449.3165047616 0.0000556222
120418723.5568758547 0.0000352963
120457979.7108115256 0.0000369264
120245516.4941554368 0.0000424924
120779130.0596262366 0.0000606211
120240028.0678298175 0.0000373046
121055001.8407805860 0.0000784471
120267611.2532659918 0.0000366929
120243937.7105618715 0.0000236644
120420194.6753114313 0.0000425499
120825855.8649292588 0.0000672144
120439194.0776171535 0.0000430983
132695762.3065538406 0.0000228903
121246136.6910254806 0.0000369555
120619742.2178894579 0.0000416572
120466398.9886412323 0.0000381428
121228298.1658588946 0.0000564768
121049131.8810212910 0.0000343536
121262661.0994965285 0.0000208149
120809359.4976009130 0.0000309684
120652171.8678449094 0.0000282011
120273586.0168296993 0.0000375371
120471356.7474927455 0.0000390080
120233278.8906878233 0.0000452309
120931865.2786217779 0.0000341528
120202865.8872177899 0.0000379825
120278504.7186496258 0.0000345075
120246022.8284359723 0.0000364454
120293167.2243008167 0.0000348528
120310098.7610920370 0.0000442271
120647527.0711418986 0.0000411607
120277601.5483930409 0.0000336843
120535161.3824105561 0.0000414070
120240434.4300984144 0.0000359028
120890243.2656182796 0.0000430739
120214127.8302062899 0.0000438868
120599179.1337244660 0.0000486590
120200992.1678059995 0.0000463756
120189579.1407967359 0.0000398517
120379563.0267591327 0.0000340917
120205222.0710676163 0.0000397542
121088859.8202612698 0.0000364438
120276317.3733207732 0.0000402235
120181538.7617538720 0.0000436410
121177735.8163289130 0.0000410435
120334553.7375856042 0.0000349260
120136797.4065953046 0.0000404427
120639935.5522494912 0.0000385155
120264649.7811195701 0.0000406206
120413425.7031282336 0.0000349647
120169625.8237400949 0.0000418236
120285643.4577710778 0.0000470075
120168845.6802141070 0.0000406606
120250120.7005781829 0.0000495017
120202901.7482168823 0.0000414971
121034701.9329234362 0.0000428249
120220215.0340934545 0.0000414982
120273814.9611832798 0.0000402982
120224985.9609341323 0.0000394303
120268620.7050296515 0.0000415302
121186947.1464224309 0.0000420769
120181933.2999818027 0.0000410563
120249559.1421127915 0.0000377731
120281512.2358036637 0.0000406719
120210237.4710612148 0.0000413498
120177160.7721280009 0.0000401051
120241944.7686344087 0.0000393427
120150011.4197610468 0.0000401985
120127711.4832348228 0.0000394614
120128291.6663784832 0.0000391110
120241645.1634397060 0.0000371549
120265426.4262693226 0.0000399509
120417450.7158188820 0.0000382526
120158542.3813487738 0.0000378900
120193289.1575008035 0.0000388650
120122637.8519810289 0.0000385028
120221316.9268701077 0.0000358764
120148520.0768686831 0.0000396838
120295901.5573096573 0.0000378162
120286380.1329491585 0.0000393936
120132455.4365007877 0.0000349184
120139210.3156505972 0.0000378007
121184329.9566187412 0.0000389586
120132042.7618343979 0.0000395211
120241223.1835613698 0.0000411665
120269710.7978200912 0.0000377098
120160874.5269313306 0.0000421768
120131832.1361070275 0.0000396368
120188822.2275986969 0.0000370947
120123279.2178737521 0.0000381361
120211419.1657408029 0.0000384758
120147603.1598215699 0.0000375176
120993750.7818369865 0.0000409272
120244349.6597659737 0.0000379334
120179124.2773391902 0.0000422830
121011625.2646390200 0.0000385654
120244767.2303837687 0.0000373513
120270865.5557971448 0.0000388403
120107981.8823335171 0.0000383427
120108010.9791085720 0.0000384811
120137306.4175579399 0.0000389975
120258836.0393868834 0.0000384793
120261571.9433772415 0.0000375224
120268400.7245512903 0.0000384353
120130156.7267050594 0.0000372627
120255159.4562102705 0.0000385621
120199201.5109888166 0.0000389069
120114128.0192329437 0.0000383486
120113061.1308318377 0.0000394931
120266511.4572444558 0.0000382665
120257717.9948337972 0.0000377304
120242096.1550964117 0.0000384136
120164347.1430988312 0.0000380200
120111160.8400687873 0.0000382229
120188245.2904085666 0.0000387775
120115616.6123829633 0.0000379675
120147640.7243632972 0.0000381777
120113729.3928209394 0.0000378657
120215314.2744925171 0.0000396700
120115805.1155540049 0.0000383368
120175875.2667249143 0.0000354944
120248878.3831085563 0.0000381872
120216267.3943866044 0.0000383759
120255527.7516806722 0.0000382703
120128924.7796867639 0.0000395616
120105799.0897784829 0.0000387081
120120800.7196068466 0.0000388609
120247583.3508588523 0.0000385092
120150400.7520291805 0.0000383417
120246065.2498146594 0.0000388056
120159217.5839294046 0.0000399258
120116333.8355741948 0.0000385918
120099041.5090749115 0.0000374309
120080070.8880105019 0.0000378159
120089445.3998846114 0.0000372477
120093122.6227810532 0.0000375550
120094944.7212889940 0.0000381573
120099719.8984451592 0.0000380277
120156819.9080775380 0.0000371774
120224489.6143205613 0.0000375215
120119103.1328912675 0.0000365149
120088744.1345610619 0.0000379109
120070109.0124920756 0.0000375810
120072898.6993843913 0.0000379257
120213947.0281076431 0.0000368150
120219542.6607385576 0.0000374375
120202673.7649004310 0.0000387373
120070943.7872236967 0.0000372371
120180476.3922380954 0.0000385727
120084294.1629066020 0.0000372237
120115786.6434167325 0.0000378619
120221335.8796159029 0.0000378797
120179661.9680480212 0.0000361873
120071790.3369957060 0.0000378778
120155860.5179459304 0.0000375613
120073104.7884550542 0.0000379162
120162697.3564081490 0.0000377753
120065189.9988429546 0.0000372517
120108647.9960066080 0.0000365235
120214100.4217948616 0.0000372980
120100605.6822957844 0.0000366815
120065731.6040885597 0.0000379689
120182854.9641554207 0.0000361627
120206825.0355540514 0.0000377844
120203533.7640711218 0.0000370312
120184166.6154833138 0.0000367222
120065295.1781739444 0.0000371771
120075263.9379558116 0.0000368647
120215322.8731537908 0.0000372681
120079652.5111942440 0.0000365412
120061345.5516820699 0.0000372886
120078624.9562985599 0.0000378536
120211867.4225894511 0.0000375040
120086365.6637707055 0.0000368949
120076247.1719317287 0.0000370428
120202122.3999670148 0.0000377764
120070430.1352254152 0.0000373833
120071319.4887079746 0.0000370087
120204740.7242516428 0.0000373658
120196853.7166724503 0.0000375556
120066982.9116946459 0.0000373020
120203729.8884493858 0.0000364155
120208604.3230859935 0.0000372922
120099355.8799334168 0.0000375756
120207216.3091811836 0.0000373276
120077142.4469227791 0.0000368830
120084741.4300313443 0.0000371660
120101310.8676071763 0.0000370170
120064853.7682587802 0.0000372522
120191374.3864525706 0.0000374660
120060239.0932415575 0.0000370501
120075488.6707428396 0.0000371114
120206379.9361950010 0.0000370595
120063020.7472935170 0.0000370451
120064093.7111117989 0.0000369616
120145329.0998649150 0.0000362172
120060865.8942755163 0.0000372773
120081549.6536631584 0.0000368346
120065552.8387717456 0.0000372856
120073748.3345135450 0.0000366733
120064034.8026437014 0.0000370362
120172650.7610282153 0.0000370241
120064798.0439674109 0.0000370141
120064355.9377036095 0.0000367112
120063459.2885425687 0.0000370840
120061457.0847460330 0.0000368693
120205298.2197234035 0.0000373879
120057488.1947683096 0.0000370852
120202709.0551556200 0.0000372422
120056564.6151134223 0.0000370960
120196774.5454740375 0.0000372177
120058478.6409565806 0.0000370251
120071352.5797381699 0.0000370095
120055494.9183922112 0.0000371758
120068309.0533545464 0.0000373335
120058455.1897090822 0.0000370954
120057489.9721015692 0.0000371353
120057932.1326344013 0.0000371732
120061326.3297316283 0.0000370088
120054773.7518604547 0.0000371895
120200367.8539948314 0.0000371793
120054459.9941805005 0.0000370744
120207234.6530090272 0.0000366495
120055762.0049437135 0.0000370563
120193716.8516140133 0.0000369810
120056621.4053075612 0.0000371703
120097315.8014387041 0.0000365852
120202797.5448428690 0.0000371633
120061271.9516746253 0.0000371225
120200945.6470183581 0.0000370365
120068789.8729736209 0.0000374125
120059534.8115346283 0.0000370158
120194261.6446844637 0.0000367478
120204966.2374181300 0.0000370562
120197095.3947447538 0.0000374973
120205398.6431502551 0.0000370506
120206003.4551942647 0.0000374648
120204789.8512132615 0.0000370362
120202874.1330663562 0.0000370667
120056673.6590774208 0.0000371363
120198503.6852918416 0.0000371350
120065378.7972087413 0.0000370729
120066814.5543709695 0.0000366548
120207187.7851108611 0.0000372517
120205671.5591225028 0.0000371068
120055870.0499434024 0.0000369964
120055279.7013272941 0.0000370519
120054789.0791899711 0.0000371151
120056442.9764101505 0.0000369707
120073559.6642124951 0.0000368626
120055627.6094677746 0.0000371127
120196948.6613501459 0.0000371518
120055761.9971641004 0.0000370541
120204766.1787481010 0.0000371312
120058588.4476881325 0.0000370518
120056508.4042783231 0.0000371180
120205138.3596379459 0.0000370883
120057816.9024900943 0.0000370198
120206086.8470216990 0.0000370718
120202258.5838238895 0.0000370384
120055364.6150052249 0.0000371039
120205012.2096159905 0.0000368873
120204854.9594427645 0.0000371137
120057234.1322838664 0.0000369650
120054541.5014022440 0.0000370657
120059239.1579117477 0.0000371653
120057094.2289751023 0.0000371560
120206064.3733294010 0.0000370962
120207756.5563837737 0.0000370367
120054417.7911056429 0.0000370637
120057892.8472357839 0.0000370094
120206252.7115570903 0.0000370781
120057866.5043913871 0.0000370080
120054068.2228638977 0.0000370443
120202506.1434253156 0.0000369857
120205957.0503029227 0.0000370110
120056097.0797600746 0.0000370018
120205809.7966046929 0.0000370557
120054624.8154315501 0.0000370482
120205624.7963271290 0.0000370418
120059233.2529085279 0.0000370465
120206033.2047123164 0.0000370417
120058349.9101438224 0.0000369880
120205966.6605992466 0.0000370365
120205986.0683285147 0.0000370004
120054041.4319662750 0.0000370657
120205517.0604638755 0.0000370077
120205654.3412096202 0.0000370598
120205330.8377043009 0.0000371502
120054884.5086960495 0.0000370751
120059196.4670966566 0.0000370705
120054404.1194454432 0.0000370658
120057210.5432500094 0.0000370380
120206084.1077669114 0.0000370235
120055043.5682678968 0.0000370613
120204780.9338775575 0.0000371214
120205587.1714525670 0.0000370654
120054585.5349160880 0.0000370354
120205794.3345316797 0.0000370695
120204802.6117543578 0.0000370525
120206241.1174113303 0.0000370606
120055083.3343991935 0.0000370240
120054684.3725812733 0.0000370533
120055860.1577212662 0.0000370537
120054504.7196079642 0.0000370654
120056688.7479081750 0.0000370659
120054256.6116757095 0.0000370640
120203851.1963009387 0.0000370403
120054391.3522606790 0.0000370701
120203898.3103404194 0.0000370815
120205800.2816556096 0.0000370525
120055107.8623680919 0.0000371167
120054168.0482699424 0.0000370568
120055479.3925034851 0.0000370788
120054206.9855135232 0.0000370853
120054325.7229517996 0.0000370659
120205970.2035992593 0.0000370623
120057052.5078987777 0.0000370773
120206209.6937597692 0.0000370654
120054804.2590019256 0.0000370365
120205577.2919087708 0.0000370830
120055193.2555041909 0.0000370770
120054427.8543102592 0.0000370422
120205135.8463198692 0.0000370629
120205489.0215827823 0.0000370697
120057412.8932489753 0.0000370502
120055196.9254513681 0.0000370664
120054413.4958320409 0.0000370710
120054316.9255061299 0.0000370655
120054447.8380910158 0.0000370612
120054145.0996412039 0.0000370438
120204899.2432658970 0.0000370511
120205739.3667652160 0.0000370715
120055731.9301429689 0.0000370087
120053986.4765527844 0.0000370711
120053827.5534250140 0.0000370731
120205830.3944358677 0.0000370644
120206041.5567456186 0.0000370796
120054240.5224982798 0.0000370662
120205713.6264628619 0.0000370744
120054384.7197473943 0.0000370546
120053842.3710193783 0.0000370693
120054622.0531569272 0.0000370743
120205873.6435154229 0.0000370721
120205218.1872840524 0.0000370740
120206003.6318407804 0.0000370652
120055814.1164792329 0.0000370523
120053894.6089657098 0.0000370709
120054709.2182515264 0.0000370832
120053817.5878008455 0.0000370765
120054566.4143256545 0.0000370707
120053840.4436746985 0.0000370758
120055667.9345345944 0.0000370632
120205976.7766038775 0.0000370719
120205888.2212648392 0.0000370866
120206007.5977220088 0.0000370781
120206017.5406305343 0.0000370943
120053927.0515133739 0.0000370746
120054787.9242488742 0.0000370681
120206043.5048142225 0.0000370911
120054666.4225236624 0.0000370619
120053829.1023477018 0.0000370742
120053908.1281578690 0.0000370745
120053743.9375361651 0.0000370747
120053871.1763280034 0.0000370824
120053742.3376255184 0.0000370749
120054575.5873953700 0.0000370670
120205796.1577780247 0.0000370722
120054103.7790567130 0.0000370700
120053764.3774172366 0.0000370640
120054596.5958380401 0.0000371133
120205757.1175975055 0.0000370748
120053985.4980817735 0.0000370651
120053778.6872114092 0.0000370755
120054224.5009130836 0.0000370691
120054183.7945752591 0.0000370738
120053892.2497197539 0.0000370730
120053848.3015915751 0.0000370780
120055131.6980710477 0.0000370539
120205689.6749906242 0.0000370722
120053988.4777326882 0.0000370826
120053690.5292906910 0.0000370756
120055301.1007369459 0.0000370687
120205917.6576594561 0.0000370838
120055252.8707982898 0.0000370526
120205661.7443061769 0.0000370863
120053639.4008736163 0.0000370473
120053836.4510995001 0.0000370513
120055415.5043331385 0.0000370289
120053596.0185685456 0.0000370468
120054313.9592336118 0.0000370503
120053682.7503674477 0.0000370370
120054030.2228627205 0.0000370530
120205536.2450997978 0.0000370408
120204688.2074898928 0.0000370731
120205414.6670060158 0.0000370532
120054909.4850657731 0.0000370328
120053478.1291989833 0.0000370498
120204975.2443924546 0.0000370438
120205540.4891900718 0.0000370517
120054114.0169622302 0.0000370474
120205510.6826301664 0.0000370481
120053484.2770167887 0.0000370525
120053627.8745629489 0.0000370525
120053608.9992434084 0.0000370546
120053990.7140473872 0.0000370404
120053566.2874621302 0.0000370506
120205105.5989218056 0.0000370494
120053499.3898306042 0.0000370468
120053483.1222033799 0.0000370533
120053463.5217349678 0.0000370496
120054075.2058085054 0.0000370486
120053584.3055654913 0.0000370464
120054109.0894670486 0.0000370442
120053606.9721963555 0.0000370475
120053566.7290123403 0.0000370508
120053438.9614860117 0.0000370499
120053928.3480593413 0.0000370451
120053561.9948358834 0.0000370514
120205125.0831260830 0.0000370649
120053434.7853869945 0.0000370479
120053490.6733841598 0.0000370325
120053729.7208446264 0.0000370475
120054123.9790673852 0.0000370401
120205526.8919797689 0.0000370484
120053574.4485617131 0.0000370498
120053519.3928757012 0.0000370479
120054027.7125118673 0.0000370485
120053345.7621519268 0.0000370498
120205564.5023190975 0.0000370511
120053356.5131115913 0.0000370505
120054033.8564481884 0.0000370528
120205385.2899706364 0.0000370509
120054146.2040105760 0.0000370493
120053363.1474074125 0.0000370503
120053560.9567322433 0.0000370470
120205501.6451336145 0.0000370466
120205214.4920624197 0.0000370505
120053369.9739279300 0.0000370508
120205602.9141718447 0.0000370499
120053486.7899014205 0.0000370497
120205535.5393711030 0.0000370400
120053504.7432572544 0.0000370489
120053513.2578178942 0.0000370496
95631040.0000000000 0.0000370496 1 0 0 0 0 0 0 0 0 0 0 0 0 0 0 