691377482.6378903389 0.0001061744
676784786.8716349602 0.0000186136
687343263.4970501661 0.0002744422
683585784.8106849194 0.0001492070
852505528.9260513783 0.0001472374
678267913.9267916679 0.0000028868
785673277.4979712963 0.0001050051
682829567.3433978558 0.0001324675
724305477.1214270592 0.0001399599
721747936.3419131041 0.0000933824
731621315.4940041304 0.0007868497
669900792.8606536388 0.0003421380
803372275.8353745937 0.0000279754
669952127.6291427612 0.0000236369
652653213.9214539528 0.0000061431
756994641.1992098093 0.0000032745
682993948.4525417089 0.0000563037
544928901.7197903395 0.0000436868
534006645.9391842484 0.0000546907
535821667.1830254793 0.0003068025
533234199.0141731501 0.0012229650
515132527.6131744385 0.0015593814
542057437.2681049109 0.0011311275
487484129.0562140346 0.0022759098
478744550.5737259984 0.0031469561
544275362.3709111214 0.0120841531
515009168.3798220158 0.0008363860
582049273.7288372517 0.0011605339
520052463.1283030510 0.0000186575
452770474.6033695340 0.0054008814
534816369.2893605232 0.0028788255
404303420.9440747499 0.0040816383
556031812.5072597265 0.0004056767
403855054.5083585382 0.0036034847
461900080.8436398506 0.0049769957
402847620.1823654175 0.0035221138
463607602.9108632803 0.0008857238
403342757.2525774240 0.0037535881
492857419.9539715052 0.0008174525
427663067.9440860152 0.0030445325
376467230.6338801384 0.0027446046
378058753.6067053080 0.0026027114
415346365.0314534307 0.0009161823
378723201.7117034793 0.0028168674
404581620.8725526929 0.0004483991
376320230.8879967332 0.0027389989
373229496.1095344424 0.0007130810
381575349.3427253962 0.0006686731
399643622.9343656301 0.0001851668
374695734.6256982684 0.0005842214
386337488.0986931920 0.0002022610
481456233.2266584039 0.0004809585
320477716.2820264697 0.0000016278
338402944.1438856125 0.0000393477
318863834.6659742594 0.0000916610
318852335.0887599587 0.0001093281
323004832.8296576738 0.0000821349
332887256.3811347485 0.0001931205
358972006.7356014252 0.0000034475
358856842.4234316945 0.0000842080
379979796.8052496314 0.0000009683
325287216.2378679514 0.0001529158
317212839.9736745358 0.0000193298
326247109.0472201705 0.0000257207
301771315.9548016191 0.0022123883
315966407.6165908575 0.0018204105
325104899.5537335277 0.0058410549
307652115.1337628365 0.0108189326
332946004.9121475816 0.0010763967
319941125.8641729951 0.0017194444
345724462.2392122746 0.0014536219
301196605.5097154379 0.0022768533
307543098.9207551479 0.0020618759
302144589.1085650325 0.0023654437
431069800.0146265030 0.0008030313
300608505.6786769032 0.0027883412
332816178.0818029046 0.0016370232
313424011.7465210557 0.0022927134
329321951.8134112358 0.0023021376
319103199.3076693416 0.0022665752
289165342.2724383473 0.0018132954
287335584.4374190569 0.0017758757
369739397.9612658024 0.0003399064
286132642.7603709102 0.0016962329
268397705.3313791156 0.0001381695
275406539.9242278934 0.0001024730
323904739.5684453249 0.0002626123
253247672.9394755363 0.0001969255
207303045.0588352084 0.0000979824
229256552.1258803010 0.0003438713
252067936.7935815156 0.0000459924
210418413.3824537098 0.0000754348
231436186.6417687237 0.0000150563
207708332.5684710741 0.0004565289
243988282.1785554886 0.0021030918
211115112.3417884111 0.0004806303
205226548.7908484042 0.0010290091
200768138.1260587275 0.0014278727
228668837.1831898987 0.0048787820
215368721.8669210970 0.0010123558
292145691.4587989450 0.0016032756
204585654.8582819700 0.0016110791
226584799.5234806240 0.0006192429
203414280.4172294140 0.0011332898
252819875.7087286115 0.0028108426
220956300.7537223101 0.0014130302
265543934.4757019877 0.0009846319
198969900.1731912196 0.0000188241
259883013.8082490861 0.0155631989
214428052.8224894106 0.0000769078
241876149.7022812366 0.0012640779
197972265.9548040628 0.0000005505
235413224.9144279063 0.0000112172
200918664.4064144790 0.0000162920
282470279.7394199967 0.0000077061
201069648.9460129738 0.0002973605
245446549.9722882509 0.0077087107
200616349.7920036912 0.0004802448
235465870.3292676806 0.0133518754
199375650.4395404160 0.0014911751
279008716.8055554032 0.0004705119
192003274.7586498260 0.0000780968
227460042.7203311622 0.0210741811
193440755.8049509227 0.0020448337
234299359.8168381453 0.0036072356
198237282.4835049510 0.0015332957
195137976.6745430231 0.0015927129
195393972.6340117455 0.0003281946
198109828.4117541909 0.0003136987
206004920.3674503863 0.0000168432
217508650.8790213168 0.0007179032
199900786.9648950100 0.0004445282
294512817.1252401471 0.0043902112
196791327.2211114168 0.0000096370
287518114.8489343524 0.0018917795
193620469.3666733503 0.0000405298
209212538.6445708871 0.0002355286
194180250.8638459444 0.0001737814
252463911.3448557258 0.0021395046
199243696.0846656859 0.0004976135
211262613.7063149512 0.0003363713
193636485.4751326144 0.0000126601
239553816.2458248138 0.0000000002
191200463.6704171896 0.0000029255
274183680.5004523396 0.0010718409
192311325.0696875751 0.0002393433
213388631.7096366286 0.0002924348
197556032.3871943951 0.0000033891
249049917.1353041530 0.0010982749
194557389.8736717999 0.0000499536
236295580.0874886811 0.0000055384
197504715.6367753148 0.0073336422
267355022.8505561054 0.0028468945
195553692.0244306922 0.0000927867
227622754.6522427499 0.0015638736
190943489.7751744986 0.0000053633
250951972.9942691326 0.0000313737
196988481.5238688588 0.0025845389
239501166.9593814611 0.0002409583
188238196.1646299660 0.0000533124
204804740.3786024153 0.0112790114
189034799.0089166760 0.0005033793
210374568.4760237634 0.0001926948
202365205.8720427752 0.0007059876
213976154.9590575397 0.0118365163
189500469.6524673998 0.0000557195
216723167.3459618092 0.0001078711
192086141.6400019526 0.0000398547
223602677.7769464254 0.0007816955
190712240.9347978532 0.0000030382
256911889.0992550850 0.0001135189
192501334.0683265626 0.0000187273
228477136.6908347905 0.0003996375
189413970.7685406208 0.0000602409
198415153.5966950357 0.0306589567
191022504.1969776154 0.0000165493
205330992.5785175860 0.0004213559
190412444.9653341770 0.0002815769
220731059.2512658238 0.0003076990
186122743.6105590165 0.0000192636
236800730.6187932491 0.0030291035
188652052.2251433730 0.0000010862
211327786.6079076529 0.0048808140
186042855.5723879337 0.0020891956
208962823.2451176345 0.0010129965
192789579.5795722902 0.0013597354
193349073.1080442965 0.0205197780
190455748.8490515053 0.0026616040
193692436.7466109097 0.0050534170
188682415.6553400755 0.0004461694
208605712.5385803580 0.0172334689
240479974.2144748271 0.0001304493
186601490.5577677786 0.0000573617
190023651.8291937113 0.0013791004
193071213.6716409326 0.0054486804
189228239.5511850119 0.0019680069
197675240.6556826234 0.0004995570
193453996.2851044238 0.0039901468
186848239.3540194333 0.0022261629
192635773.1863877177 0.0023790870
189130698.5877694488 0.0026717951
193196801.5302616954 0.0023709646
189411209.3673114181 0.0013464355
192902152.1536240876 0.0032029090
193740625.9466278553 0.0022689574
188737550.1911340356 0.0023345192
189491548.3834078610 0.0019835324
186353559.7364262640 0.0020694026
189221915.7424484491 0.0006918189
194451388.8847740591 0.0023805005
192431393.6993448436 0.0037497497
188115209.8083738983 0.0021587928
189012267.1089460552 0.0023244236
191053417.5652548373 0.0011148004
187563314.9523074031 0.0016573735
192226541.8323311508 0.0030139978
187088821.8875928521 0.0006470057
186330972.3235707879 0.0019694920
191917257.2876336873 0.0050369464
193963978.7980809510 0.0013094167
190805427.0820796788 0.0041414179
186114490.2848016024 0.0031285539
190011969.2411425710 0.0005351870
193146286.9165128469 0.0013209858
187979537.6679958403 0.0058220635
186667700.9341756999 0.0016402778
190513192.3373005986 0.0003841217
194036219.8415494859 0.0020272800
189522563.1677514613 0.0000800534
192811283.3140395880 0.0031047976
188914316.7456682026 0.0009557910
188436283.5783055723 0.0019373336
185663332.3353311718 0.0032862580
189095064.6334314346 0.0026511778
186235971.7902158499 0.0007407487
186272132.6179855466 0.0031856545
187281835.0550519526 0.0043362721
191123898.8756941259 0.0041116740
186585503.9056513608 0.0042375509
187209046.4828657210 0.0035476497
186875224.8724909127 0.0006676618
186704601.6337366998 0.0032011031
189078950.2696841061 0.0061222099
186387948.7802120447 0.0058518668
189502115.5678015351 0.0017555796
189385946.1527774632 0.0032646296
187468987.0703286529 0.0018650619
184948533.7491726279 0.0038187235
185521197.5548684001 0.0009170002
189522403.3258147836 0.0043456953
184048656.2579431236 0.0040956940
184005530.0762808025 0.0038888149
187040474.3843982220 0.0049031187
184022522.2141405344 0.0037147071
187374007.8826698661 0.0035617392
186986458.3566162884 0.0056945212
184950354.0767011046 0.0041990533
186378148.0605395138 0.0058018281
185595124.9797188938 0.0038086422
186249752.0228438377 0.0028041884
183587003.0397435427 0.0036931527
185809515.3620364666 0.0046715732
183325906.0673943162 0.0038787157
184070807.1155346334 0.0038692162
184017795.8477003574 0.0038974448
184041134.1344168782 0.0025124199
188229006.1149062514 0.0037313940
182447247.6277422309 0.0034991705
187923189.7874098122 0.0030340634
187423758.4775725603 0.0030895744
183517486.9158388078 0.0034313856
184460469.4327428341 0.0024810556
187732989.8098745942 0.0038762227
185199616.2164936066 0.0015789171
187253242.7142229974 0.0042564358
187403326.3128247559 0.0021663282
183236470.4762534797 0.0036692570
186419906.1941820383 0.0038742499
183128797.7050544322 0.0039608159
186236213.1174102128 0.0041267750
182834854.8670854568 0.0028354593
186592737.1751050055 0.0033683004
183679185.1178601682 0.0033128428
187533188.2730155289 0.0034876603
184318538.4246766865 0.0045456265
185009765.3499319255 0.0042244819
182820727.5558470786 0.0034971960
187043156.9757940769 0.0038964357
188063391.3540017903 0.0036157846
184305854.3743450940 0.0028308201
186237676.1559419036 0.0034574500
187231799.9622533619 0.0047908256
186747371.2764644921 0.0030458551
188504847.8066829443 0.0026581030
188311514.1874148548 0.0028513345
185444040.3415136635 0.0035461012
187660013.5582227111 0.0033633218
183168737.5817369819 0.0060908377
186677543.2140892148 0.0040207165
184935570.2207121551 0.0024234807
188155908.1002292335 0.0032035629
182342416.6009111702 0.0030793674
186893364.9326371551 0.0028977611
187045215.6363638937 0.0032681501
187071027.4529802501 0.0029239322
185027387.3256491125 0.0029104672
182530271.2445630431 0.0032936588
181799097.5466736257 0.0023685681
182139265.3764243722 0.0023103727
184659384.7166871428 0.0019598340
181890186.8872428536 0.0018386589
184099733.4633885026 0.0042401375
188487464.4137287736 0.0023169752
187049366.0621938407 0.0028071479
183271121.8806759119 0.0024852322
181831805.8387116790 0.0016764639
182336911.6580165029 0.0023089461
182632261.9166083336 0.0021429637
182102528.0283266306 0.0023560331
186517597.9746486247 0.0031632509
187926631.4022306800 0.0024801789
182642310.4107365012 0.0021263098
188006782.3429077268 0.0023250204
185236988.0762383044 0.0024270074
184137977.0457249880 0.0023564529
185871255.1749384403 0.0019186513
181784331.8065983057 0.0012184021
181379667.6180205047 0.0006311209
188184540.4845262766 0.0007556582
184518303.1349515319 0.0004736055
182108986.1108962595 0.0006348073
185591974.2808157802 0.0006722717
181961116.0950326025 0.0005413572
184128063.8910779059 0.0000039875
181068627.0006122887 0.0006434640
180610843.0265381038 0.0002779260
184866039.2904722393 0.0002521655
185719759.5408359170 0.0003500206
185864754.5820384622 0.0003116809
185790718.2141821086 0.0000262366
180612539.6478097737 0.0001790584
184600794.4337760210 0.0002384071
186248243.7334262133 0.0003487985
180526617.1557613015 0.0003745296
180319270.5462764502 0.0002414828
182757567.6918669343 0.0004250295
181525180.0264318883 0.0002498032
184428658.7005292475 0.0004545256
185220165.3124274909 0.0001516071
180642510.4352914989 0.0002724080
182068559.9383610487 0.0002616829
181245830.4799970090 0.0004821387
185841939.7373965383 0.0003583367
187206080.5831045806 0.0001481304
186411890.7077347338 0.0002373576
181914466.0128655136 0.0000299397
180849259.8761063516 0.0001609682
181318799.9801567197 0.0007955087
186506393.1646907926 0.0003694891
188785313.7085463405 0.0001123396
181757307.9136219621 0.0001507931
181305698.7562460303 0.0002851147
180617801.1800482869 0.0001600068
180702218.6555075645 0.0005913176
185954566.6415571272 0.0000435108
182756747.2215850353 0.0009852357
185134638.4160939753 0.0002346413
181420661.9797394276 0.0002875730
180692610.1414919794 0.0004067438
183431930.9590813518 0.0000204754
180682504.1752833724 0.0002550842
184994721.7026863694 0.0004409946
180121142.9363293648 0.0002703035
181965340.6375197172 0.0000011544
180211330.7184550464 0.0004082404
180345598.8922868967 0.0010648965
180159157.3719863594 0.0001829124
184362573.1456559002 0.0006517201
180501975.7303495109 0.0003031452
183328369.0410975218 0.0001807246
180101062.8153597713 0.0003100221
184422630.2050323486 0.0001371216
186142320.6344837248 0.0003828089
182384714.0639799237 0.0007488442
180083575.7632071078 0.0004123507
185220237.6501596570 0.0000300523
180321435.2976487577 0.0002252970
189656231.7724566460 0.0005714435
181111023.9721938670 0.0003874489
184251036.4839046001 0.0009447930
186217506.4283212423 0.0003602476
180828807.2789470255 0.0003782720
180904442.2219308615 0.0005254695
183416257.7421307564 0.0002959038
181677505.9767287970 0.0005389758
184516014.9995232224 0.0007267064
180380064.8859305978 0.0002405370
179574869.1691693962 0.0007152700
184635277.5869721174 0.0010767754
185825802.2626929283 0.0002251163
181379503.7112021446 0.0007125750
179559914.4690914154 0.0001942656
180202863.4151716530 0.0001840850
183893255.9196636975 0.0002994190
179678209.5913227797 0.0001743817
181802530.3351194561 0.0007914271
179695863.2931121290 0.0003675693
181017025.2473786473 0.0000772894
180464676.1097955704 0.0001533245
184624921.5545933843 0.0000492580
180457235.3556654155 0.0001834453
182769544.1091541350 0.0000139595
183207856.9373660386 0.0000922974
183509884.1912592947 0.0000695153
182543885.3377253413 0.0003148833
179915750.6755256355 0.0001425419
179453313.6511223614 0.0001077404
179625494.0696652532 0.0001397378
178931698.6950171590 0.0001979975
178507273.0352602005 0.0001511011
180044192.4207208157 0.0001494116
182083051.0809842646 0.0001449137
181710154.8751510382 0.0001727038
179690480.6997078657 0.0001397511
181716396.0529372394 0.0001617795
181636972.9032653272 0.0001954849
179691816.7801690996 0.0001788976
178810577.5293369591 0.0001723986
181839116.0521993041 0.0001126174
178537533.2498207986 0.0001417209
180192847.1948380768 0.0000027195
178777951.0792570710 0.0001405081
179739105.1917121112 0.0003522446
178421986.1946492195 0.0001268860
179043082.1555503607 0.0002973531
181285585.2873986661 0.0001284665
180832582.0310583413 0.0000711452
182086820.7188024819 0.0001332005
179443873.3788169026 0.0000232177
181686625.4565815032 0.0001684499
181962368.6060024202 0.0001817344
181614448.8083809316 0.0001097395
182772750.3225462735 0.0000221810
178719394.1020689905 0.0001468423
181919156.7239066660 0.0001021094
178869061.1020340919 0.0000891926
180649767.2051237822 0.0003594988
178603377.1877818406 0.0001093009
179753469.9216386378 0.0001220269
181562312.1199027300 0.0001149393
181765326.1091792583 0.0002900219
178542996.9653824866 0.0001213631
178781394.2682687640 0.0000079487
181726179.6954981685 0.0000615293
178848757.1728520691 0.0004055550
178740125.5867049098 0.0001388091
178318192.0409652889 0.0000525534
181077364.2488175929 0.0000438846
180862556.7039512694 0.0000492171
178426208.9942831695 0.0000387324
181069469.7564811409 0.0000157748
179118216.9377870560 0.0000473614
180149477.6752319932 0.0000077878
178642209.9387337267 0.0000233976
179275394.7470155656 0.0001675303
178257743.9598069787 0.0000463021
179272215.0986906588 0.0001021407
180950019.0487572849 0.0000554665
180725381.0390946865 0.0000002854
178474585.3596432507 0.0000304761
179648226.5928906500 0.0001714104
181090982.2042823434 0.0000600323
181149888.2616336048 0.0000679003
178564199.8157949448 0.0000273851
185734504.8401364684 0.0000574169
178512085.8539322317 0.0000814396
181190849.2680507898 0.0000147839
180632058.6483133435 0.0000333083
180692711.2090560794 0.0000061216
181278308.0696249306 0.0000551508
178829060.2349357605 0.0002392823
178744442.8327606320 0.0000333790
181087090.4398446977 0.0000620011
181163261.5378370583 0.0000319996
180555006.1515300274 0.0000881117
178495373.0179459155 0.0000309144
179034831.3783538342 0.0001442731
179962535.2357769608 0.0000300236
178268670.8994612396 0.0000560729
179965247.9749319553 0.0000789185
178701018.1764827967 0.0000365922
179148366.5843795240 0.0000581971
181033923.9326246083 0.0000526514
178919094.7052101493 0.0000131297
181103072.0738609433 0.0000205010
180715941.8965124190 0.0000621468
181200266.2299256623 0.0000382846
178524538.6505015194 0.0001552578
178578537.1941902339 0.0000411745
181343304.2964722514 0.0000936301
178638410.5315340757 0.0000457095
179574461.4187773466 0.0000686368
181274337.1839705408 0.0000623550
180172336.1639624834 0.0000387584
178476500.0651545823 0.0000528418
178688136.7678391039 0.0000278870
178581257.9832041264 0.0000407570
179087453.3896850944 0.0000683815
178351701.1555556655 0.0000360132
180125132.8868506849 0.0000009342
181218735.4799340069 0.0000464656
181149844.3264748752 0.0000329693
178319770.3424502313 0.0000580151
180657553.5288958848 0.0000466934
181287817.7666175961 0.0000496059
179473239.1804078519 0.0000230439
181075550.8306318223 0.0000494906
180092886.6808820367 0.0001149587
178514555.1128780246 0.0000418425
180716207.7263861299 0.0001312353
180933108.1501035392 0.0000466694
180084005.2070495188 0.0000618087
181179334.6700138450 0.0000367076
179012209.4485357702 0.0000279467
178357050.3765241802 0.0000510881
178489411.1727648377 0.0000693356
181143128.4401431382 0.0000483384
180957248.8119641244 0.0000182833
180999159.1093469560 0.0000546317
181155595.4094016850 0.0000498254
178240968.1250558794 0.0000421482
178731343.6175194383 0.0000204764
179695541.0890157819 0.0000273909
181013909.9904738963 0.0000433230
178306879.8165930212 0.0000418013
180872611.2336832881 0.0000200612
181267612.9156310856 0.0000456119
178676173.7764598131 0.0000287645
178306797.7499575317 0.0000418724
181110344.6090430021 0.0000446910
178320712.0508325398 0.0000563998
178807506.3953417540 0.0000319069
178226084.3463697135 0.0000509407
180969070.2598381639 0.0000219354
181186162.1817922294 0.0000478307
178904254.1809501946 0.0000454587
181225378.4330554008 0.0000492860
178997250.1298637688 0.0000797952
181235668.6448519528 0.0000477818
178344691.9080480039 0.0000558355
178455012.9802017510 0.0000519679
178750088.8997315466 0.0000645259
181153184.8255157769 0.0000524227
178276113.0119175315 0.0000611433
178323054.4946643114 0.0000615042
178730701.5414097309 0.0000619128
178359246.1018767357 0.0000474071
178556506.1745535135 0.0000771078
181157807.5260257721 0.0000502118
180909604.0386051238 0.0000747826
178261401.4243103266 0.0000481030
180527549.5525645614 0.0000552872
178495733.4091871977 0.0000527109
178323185.7825401723 0.0000493512
181015600.0815607607 0.0000633079
178249408.0827872455 0.0000447120
178490097.2899114192 0.0000555937
181265110.6186053753 0.0000456176
178453799.0465012491 0.0000525681
181228624.5315989256 0.0000549399
178298362.7329347730 0.0000439345
178206583.6022171676 0.0000551899
178371274.9175814390 0.0000384735
181232044.4858666956 0.0000581057
178734415.7930778265 0.0000514728
181247553.7103018463 0.0000542258
181181607.8915897012 0.0000507804
181216660.9494304955 0.0000541591
178370424.1269600689 0.0000615560
178223325.6571146846 0.0000499658
181192009.9571473598 0.0000568089
178376735.4647054672 0.0000519871
178217774.5108406842 0.0000581844
178364379.7602106929 0.0000561490
178258575.4225789011 0.0000563824
178341394.0478574336 0.0000585853
181267360.8142612576 0.0000554871
181213154.9097768962 0.0000549235
181259512.2940952480 0.0000553531
178367768.1712718308 0.0000502255
181256105.6931581795 0.0000550802
178250447.5866102874 0.0000548877
178203810.0577039123 0.0000553946
178231849.2705535889 0.0000533394
178212514.6030080318 0.0000557314
178324805.1510908008 0.0000574591
181222911.5109214485 0.0000546815
178309360.4826198518 0.0000513762
178224943.8916435540 0.0000548289
178454333.5473096073 0.0000640916
178243471.0320257843 0.0000557530
178196652.9702790380 0.0000598295
181220512.8326741457 0.0000589831
178208154.6828583777 0.0000627747
181201436.9004938304 0.0000597073
178239751.8619581461 0.0000556363
181252346.8611145318 0.0000566275
178462544.2564565539 0.0000639632
181238999.7033057511 0.0000593966
178372828.7401566207 0.0000593223
181207083.1185654998 0.0000626403
178403523.6772281229 0.0000488113
181247605.1775643528 0.0000613409
178296897.2125560343 0.0000567973
178253145.1676555574 0.0000612084
178322040.2495636642 0.0000651402
178231367.5487841368 0.0000613009
178230159.6705418229 0.0000504130
178207675.8976884782 0.0000607535
181213639.7688953578 0.0000628960
178221665.0992999375 0.0000604097
181263178.3032585979 0.0000665160
178199029.9218476713 0.0000606652
178239485.7857789099 0.0000544313
181216854.3838628232 0.0000595226
178258674.8974801004 0.0000604354
181215196.8034642041 0.0000582224
178292917.8370343149 0.0000610019
181184544.3559839427 0.0000557847
181241109.9281398058 0.0000592515
178303425.1475650966 0.0000616988
178204207.4280353487 0.0000600276
181261307.7204976976 0.0000597300
178212684.2106606662 0.0000602836
178213376.6775378585 0.0000604115
181245124.6862469316 0.0000594391
181265768.6204206645 0.0000595540
181243802.0359047353 0.0000599515
181262056.2259265184 0.0000622385
178209200.1528538465 0.0000591024
178241109.2447949648 0.0000635474
178203856.6743958592 0.0000598254
178267583.9109655619 0.0000607436
178207661.3915354609 0.0000604514
178197736.2678099871 0.0000595362
178199905.1127407551 0.0000590128
178207115.2436197400 0.0000587143
178257420.8508547544 0.0000614162
178197875.4680187106 0.0000604258
178211725.7327704728 0.0000586209
178198142.7128425539 0.0000600415
178211070.8355219662 0.0000594563
178200302.2267691195 0.0000585671
178235199.1073518991 0.0000605656
181244541.6026077569 0.0000598032
178193949.1412504315 0.0000597074
181254988.8806318641 0.0000597134
178232795.9838537276 0.0000603448
178207874.1754659116 0.0000600889
178203188.1379338503 0.0000582340
181250567.8228050172 0.0000597250
178240500.5500133038 0.0000605185
178199114.9609087408 0.0000598742
178203366.5730072260 0.0000595581
178201807.0181026459 0.0000597500
178242816.7778087258 0.0000572870
181258290.8856616616 0.0000594886
178256803.1141177416 0.0000586515
181258988.4259092808 0.0000591980
178191027.9502465725 0.0000609680
181261296.0088906288 0.0000610585
178266600.7621717155 0.0000615930
178195078.3143483996 0.0000615277
181232966.0539309680 0.0000609576
181260232.4631879330 0.0000608344
178203682.8379144371 0.0000615720
181260213.3724653423 0.0000608706
178204853.0693866909 0.0000620267
178194401.8603051305 0.0000606156
178229456.4535493851 0.0000599802
181237218.3833217025 0.0000624172
181260507.4347633421 0.0000609452
181232383.9797965586 0.0000598452
181255701.4919656515 0.0000608062
178202671.5097524524 0.0000610343
178191342.1497752666 0.0000609533
181257926.3661821783 0.0000611837
178190979.1257442534 0.0000610145
178198815.6460888982 0.0000610174
181264426.5130216777 0.0000611039
178203178.5186454654 0.0000616246
178193568.4296533167 0.0000610709
181257970.7997530401 0.0000620540
178191389.3456859887 0.0000610948
178196463.5544976294 0.0000592289
181261763.1697984040 0.0000608196
178223797.3933960199 0.0000603299
181258854.0557156205 0.0000609153
178196172.1433665454 0.0000617085
178194541.6289978623 0.0000609325
178199743.5325116217 0.0000606559
181261248.7325078845 0.0000610442
178196401.3825642765 0.0000605719
178198015.5816126764 0.0000609876
178210488.1458098888 0.0000612851
181263169.9834441841 0.0000610052
178197869.1138848960 0.0000615300
181262028.0330732167 0.0000608697
178202653.2257985473 0.0000608090
181263076.1036137044 0.0000609275
178202014.6804928184 0.0000611358
178189717.9142816365 0.0000610982
178205719.2756617963 0.0000612777
181259749.6811810136 0.0000615609
178223552.0593824089 0.0000608190
181259208.5554601848 0.0000612767
178203389.0384449065 0.0000611129
178190004.7074672282 0.0000611741
178190383.3588180840 0.0000602819
181261829.2694725394 0.0000611870
178197112.1594136059 0.0000605040
178190914.4294112027 0.0000610332
178190691.6986130178 0.0000625362
181256028.5591526926 0.0000610036
178224072.0134744644 0.0000612749
181251128.0307095051 0.0000608815
178197034.1453250647 0.0000611102
181262158.6472573578 0.0000610303
178192856.8980749249 0.0000612839
178190852.0659027696 0.0000610451
181263112.7834573686 0.0000609233
181261101.4704189599 0.0000611050
181262605.2473694980 0.0000610587
178188993.3106333315 0.0000609998
178189696.1051351130 0.0000610505
181261212.8931635618 0.0000612493
181254759.2235558629 0.0000604989
181260627.1275825202 0.0000610305
178200380.1093715131 0.0000614928
178189291.2365030646 0.0000610222
178195475.5977899730 0.0000601613
181260975.8092152476 0.0000610323
178190396.2677785456 0.0000610104
178190653.7717219293 0.0000611361
178194403.7011248469 0.0000614106
178189727.1191879511 0.0000608825
178191890.3789137304 0.0000614824
178190670.1582847834 0.0000610413
181260556.6198315024 0.0000609017
181260324.2368277609 0.0000610255
178193930.7105316222 0.0000611844
178191166.5117855668 0.0000615011
178190080.8831406236 0.0000612502
181261409.3754870296 0.0000609989
178189987.5342411995 0.0000609506
181261146.0255301297 0.0000610627
178196074.2063218951 0.0000608082
181261383.3723464310 0.0000610392
178192006.9458155632 0.0000609496
181260451.3751499951 0.0000610313
178191397.2879729271 0.0000611301
181261750.3343758881 0.0000609426
181260771.8044042587 0.0000611262
181261697.6696340144 0.0000610763
181257265.2543307543 0.0000608004
178189551.8397221267 0.0000609811
178189325.6199170053 0.0000610350
181260828.2599751651 0.0000609728
178189827.6610554457 0.0000609214
178189617.1427693367 0.0000609758
178199735.9211479425 0.0000609412
178189624.2296413183 0.0000609997
181258240.1392257214 0.0000610533
178189106.3529029191 0.0000609668
181262544.4089946747 0.0000611444
181261484.4513213634 0.0000610667
181261244.5185981095 0.0000606351
181261205.0061955750 0.0000609315
178190035.6111058891 0.0000610729
181261783.1780326664 0.0000609962
178192261.5343715250 0.0000611443
178189432.1976397038 0.0000609410
178190067.4231438339 0.0000610640
178189701.8506295383 0.0000609811
178191945.5916639864 0.0000610883
181261139.3288661838 0.0000610135
178192696.6765434742 0.0000609001
178189125.4683177769 0.0000609774
178189924.9219901264 0.0000611172
181261167.0358164310 0.0000610055
178192023.2000937760 0.0000610359
181260978.3757941425 0.0000609048
181260500.4265184402 0.0000612737
181260820.3792901337 0.0000609073
181261100.0003160834 0.0000609968
178189893.9575516880 0.0000610470
181261148.8182438016 0.0000609457
178190619.0840199590 0.0000609843
181261515.5236132145 0.0000610281
178192675.6789755225 0.0000609442
178189438.0550661683 0.0000609952
178189428.6432641745 0.0000609542
178189119.4879082143 0.0000609964
178190427.1982874572 0.0000610193
178189166.5901252925 0.0000610774
181261132.0265967548 0.0000608410
178189554.6233780384 0.0000610109
181261566.3773828149 0.0000612003
181261916.1903557479 0.0000609901
178189246.1517940164 0.0000609060
178188972.9463617504 0.0000610330
178190413.2886452377 0.0000610728
178192784.6620729566 0.0000611743
181261919.9439574778 0.0000610573
178189606.8042435348 0.0000610341
181261013.2386698723 0.0000610035
178189053.9179906547 0.0000610327
181261688.8369259536 0.0000610150
178189156.6606689990 0.0000610347
178189101.3151240349 0.0000610147
178189084.7722719312 0.0000610102
181261997.1858173609 0.0000609935
181261867.5992032886 0.0000610311
181261547.5089257956 0.0000610150
181261855.0406741500 0.0000610313
181261267.0466237664 0.0000610520
181261579.2251776755 0.0000610281
181260416.1765660644 0.0000610772
178188978.9470559359 0.0000610318
178189787.7705852389 0.0000610739
181261705.1135995388 0.0000610216
178189299.6883471906 0.0000610239
178188949.8054912388 0.0000610413
181261261.5402735472 0.0000610243
178189422.5381666422 0.0000610349
178189922.9426852763 0.0000610526
178189034.7323820889 0.0000610259
178190423.9910991788 0.0000610249
178188967.2065816224 0.0000610427
178190551.7772927284 0.0000610537
178188955.9651270211 0.0000610385
178189148.9825104773 0.0000611129
178188998.4404083192 0.0000610220
178189430.8595005572 0.0000610130
178188891.9523111880 0.0000610296
178189605.8502334058 0.0000610442
181261572.3864150941 0.0000610444
181261287.5071576238 0.0000610462
178189227.2200711966 0.0000610081
178189490.1672716737 0.0000609822
181261234.3779785931 0.0000610220
178189954.0771263242 0.0000610048
181261763.2281127274 0.0000610317
181260861.9252767861 0.0000610526
178189016.9007423818 0.0000610465
181261222.2473869622 0.0000610563
181261589.3346393406 0.0000610357
178190580.8085730374 0.0000610483
178189194.8295024633 0.0000610186
178189496.4367701113 0.0000610617
181261497.9485079646 0.0000610544
178190592.7046025991 0.0000609838
181260671.4422625899 0.0000609527
178189130.1558828354 0.0000610509
178188915.9681029618 0.0000610300
178189224.2775579691 0.0000610057
178188971.8053368628 0.0000610239
181261848.0467088819 0.0000610363
178188930.9983785450 0.0000610262
181261319.6356557012 0.0000610583
178188871.1258486211 0.0000610282
178189009.1060865819 0.0000610148
178188863.0818453729 0.0000610279
178189548.6732670367 0.0000610105
181261757.6451269686 0.0000610293
178189418.7644844949 0.0000610213
181261670.6887438595 0.0000610300
178189703.8031530976 0.0000610299
178188948.8511396050 0.0000610241
178189125.0611453056 0.0000610302
178188835.7300787270 0.0000610229
181261882.2240667343 0.0000610267
181261665.6360356808 0.0000610206
178188865.7234012783 0.0000609943
178188921.5837903619 0.0000610297
178189272.7157021463 0.0000610228
178188808.0557959974 0.0000610250
178189417.2501848340 0.0000610024
181261734.2217163444 0.0000610206
178189319.4243731499 0.0000610537
178188777.3798712492 0.0000610277
181261875.4216514230 0.0000610409
178189047.3525222242 0.0000610151
178189144.4014721513 0.0000610441
181261784.4479429722 0.0000610232
178189636.9112390876 0.0000610528
178188803.1451317668 0.0000610302
178188881.4271007478 0.0000610228
181261851.6302016675 0.0000610231
178188994.3881777823 0.0000610311
178188947.2932301164 0.0000610329
178188715.0515106022 0.0000610458
181261850.4484745562 0.0000610397
178188843.3836820424 0.0000610974
181261808.6979951859 0.0000610342
178189893.5303194821 0.0000610598
181261696.9120158255 0.0000610488
178189462.9682021439 0.0000610336
178188746.2530501485 0.0000610530
181261770.9079219997 0.0000610561
181261888.3217626214 0.0000610456
178189259.0047525167 0.0000610230
178188770.7028112411 0.0000610496
178188909.2559489310 0.0000610474
178188754.9204006791 0.0000610457
178188750.4001472294 0.0000610463
178188853.6931768358 0.0000610465
178188912.0708794296 0.0000610378
181261831.8194776177 0.0000610449
178188933.1341613829 0.0000610480
178188714.0609994531 0.0000610320
181259468.1980240941 0.0000610313
181261874.9438390136 0.0000610345
178189313.2756821513 0.0000610293
178188722.0170106292 0.0000610354
178189885.0173982084 0.0000610288
181261717.0278623998 0.0000610327
178189082.6466082633 0.0000610135
178188769.2622810900 0.0000610305
178189175.7329033911 0.0000610139
178188795.1593774259 0.0000610297
181259468.1977889538 0.0000610313
178188738.5576769412 0.0000610309
178189414.9233703017 0.0000610428
178188777.2070419490 0.0000610238
181259468.1974311471 0.0000610313
181261764.9940096736 0.0000610338
178188799.9753113389 0.0000610262
181259468.1977006495 0.0000610313
141094168.0000000000 0.0000610313 0 0 0 0 0 1 0 0 0 0 0 0 0 0 0 