482973781.5105558634 0.0000009890
460946895.9061680436 0.0000003415
466549788.0331566930 0.0000000584
465134312.0582289100 0.0000000015
445273010.0101295114 0.0000000969
503728503.9541639686 0.0000000101
513435697.1086216569 0.0000001960
436693252.8315210938 0.0000000610
507528321.8117719889 0.0000000166
501893284.7175870538 0.0000000097
492908017.2585197091 0.0000001538
423018696.7901714444 0.0000000728
492614729.0977054834 0.0000000048
429983740.0901564956 0.0000000782
424662027.0176671147 0.0000001468
444121658.8196176887 0.0000322614
452973907.2783349752 0.0000000118
373129162.0968219638 0.0000002130
367401036.4015810490 0.0000002753
362103253.8414306641 0.0000005200
358474784.1731949449 0.0000000005
339899291.8501038551 0.0000000027
330156188.0211858749 0.0000002448
318010069.7207643390 0.0000004756
299099359.3385860920 0.0000011272
407715064.7732497454 0.0000006860
344818751.7330506444 0.0000003661
362644792.0567326546 0.0000008261
297963591.5664045215 0.0000001746
303477560.5283573270 0.0000000222
317435786.6177960038 0.0000773578
287114741.5368440747 0.0000498657
270949466.4312725067 0.0000525448
307185900.0727674961 0.0000397520
280104765.0817534924 0.0000515525
275561178.8632675409 0.0000659409
286031546.9838392138 0.0000532853
287788944.8314996958 0.0000774983
272380209.6070595384 0.0001233899
302002517.9262523651 0.0000332384
273550669.9923257828 0.0000534853
304740946.0620601177 0.0000387120
273101953.1993462443 0.0000549494
333866348.7320833802 0.0000386361
274703998.6425625086 0.0000241594
277241139.3292742372 0.0006583571
272794882.7895342708 0.0000413304
295399136.3765261173 0.0000000082
271994687.7270108461 0.0000523923
271558256.9291269779 0.0000887764
260270790.5528945923 0.0001731254
274385639.0282235742 0.0000389455
260289076.1053971648 0.0001780178
256688988.7892651558 0.0001615673
261022082.3086830080 0.0001690174
292727183.3372303843 0.0002464241
265680335.0815492570 0.0001892967
327771872.0556443930 0.0001205698
261025757.1873076856 0.0002086796
281380598.1117290258 0.0000650586
268139826.6303140223 0.0001761316
305862583.1158053875 0.0000204331
265224376.6489419043 0.0001633310
296291919.3294237852 0.0003123797
256423500.8260350227 0.0001689251
270697787.0303807259 0.0002082243
256321892.3659224212 0.0000000474
287629997.3077021241 0.0000939742
254930842.4813826084 0.0000252821
241940536.7668844163 0.0010781915
241729786.1612041295 0.0011524091
265873599.8547668457 0.0006318756
241846903.8892522752 0.0011756172
237553219.5622344315 0.0001396980
237014595.5884719193 0.0001509829
296936024.3624148369 0.0000260737
249496248.2410222888 0.0001941320
243287658.3107748032 0.0020087247
274751522.0430292487 0.0000102286
272912643.5439033508 0.0000769711
244154312.5231875479 0.0000961332
217217155.7796874344 0.0020334188
222689868.8394504189 0.0014115840
219848669.6097048819 0.0009287607
218750068.5565403402 0.0018317520
223296580.6142328680 0.0003412077
221726206.7778061330 0.0024982123
276607010.0741522908 0.0017919554
212517817.9212959409 0.0022828038
214426047.1344751418 0.0006866560
219589398.9751120508 0.0017126885
269046438.5664684176 0.0004724970
222446827.8262808025 0.0017484056
228468684.4675438702 0.0053923433
220701419.6293835938 0.0019764040
266760881.9099589884 0.0025642804
217771016.4533884525 0.0024458945
210354359.1364825666 0.0008704343
216083600.2851576209 0.0010133730
261594061.2638339996 0.0006138541
215282661.8338807523 0.0021412408
212028715.3843732774 0.0021187281
211327923.6740933955 0.0008530799
216361971.6496046185 0.0012891608
211812838.3975493610 0.0013226925
244913628.0096976459 0.0009371918
219606432.5054747164 0.0005767663
200974921.6815863550 0.0000012153
224036485.7142907083 0.0000970440
220760061.8284026384 0.0004598199
214992666.8462766111 0.0000399707
225125509.0724182725 0.0035664333
197297298.2230104804 0.0000667921
224873795.2294649184 0.0000243330
192991484.0462140143 0.0001900718
223872035.6329225302 0.0002178241
195788707.2694257200 0.0000009021
233014749.9881357849 0.0018589863
193554139.4755589664 0.0001760843
196070084.0931837559 0.0050519167
234218006.4548824131 0.0001124498
230612590.3100780845 0.0009442721
197352206.6150864959 0.0004028898
212632639.3187176585 0.0000242835
197148648.4707376063 0.0000875494
221542291.0123025477 0.0007322338
191016334.3956803679 0.0000199212
243154831.3962310553 0.0000013848
239223481.2843835056 0.0000294487
218678724.0817971826 0.0000335189
192235002.1756528616 0.0000006391
199248029.8387171924 0.0004664741
191654657.4944195449 0.0000284183
223489578.3787088096 0.0000007159
196987978.6380118728 0.0000328825
208728248.2450960279 0.0000000016
210508240.3378582597 0.0000164538
231364141.6399035454 0.0002280100
198096350.1501895189 0.0001636699
211844346.4794045389 0.0000045802
196892743.4942422211 0.0001024806
220079212.4285925031 0.0000465093
184376270.9882926047 0.0007658330
212632159.6712951958 0.0005519221
178045996.0641888380 0.0004504227
197527395.9852569103 0.0082620553
180621712.0657870770 0.0005779057
185547958.8459688127 0.0084536427
185559024.9577561021 0.0010525323
208473232.1905484796 0.0003798489
224075952.9293823838 0.0004288366
204031577.4522460103 0.0000107176
183162174.1680252552 0.0009003814
218482303.0726574361 0.0000298850
173026371.0969457924 0.0004166374
243480108.6480295956 0.0000675391
201272289.2585155368 0.0004766700
211327251.4654314518 0.0009260735
182562249.6317200661 0.0004754072
208926675.2992426157 0.0014744326
184769899.9818210304 0.0002443898
252555360.9874444902 0.0000976932
172372027.9046086371 0.0000922420
214495458.2795057893 0.0006070972
168100981.5465136170 0.0001989785
207962565.3718996048 0.0009985106
171265860.4287802875 0.0000341954
217973780.8171159923 0.0000139138
173616291.4420676827 0.0000314281
189632188.6379919648 0.0000040944
170862088.2579505742 0.0000863809
143900973.3411002755 0.0000520656
147274423.7236579657 0.0000867288
171405677.0064597130 0.0003848268
148184295.7842383087 0.0009310812
160507821.9538645744 0.0000585050
157666632.6204790473 0.0000021071
145058397.4562199712 0.0000758793
143560797.2147650421 0.0000143717
142537986.3306138515 0.0000070284
153128384.3720863461 0.0000038861
141184586.0915850997 0.0000259986
142537180.4399892986 0.0000003916
146474622.4486091733 0.0000108359
137950821.7563142478 0.0000053215
137508688.4166670144 0.0000208552
146608236.5118080080 0.0000092561
135760398.4805699289 0.0000061046
136852696.6669642329 0.0000779087
137277116.1069564521 0.0000237384
148965854.4444195330 0.0000804260
137879637.0794114470 0.0000000208
134100225.9667672366 0.0000104685
137624757.0837351680 0.0000005272
138910916.2268966138 0.0000000564
132027329.2143850178 0.0000044086
140852376.9123584926 0.0007831913
132426165.2208675891 0.0000076491
156854016.8182826936 0.0000011341
132017314.1219098866 0.0000217750
135400568.7612568140 0.0000042810
141572629.3649181426 0.0000405763
137575958.4936785400 0.0000000083
142021327.8275052905 0.0000031754
138179363.6276198030 0.0000005798
130922474.6488378495 0.0000001313
139859531.6698702276 0.0000910377
133390602.9008556157 0.0000034528
142881364.4556054771 0.0000227075
133283428.4770894051 0.0000008297
139625307.8179666400 0.0000390413
136367081.8457269073 0.0000037690
136603208.5955142081 0.0000000000
139836803.1360165179 0.0000004107
144171222.1495819092 0.0000908283
145940639.8489461541 0.0000139684
137125880.2297372520 0.0000383512
133316842.7876718193 0.0000000529
143059476.1699453890 0.0002231456
134394126.6287941933 0.0000000035
132274108.8586835563 0.0000729460
131495045.9506779164 0.0000000094
130389649.4635521024 0.0000092304
129366891.8046841025 0.0000092886
138058887.0044280291 0.0008484456
129139245.8156800121 0.0000157299
137187860.1559477448 0.0001089207
130318111.8142914623 0.0000184554
204986945.3462661803 0.0001671747
134703828.0690334737 0.0000054905
133391145.9462264478 0.0000230066
130216819.7699309587 0.0000176426
135211339.4385514259 0.0001144270
130411545.6620022804 0.0000091258
140547299.9464786351 0.0000000399
134883217.3303325474 0.0000250456
140780612.1373929083 0.0000658928
129637975.4890348464 0.0000162447
129741005.1338006407 0.0000051304
129330904.2895693630 0.0000343542
149710409.4647921026 0.0000009802
130427134.4771600962 0.0000210522
162062722.8216983080 0.0002131667
129143704.0241035223 0.0000037502
151933018.7379207313 0.0000343106
132237874.7207330465 0.0000196784
129636592.2865412682 0.0000022725
130200169.9139646292 0.0000137191
144757008.5865568817 0.0000217571
131563166.6833735704 0.0000165477
129494314.8878568709 0.0000121246
133808565.7779768109 0.0000196585
130781471.2323739380 0.0000060670
129557233.4417316914 0.0000038164
130097590.0858554989 0.0000276640
129629279.3637027442 0.0000000048
128960476.8090381175 0.0000100626
135282846.7193499804 0.0000019801
128536465.4839640707 0.0000150786
132452510.1173133701 0.0000004177
130968446.7027673572 0.0000080818
133223836.7929838896 0.0001191615
129289447.8480180949 0.0000174261
126903872.1503775120 0.0000106535
128861703.3630333245 0.0000095861
129876020.7978142947 0.0001082300
128368598.0537647009 0.0000042833
128033929.8154973835 0.0000032955
124880955.2298755497 0.0000046761
131022080.9724926353 0.0000019441
130368655.7268406600 0.0000161320
130326434.1667233407 0.0000000000
129710008.8384039253 0.0000075271
135638369.7586719692 0.0000061019
134422055.0203512609 0.0000057641
136267862.1290015876 0.0000000001
133647356.9623151869 0.0000148894
128784245.1690499932 0.0000000402
126431935.5573981255 0.0000040088
125566515.3791539818 0.0000153652
126814973.6908152550 0.0000069057
134555303.5028353035 0.0000038613
124853717.6658162624 0.0000059142
127884228.2581367642 0.0001659388
126434652.0340830237 0.0000046323
133250170.1884749681 0.0000137275
133845759.7832946181 0.0000076214
125750074.2846741974 0.0000007358
126788742.8829566687 0.0000019263
135661410.6497041583 0.0000001104
125397224.5717086196 0.0000047509
128700955.2332955748 0.0000014751
135173285.4258437455 0.0000055494
134368272.2045862973 0.0000020793
124973928.0086091906 0.0000039936
129091687.3744543642 0.0000001226
132559084.6892657876 0.0000097588
133553743.4581426829 0.0000019016
124713634.8687162846 0.0000058748
135761220.0788833797 0.0000022428
132146096.5043841302 0.0000110188
128242063.3006130457 0.0000000106
124767261.2338460982 0.0000034848
132232326.7037401795 0.0000013684
127305270.4689372033 0.0000036909
134767893.5213826001 0.0000138194
136352827.7140102088 0.0000126041
126219468.6223351657 0.0000002798
133037146.6530792266 0.0000135002
126423626.1378982812 0.0000029842
132925740.0846826881 0.0000160418
135004563.6513525546 0.0000067278
125955688.5235454589 0.0000020325
124217757.1259585172 0.0000048601
126115433.5959541649 0.0000106781
124423661.3910319656 0.0000065174
135086405.3820129335 0.0000012997
125423603.3725074679 0.0000060685
134844355.0093683004 0.0000019275
135884340.8276415169 0.0000086334
135296322.2960572243 0.0000009946
124527214.6624074280 0.0000053432
126657625.8389463872 0.0000003801
124694436.2757298648 0.0000046901
127498218.8860557675 0.0000038853
124868043.8094596714 0.0000045251
133170381.1883232296 0.0000014905
135566556.7980412245 0.0000134727
129634647.8067994863 0.0000012046
135263789.7673736811 0.0000030171
136292954.7883780003 0.0000015296
134379927.5850123167 0.0000031644
125022218.4983975142 0.0000589313
124934613.6586632878 0.0000035438
131483162.1729490161 0.0000030324
136305328.5323494673 0.0000046407
127905780.4749656171 0.0000012694
134376048.5598199666 0.0000076918
125593162.4448476136 0.0000064702
124902770.2958267778 0.0000042105
134944228.4944054186 0.0000066389
124382171.9300512820 0.0000065124
124812322.7504666895 0.0000025002
135083984.9792035818 0.0000051864
130963917.9953147471 0.0000024921
125604297.6331681758 0.0000026956
132346538.8429986238 0.0000038007
134505899.2812854648 0.0000045026
124669398.6771963686 0.0000047608
134017226.3681002557 0.0000087823
124744458.8412966281 0.0000033186
124638618.3243975341 0.0000128778
125052793.7368466705 0.0000054684
134311986.8507151008 0.0000147971
124363203.2536565661 0.0000047145
124436388.2144784480 0.0000027126
134309847.5503838658 0.0000032894
124459797.4558770359 0.0000042408
124577320.1192732006 0.0000045120
124797990.7785195410 0.0000045006
124195195.0696133226 0.0000048639
134780117.9963839054 0.0000043303
124276627.2033600062 0.0000037788
124654399.1632280052 0.0000057745
124349448.8724418730 0.0000048151
126040712.8398306668 0.0000033586
124379084.5306928605 0.0000046916
126032002.9005178511 0.0000033235
124337478.5739281476 0.0000047979
124380982.5852830112 0.0000043674
124306139.4991511554 0.0000051201
124697200.6615703553 0.0000064282
124388656.9430154115 0.0000045216
124350785.8326735348 0.0000036007
124343879.5958262235 0.0000051871
124577350.9475750029 0.0000082669
124410240.1882121265 0.0000053801
124383283.0765062571 0.0000045111
124215651.3845208883 0.0000051763
124384102.3162295520 0.0000064641
124797193.5239174962 0.0000039989
124332708.2452284694 0.0000057678
124310817.9347689748 0.0000045555
124563057.6435993016 0.0000053773
124413455.0834705383 0.0000044879
133812137.3302812725 0.0000067241
124707085.7143069059 0.0000053449
134937542.3671390414 0.0000062133
124559737.0110140145 0.0000043986
125741986.7420784831 0.0000025553
124283129.5376243144 0.0000042981
135726442.4766507745 0.0000058255
124672808.1796566546 0.0000047553
135867938.2689088285 0.0000059352
124380344.9595686644 0.0000051512
135578409.9661783874 0.0000056641
124335793.8710763454 0.0000054830
134996765.4129892290 0.0000056405
124297453.3949935436 0.0000042513
135624235.1614983678 0.0000060695
124314806.7633585483 0.0000064413
135541944.1908640862 0.0000053152
124343771.3557616621 0.0000052496
135546785.3736782670 0.0000052422
124219533.0239697248 0.0000044096
135496162.6581030190 0.0000046663
124302308.8028572947 0.0000038408
124624050.9445253313 0.0000074678
124268692.4291063398 0.0000044920
135565017.3605546653 0.0000050447
124299660.7999959886 0.0000050058
135539845.6127292812 0.0000050291
124499075.9717052281 0.0000050047
124404143.4339849800 0.0000050046
125108332.9065410942 0.0000040945
124381787.4071806818 0.0000049864
124434895.2002456933 0.0000056489
124306452.8173106760 0.0000048753
124389830.8113294542 0.0000050092
124339068.5579377413 0.0000048936
124614671.0609021187 0.0000045793
124216951.7745078504 0.0000048562
134785017.9594929516 0.0000058922
124521669.5785775930 0.0000044488
124533249.6076233089 0.0000039612
124281604.7250674367 0.0000047761
124443576.9593261331 0.0000049113
124258101.5200133473 0.0000049018
134543654.7780531049 0.0000062002
124298669.5653637201 0.0000050736
125083756.7998178452 0.0000039210
124234241.7213837504 0.0000054191
125064100.8451603502 0.0000042948
124311910.6622901112 0.0000053018
134593457.8353399634 0.0000060453
124289202.7102815807 0.0000050479
124800708.3688059151 0.0000054772
124229587.4439801872 0.0000049888
134599206.8692213893 0.0000061848
124222265.5157569796 0.0000047509
134593002.3729901612 0.0000061167
124368029.6089388281 0.0000046272
134708315.0888649523 0.0000063483
135541283.1122937500 0.0000055725
124397698.0717245787 0.0000048941
124669888.1894828528 0.0000042669
124221952.2306416333 0.0000049353
124206817.2340038568 0.0000048499
124212582.9719350487 0.0000050467
124387266.8842570037 0.0000048470
124408459.6681378186 0.0000048924
124528556.5866789669 0.0000046935
124423777.8218347877 0.0000048099
135784613.1304775774 0.0000053241
124323016.1159543842 0.0000047529
124254248.1859418303 0.0000050648
124319993.9200795591 0.0000047849
124334486.7031827420 0.0000045334
124183773.8070492595 0.0000047643
124323492.3214940131 0.0000045882
124227756.7422517985 0.0000048272
124543766.2755466551 0.0000048802
124337879.6790933609 0.0000046853
124674482.9903840870 0.0000043953
124295834.2817942947 0.0000045914
135686891.9379253685 0.0000056533
124282758.9448865801 0.0000046250
124420729.9508649260 0.0000047488
124340728.0589054674 0.0000046634
124203740.7968712747 0.0000048003
124312492.4699231833 0.0000048744
124186458.1805443168 0.0000047675
124226516.8723589629 0.0000048905
124207715.5523643494 0.0000048211
124223816.9558690190 0.0000051621
124410487.4417321384 0.0000047781
124372593.7033017874 0.0000045002
124191657.6397485733 0.0000047578
124232199.2494592965 0.0000047042
124418834.5607989728 0.0000047320
124283346.2409242094 0.0000046115
124221160.8937547654 0.0000048659
124316065.8027513027 0.0000049963
124406063.7915645093 0.0000046675
124234091.8901434094 0.0000048650
124254560.0435282290 0.0000047043
124339359.9352002442 0.0000049936
124211147.5422726125 0.0000047976
124619212.3162044585 0.0000046590
124403293.6302967668 0.0000047064
124270114.7012848258 0.0000048248
124214887.5572308749 0.0000047917
124228384.7433121353 0.0000050767
124189061.8814873993 0.0000046694
124415921.6529425085 0.0000046994
124410248.4707210809 0.0000047571
124273679.2119074613 0.0000048761
124417070.7161690146 0.0000048440
124699272.6694243252 0.0000046354
124400311.8572621942 0.0000047194
124316294.4659264684 0.0000049362
124386843.9975037575 0.0000047851
124198387.8995325863 0.0000047769
124251995.1972615868 0.0000047566
124186987.5249156356 0.0000047632
124189923.1264220774 0.0000047286
124197796.8631061316 0.0000047335
124233448.5174287558 0.0000045077
124202007.3044069111 0.0000047762
124364864.0844925642 0.0000047033
124402353.2840119600 0.0000047831
124388192.6421911865 0.0000047815
124205153.0771492124 0.0000047589
124379306.7986484468 0.0000048759
124198907.0943491161 0.0000047337
124413776.9831830859 0.0000048827
124381954.6243398935 0.0000048309
124201527.4642987847 0.0000048334
124186646.5161206424 0.0000047662
124235311.8204961717 0.0000046963
124189069.6114317626 0.0000047475
124369516.9006661773 0.0000047428
124421352.9865732640 0.0000047602
124213675.6759651005 0.0000047792
124193928.8533216566 0.0000047917
124417255.8046128452 0.0000047727
124420277.3786945939 0.0000047926
124392708.0948068798 0.0000047485
124184533.9825229645 0.0000047657
124198975.7864613235 0.0000047331
124419417.9939316809 0.0000047515
124413259.1102190763 0.0000048573
124420265.9596679956 0.0000047667
124237555.8553832024 0.0000046880
124183988.0116907060 0.0000047720
124182280.4828178287 0.0000047403
124189353.2652133554 0.0000047236
124407891.8082601577 0.0000047792
124194179.5563857853 0.0000047328
124406143.8162402362 0.0000047589
124193768.7835438848 0.0000047429
124205587.1393198818 0.0000046988
124191890.5588753670 0.0000047057
124198693.9277360141 0.0000046678
124413783.0337344557 0.0000047432
124230627.5879874080 0.0000047649
124183704.3567499369 0.0000047445
124408726.5094225556 0.0000046727
124417831.1157476902 0.0000047497
124192326.7717081904 0.0000047765
124411922.9913865924 0.0000047435
124199307.2176691443 0.0000047168
124406677.6005067080 0.0000047174
124202513.5194990486 0.0000048114
124189526.2845875621 0.0000047460
124357966.5506974012 0.0000047427
124404235.2906782478 0.0000047476
124417444.5653506219 0.0000047494
124386568.1540188193 0.0000047377
124182210.6687724441 0.0000047399
124197742.4140696973 0.0000047749
124183984.8954847157 0.0000047411
124215784.2772048861 0.0000046922
124419125.7131594867 0.0000047526
124200268.8515579551 0.0000047344
124182437.9288517386 0.0000047462
124196961.7257453352 0.0000047434
124182817.9178739041 0.0000047382
124189947.4437387735 0.0000047266
124419964.4747244418 0.0000047449
124194092.8167271763 0.0000047026
124181388.4274812043 0.0000047409
124195514.6219189614 0.0000047208
124416838.1461833417 0.0000047454
124403627.3550933450 0.0000047641
124419588.9633234888 0.0000047528
124413229.3205556273 0.0000046880
124419074.2123941928 0.0000047351
124198109.0276430398 0.0000047386
124419028.1244025975 0.0000047418
124194732.0839002281 0.0000047621
124415657.8152664900 0.0000047438
124199191.9222630113 0.0000047345
124419582.9185236245 0.0000047449
124190230.0329517573 0.0000047472
124415995.8963116705 0.0000047444
124190059.1077602804 0.0000047372
124420197.6316740066 0.0000047381
124180892.9546609223 0.0000047584
124178603.5757886469 0.0000047508
124417286.9570775926 0.0000047045
124176684.3413281888 0.0000047532
124178253.4383043200 0.0000047695
124415776.6311641932 0.0000047461
124199888.1899029315 0.0000047426
124176758.2303983420 0.0000047557
124195452.2570684850 0.0000048060
124411811.9289626926 0.0000047532
124198247.5238168836 0.0000047515
124414862.3769685328 0.0000047461
124179178.9524655342 0.0000047666
124412872.9732138664 0.0000047555
124181750.7121797651 0.0000047788
124412912.5402385294 0.0000047597
124197168.8239054531 0.0000047377
124408559.7503585666 0.0000047437
124183562.5182891488 0.0000047798
124177795.8764047027 0.0000047974
124396634.1677482128 0.0000047713
124176784.0722219944 0.0000047532
124181863.7490699142 0.0000047396
124414511.9483343512 0.0000047539
124183343.6928995699 0.0000047491
124414900.7483232468 0.0000047591
124178700.8516654223 0.0000047350
124179962.1396996379 0.0000047485
124177158.8971442580 0.0000047525
124177855.6006300300 0.0000047529
124183976.8635708243 0.0000047544
124413814.1448144168 0.0000047540
124183895.8605264574 0.0000047397
124176859.0378239453 0.0000047533
124407408.1193092614 0.0000047475
124179293.6731805354 0.0000047557
124181730.5960472524 0.0000047532
124176761.2419618666 0.0000047560
124183725.5982847363 0.0000047403
124178101.7308602184 0.0000047517
124186843.9639064670 0.0000047427
124178069.8093677312 0.0000047501
124178715.7499600351 0.0000047701
124179313.7996370196 0.0000047546
124177252.1753686816 0.0000047630
124415252.3402563781 0.0000047540
124177450.6243251264 0.0000047458
124412031.3195078969 0.0000047533
124189011.9032583982 0.0000047552
124414858.4176498801 0.0000047534
124180902.2227143943 0.0000047537
124412437.4115163386 0.0000047618
124190269.2661738992 0.0000047293
124414901.9273828715 0.0000047617
124176574.2837919593 0.0000047379
97232663.0000000000 0.0000047379 1 0 0 0 0 0 0 0 0 0 0 0 0 0 0 