512674607.1218256950 0.0000009890
483289088.9075070620 0.0000003415
491816337.4540708065 0.0000000584
523012291.9680992961 0.0000000015
477193458.2871599197 0.0000000969
519512086.1966645122 0.0000000101
496900632.8949834704 0.0000001960
465872169.4833488464 0.0000000610
484415983.6284972429 0.0000000166
569187625.6033293009 0.0000000097
542985749.6729388237 0.0000001538
437667649.6858550310 0.0000000728
523724560.3111495376 0.0000000048
449486331.6141226292 0.0000000782
454921781.0921809673 0.0000001468
452069843.1878666282 0.0000322614
489243720.3704257011 0.0000000118
377941693.5928151608 0.0000002130
346084779.8342229724 0.0000002753
341551162.8899905682 0.0000005200
347401598.4605264664 0.0000000005
336457840.2169701457 0.0000005334
291698975.8357176781 0.0000005754
278579492.7089850307 0.0000005953
276126512.3434203863 0.0000002618
362650519.6191247702 0.0000000304
346883970.8053938746 0.0000000298
300854838.7647807598 0.0000000112
257517240.0667193532 0.0000006848
262386010.5191967487 0.0000000721
298641564.5048185587 0.0003034147
237338894.9822661877 0.0000600349
245555814.7894405127 0.0000434874
247375505.1747525334 0.0001697868
237188073.3852302730 0.0000554351
257578348.7180837989 0.0000797772
245656535.9242525101 0.0000342073
246137411.4703312516 0.0000135976
232619887.4261978567 0.0000131435
292463967.5951657891 0.0000037483
232505726.7524752319 0.0000182721
309524658.4625577331 0.0000104452
227699488.1523986161 0.0000189904
267991780.8702211678 0.0000407334
233010965.8623390496 0.0000445831
299672008.3665685058 0.0000020068
230965034.1906784475 0.0000153100
256916891.3412423134 0.0001959434
231779169.1642836928 0.0000022149
232208507.7624620199 0.0000000103
234481030.9815692008 0.0000175041
208100887.4578277171 0.0000714304
209693704.5782171190 0.0000004115
219557339.8757528663 0.0001188756
202501189.0607124865 0.0004359921
212320655.9069648981 0.0006061664
213032155.1214557886 0.0005371232
209037759.1659722924 0.0004185531
194327350.5780613422 0.0005586554
258729771.4430201650 0.0002396449
191245531.6098940969 0.0003005785
196781607.7705489397 0.0012075270
197719319.9355557561 0.0005242943
222853904.7399220765 0.0000079465
189626706.1128720641 0.0001947336
206487072.4661430717 0.0001347099
190565752.6839607060 0.0002280494
220476478.9817482233 0.0000689081
197772715.1052699387 0.0002454018
200436134.1522482336 0.0005534459
187902169.2622354329 0.0001327956
249970574.0457842350 0.0002903736
192554586.1983799934 0.0000574685
270836187.2069235444 0.0004469478
182468601.7790823877 0.0001638515
206921906.1809722185 0.0000019080
181524078.6597594023 0.0000664726
192414362.2235718966 0.0000351291
178429080.3529666364 0.0000954755
184268902.8083782196 0.0000026707
182901080.3982497156 0.0001081130
204526735.8463645875 0.0003085323
185427856.3539175391 0.0001776870
189740349.3113689423 0.0000622894
179694213.2073227167 0.0004486830
218975154.9086692035 0.0000240021
186395723.1683581471 0.0000600357
216823672.9920257926 0.0000976761
187392025.6167280078 0.0001621303
210134743.4379010201 0.0000041040
183483154.6362159252 0.0001301414
211214828.0910322368 0.0004565259
186466282.4751987755 0.0002201490
187982078.2196629941 0.0002368767
177855104.9717870951 0.0010219040
206900095.3503051102 0.0000162434
182936856.5685641468 0.0017015707
196040877.1437409520 0.0043392039
193380395.3572027683 0.0004432645
245490139.2682211399 0.0033052753
186717912.6368352473 0.0011558526
182631644.4995243847 0.0006813659
214641896.5763207972 0.0006293295
191468951.8441063464 0.0008949303
183267991.1442516744 0.0014706748
190499482.8504754007 0.0007778875
188799980.1545030773 0.0021554624
189483742.2648638487 0.0008870195
184525320.8345257044 0.0001172843
181449983.5405637324 0.0013332901
195569791.7125812471 0.0026817900
187456215.1628846228 0.0011090177
189814112.8823807836 0.0012981872
177448662.1793575287 0.0009590941
195503559.2667486966 0.0009741268
189120809.2029823065 0.0008852606
193316330.7621280253 0.0015671430
176982937.9100314081 0.0008757960
187417356.5812028050 0.0000922142
177271562.4822299778 0.0009268867
187059071.7770087421 0.0009122823
176789654.4016432762 0.0008872593
183554733.3741350472 0.0028841161
187145443.9578338861 0.0007980075
187015090.8909448385 0.0003879732
176038946.0700816512 0.0006623387
181166768.5305442512 0.0007664952
174157443.3676921427 0.0007614164
208503931.9995650053 0.0024812924
187588500.8849627674 0.0008316496
177883492.2139179707 0.0001809877
177127747.4896430969 0.0008624147
180469997.8652523160 0.0008610475
180796681.7152472138 0.0014536741
184909483.8550235927 0.0000998938
186205471.6632350981 0.0011063663
161119349.4589673579 0.0001111920
204820214.1061711311 0.0000838777
162408792.3550094962 0.0000072612
161990329.4396596849 0.0001256206
159843017.6253632307 0.0001520811
212388982.0600290000 0.0001480925
160151658.7424274087 0.0001866374
207400115.6101432145 0.0000846307
161227230.0029223561 0.0001869608
216658123.8248949647 0.0000623273
161447746.5468958914 0.0001434366
161085607.4216652513 0.0002160071
161132650.0043474138 0.0001719268
208561054.2003976405 0.0000590309
161145807.4470570385 0.0001781386
165155322.1861641407 0.0001499919
158724472.7313380241 0.0001946501
196888008.8525547981 0.0002507515
160197562.4472823739 0.0001387376
163422391.6524634659 0.0001805199
160961869.0231420696 0.0002674895
163041147.4688656330 0.0000478916
160435964.5555159748 0.0001773658
161378857.8916561007 0.0000267973
161192675.9560442865 0.0002079168
160028165.2237198353 0.0000587916
159947639.6776877046 0.0002042124
160877949.0441821218 0.0001588758
160493774.2651049495 0.0001785921
160039106.3412754536 0.0000894541
160409904.6857056916 0.0001533134
161357927.2053119540 0.0002392064
160408785.5902268291 0.0002112075
160148724.2986933589 0.0005479683
158226310.5286053419 0.0002104233
156755512.0535463393 0.0007184791
160277038.0689797997 0.0007880548
158700668.9648984969 0.0007982958
155855728.0966069400 0.0006922033
157210291.8291510344 0.0005572585
160001543.8978848457 0.0007832314
159847451.5842493474 0.0005258445
159052372.3777091205 0.0007111257
159058969.7564745545 0.0000716210
154126758.5765974224 0.0006376828
158233075.4139827788 0.0005289676
157828408.6885913908 0.0009715205
155324801.8300976455 0.0003588491
154725818.7190008759 0.0007227396
161259065.5382252336 0.0006017026
154124961.7330701351 0.0004961888
198124352.6816137433 0.0010998286
154335999.2271143198 0.0004943471
159029293.6252768636 0.0000751024
158242916.5643301308 0.0004393722
159514566.8838667274 0.0001450891
155071622.0060184896 0.0003867281
161063209.9253383577 0.0005539626
159794719.4309976399 0.0005795488
158579624.8635292053 0.0003393718
159640523.4517669380 0.0006341184
159605886.9183042049 0.0003999090
156317514.1752080023 0.0006081574
154026914.5571417511 0.0010046316
153647533.0370613039 0.0009128535
152847857.4563770294 0.0013521803
155960990.2641171515 0.0014504947
158226856.4548080862 0.0008478449
153136267.5196175575 0.0013546581
159075116.3508491814 0.0030479424
155377414.1173747182 0.0015741333
154275454.5283979475 0.0023384633
154588842.3189703822 0.0014140877
157366481.0551857352 0.0011000639
152939205.5948586166 0.0013152251
155417106.6880194843 0.0015272265
156445622.5069005191 0.0013577469
152532408.6283746064 0.0010755913
160458203.0502299368 0.0010093772
159484927.1951875091 0.0012533521
153878303.2394186556 0.0009201819
154774855.1338723302 0.0011172768
152559393.3872533441 0.0010383229
154363406.8261006773 0.0008370221
151695764.8273598850 0.0007812225
152064837.3153012097 0.0004243644
152823242.5113461018 0.0006515585
151192799.8079917729 0.0002875267
154100733.9336925745 0.0005287930
159108467.5321958959 0.0000718534
152825673.5534343123 0.0003566234
150817678.4977505803 0.0006599890
153563173.0610050857 0.0006335335
153506013.6382589042 0.0014637474
149873159.4038848877 0.0006672430
152299650.6893318892 0.0005922197
153860673.5247233808 0.0005045305
150212018.8588751554 0.0003766642
150130708.0360000134 0.0006815373
155765999.0721405149 0.0008692250
151474505.1427831054 0.0007809441
151348735.3879815340 0.0001625457
149841666.6778866351 0.0006111249
154552556.8369489312 0.0005315125
149951807.6868414581 0.0004246495
152026898.4471490383 0.0008800867
149027431.4571679831 0.0005640618
157076112.2030324638 0.0005840432
149226316.5252032876 0.0007343965
154356366.4433619678 0.0003509917
154365747.2246959209 0.0006963710
158169270.5855994225 0.0003417191
150612433.0897451937 0.0003931750
149690854.1135265529 0.0014006727
150896408.7054253519 0.0005492846
153906778.4562814534 0.0007489330
154253160.8498220146 0.0004469588
154717035.8024222851 0.0012229106
154033013.8198477030 0.0006424922
151185647.0208504200 0.0002669015
155472220.0985270739 0.0006763510
156352423.3015799224 0.0002500751
154550510.2697600722 0.0005805284
151038559.3920070529 0.0004676379
151681675.6577663720 0.0004703624
151610296.3481561840 0.0003545293
149187301.1670126021 0.0006299593
152029856.9967668056 0.0006577491
154728099.8769191504 0.0006626617
149854493.0471617877 0.0005599019
151561905.2893326879 0.0006592304
155689980.2290169001 0.0003207706
155009109.2850581408 0.0005963728
153809192.7891173065 0.0014059345
149568431.7396115959 0.0003795714
159014888.6693784595 0.0004574453
149273712.1486382782 0.0005320210
152293299.3963114321 0.0004602704
152524242.1040377617 0.0004573900
194773790.6438171864 0.0002636034
155730193.4574542642 0.0006511515
155617377.0819201767 0.0006994532
154104886.1627507210 0.0005432325
150364393.2994194329 0.0009376190
151847049.6767296791 0.0004315148
154247359.6452431679 0.0010010217
152109286.9306823611 0.0004142942
191493372.6869879663 0.0004954912
153624579.6663239896 0.0006584391
153809643.8916279078 0.0003650217
150671558.5895336866 0.0004654295
188377990.7875892222 0.0004331502
152073239.7949816287 0.0004939441
187639741.3230432272 0.0005508819
153627911.4129065871 0.0005906565
158411868.2658368349 0.0000750540
155595724.6327019930 0.0005517956
187217921.1608051658 0.0005407541
154398436.2846529484 0.0004671863
190181152.8709747791 0.0007304828
155132376.2435437739 0.0003302403
155772087.6906352341 0.0006399490
148980764.0780193508 0.0005185144
151905679.3777691424 0.0003493825
155070544.2159751952 0.0004593514
151693490.0608068705 0.0005302093
148954123.3623701930 0.0006002597
154809038.9986483455 0.0005934759
150755317.5714559555 0.0005521103
150256727.8018543124 0.0009527640
154304787.3304615319 0.0007466130
149190287.3549832702 0.0006121460
154986968.7773550451 0.0006504448
149483726.5034629703 0.0006196201
154132190.4298036695 0.0007860547
154423708.7150783837 0.0006161593
152086330.8423089981 0.0004041140
155532093.6945421994 0.0005914265
149866715.3043374419 0.0005582267
148931857.6896709800 0.0006330571
148828923.8308537900 0.0005462306
155839062.3621108830 0.0005398361
148812918.0027152300 0.0005827068
148605310.1050505042 0.0005645819
148435942.5481310487 0.0006704369
148805597.6799126863 0.0006340249
148477029.4121412635 0.0007018164
148403094.8761310279 0.0006660439
150633043.2299532294 0.0007121014
148506188.7551767230 0.0006575824
150648905.6667001843 0.0007028251
148638742.8867896795 0.0007034035
150967370.9049026668 0.0007303354
155524905.4030183256 0.0006562238
150970879.5390075445 0.0008222603
149357496.2588733733 0.0005941837
148783790.3818793893 0.0006394208
148694585.1322949529 0.0006638930
149818028.3075272739 0.0005523579
148675902.7676698267 0.0006083254
155241442.1577328146 0.0007241231
148437213.7350638807 0.0006956124
149918183.5513209105 0.0007974065
148810989.8674629927 0.0006116505
149252568.8251551092 0.0005982267
155340372.3953541815 0.0007036026
148787472.5832200050 0.0007609032
155464545.2918826938 0.0006650846
149580108.5354042351 0.0005824240
148490390.7295334637 0.0006355849
152227712.2272473574 0.0006802874
149057482.8693680763 0.0006268737
154600547.4417859018 0.0007276277
148453380.9088152051 0.0006594074
153299617.1432839334 0.0006892653
148836171.7244954109 0.0006607481
149635631.3888741732 0.0004394606
148671129.3864500225 0.0006905761
150914325.5104264021 0.0004860823
148558801.5881252587 0.0006674611
153083010.4091600180 0.0006851542
148887843.4077728391 0.0006613805
149928782.1171157360 0.0006690739
148607652.6661144197 0.0006691740
153034702.4857716262 0.0006932068
154960652.0770140290 0.0006524442
155526216.2516428232 0.0007204732
152798652.4999457002 0.0006545365
154300729.3149832487 0.0006607557
148478171.8092652559 0.0006841930
153729557.9577540457 0.0006866383
148440060.6753276289 0.0006668817
149883439.5030707717 0.0007254143
148378953.2913421988 0.0006678230
149264472.0784705877 0.0006372650
148504737.0775701404 0.0006459418
149260272.0130538940 0.0005910215
155471869.1283802092 0.0006820535
149260633.1337337494 0.0006161756
148392834.3843968511 0.0006623330
149865028.2044000030 0.0006420799
155299221.3743911088 0.0007213216
149884372.2283715904 0.0005530294
155399997.0912414789 0.0006703668
148366344.1002278328 0.0006170090
155568644.7388593554 0.0006145531
148283202.8919938207 0.0006189755
155379567.3382346332 0.0006052208
148998179.2230781317 0.0006221556
148213601.1751057804 0.0006282833
148364405.3764617145 0.0006468468
148444992.8552464843 0.0006368266
149065054.8148814440 0.0005881991
148310068.4474511147 0.0006115141
148993089.6942455769 0.0006094993
155309184.4435588419 0.0006201729
155667300.4290659726 0.0005703721
155160621.4696419537 0.0006330009
150384474.2299610674 0.0006033932
155374953.9632219076 0.0006631913
149396515.8162772357 0.0006046552
155587219.8458538055 0.0006329586
155227640.7144886553 0.0005981498
148228306.4771851301 0.0006314383
148756165.4958420694 0.0006302598
155428597.6168577671 0.0006320431
155658277.5083215237 0.0005925199
155471692.0025159717 0.0006178688
148880104.2438522875 0.0005808548
148293834.6103949845 0.0006435196
148386195.4043176174 0.0007141587
148283403.1999838650 0.0006240241
154294162.9202468693 0.0005773290
148386080.0630932450 0.0006167250
148626062.3301387131 0.0006978656
148432859.3478212357 0.0006114401
154962793.9362878799 0.0008087769
148213836.7581652999 0.0006499537
155040423.3001380861 0.0006271128
148281629.4984911978 0.0006291854
155113962.9236603081 0.0006648328
148398222.8769534230 0.0006312275
148456439.7993053198 0.0005977328
148224358.8315167427 0.0006431783
148919104.6688239574 0.0006156325
148308776.4885302186 0.0006246987
155519205.6541987360 0.0006239274
155388628.5125758350 0.0006431040
148610652.4194774926 0.0005661923
148284971.6284117401 0.0006318571
154973554.7737553120 0.0006466242
148652055.8550269306 0.0006360227
148268148.9909335971 0.0006199197
148146187.0696197152 0.0006149877
148263818.1257025599 0.0006185092
148353742.0079124570 0.0005913610
148246278.8700072467 0.0006179119
155254007.7173007131 0.0006218446
148200318.6102096140 0.0006011467
155165707.6815177500 0.0006525375
155425475.6179489493 0.0006159446
149429572.4743554592 0.0005933109
155508572.8794483840 0.0006224262
148382388.3971937001 0.0005758944
148193049.4100758135 0.0006154063
155464333.7402705550 0.0006147023
148284374.1689514518 0.0006182571
148710920.5004857481 0.0006133857
148218919.4717036188 0.0006063047
148681475.7452231348 0.0005985022
148282071.4749952555 0.0006316685
148486710.3656732142 0.0006119314
148203522.1441509426 0.0005915509
148367479.8972323239 0.0006014844
148248877.9884730279 0.0006133986
154916043.1576831639 0.0006263915
148134215.8294809759 0.0006157028
148278870.4018935859 0.0005999049
155371451.7783372402 0.0006183756
148725157.8637575507 0.0005877019
148148157.4194622636 0.0006129107
148670938.4599909484 0.0005734869
148256453.3454686403 0.0006127335
155142099.0586870313 0.0006110833
148203091.6561785042 0.0006171118
148348472.7430314422 0.0006031157
148244801.9000441134 0.0006094008
148205892.1902991235 0.0006172068
148130405.3052078784 0.0006176774
148118564.2555174232 0.0006166972
155406134.2823082209 0.0006177476
148208946.4873683155 0.0006193775
148141395.3694839180 0.0006070680
148189892.0272342861 0.0006188130
148257604.5859442949 0.0006228957
148242058.2373979092 0.0006179645
155553570.4265688658 0.0006280205
148118749.1525022388 0.0006184199
148677134.7617044747 0.0006121650
148269773.7762543559 0.0006180786
148374722.8286252320 0.0005910495
148138232.8897317350 0.0006226322
148289715.8695587218 0.0006163373
148121200.4091064632 0.0006131213
148470794.6398031712 0.0006072408
148164446.1386460662 0.0006111209
148504130.8031514287 0.0006085384
148161253.3480108976 0.0006157308
148208655.9081907570 0.0006141659
148172707.6199682057 0.0006188652
155048138.7314261496 0.0006292449
148227335.2798775434 0.0006148160
148194970.5167877376 0.0006099059
148271324.9500297606 0.0006180048
148122475.9328786731 0.0006144188
148135854.7854741514 0.0006165305
154996345.0810228288 0.0006242549
148231866.4033822119 0.0006174050
155577806.0994642079 0.0006217146
148175031.2830010056 0.0006146562
148429505.0574470460 0.0006119564
148271011.9263455570 0.0006197525
148156047.6336603165 0.0006153024
148145424.2805070281 0.0006151615
154768573.5898902118 0.0006302607
148280984.3275797665 0.0006155538
154929722.6421236396 0.0006293614
148252270.1564615071 0.0006189190
148203706.7905711830 0.0006152081
148146641.4078067541 0.0006129110
154763845.0650854707 0.0006299071
148275439.5383378863 0.0006155546
154923357.3472162783 0.0006328138
148169783.4214080870 0.0006161846
148243091.3388474882 0.0006117744
155366189.5961897373 0.0006239806
148161164.9676840603 0.0006114410
148273473.1312291622 0.0006145908
148116473.4647703171 0.0006167496
148212832.9957613349 0.0006245883
148254370.0390034020 0.0006164240
148213316.6949469745 0.0006338430
148268488.6278584599 0.0006172784
148181309.7808386981 0.0006165700
148143153.4482039511 0.0006173509
148244647.4105631709 0.0006268204
148131782.0578186214 0.0006162958
148139988.6263214052 0.0006129301
148283507.8049038053 0.0006151195
148260868.4922343493 0.0006091473
148126548.3838525414 0.0006181856
148335157.8599680364 0.0006161806
148140577.6937290728 0.0006136296
148196939.4454883635 0.0006083898
148117865.0222403705 0.0006164358
148183561.7167063951 0.0006224221
148162434.7855302989 0.0006168441
148161931.2625366747 0.0006110266
148238305.1669601798 0.0006168019
148195450.7065742016 0.0006170465
148122879.2298330367 0.0006183599
155394384.9262713492 0.0006200908
148132068.7583951652 0.0006176259
148287251.9647007883 0.0006094454
148171906.4987611473 0.0006167921
148135282.1390006244 0.0006162203
148205743.9708047509 0.0006154234
148121334.4366647601 0.0006171691
148166542.7053627074 0.0006146752
148121094.6496146023 0.0006170182
148260805.9168584347 0.0006156948
148129483.0198466182 0.0006165349
148185547.2786667049 0.0006216957
148274544.9620216787 0.0006169338
148253321.0089960992 0.0006156952
148280836.1601526439 0.0006169248
148193780.7690479755 0.0006174245
148117840.0027533174 0.0006158628
148157484.5111091733 0.0006177239
148266771.0002105236 0.0006181198
148116958.3960507810 0.0006201167
148122899.3269743919 0.0006166629
148143537.8157080412 0.0006157280
148117820.9316361845 0.0006150099
148231169.6138729155 0.0006197758
148127710.4927195311 0.0006138381
148164363.5872761905 0.0006159528
148269778.1181222796 0.0006194667
148208914.4946403801 0.0006125892
148264624.6272197366 0.0006175104
148119544.9991680980 0.0006166663
148133094.0887545943 0.0006140156
148118303.2242692411 0.0006168120
148147479.0571333170 0.0006141390
148117109.1948352456 0.0006168365
148227439.1774200201 0.0006156975
148130395.5488943756 0.0006165631
148126226.2709584534 0.0006155546
148119259.7334018946 0.0006174575
148269975.8012871146 0.0006204412
148266316.9339562356 0.0006168134
148155973.4999666512 0.0006156899
148118883.5828497112 0.0006174346
148115183.1323231757 0.0006168259
148139060.8603765368 0.0006163428
148117888.1470289826 0.0006168081
148115629.4633832276 0.0006169856
148117738.0511434972 0.0006171701
148137655.6388980746 0.0006173860
148119916.9257768393 0.0006167473
148139178.9534755349 0.0006155287
148115282.1777112484 0.0006168295
148145711.5483873188 0.0006156342
148119437.6445233226 0.0006168311
148121068.0444923043 0.0006175360
148115832.9662398100 0.0006168763
148120576.9426990151 0.0006173339
148120896.5463268757 0.0006168266
148116615.0006834567 0.0006170528
148120690.1958396733 0.0006168064
148278715.0194306672 0.0006190753
148115396.8062097728 0.0006168625
148117341.6900714338 0.0006161481
148124045.6735187471 0.0006166657
148118884.3793781400 0.0006161784
148116851.2634582222 0.0006165964
148121580.9830527604 0.0006151454
148115947.9576611519 0.0006169670
148268660.7041162848 0.0006163244
148275530.8114230931 0.0006170061
148127644.2286560833 0.0006156401
148277394.8466620445 0.0006170101
148272970.8504481912 0.0006158926
148118531.9821080565 0.0006167073
148141990.4379788041 0.0006176076
148116537.5311597884 0.0006169320
148266064.9840797186 0.0006185205
148278417.8291128874 0.0006169074
148270030.0697568357 0.0006178499
148115875.0604925752 0.0006166813
148276458.3229389489 0.0006177681
148115335.5920742154 0.0006166886
148276140.4452896714 0.0006177329
148280241.9439213276 0.0006172793
148115659.7258265018 0.0006168642
148130281.6108368337 0.0006170001
148116056.4320480227 0.0006169615
148122685.0784153342 0.0006162000
148119957.6256655455 0.0006167740
148117680.3924472630 0.0006163493
148116338.8010572195 0.0006168975
148119425.3760669827 0.0006173437
148116793.2921249866 0.0006167755
148124923.9914498031 0.0006160992
148116367.0271006227 0.0006167675
148279794.7257874012 0.0006174296
148116235.3758583963 0.0006169595
148117037.7096044421 0.0006172155
148115866.8497327566 0.0006167253
148118566.5984226465 0.0006162632
148119887.5373425484 0.0006166051
148276989.1071695685 0.0006173972
148116798.8446400762 0.0006170790
148117584.8009644747 0.0006163699
148278299.5338906050 0.0006167453
148122314.9789400399 0.0006168815
148121264.3033433855 0.0006168015
148116696.3580389321 0.0006169378
148121442.1237970889 0.0006168420
148119841.9005039334 0.0006169015
148115285.5471558273 0.0006168842
148116124.4823392928 0.0006165002
148121387.5126561522 0.0006168391
148121677.1749651134 0.0006166046
148121346.2699226737 0.0006167733
148115898.7022069395 0.0006169589
148115491.8503518999 0.0006168159
148115276.2399559021 0.0006169282
148115768.4244789481 0.0006168173
148117534.1115186512 0.0006169551
148118556.7046875358 0.0006168581
148121257.8558294475 0.0006168634
148116632.2744278312 0.0006166713
148115550.6679330170 0.0006167608
148120629.2296092510 0.0006169241
148120712.5727755129 0.0006168355
148116121.0717426538 0.0006166567
148115740.5173208117 0.0006168411
148115555.3274790049 0.0006168381
148115332.7352708876 0.0006168242
148116033.2212611437 0.0006169948
148115249.4184883237 0.0006168184
148115633.2700438499 0.0006168185
148115428.5720848441 0.0006168473
148115361.7188046277 0.0006167868
148115910.3040395379 0.0006168122
148120209.6132758558 0.0006167427
148115715.7871365547 0.0006168193
148119091.5349691510 0.0006169049
148116365.9040675461 0.0006168629
148115583.6086535454 0.0006167257
148120511.2761744857 0.0006168925
148117086.9904628694 0.0006167567
148115441.0018717945 0.0006168148
148116977.2721028626 0.0006166813
148121253.2514717281 0.0006167704
148120655.5794433653 0.0006169901
148115172.4622465372 0.0006168238
148119514.5585148335 0.0006167606
148120454.6510073245 0.0006168720
148119456.3189202845 0.0006167122
148120129.4574524164 0.0006169100
148115425.4976884127 0.0006168220
148115592.4965093732 0.0006168856
148115153.3705881238 0.0006168337
148115337.3182891905 0.0006168640
148121375.1614078879 0.0006168497
148115342.7007070780 0.0006167649
148115473.2374339998 0.0006168305
148115343.7269320786 0.0006167937
148115316.9709582031 0.0006168453
148116661.7124242187 0.0006168088
148121436.0272607505 0.0006168307
148115512.0429435968 0.0006168667
148115183.8627844453 0.0006168096
148120018.9366130531 0.0006167895
148115275.9239984453 0.0006168233
148116165.8084209561 0.0006168289
148115530.7068315446 0.0006167892
148115251.7322293818 0.0006168185
148115370.0687475502 0.0006168625
148115148.8340424597 0.0006168435
148121237.4817722738 0.0006168382
148115129.1440135837 0.0006168487
148116340.9174050391 0.0006168245
148115215.0090661347 0.0006168530
148115634.2587665617 0.0006168235
148115384.9554148614 0.0006168497
148115314.3263767660 0.0006168203
148115437.6767086089 0.0006168506
148120972.1138384342 0.0006168953
148115378.2545259595 0.0006168460
148115735.2201929688 0.0006168515
148115130.7068341970 0.0006168410
148115906.3259673119 0.0006168313
148115408.1844674647 0.0006168548
148115599.2127527297 0.0006168240
148115375.3357073665 0.0006168558
148121229.2236759067 0.0006168124
148115136.5488396883 0.0006168428
148115043.0729422569 0.0006168514
148115026.2261022329 0.0006168506
148120977.9718968868 0.0006168120
148115091.0322482288 0.0006168431
148120934.6390467882 0.0006169028
148115028.6791836321 0.0006168511
148116296.2068195343 0.0006168271
148115119.4223930240 0.0006168644
148115590.3167773485 0.0006168350
148115323.8641922176 0.0006168477
148121067.8517352641 0.0006168048
148115035.5009543002 0.0006168438
148120936.3378590643 0.0006168959
148115207.5638603568 0.0006168504
148115423.1379123330 0.0006168888
120260462.0000000000 0.0006168888 1 0 0 0 0 0 0 0 0 0 0 0 0 0 0 