228296578.1278400123 0.0000009890
226713783.3599065840 0.0000003415
204998260.8374659121 0.0000000584
236341449.2246350944 0.0000004382
257256288.1796644926 0.0000004277
287197347.8040415049 0.0000000088
245649915.2557493448 0.0000003092
228670144.3403171301 0.0000003715
234743528.2988219559 0.0000004108
251627349.5712321699 0.0000002743
257000935.6903532743 0.0000000849
197684792.8104871511 0.0000010006
255053786.4306727052 0.0000000841
192388791.5263308585 0.0000000742
210621210.4165156186 0.0000005737
215985989.7056921422 0.0000328628
229957103.1505247951 0.0000000793
203514469.0794105232 0.0000003910
182932321.0168607235 0.0000000933
195623904.2691713870 0.0000003929
208429236.7281560600 0.0000016395
171095701.2182911038 0.0000000484
220974396.8457654417 0.0000007220
162480085.5978503227 0.0000000126
166622458.3050045371 0.0000000830
218826166.1151168346 0.0000001975
231162778.3735931516 0.0000000021
214692124.3404502869 0.0000001670
213282215.1879336536 0.0000004980
218104642.7613440156 0.0000002806
185135445.3335448503 0.0000055658
137867054.1222601533 0.0005350957
141119381.4877651930 0.0007288991
141932389.0490327477 0.0005780895
165318254.4657827020 0.0007664888
128827415.1394260228 0.0004498331
144574920.5251179636 0.0009434466
131415607.1539188325 0.0003908524
146064316.7934643030 0.0004625840
144127196.7928836644 0.0005576184
131230475.5071584135 0.0001380855
123431061.6432566494 0.0002862293
138431726.8003701270 0.0002327477
181361426.6716353595 0.0002867487
197852030.3210563064 0.0000103103
123871228.6192396879 0.0001874568
125761359.9117593318 0.0000005698
161507164.3975740671 0.0001020243
127313745.4400418848 0.0005753870
162569280.4964756370 0.0002138816
137971520.2075726390 0.0000798782
129525783.1148516089 0.0003427590
139680888.0154883265 0.0000068895
147611294.8808188736 0.0001544935
186955210.8614790738 0.0002539900
165578948.3920180500 0.0008427495
167467906.0495302975 0.0001593537
124306539.9277010262 0.0004287318
186029582.5634295642 0.0000006389
169771632.9998918772 0.0002579201
170712660.3457131088 0.0001439783
123009529.3567786217 0.0003623544
145063985.9083039463 0.0002130102
123994396.4920502007 0.0002951565
133335255.1341864318 0.0008309464
125588257.9356229454 0.0000712624
127224070.0632791072 0.0054385069
123390584.1819350421 0.0000148414
131146249.0147071928 0.0001369413
125691432.6798495501 0.0005245517
126070559.7061658055 0.0009185005
167376514.8224869072 0.0001502327
135477494.3634592891 0.0000292324
187736761.0108106434 0.0005203539
135462768.6038186550 0.0000530567
133276809.2453455627 0.0006284535
141095643.1192283034 0.0002392916
131644366.9646008611 0.0006129000
142025025.1550230980 0.0001114449
122425202.9340260476 0.0003771139
122266041.9988914281 0.0011587829
163156454.8411118388 0.0015554556
124189911.0744283944 0.0007197020
157119161.6112685502 0.0009531343
233347096.3033561110 0.0000915345
149406879.5215519667 0.0006177309
176756809.0807415843 0.0000269575
121634744.2110001296 0.0018731903
139650151.8938868940 0.0003200874
117812218.2517189831 0.0010441627
157920269.9230256379 0.0002241225
114507173.7088923901 0.0020567491
116270316.1771221459 0.0006742914
141142786.4656245112 0.0007723216
147028771.5876125097 0.0090186391
138160469.8855329156 0.0015727910
170596894.9624140859 0.0016075967
115213180.1524830610 0.0015702846
144884505.2718324065 0.0204811367
123207206.2661107630 0.0020494256
119908235.1469042748 0.0081131064
125581930.5513234437 0.0018240447
115598149.7833041847 0.0016454387
114340228.3319461197 0.0011014768
135011091.9028742611 0.0010426198
120615075.2516630590 0.0030977707
117153587.6675863415 0.0006729122
132940993.5806656927 0.0008865261
120387548.9420361370 0.0011501445
129342912.0337481350 0.0012528169
115975119.1805519611 0.0012223817
165271924.1535229385 0.0000663202
124197036.9143408984 0.0005140021
181420473.1976479888 0.0000666830
117654758.7603209466 0.0008971232
118822377.6108251959 0.0008083312
115246300.8172536790 0.0011858634
129457160.4400749207 0.0009314286
121234201.2685551792 0.0009651082
167895959.8106630147 0.0013670751
117526621.2776530981 0.0011167326
117690254.2520026118 0.0008310523
123449950.0270207524 0.0009098863
131573741.7099153399 0.0061651739
123543762.3840490878 0.0015921581
116770712.2241041958 0.0068813690
115122334.2666793615 0.0012041418
187910589.3636001945 0.0010548053
123762200.4727789760 0.0009830968
181300656.3200349510 0.0014545622
119799703.1337728351 0.0012752606
145099447.7264218926 0.0010779094
117521382.8247114271 0.0012772056
149850150.6320286095 0.0000533659
119989928.0138990730 0.0011399823
156199916.5460093021 0.0004087273
120814178.9606605917 0.0013798386
186025544.2092757523 0.0009213106
115707613.3891853243 0.0006418757
118135142.2587741166 0.0031834061
116292072.0445467085 0.0009473785
189306141.1110495627 0.0010321629
114213570.9612650871 0.0011816314
180139902.3115007281 0.0010881724
128903576.5976717472 0.0017513409
119262639.5431757420 0.0021379633
114120961.4264506251 0.0012535784
122869406.3033161312 0.0005026493
114869725.2188829780 0.0011398363
117230774.9550160468 0.0015364826
119348391.1327854246 0.0013389713
115116146.5973492116 0.0013258684
119005290.8810136914 0.0009988093
119579860.3973361701 0.0011630410
130927749.9202594906 0.0015423818
116210181.0284522772 0.0014241806
115194233.7381898165 0.0012569918
116335677.8955418319 0.0013574672
117068102.9108584970 0.0011721425
122835802.6137664467 0.0009605734
119830742.1747898012 0.0011598535
128692094.9541182667 0.0019381707
114613759.4007531404 0.0013724402
131485727.3874647319 0.0020089178
115846675.6943665445 0.0011042724
117090345.3270103931 0.0011154189
114523660.5138709396 0.0012755834
117563432.6239217073 0.0008926070
118309438.8555235267 0.0011665706
115742497.8038198799 0.0013511026
114294936.0988091528 0.0013879560
116815545.2448264807 0.0015074221
120119151.2391737252 0.0012323446
118047575.0779914856 0.0010104907
119743390.2227180749 0.0013300142
124388181.8366760314 0.0012670344
115802500.4756689519 0.0011673690
118328686.5141260326 0.0006481724
118707340.1384733021 0.0012673575
123021763.4727863371 0.0014220281
117363921.7085074633 0.0013148606
126559422.1288226247 0.0008251739
117407481.4148342460 0.0012393190
116236655.4823572487 0.0008936844
116001319.7416353524 0.0012912014
115741968.1940579712 0.0011703549
118185474.2537378073 0.0011761988
131028793.1600254178 0.0012668491
114606016.2287325561 0.0012388071
131887742.8387437314 0.0019281724
114362498.3766335845 0.0011900890
119262653.5143423229 0.0012522464
117367879.7685034424 0.0012570038
130334281.7263927609 0.0019742470
114902685.2580481917 0.0013964841
128561134.0766694546 0.0016258243
116655309.7013579011 0.0013941350
119203341.1128844619 0.0016684063
118423443.9706425667 0.0011327111
127070557.8176339120 0.0015496549
119650371.3350109011 0.0011276428
121407639.2163350582 0.0016797874
118061018.6657642722 0.0010810370
127705533.8634138852 0.0016171284
120895448.7200762480 0.0014354394
119845470.3929384053 0.0012521418
116205765.6971926093 0.0010751057
115911788.4070272446 0.0013395598
114313685.6553049088 0.0012389942
114606449.6723897308 0.0012855390
121352971.0235988051 0.0014319468
118851966.7044391930 0.0011877433
114704303.3545034230 0.0012847124
118501820.8184540123 0.0013323740
119958386.3774502575 0.0012819784
117784616.5377659351 0.0011535683
119602999.8468153924 0.0012857539
114651013.5138380975 0.0010906379
119912229.2892741561 0.0012484897
114382149.6376016140 0.0012509067
114709131.1744946986 0.0012671986
116304700.9522757530 0.0012656833
120307947.9625615329 0.0012419431
114119407.3828490227 0.0012124730
114423580.3736901432 0.0012124876
117725909.9637046307 0.0013381381
114365374.9638275206 0.0012010247
119146477.9423768520 0.0011651309
115158332.5181916505 0.0012520397
118143073.7551845014 0.0012155669
115028794.3675886840 0.0012669422
115528377.5498446226 0.0012385948
114282357.0552179217 0.0012362223
116190944.2321740240 0.0011969529
120686092.9254489839 0.0012056107
115864588.1942122728 0.0013040606
114249407.0796743929 0.0011618430
119922006.0833660811 0.0011770020
115221397.6968594342 0.0012129897
119370132.3303747624 0.0011902837
114174019.5289991647 0.0012167246
117764729.0983622223 0.0011766056
114253229.9075491428 0.0012130901
117730103.9888965487 0.0012883553
114153678.2043841183 0.0012121365
117154769.8083992451 0.0011798110
114143185.1447085887 0.0012168464
116171467.2806694210 0.0011823747
114810328.4186806977 0.0012265698
115537800.3229171634 0.0010997160
120396951.1899545193 0.0012024104
114287076.3512281030 0.0011783990
114237227.0885294974 0.0011481969
118105467.6147687137 0.0011591814
120299848.7253189087 0.0012131544
120749023.4026294351 0.0011971760
114555394.1707664728 0.0012825859
114320962.1390006989 0.0012032853
114492193.4891723394 0.0012328932
114241048.2548215836 0.0012135354
114138575.7025699168 0.0011880977
114340016.4595483989 0.0012156633
114731099.0495744497 0.0012603872
114253921.5026335120 0.0012039722
120339346.4839017987 0.0011880423
114913282.5541120768 0.0012370758
119763585.2386718243 0.0012105152
114207160.3722949922 0.0011972244
120272765.6167242080 0.0012018643
114194999.9519290179 0.0012058700
115221890.1355280727 0.0012015721
116179829.5412032604 0.0012147007
120081869.0135914385 0.0012249373
114190977.0643720478 0.0012133759
114398253.5068583041 0.0012033841
114267133.1559401453 0.0012170360
120487419.7185236961 0.0011875627
114127990.2332023978 0.0012141610
114273830.3418398649 0.0012183754
114140180.0197313726 0.0012191740
115094218.4102090597 0.0011978252
114378601.8298165500 0.0012127528
114223196.8473612368 0.0012382267
114199811.8188531846 0.0012107244
114641317.4463250637 0.0012284657
114202242.9489327967 0.0012136584
114570413.9707666934 0.0012071899
114478864.7441838682 0.0012174097
114174350.8400862515 0.0012042774
114257345.8207376599 0.0012082208
114248858.5691938847 0.0012113171
114202108.1419025511 0.0012114818
120686365.2600312084 0.0012020612
114212038.6925662160 0.0012076557
115055053.8305759281 0.0012168433
114271370.3277355582 0.0012059019
120471397.9430731684 0.0012161411
114163715.5674162507 0.0012105605
120465016.4209368527 0.0012201553
114283288.7454816103 0.0012110229
114241621.7581576109 0.0012007336
114249312.1376625746 0.0012235561
114261285.0908705890 0.0011916790
120639868.6426130384 0.0012126453
115287796.4066287130 0.0012177406
114474260.9161616862 0.0012253693
114261223.1006516069 0.0012099642
114242771.3587260544 0.0012219712
114276136.2990031689 0.0012130933
114260869.4177606106 0.0012201906
114115790.8064263910 0.0012160454
114195691.3837751895 0.0011900719
114203106.8419560492 0.0012159388
114396117.9950648248 0.0012195677
114145816.9480110258 0.0012191776
114595322.9937157333 0.0012083803
114234740.7373960465 0.0012136497
114270542.9751667976 0.0012255337
114231628.1169155091 0.0012145319
114160484.7363908291 0.0012093417
114282209.4566372484 0.0012134015
114624888.0659835786 0.0012357876
114168175.8651518971 0.0012172271
114207195.2754890472 0.0012173512
114244980.9169819355 0.0012188623
114248962.2624080479 0.0012161581
114206952.8990770131 0.0012186908
114126592.7522563189 0.0012155077
114118089.3036039621 0.0012130440
114281226.4668420255 0.0012164571
114223543.0071038753 0.0012120971
114116302.9351634979 0.0012168403
114128904.2479912192 0.0012114517
114114563.3877363354 0.0012148552
114453797.6000245959 0.0012242016
114117811.4971805364 0.0012158605
114184208.5123004466 0.0012147252
114183016.6122002751 0.0012166269
114146575.6592259407 0.0012115831
114121618.7881695330 0.0012147553
114197609.7384331077 0.0012205676
114277211.4706270248 0.0012130992
114233273.9541245103 0.0012110656
114140750.6919030249 0.0012163934
114262051.3250352144 0.0012222051
114237877.2546605617 0.0012130290
114127916.2750774771 0.0012145898
114146885.4379508346 0.0012154556
114116698.2311871648 0.0012135494
114173551.6807454824 0.0012118961
114264821.7833610326 0.0012141472
114254869.6564600915 0.0012149973
114121090.1836679429 0.0012145601
114285995.7478733808 0.0012199004
114127113.1551215649 0.0012152266
114186998.9290855825 0.0012110785
114255442.2606264353 0.0012158808
114131888.9680680484 0.0012157992
114133712.5765555650 0.0012151965
114155491.8785934895 0.0012144005
114113843.8928662688 0.0012142444
114217255.1593215913 0.0012150545
114265825.1013302505 0.0012145575
114156577.6610710323 0.0012108005
114275781.9436269552 0.0012142829
114127174.7875669897 0.0012191282
114251858.4196165055 0.0012136044
114135646.0761695057 0.0012154225
114268660.5364608914 0.0012134497
114180050.6716095358 0.0012175331
114278091.5578809828 0.0012139139
114221206.7253382206 0.0012120500
114266168.2554629594 0.0012144217
114224464.2175297439 0.0012128977
114134084.6006672680 0.0012143924
114282662.1484810710 0.0012128114
114266468.4282104969 0.0012142380
114233521.8493072391 0.0012109894
114268735.8489438295 0.0012149126
114217937.1485202014 0.0012133080
114131968.0572805703 0.0012142486
114278889.2109273523 0.0012165625
114262852.7950184941 0.0012141853
114151937.5633737445 0.0012130971
114270161.9194457382 0.0012139040
114135098.4236410111 0.0012131624
114257963.7791205794 0.0012143720
114271828.7540498376 0.0012139331
114279232.1552625895 0.0012139730
114115386.2458454520 0.0012141668
114120273.4057247341 0.0012137663
114271273.4029866457 0.0012147370
114194464.6358794123 0.0012135126
114127437.8773508519 0.0012145113
114271032.8566824198 0.0012120926
114276709.0907157958 0.0012140263
114276448.3498597443 0.0012145173
114154586.8715579361 0.0012153211
114282926.6852041036 0.0012145817
114280915.0924020708 0.0012138523
114275501.1076728404 0.0012143440
114278553.9959572554 0.0012135813
114116308.5746797472 0.0012145522
114277510.7147689909 0.0012133944
114282563.6525382698 0.0012143521
114268614.7947321683 0.0012134927
114281552.1351383775 0.0012142168
114116948.6359215379 0.0012135330
114115835.6766446382 0.0012142033
114267989.2192353606 0.0012137622
114117540.6425585002 0.0012141723
114120367.2749655992 0.0012137989
114117155.0450542718 0.0012142313
114144944.7322041392 0.0012144146
114281862.9929750264 0.0012141753
114277700.6600711048 0.0012138615
114279199.6766880155 0.0012140234
114126005.6439219266 0.0012151666
114282448.4797660261 0.0012142295
114120962.1095522642 0.0012143355
114114775.5309572816 0.0012141547
114262438.8905227482 0.0012150270
114127429.3767580539 0.0012141515
114134770.9313431084 0.0012146711
114113980.8118667156 0.0012141181
114121651.4538527727 0.0012147290
114281322.1298526078 0.0012140974
114281542.0296873897 0.0012142178
114113970.1349753588 0.0012141766
114114714.2548709810 0.0012139436
114277130.3158533275 0.0012138558
114125774.6851578206 0.0012154535
114280791.0392277390 0.0012144394
114125647.7203172147 0.0012143122
114115276.8254423738 0.0012146322
114282778.1979300529 0.0012142561
114119618.2608117759 0.0012141268
114118633.9653334469 0.0012148263
114282844.1473524123 0.0012141139
114113828.9683439732 0.0012142392
114283035.6188262999 0.0012141930
114113899.7970833331 0.0012142815
114279613.4639763683 0.0012142213
114114760.9300080538 0.0012143010
114118761.9312435389 0.0012143817
114282012.4491834044 0.0012142631
114116611.1462314874 0.0012143055
114114698.6187507212 0.0012142028
114114067.9509754032 0.0012141590
114282747.9527232647 0.0012142266
114283185.9745834768 0.0012141104
114281952.7273109853 0.0012141832
114124097.7391202748 0.0012143727
114282498.5922395587 0.0012142156
114120603.7001906633 0.0012144517
114114520.4229272604 0.0012141976
114283462.0172260702 0.0012142166
114282433.7643481791 0.0012141831
114118260.3920022994 0.0012142986
114114289.0925172418 0.0012142886
114119833.4314141572 0.0012143465
114282638.5778487325 0.0012141742
114281525.8060510755 0.0012145522
114114358.6333825737 0.0012142586
114115778.5825591087 0.0012143904
114283340.6537287682 0.0012142817
114114089.6979347467 0.0012140969
114115303.1813631207 0.0012143257
114116343.5699193627 0.0012142512
114283116.7383154482 0.0012142643
114277362.3511575907 0.0012138552
114114473.1460998505 0.0012142574
114116137.0036635101 0.0012142348
114282726.2445640564 0.0012142545
114281688.0010937601 0.0012142771
114114926.3480392694 0.0012142214
114114426.4051332176 0.0012142910
114114186.5578579307 0.0012143599
114114618.3787878007 0.0012143712
114282907.3793430328 0.0012142522
114114930.4745789319 0.0012143559
114283137.2650596350 0.0012143345
114282581.2136587352 0.0012141080
114114502.3344141096 0.0012141623
114113818.8999119103 0.0012142407
114114100.2542304248 0.0012141392
114114688.0116430819 0.0012142448
114113996.3683937341 0.0012141552
114282303.8812390566 0.0012142426
114119122.6790680140 0.0012142761
114283286.6275955439 0.0012142453
114117914.9573751837 0.0012142024
114283028.7719974369 0.0012142115
114115552.6336211860 0.0012142218
114282886.6502890140 0.0012142495
114114487.9754049480 0.0012142941
114283332.1886895597 0.0012141889
114282637.5916622132 0.0012143961
114282912.2896977216 0.0012142483
114114514.0273430645 0.0012142807
114282981.1141795218 0.0012142343
114282601.4089831859 0.0012140775
114283196.1693753600 0.0012142408
114114174.3943309188 0.0012142505
114283248.1620336175 0.0012142626
114113919.4197545499 0.0012142321
114114480.9748047143 0.0012142782
114113839.7991940677 0.0012142348
114113998.4175228477 0.0012142817
114114227.2244032919 0.0012142500
114115286.8722642660 0.0012142507
114113958.8595502228 0.0012142453
114283110.6118909270 0.0012142383
114114034.0676770061 0.0012142389
114114736.1729870886 0.0012142621
114113941.2481128871 0.0012142386
114282248.4555831999 0.0012141646
114114139.1304896772 0.0012142517
114114025.2776433080 0.0012142099
114283017.6859722733 0.0012142321
114116825.4164731205 0.0012142664
114282866.8253221363 0.0012142291
114114563.4618639201 0.0012143429
114113922.6473055035 0.0012142335
114114009.2269670367 0.0012142333
114113917.8822710365 0.0012142345
114282393.5378314555 0.0012142255
114114089.3756498992 0.0012142442
114283245.1405436993 0.0012141724
114114051.0670651346 0.0012142430
114283224.0685597062 0.0012141812
114113950.6136104017 0.0012142465
114114715.9485118687 0.0012142862
114114192.3401824385 0.0012142519
114282430.8194710016 0.0012142722
114114445.3398202956 0.0012142492
114114213.2236780971 0.0012141862
114283022.2877999544 0.0012142318
114115047.9114296436 0.0012143147
114282991.2226705402 0.0012142577
114282391.1178835630 0.0012142579
114113889.9330336303 0.0012142439
114114523.6614318639 0.0012141755
114283329.2410113662 0.0012142508
114114406.1124148816 0.0012142300
114283021.9690313786 0.0012142440
114282850.9713505208 0.0012142098
114114078.1200392246 0.0012142346
114114574.9455384463 0.0012142561
114114241.8295954764 0.0012142488
114283340.5147364438 0.0012142392
114114317.5001429170 0.0012142438
114113870.8320710063 0.0012142332
114283385.5684023201 0.0012142174
114113982.2983051687 0.0012142364
114114286.8279763460 0.0012142768
114113968.9377580285 0.0012142465
114114262.8889097869 0.0012142562
114113878.6891300082 0.0012142461
114114029.1842689514 0.0012142242
114283369.3637542129 0.0012142343
114113969.6900776327 0.0012142542
114113841.7411440313 0.0012142342
114113929.1882098466 0.0012142117
114114014.0704573095 0.0012142365
114283144.8846463561 0.0012142579
114283240.5945393741 0.0012142509
114283366.4769130498 0.0012142389
114113865.5436545163 0.0012142455
114113861.5605399758 0.0012142483
114114091.7838503122 0.0012142410
114113828.8048186600 0.0012142405
114283316.2429792732 0.0012142507
114113936.4369385839 0.0012142410
114114531.0987800509 0.0012142520
114113915.6764192432 0.0012142435
114283152.3469205052 0.0012142284
114113854.0364456773 0.0012142448
114114190.9019809812 0.0012142424
114113884.9686338454 0.0012142412
114282995.2918238640 0.0012142357
114113905.2316597551 0.0012142436
114114082.2477608174 0.0012142424
114113833.7322924435 0.0012142424
114114077.8511860371 0.0012142291
114283333.5330836028 0.0012142364
114114138.3399892151 0.0012142575
114113877.5286376476 0.0012142367
114113831.0555837899 0.0012142412
114283265.5545468926 0.0012142369
114283301.7946568280 0.0012142410
114114054.9036805928 0.0012142476
114113833.8806868047 0.0012142392
114113941.4537455291 0.0012142337
114283376.3489614278 0.0012142428
114113876.2714435607 0.0012142361
114113850.7567679286 0.0012142411
114283344.8800970614 0.0012142393
114113823.7445454597 0.0012142416
114113904.9121891856 0.0012142418
114283362.7338017821 0.0012142399
114113848.0258576721 0.0012142393
114283373.9194015712 0.0012142403
114114094.0173553228 0.0012142460
114283306.1524025500 0.0012142394
114113977.0402300954 0.0012142460
114283384.0166672021 0.0012142378
114113819.4801208228 0.0012142419
114113857.1183209866 0.0012142405
114114096.4517930597 0.0012142493
114113853.8687186986 0.0012142409
114283235.2157021314 0.0012142458
114113818.0191703439 0.0012142416
114113837.7090705633 0.0012142465
114113900.5207499117 0.0012142422
114114066.5570654273 0.0012142397
114283350.0227424055 0.0012142408
114113948.0285661072 0.0012142477
114113903.7488289773 0.0012142421
114283297.4123226851 0.0012142384
114113851.6375975162 0.0012142432
114114048.1187760681 0.0012142403
114283334.7182725072 0.0012142407
114114173.5349142849 0.0012142438
114283329.1468000561 0.0012142407
114113960.6072342843 0.0012142485
114113891.4735248089 0.0012142368
108458918.0000000000 0.0012142368 1 0 0 0 0 0 0 0 0 0 0 0 0 0 0 