382960098.1121698022 0.0000009890
371158541.5091896653 0.0000003415
375773851.2707102895 0.0000000584
396758885.5931752920 0.0000000015
389314383.5720220804 0.0000000969
399007587.8482892513 0.0000000164
400996009.3644990921 0.0000000007
372341916.4424323440 0.0000012535
409933109.7738075852 0.0000000025
425173344.1310516000 0.0000000007
375177757.0441123247 0.0000004952
349548872.2072546482 0.0000000479
403902492.7011817098 0.0000000568
351168240.3826482296 0.0000004368
355563836.8207120895 0.0000006892
398040425.0423206091 0.0000212022
374213693.2491655946 0.0000001082
303919047.3382477760 0.0000002134
291113164.9353678823 0.0000002711
285893364.3426216841 0.0000005964
280383079.2233907580 0.0000064617
275717104.3142466545 0.0000074541
310670533.3526307344 0.0000013497
253335186.4980210960 0.0000097710
250212496.9751002789 0.0000102699
258340777.3795976341 0.0000012917
314131953.2157675028 0.0000023831
298884176.6439079046 0.0000021024
270569159.3806537986 0.0000014044
237556853.7509551048 0.0000011383
272263050.8231548071 0.0005043469
217096988.6814696193 0.0007683561
244380570.2753740549 0.0007824971
217036532.6847848296 0.0007384541
235697283.7358645201 0.0006742109
215983608.9398041368 0.0007234133
211780157.3393136263 0.0007287592
219906880.5827147067 0.0007523800
320892747.0077791810 0.0000013150
225375791.2152721882 0.0007254008
239685117.3183680773 0.0011178714
209911342.4285478890 0.0009192188
184953788.2094049752 0.0000325774
174885942.1214282215 0.0000382898
207312942.4795592129 0.0000030869
178291326.3262214065 0.0000341946
192726497.4371745288 0.0000056856
188041993.1297025084 0.0000391901
167980162.5075183809 0.0000279889
169992467.2155942619 0.0000261750
172316829.5233180821 0.0000001341
169254872.9891030788 0.0000285380
206098538.7091110647 0.0000001472
168671708.1379727721 0.0000271250
156441833.9448706210 0.0000254671
159809890.9749605656 0.0000227924
168481450.7402675748 0.0016432792
153467497.4203824103 0.0000272495
161812235.0501133502 0.0000492985
174098412.2522098124 0.0000044214
168162631.2261869609 0.0241440700
158095758.3237024844 0.0000138884
152711062.8590149879 0.0016152971
153662631.5868535638 0.0018955002
170826471.3706022799 0.0000981279
159603197.1149382889 0.0010542015
160395720.9862501025 0.0164211687
162379956.5923813581 0.0015055458
194935646.5408545434 0.0005662428
151669379.5478981733 0.0006642906
164027873.2522218823 0.0000175670
151718504.9699494541 0.0006069213
164682315.2145665288 0.0000691692
153610191.7805988789 0.0005957187
179329821.1088790298 0.0165808232
156103433.0346590281 0.0006240529
171366666.7352568507 0.0004421796
157721792.1473095417 0.0007759040
169574453.2050528526 0.0003646437
158942328.3825530112 0.0004482640
207325179.9766569734 0.0006673425
154660058.1725393236 0.0007837843
159055436.6070963740 0.0000677850
150822401.1550016403 0.0014580700
163909112.4355873764 0.0002867690
159579537.5087989867 0.0001182781
165785404.6350302398 0.0049033679
151712115.2217104137 0.0013715134
166799225.5026070178 0.0031068767
156412162.1097721756 0.0020600296
168581253.7693872452 0.0002393399
147230520.9571866989 0.0020149727
180168608.4361313879 0.0021512318
153620590.5806851983 0.0023689508
160180894.3551898301 0.0004655709
154103085.6258264780 0.0049322226
177673589.8897163570 0.0002660769
151737531.3893096149 0.0024584978
161909679.0128486156 0.0134234155
148299316.2016191483 0.0011275265
145690668.4561242461 0.0000049025
145658998.3536697626 0.0000077485
197034246.9865332842 0.0000000355
176669292.2689286470 0.0000057511
166148632.0390807092 0.0000039299
150221873.0409134924 0.0000064688
172708873.1065125167 0.0003237796
147445994.5909518301 0.0000494595
168354030.3091974258 0.0012197194
147604659.9856355190 0.0000000165
221760612.1539326012 0.0000300363
157381279.4347032011 0.0000705260
176388435.7842021585 0.0007085769
147273960.2588313520 0.0000018186
181324776.2354310751 0.0000007871
146625731.7672472596 0.0001536262
155663157.2386130393 0.0007316003
147815386.6807354391 0.0000002540
195483939.4959306121 0.0001924500
143501955.7224544883 0.0000098399
159305778.4749948978 0.0000331387
150601968.2080075741 0.0000003257
146476670.4661355317 0.0000236041
134723327.4061958492 0.0000010129
139411699.7287287116 0.0002504623
138279003.6470748782 0.0000329764
169966719.7840687633 0.0000066890
138003160.9591856897 0.0000128563
147857830.3172950745 0.0000047491
136279960.1638410389 0.0000299404
135794577.3034168184 0.0005110338
143441541.8307082653 0.0000006549
149212779.0573750436 0.0005685057
143010918.4500543177 0.0000110942
159910877.1773715913 0.0000113268
138025709.3945729434 0.0000120951
145556580.8762946129 0.0002278344
152151058.9145746529 0.0000127534
160045643.0339871347 0.0000006791
138251385.5140909553 0.0002433940
177940985.0200252235 0.0001859183
139995673.1971038580 0.0001537639
180941779.1723794639 0.0001235333
145591966.4565846324 0.0002024192
167648914.1823867857 0.0000006591
144715584.6520026922 0.0000006185
179202704.4049606621 0.0000006538
162636253.2358935475 0.0000011406
140745678.1738105416 0.0000001108
131850080.1286996752 0.0001018855
134036808.1266932935 0.0002908725
144840739.3055865467 0.0001682984
133311019.0755319446 0.0001045900
138239575.9145865738 0.0001639467
133934135.0687193722 0.0000383696
134658839.2499076128 0.0001344046
134556627.6905482709 0.0000530686
143304109.5049940944 0.0006715955
132745802.4248000234 0.0001478840
145947808.4393249452 0.0000386969
134273488.2471896410 0.0000568404
143265664.8489482105 0.0001989990
139470436.1857146919 0.0000953699
138592095.9383018613 0.0000290043
138164437.3760968745 0.0000509675
138546075.7826548517 0.0009370620
131989532.9395142198 0.0000535129
132275453.7954904884 0.0000128399
132813886.8094935417 0.0000625782
134056017.3145976067 0.0001003951
137780123.0026665032 0.0001768219
133367005.5719532073 0.0000692752
133502973.6537692547 0.0001213218
132334286.4295526296 0.0000722339
131922330.1265081018 0.0002472880
144352134.7990294397 0.0000000021
136141456.3139836490 0.0000427281
162231321.0833672583 0.0003357277
135445011.7256972790 0.0000085271
137312674.0397727489 0.0000173895
131286090.8892583698 0.0001451789
133266387.4595991820 0.0002248692
137709901.5131250024 0.0000939541
133980184.6832745671 0.0001561533
132925200.4494485110 0.0002397107
142228520.2692423165 0.0000194031
133474263.7975187898 0.0000358196
140608168.1791499555 0.0001393815
133115391.9898626059 0.0000807350
137952864.1763457954 0.0000000508
131724401.1286608726 0.0002723600
159266454.9206102490 0.0003184056
135914790.7573049963 0.0000017271
158062522.7271536589 0.0004800022
135915014.2300301194 0.0002302408
160127823.2599888444 0.0002990374
133631332.3969234675 0.0002074036
158572212.4858198464 0.0003093212
132950464.3470514417 0.0001754356
159538123.8592557013 0.0003038084
151221058.2579600811 0.0002295360
137628276.4423417747 0.0001275743
131927825.1463763863 0.0002799686
131208116.7990156859 0.0001273224
131472548.6223673075 0.0001651973
134658808.3483563960 0.0001753768
131135578.4172068983 0.0001386084
136211011.2877881825 0.0000643184
130539913.5354031920 0.0001479418
131657763.8675687164 0.0002367565
135937321.4346172810 0.0001486324
131958326.0500076264 0.0002953202
130605613.3088978827 0.0001492935
140492671.2747382522 0.0001745385
131750808.3158913702 0.0001965913
130240425.6909712851 0.0001081779
130793252.9892035723 0.0000849504
133810044.7689144164 0.0000497875
136184123.5521048903 0.0001147172
131068246.6304850429 0.0000708637
130841888.4961773604 0.0001039944
132864093.7700541466 0.0001051683
137482299.8280817568 0.0001026911
131564554.7427269667 0.0001505076
137760433.3549407423 0.0000989822
131807372.1975736767 0.0001943499
136507056.6855709553 0.0000852802
137143152.9476368427 0.0001394842
130291761.8671072274 0.0001002791
138319915.5108207762 0.0000975803
133778447.1199057251 0.0000913174
132369692.2944455743 0.0001845391
132386565.9079076797 0.0001115410
137639272.5379320979 0.0002023275
131261366.8724960089 0.0002000207
131634233.4443051517 0.0001964565
130007600.1223940849 0.0001027040
140222032.1892284453 0.0000503658
131014616.4074162096 0.0001124562
134639047.9689142406 0.0000708478
130739085.9074523300 0.0000670538
134968738.3465426266 0.0000544008
137505374.6833376884 0.0000631258
131619231.8086775839 0.0000906873
137267481.2896493375 0.0001162638
132196996.5914837122 0.0001072940
130201540.2013560236 0.0000446653
132121241.2307510227 0.0000739313
131532569.1436025947 0.0000933515
133069187.1198359579 0.0001754520
131259185.9715948999 0.0001330569
141388508.0801540315 0.0000720903
130994514.3178983182 0.0001072514
140888252.3919468820 0.0000607021
135953766.6119084656 0.0000729577
133628408.3840999603 0.0001440546
130606532.2122506648 0.0001062722
141517011.1021597385 0.0000462174
136784568.1310793161 0.0001439980
132959396.8555662036 0.0000158228
142335430.2232509553 0.0001115845
138182808.6457714736 0.0000848497
137454255.1094268560 0.0001007531
131491249.3836468309 0.0001474578
130711664.2249033898 0.0000958189
132134494.1573041230 0.0000730065
136708898.2241492867 0.0001075430
131812448.5499533117 0.0001187179
130280545.8573466539 0.0001058860
131245528.2138431370 0.0001247725
137342101.1715058684 0.0001067908
137596849.5910020173 0.0000799978
131083721.3800634891 0.0001005841
131947254.7348103523 0.0001252558
131022405.4879744947 0.0000913277
130429640.6840449125 0.0001100473
137732431.4423754811 0.0001087947
137880029.7989379466 0.0001087913
136915449.4469183981 0.0001025901
130063398.0157912374 0.0001564305
130243277.0302427709 0.0000958562
130107966.4751055390 0.0001003806
129938508.6789664179 0.0001005161
134076317.0898893923 0.0001101589
136568425.5498349369 0.0001079451
135507543.8696534634 0.0000854261
136520213.8183163106 0.0001114191
130630059.9060833454 0.0001043184
129727447.9720044285 0.0000923327
131211170.4207908809 0.0000729209
137546062.5971384645 0.0000960015
131814580.7533447742 0.0000594339
137811401.9579679072 0.0000925698
130836031.5609082431 0.0000927786
136595431.3800293505 0.0001075154
132146510.2625851780 0.0000478297
129941401.7605122328 0.0000969863
134616786.4326326847 0.0001236576
130556703.1877801269 0.0000951499
130585207.2816332132 0.0000703983
130515293.1214800775 0.0000908364
131222878.1153282821 0.0000721442
130306189.3860592693 0.0000805492
137624537.5443649590 0.0000918818
137195993.2579852641 0.0000990384
137805143.3312577307 0.0000881297
130175236.1346707046 0.0000793184
130221116.7863904536 0.0000922343
130704737.2391953468 0.0001063654
137548524.0024802983 0.0000911378
130994643.0156956166 0.0000918919
129795348.0986508727 0.0000956823
130164890.3466760218 0.0001152505
137621704.2896988094 0.0000991141
136227110.6528538167 0.0000974746
130073275.7732061595 0.0000959396
130273748.4104874432 0.0001047015
129997823.5011810809 0.0000907453
131200997.4888679683 0.0000688628
129647361.2790641040 0.0000885664
137110066.5244454741 0.0000786059
137178920.3446210325 0.0000905111
132751659.1843370944 0.0000807411
137502244.6671911180 0.0000953626
129647856.0245742202 0.0000876624
130036890.6439760774 0.0000823198
129759286.3393187076 0.0000875866
130132809.4349830449 0.0000766318
129969122.7517173588 0.0000885504
136716558.0571859479 0.0000873933
129720666.1820470840 0.0000942900
129833322.1176397651 0.0000987323
129697771.2528679967 0.0000872979
130000265.6485499740 0.0000929160
129762005.2808764875 0.0000823318
129841116.5737948567 0.0001047133
137772918.3711866438 0.0000878604
130203944.1958591789 0.0000774624
137821568.7392930388 0.0000908663
137841344.6250261366 0.0000730427
129707772.8419354558 0.0000865566
129780520.2537274361 0.0000885800
129736425.7391802371 0.0000870027
129786075.6150590926 0.0000950484
129849117.0036803931 0.0000850708
131090982.2216114998 0.0000876744
129829160.4262788147 0.0000860012
129858323.6762036234 0.0000929080
129685778.8326974064 0.0000886158
137079534.5103670657 0.0000936350
129660150.6474158317 0.0000893432
130055851.5363261700 0.0000910048
137560415.7087807655 0.0000871280
130878983.7640847266 0.0000930282
137651892.2024810314 0.0000885317
137807152.5219152868 0.0000895557
129688637.0630130023 0.0000870526
137873927.0421885252 0.0000887903
129977092.5868392438 0.0000870560
129714568.8276727796 0.0000891449
129688056.4536605179 0.0000876956
129669003.9459861368 0.0000893385
137550212.9818272591 0.0000899204
129722779.5004817843 0.0000880947
129853777.1396901011 0.0000918422
129716142.5402001143 0.0000876247
129622129.5329327136 0.0000873526
129670340.5149177164 0.0000854911
129924345.6781757474 0.0000846142
137797501.0564680696 0.0000869764
130159583.5633749664 0.0000868513
129863254.2937118858 0.0000877684
130061825.5899271965 0.0000893613
137758148.5616119504 0.0000865793
137848347.7584890425 0.0000786659
129715933.3906210363 0.0000882841
129851639.7913527787 0.0000841902
137862815.0268491507 0.0000885686
129718860.0768001676 0.0000882345
129676376.5520333797 0.0000843672
129851204.9552743286 0.0000925795
137849877.2427442670 0.0000866966
137848457.7398820519 0.0000898995
129632560.4830691218 0.0000876314
137741559.3064017594 0.0000910874
137701471.5244521797 0.0000865432
130272513.9577051252 0.0000878704
137798734.0927609801 0.0000868478
129793324.4157550335 0.0000895835
137409046.4890672863 0.0000906025
137655923.8964480758 0.0000889724
137850662.7600876689 0.0000867761
129830782.8030212224 0.0000878703
129653778.3474054039 0.0000868149
129698631.5332179964 0.0000905146
137891522.8448705375 0.0000872351
129662480.7650383264 0.0000887468
129644898.9834345579 0.0000866791
137803856.9310704172 0.0000879877
129622102.7338973731 0.0000865930
137848524.2187910974 0.0000838229
137866574.1863908768 0.0000867919
129675048.6798859984 0.0000870371
129643422.4491259009 0.0000880585
129678675.0864860415 0.0000903261
129648692.1679158211 0.0000859764
137888795.5288815498 0.0000888946
129641298.8767742515 0.0000867044
129693192.7762397528 0.0000869931
137858207.8362646699 0.0000866757
129965018.4403960407 0.0000826662
129672139.0850999355 0.0000867487
129780913.6796946377 0.0000853460
137883659.4054717124 0.0000867537
129646842.3642659187 0.0000859641
137871376.2653427422 0.0000861695
129689815.0867756903 0.0000870079
137853042.9453142285 0.0000868753
137857487.0178964436 0.0000852746
137902907.5117045343 0.0000863875
129713912.9100501090 0.0000867590
137852586.1004284024 0.0000873104
137850877.4559895694 0.0000866116
129718548.5977670699 0.0000875644
129643047.1124431640 0.0000864913
137829525.1937415600 0.0000851350
129642053.1803216785 0.0000863076
129633717.3994910270 0.0000860161
129637410.6466134340 0.0000867569
137742965.6244221926 0.0000876192
129653922.4238243699 0.0000865880
129641727.3121914864 0.0000871972
129717385.4739863276 0.0000856293
129619087.3695865422 0.0000864098
129619400.7374041080 0.0000855463
137879648.4995524883 0.0000860516
129640341.1709108204 0.0000872653
137888190.4759576023 0.0000863325
129669404.0767132342 0.0000863481
137886312.9797779322 0.0000864318
129621297.2096279263 0.0000867050
137884324.4354952574 0.0000863799
129644827.8095397353 0.0000867826
137875652.8467589021 0.0000863849
129686565.2814354748 0.0000866678
129620156.1072801799 0.0000865884
129622737.4463106692 0.0000870160
129627130.5420392752 0.0000864018
129616752.7291050702 0.0000866622
129626067.3739528060 0.0000866134
129628424.1177436113 0.0000862665
137868214.4412836134 0.0000869300
137841030.1568491757 0.0000863231
129621290.0514945835 0.0000869227
137877650.3866372108 0.0000865506
129619596.0722104609 0.0000866673
129671481.6925866902 0.0000873587
129617801.9420604408 0.0000867836
129677043.9673447609 0.0000862543
129620814.5804885477 0.0000867529
129716124.8964526206 0.0000861832
129619606.1060651839 0.0000865405
129637096.3703702837 0.0000873220
137882569.2189720571 0.0000861725
129623686.7471809536 0.0000869334
137885048.3169097304 0.0000866339
129650978.0740500689 0.0000876384
137887402.4985023141 0.0000868207
129644360.4170337915 0.0000873147
129616073.2353699803 0.0000871726
129619069.3081104308 0.0000866279
129622535.8530648351 0.0000869806
129671512.0378950238 0.0000873493
137865344.8398563862 0.0000873528
129641239.9740180969 0.0000875018
129620089.6785176396 0.0000870490
129669814.7758401036 0.0000876927
137888224.6529134810 0.0000871321
137860820.0522991717 0.0000868065
129625751.5287311524 0.0000870252
137860772.7193798125 0.0000875732
137885351.6912783384 0.0000871924
137868859.5256028771 0.0000870574
129626586.5810325593 0.0000870038
129641711.8323659152 0.0000870790
129617381.2068415731 0.0000872551
129621279.0874636769 0.0000872656
129620563.4240275621 0.0000871731
129657550.6700219512 0.0000881323
129617489.0440709591 0.0000871628
129670899.5530660599 0.0000876292
137882513.0627488196 0.0000871343
129644980.5023984313 0.0000873643
129623484.5570775121 0.0000869923
137888062.5602155030 0.0000872547
137867789.2955509722 0.0000867057
137885554.6904036403 0.0000872135
137852398.7574343979 0.0000876126
137884053.8794136643 0.0000871834
129642403.5594612807 0.0000869081
129616332.0058657974 0.0000870573
129636019.5639117956 0.0000869428
129618605.6140973717 0.0000871137
129624775.5845533758 0.0000873831
129617902.5068106502 0.0000872171
129625120.4333287627 0.0000869656
129620274.2203188539 0.0000872240
129642814.1388725489 0.0000873530
137881043.8092920482 0.0000872964
129645284.9306173772 0.0000869598
137887324.9178977013 0.0000870670
137880181.1801567674 0.0000877447
129616250.2232896537 0.0000871871
137888056.8957524300 0.0000870891
129615177.9858137667 0.0000871566
129645340.3154034168 0.0000870226
137875466.4812203944 0.0000871595
129649715.3424700052 0.0000869421
129615009.0962407142 0.0000872062
129633056.4628521055 0.0000867948
129619344.2749570161 0.0000872463
129627232.3125818968 0.0000867979
137886443.8860564828 0.0000871695
129642109.6661258787 0.0000872690
137884639.7935317159 0.0000872180
129631972.6019189954 0.0000868029
129617866.4992050529 0.0000873536
137878519.3095821142 0.0000873115
129614982.6294607669 0.0000873124
137874798.2303383350 0.0000867337
129622902.1209170967 0.0000874220
129622605.1166385859 0.0000877241
137882614.3787587583 0.0000872783
129645666.3975038975 0.0000874823
129618250.7296863645 0.0000873880
137871712.8005586863 0.0000875763
137886429.5405470729 0.0000872649
129625657.5345909148 0.0000874638
137880263.6714811027 0.0000873484
129644324.9131439626 0.0000871812
137877706.2676578164 0.0000873484
129621992.5382636189 0.0000871555
137878060.3494668007 0.0000873623
129618898.9147536606 0.0000873280
129623902.9349590987 0.0000873825
137888813.2373390198 0.0000873279
137888673.1435119510 0.0000872940
129618985.0568054318 0.0000873192
129618455.9753390551 0.0000872225
137887536.0693469942 0.0000872772
137882030.1320876777 0.0000874192
137887997.2447318137 0.0000873204
137883551.4341208637 0.0000871910
129615725.2159598619 0.0000873366
129628237.2548249364 0.0000872106
137886809.0162232518 0.0000873336
129631454.2491838932 0.0000871940
129615855.3575129062 0.0000872655
129631553.8432615995 0.0000874063
129614903.9083074927 0.0000872924
129617973.5599400252 0.0000872119
137879598.9245829880 0.0000873491
129638848.5142317265 0.0000872142
129619862.5459995717 0.0000872147
137887751.5997785330 0.0000872792
129620795.8177557439 0.0000872162
129615942.7372289896 0.0000872658
137886659.7670603096 0.0000873764
137887031.1321413517 0.0000872584
129619413.0188562870 0.0000872519
137886887.8703389764 0.0000872995
137885800.4120159745 0.0000872537
129616033.5902046859 0.0000872854
129617602.1849406213 0.0000873715
129615224.6470205337 0.0000872957
129617729.1018690765 0.0000873420
129616432.4892524779 0.0000872921
129615844.4547959566 0.0000873561
129615031.7893944681 0.0000872727
137881788.1828042269 0.0000873734
137887232.6051830053 0.0000873060
129615874.6030107439 0.0000872701
129618236.3635436743 0.0000873236
129617817.7014036924 0.0000872124
129616373.6238719672 0.0000872782
129617923.8706082255 0.0000872632
129616515.8149559200 0.0000873398
129625433.2168325037 0.0000872064
129615352.2531764507 0.0000872640
129618980.9431498349 0.0000872741
129615597.6709757000 0.0000873286
137884570.8290335238 0.0000873006
137886567.9950503409 0.0000873119
129618732.8130608350 0.0000872092
137887979.7575039566 0.0000872983
137886736.7655874193 0.0000872427
137886868.2544503808 0.0000873040
137887063.0003652871 0.0000872910
129615482.1505747586 0.0000872855
129614673.9292308986 0.0000873020
129615487.3926394880 0.0000873022
137886974.5165596008 0.0000873138
137886907.4599300325 0.0000872956
129616018.6741450578 0.0000873100
137887793.4888228774 0.0000873031
129616715.7810973674 0.0000873557
137886290.4510787427 0.0000873174
129619151.4244346470 0.0000872698
137887080.4850033224 0.0000873111
129617876.1013193130 0.0000872986
137887175.2769347429 0.0000873158
137887035.3182413280 0.0000873146
137887821.4863589108 0.0000873082
129617757.0430403799 0.0000872746
129615472.4804275483 0.0000873012
129615465.3892871141 0.0000873041
129614684.8716789484 0.0000872910
129615047.5606374592 0.0000872911
137887450.7317831516 0.0000872854
129614864.2027868778 0.0000873173
137887552.3012468815 0.0000872987
129616111.0170091689 0.0000872695
137887613.9173108339 0.0000873010
129618465.9226233512 0.0000873103
137887415.8410289884 0.0000873017
129616735.6019143909 0.0000872712
129614669.3347596824 0.0000872864
129616878.5194869190 0.0000872409
129614877.5070458055 0.0000872924
129619892.4288669378 0.0000872305
137887087.9327223003 0.0000872851
129618417.1145815998 0.0000872949
129616193.6476595104 0.0000872892
137886679.3290483057 0.0000872734
129614707.3961214572 0.0000872943
137887813.1475608349 0.0000872754
137887397.6735905409 0.0000873001
129616642.3565255404 0.0000872440
137888092.1740780771 0.0000872553
137887196.1560031474 0.0000872829
129615247.4522654414 0.0000873082
137887926.7730425000 0.0000872763
129615207.2448522300 0.0000873115
129614761.2505291551 0.0000872901
129615830.3962510228 0.0000872822
137887834.2012400031 0.0000872853
129615061.4468483329 0.0000872935
137887953.7369011641 0.0000872868
129614770.1331408620 0.0000872685
129615045.3384371251 0.0000872868
129615366.1166384369 0.0000873086
129614777.3297591358 0.0000872818
129614806.4043787718 0.0000872890
129615008.4925895780 0.0000872840
129615528.8926302642 0.0000873033
129614839.2894619703 0.0000872842
137887521.2454840541 0.0000873123
129614709.3839419484 0.0000872892
137887552.9679786563 0.0000872813
129614664.7688981742 0.0000872895
129615173.2324735820 0.0000872725
129615218.8513524979 0.0000872891
129615117.5762652457 0.0000872725
137887285.7625700831 0.0000872899
129617075.0409452915 0.0000872852
137887531.8913432062 0.0000872798
129615768.9046360105 0.0000873105
137887393.3888555467 0.0000872652
137887663.8419140279 0.0000872773
129614684.5038258880 0.0000872931
129614908.0244132578 0.0000873043
137887919.2161414027 0.0000872885
129614798.7589359432 0.0000872915
137887802.4571268260 0.0000872905
129615041.8455578387 0.0000872815
137887671.2200475335 0.0000872892
129615392.2673314959 0.0000872951
129614917.6967665106 0.0000872876
129615256.2035527378 0.0000872756
129614679.0644432753 0.0000872928
137887158.7623151243 0.0000872943
129614741.2409748733 0.0000872881
137887497.6326088905 0.0000872954
137887720.5117000043 0.0000872884
137887768.1845181584 0.0000873005
137887853.3609471023 0.0000872868
129614799.3586092591 0.0000872823
129614743.0299204141 0.0000872919
129615381.8491641581 0.0000872938
129614787.0469106734 0.0000872860
129614890.4192716032 0.0000872845
129614659.6331857741 0.0000872897
129615424.9078674316 0.0000872757
129614742.1098199785 0.0000872920
129615854.0256353617 0.0000872982
137887816.5404604971 0.0000872889
129615542.5848859400 0.0000872829
137887855.4368985295 0.0000872889
129615195.3444502056 0.0000872838
129614794.8486879170 0.0000872798
129614743.4784865826 0.0000872869
137887873.2034692168 0.0000872893
129614944.7710806578 0.0000872882
137887919.3592773080 0.0000872885
137888029.8251935542 0.0000872916
129614708.0310076922 0.0000872912
129615332.8092003465 0.0000872892
137887871.4899719357 0.0000872880
137888035.6800666153 0.0000872915
129614721.3087517768 0.0000872900
129615200.7463115007 0.0000872895
129614693.8530573398 0.0000872918
129614749.4876153171 0.0000872975
137887951.6522794664 0.0000872917
137887821.6175526679 0.0000872825
129614652.8222636580 0.0000872905
137887743.9415840805 0.0000872880
129614664.0380611420 0.0000872907
129615327.4087122232 0.0000872969
129614741.6028178930 0.0000872932
101458340.0000000000 0.0000872932 1 0 0 0 0 0 0 0 0 0 0 0 0 0 0 