484448475.6679773927 0.0000009890
477355845.0130004287 0.0000003415
485476528.3729636669 0.0000000584
506559583.0123789310 0.0000000015
527387107.7212261558 0.0000000969
555390810.2453601360 0.0000000164
506815483.6300404668 0.0000000007
482089524.6226222515 0.0000012535
512393145.6544002891 0.0000000025
562109290.4548623562 0.0000000007
515098999.4858779311 0.0000004952
454687384.5391305685 0.0000000479
600883011.6277055740 0.0000000568
456122119.6769915819 0.0000004368
453243456.4025669694 0.0000006892
460307123.1353929639 0.0003053651
464154464.6104287505 0.0000008197
382727550.0996171236 0.0000009373
359807202.4080920219 0.0000012615
358188076.7297677398 0.0000042838
323803839.8059883714 0.0000054126
319148692.0656474233 0.0000055361
344822566.7293552756 0.0000000738
300482680.3203525543 0.0000062758
289911196.4527460933 0.0000040990
360283420.6295175552 0.0000000007
340726831.2778608203 0.0000006919
398248013.0651787519 0.0000000672
331722380.2090818286 0.0000039644
260701799.0708697736 0.0000012787
291587350.8154398203 0.0005665833
206963310.6387416124 0.0004469082
239630893.3780594766 0.0002663473
199549095.3543801904 0.0004966758
233416394.7194039226 0.0001351943
208154169.1683261693 0.0004728701
249451493.8354961574 0.0001508910
208235685.2238859832 0.0004114306
223352339.0947440267 0.0001786636
229104746.0081990063 0.0004863847
216246534.7013379037 0.0020312440
207372423.9190840125 0.0006957453
253009771.0195908844 0.0002647296
197433083.1334441006 0.0006178928
228303572.8315252364 0.0000444345
198001761.3207922578 0.0005878031
191212234.4650596976 0.0001073297
187743403.4265244007 0.0000749662
235538124.0645024478 0.0008319802
190789757.9611543417 0.0000591907
168679704.2567226589 0.0002568181
164828846.0766646266 0.0003614670
195209393.2941502035 0.0016239164
172149268.7163119912 0.0003181237
161842859.9081898034 0.0004190272
165321127.6234069169 0.0004609048
161836114.6920738518 0.0022361585
167354607.7892183363 0.0025113652
231419351.2774494588 0.0002687427
179009537.0850262046 0.0012251295
168126315.2723926604 0.0157117576
160932446.7479602695 0.0024923240
182526575.1854575276 0.0002733970
164432190.2726531625 0.0026358976
174543211.6398204863 0.0025730684
164851883.6716796756 0.0025062793
164893640.2449643910 0.0012477324
165083372.0486347675 0.0017912655
168639285.3079396486 0.0005486518
158429860.6074524522 0.0031027545
152475664.7771981955 0.0068114871
155661104.9093909264 0.0093914831
173017255.7859757245 0.0065849676
165493871.1695102155 0.0036592283
175917497.2399652302 0.0018735704
153920894.0737111866 0.0074931222
183685213.6308612823 0.0027879873
154299624.6196733713 0.0049991216
161020082.2362948656 0.0043806062
154635158.4983251095 0.0050627300
203195053.4595396817 0.0524811801
151548289.5681472123 0.0057680649
236651032.7297081351 0.0013148658
157980616.8074403107 0.0059220360
167913552.7605046928 0.0086793053
150456535.5261845291 0.0071309550
168946284.0373834968 0.0039867566
154964057.2055526674 0.0052714446
157926399.6797025204 0.0070951792
150220083.6138027608 0.0078602967
174279490.1663782597 0.0015639830
153328192.0714341998 0.0064344872
167432300.7558613122 0.0021439163
158144617.2989150584 0.0111424595
194901537.9775898755 0.0007773300
156669360.3129023910 0.0131199388
179131342.0573665798 0.0006166852
155870126.8358941972 0.0068801969
190629127.6140769422 0.0037296126
150607906.3264618218 0.0021075780
169337898.0026423931 0.0000477654
154213482.8978562653 0.0003000389
171197459.8840640485 0.0005709002
153748286.5731711686 0.0027995457
154222927.1900094151 0.0074624177
150161252.5209796131 0.0122267431
155506796.4768319428 0.0117308145
148530869.0743853748 0.0111971551
146601754.7081740201 0.0102460632
170777033.0319254696 0.0067288499
144941238.9058896303 0.0103210192
148862029.9751265347 0.0056854622
166938193.7205915451 0.0151424457
157890928.7607404590 0.0097567379
147152882.5599848628 0.0103065927
147564033.7117673457 0.0018361834
151029442.9593541324 0.0102127837
192261915.4965341091 0.0047474663
144957807.2617126107 0.0105709193
146917660.5844064653 0.0001718119
148288586.5809249580 0.0093899513
149110343.7216526568 0.0072328585
150187865.8263883889 0.0091827967
147047420.2551109493 0.0060851252
147511283.3901751935 0.0077773743
151790191.7275253236 0.0245892986
143941175.8336961865 0.0081492941
161560077.1919705868 0.0038864948
149221021.7241904438 0.0073832924
162566516.9027577639 0.0047532316
146618755.9301738739 0.0090583730
151062481.3943089247 0.0207405067
145363706.7425532639 0.0072279309
164059088.7761997283 0.0000899976
146860752.2656854987 0.0098215119
148931718.5321005881 0.0023745766
147962589.2848273516 0.0064436043
194286611.3524444699 0.0090182997
149579636.4051165283 0.0085528188
161157297.2439438701 0.0042532826
147235907.3747675121 0.0073952778
144921993.4207645953 0.0061068599
144244048.4617748559 0.0063336901
192155883.8994075358 0.0085727923
145761665.1022486389 0.0073059860
154065006.8394741416 0.0065754781
145931133.3641625047 0.0078352944
192980908.0298089385 0.0084295923
144860256.6341023445 0.0079814679
192876198.5857810080 0.0084671151
147877338.0259296894 0.0086135112
191853131.8017610312 0.0086691342
143321005.0580791533 0.0090258394
143264281.5855394006 0.0101252312
149652584.7611978948 0.0109711458
143931471.1430654526 0.0089805429
146053666.8628916740 0.0123275726
147182132.8766535819 0.0093519955
144446612.5662232935 0.0057606847
146827647.7291218042 0.0103849906
174755765.9044517279 0.0100393382
147541137.3850394189 0.0095893282
147553809.7713878751 0.0072074097
145426802.9331945479 0.0094929414
149751213.3168603778 0.0201443624
146495351.7936283648 0.0103110305
149429007.8336578310 0.0070506306
147344416.3858898282 0.0095001183
182357591.6457483768 0.0086253787
143375029.3269564211 0.0116761784
143406379.7976563275 0.0064670356
144028991.4435907006 0.0077627144
146693010.9200927615 0.0133409405
143762530.8772932887 0.0101888288
148197524.3669680357 0.0139147823
143809068.9029435813 0.0106352031
151411009.3846935332 0.0102030821
147830994.6768317521 0.0104225126
145048676.1654161513 0.0092754826
143641678.6517114043 0.0093295424
190067449.7253336310 0.0090216429
147011339.1652266979 0.0101900526
150641452.2627035975 0.0093329289
145599699.3307515681 0.0141448616
146802178.2147963643 0.0121708810
143376805.0469447076 0.0100635788
144511899.1769205630 0.0065179367
143744255.5449720323 0.0103858515
147723770.8272664249 0.0130934115
143196666.3719486594 0.0101114277
148593807.9886616170 0.0090807020
145670053.2696762383 0.0091919471
145386336.9909766316 0.0111321477
143659902.9935345948 0.0082716578
146106967.1637338102 0.0172287667
147449413.7889097035 0.0092860926
194599662.8265999258 0.0118119580
146965113.4336098731 0.0112405930
148813118.2712962031 0.0131105860
143831849.7738127112 0.0102027530
146236252.9326550961 0.0052444685
146288863.1026243567 0.0093101041
143223937.4351032972 0.0099211366
146768456.5683823526 0.0093690263
146306275.0445782840 0.0095094297
145460254.1947884262 0.0080100657
144406724.5737696290 0.0104079461
144344705.2046409845 0.0083671406
146578899.7110417783 0.0092384212
146528575.3237870038 0.0117813370
143933752.5605970323 0.0108906916
143540448.0344377756 0.0099366241
143565018.9967127144 0.0100013449
143286087.2635625303 0.0100952243
143705497.5084754229 0.0108673583
143405878.8221998811 0.0103930792
144150514.2568200231 0.0096790271
147240140.3599022031 0.0102438766
144529991.3713673949 0.0105852811
143267149.5494608283 0.0105144557
146500295.2569650710 0.0098084260
147333830.0350913405 0.0100975007
143471335.9349577725 0.0104868261
143229675.9455299079 0.0105985944
147071303.1631585062 0.0098980658
143386276.0441330969 0.0101601421
146833564.1327079237 0.0109469485
143383260.9330569506 0.0096138507
145367052.1025118232 0.0105196158
143695202.1793706119 0.0103852501
144329503.3619915843 0.0091308729
143689873.1827527285 0.0102875011
144385504.8687236905 0.0090586275
147359582.5017441213 0.0101043722
143748506.9561273456 0.0084589129
143591153.6787676811 0.0099221736
147883045.6121974587 0.0090583957
143296237.7020283043 0.0102986472
143686167.8168405294 0.0095710863
147121507.1860555708 0.0101515905
147059833.1045316458 0.0106542799
143615184.1583452225 0.0094064332
143405108.0998020470 0.0092226511
147015336.2058314979 0.0105364243
144208406.0671576858 0.0114538521
143042307.9348884523 0.0103178825
143405433.4973259568 0.0102254238
143318390.1335356236 0.0106797856
144132807.9487470090 0.0095369309
147533552.2371020317 0.0111466398
143294168.3308275640 0.0100387888
143268420.3811903894 0.0098701669
143214909.3076590598 0.0101787563
146216041.1197252274 0.0099471390
143081304.9289902151 0.0103339521
143559895.6675702631 0.0108883968
143515890.4109796286 0.0104529051
143296236.1970204413 0.0102592014
143165329.9209378362 0.0102544239
143153861.1739447117 0.0102486240
143147723.5406747460 0.0103726781
143085618.1073288918 0.0103559520
143388755.9805627465 0.0101268487
143090455.8562438488 0.0102792768
143059180.4096774757 0.0099798486
143570260.4414577186 0.0103042500
143587208.6943477392 0.0104085002
143140823.1064821482 0.0102532818
143216005.9656217098 0.0101753987
143551691.4296980202 0.0102896980
143268875.3438826799 0.0101576222
143106350.4089109600 0.0103262582
143963921.6350048184 0.0104388607
143028121.6925646961 0.0102896944
143247085.8594307005 0.0106735068
143247367.6102802157 0.0103465642
144108456.8446276486 0.0098850549
143257440.2785111368 0.0102836540
143042178.6340969801 0.0102683497
143421527.8754506707 0.0104219919
143602868.0849777758 0.0103115897
143557068.3136992455 0.0101730259
143033655.8606413603 0.0103241496
143043472.2971719801 0.0101634877
143110699.0315038860 0.0102272538
143039152.0924369395 0.0101042752
143546424.4356493652 0.0102610113
143110380.3733211756 0.0102107544
143099875.2014949024 0.0102948827
143474927.4560905397 0.0102927411
143052384.7203450501 0.0102715182
143084352.2451044619 0.0102385137
143052415.2264660597 0.0102664629
143251550.9587255716 0.0102272864
143129968.5522864163 0.0102734907
143399548.3427440822 0.0104200363
143094601.7963339984 0.0102939196
143079808.4449064434 0.0104422848
143564722.8676683307 0.0103236641
143423475.6532386839 0.0103933295
143020785.7607328296 0.0102965599
143774644.9867966473 0.0100611381
143588513.1696612537 0.0102542202
143194736.7341725528 0.0102871647
143604358.6519288123 0.0103439650
143082357.9867256284 0.0101689850
143051251.8918837309 0.0102534089
143328273.4910573065 0.0102626985
143582056.4563540518 0.0103086899
143555799.3108684421 0.0104485126
143372754.7178603709 0.0102889080
143439190.1097756326 0.0103632407
143608332.5170697570 0.0102880696
143473072.5681011975 0.0102445987
143021050.2903867960 0.0103007079
143067798.1823850870 0.0102941304
143022161.4950238168 0.0102884704
143573596.3786101043 0.0104351897
143022745.3050506413 0.0103111795
143363694.4543534517 0.0102701363
143057461.1242703795 0.0102956932
143253221.1415361464 0.0103467749
143605530.1909271479 0.0103034745
143137653.0476340353 0.0102490541
143031081.0132580996 0.0103450528
143022524.5515872240 0.0103064594
143622475.7909508944 0.0102595037
143613788.6838371158 0.0103022219
143103357.2119048238 0.0102591532
143617035.5273006260 0.0103028973
143566364.6654691696 0.0103315610
143601387.3040614724 0.0102992131
143525441.4370810688 0.0102910204
143609844.5833189189 0.0102965890
143034236.8374123871 0.0102861028
143030291.0021285415 0.0102943231
143041316.6118833125 0.0102686851
143612511.0339524746 0.0102867519
143130763.5790342987 0.0103202183
143038643.6274501979 0.0102798279
143129139.6473461092 0.0102751690
143038661.9102010131 0.0103033600
143018951.4754583240 0.0103067143
143035771.6302772164 0.0102993944
143609818.7835621834 0.0102709422
143600885.6025561094 0.0103336212
143519332.8623054028 0.0102861226
143027437.4424794614 0.0102996628
143123489.2533892691 0.0103036076
143016952.1994035244 0.0103051078
143178340.2757907808 0.0102720374
143007837.0581468344 0.0103053152
143130575.5563226342 0.0103350375
143014071.2956335843 0.0102936224
143053610.6335764825 0.0103401816
143612149.0601315200 0.0103165018
143607718.8824780583 0.0102875296
143607716.4523753226 0.0103158058
143085123.8118743002 0.0102408011
143036315.4704836309 0.0102860557
143062165.8683469594 0.0103099988
143020078.5866180956 0.0103053806
143555415.4644802213 0.0103315039
143605276.3113592565 0.0103024383
143029171.5044237971 0.0102877555
143022242.8884328902 0.0103045731
143070047.7934175134 0.0103102963
143623143.5342062414 0.0102936398
143008972.5865776241 0.0103056062
143023360.1303649247 0.0103080255
143569367.3376472592 0.0103072658
143621315.8105908632 0.0102954342
143017676.0861063004 0.0103723867
143612664.6977102458 0.0103283576
143608642.5786074102 0.0103067406
143013220.8985916674 0.0103056575
143017260.2265788019 0.0102795874
143027669.0655564964 0.0103124027
143041590.1891044378 0.0102588629
143615578.8445257843 0.0103006078
143043100.0206423104 0.0103362974
143615409.4506539404 0.0102926628
143572657.8798654974 0.0103521121
143024417.5810403824 0.0102976628
143565228.1466986537 0.0102713042
143598952.4908372462 0.0103069848
143078944.1743970513 0.0102784119
143611943.9208856821 0.0103018106
143586166.9112170041 0.0103179136
143609864.7111591399 0.0102921573
143007462.4367217124 0.0103011784
143023839.3665711582 0.0103147325
143009174.0606424212 0.0102971593
143023681.3619804084 0.0102980841
143610825.6420148611 0.0103022831
143060710.0021512508 0.0103119499
143018924.4979181588 0.0102940831
143060414.2577384412 0.0102835566
143615165.2489599586 0.0103027888
143050159.7106485963 0.0102957926
143621355.3197146058 0.0103066726
143029288.7329039276 0.0102945649
143010237.9917278588 0.0102989162
143598609.1417946219 0.0103228267
143016514.5106496215 0.0103011839
143597224.3936363161 0.0102864287
143008219.4220668674 0.0103023817
143080173.2900422513 0.0102812135
143621729.6242012382 0.0102988796
143601426.2694864273 0.0103310691
143617077.1833797395 0.0103088780
143621511.6820028424 0.0103002393
143007133.0105072260 0.0103020043
143620087.7474744618 0.0103024510
143622232.0568525493 0.0102843253
143013092.3296798468 0.0103030164
143605568.9220738113 0.0102997980
143008585.2384797037 0.0103057289
143044674.1286679208 0.0102988785
143011076.7098791003 0.0102997046
143610547.2057559490 0.0103007717
143008752.7643298805 0.0103020189
143012336.0059143305 0.0103025639
143620579.1900426745 0.0103002693
143006037.9336677790 0.0103210134
143613390.2865039110 0.0103210188
143049019.9843146801 0.0103141583
143005646.8232263923 0.0103218004
143028154.8735097647 0.0103104819
143006138.8454459310 0.0103218611
143009633.7385456860 0.0103335824
143620943.8795055449 0.0103222545
143022148.0706054270 0.0103102556
143004951.2821369469 0.0103219026
143029826.8938831091 0.0103215813
143005003.5857123733 0.0103240774
143031752.4490018189 0.0103277666
143616918.1878164411 0.0103200559
143008774.7317049205 0.0103176157
143617260.3848196566 0.0103200257
143006901.1201584935 0.0103151871
143616897.4045922160 0.0103219004
143021922.0978763402 0.0103208668
143008548.5190124810 0.0103215952
143020658.9080784321 0.0103255689
143010127.0632643402 0.0103209316
143006409.6710292995 0.0103223562
143618815.3079897165 0.0103227010
143022731.2598972023 0.0103268793
143006059.0188850760 0.0103218649
143005433.0860365927 0.0103218736
143616658.3910769224 0.0103229260
143010773.0419317484 0.0103203093
143004682.4560356438 0.0103216336
143613851.7424291968 0.0103226275
143004934.0850614011 0.0103185251
143028208.0724881291 0.0103178428
143021410.7456842363 0.0103203930
143621601.7551926374 0.0103234440
143004436.1607982516 0.0103258920
143611173.8511843681 0.0103265359
143617908.7045417428 0.0103242627
143037780.3626344204 0.0103374459
143003801.8441799581 0.0103252063
143613986.3703108728 0.0103266705
143006024.0452474356 0.0103251927
143028414.7621619999 0.0103209559
143617626.3089217544 0.0103257241
143618602.1041794717 0.0103258537
143005238.3918977678 0.0103235641
143003839.1646937430 0.0103244698
143618332.7623242140 0.0103240795
143619825.4381385744 0.0103267848
143008385.0946320593 0.0103201645
143005765.7878246009 0.0103234960
143005280.0052924454 0.0103304518
143004159.3763727546 0.0103278063
143023014.6306690276 0.0103208725
143618423.8308830261 0.0103266743
143010066.9756435752 0.0103238444
143005805.7383897603 0.0103260511
143008999.7053659260 0.0103216625
143007101.3858118057 0.0103260444
143004952.1021471024 0.0103232693
143006406.8461190462 0.0103239157
143612979.7538309693 0.0103289533
143619340.6815562248 0.0103245506
143614645.8618339896 0.0103227218
143004393.0343383849 0.0103249742
143007101.4043114483 0.0103225680
143004074.8479830325 0.0103251699
143005951.8323749006 0.0103203763
143619078.2847030759 0.0103245325
143010919.6439471543 0.0103280683
143617334.9833071232 0.0103240600
143013571.6348466575 0.0103290634
143617938.6827459037 0.0103246396
143008600.0884428620 0.0103246231
143618787.3514228463 0.0103237573
143007428.1538513899 0.0103273061
143614470.6673812270 0.0103252619
143006550.9118752480 0.0103204264
143612081.3084394038 0.0103244476
143618732.0324706733 0.0103244347
143013273.8873422742 0.0103291437
143003849.6485221684 0.0103251240
143005459.6905554235 0.0103250738
143003897.0824253559 0.0103252540
143011464.6207565665 0.0103229125
143004362.4233561754 0.0103250452
143006686.1990955472 0.0103248724
143004882.7905648053 0.0103254172
143008430.2656505406 0.0103267025
143003820.1143090427 0.0103251569
143006456.6308010817 0.0103230168
143620003.4301216900 0.0103254006
143616495.6206277013 0.0103246220
143004660.0299320817 0.0103256906
143620279.1349562109 0.0103258941
143619645.9480243921 0.0103254007
143006946.4231160283 0.0103241927
143004684.4990002811 0.0103249631
143619906.4668956101 0.0103229165
143619832.0911087394 0.0103253537
143004906.0435014069 0.0103262877
143618698.3385208845 0.0103250514
143006499.7969218493 0.0103252280
143618364.8501851857 0.0103259540
143005354.5301296413 0.0103249625
143619536.6994016469 0.0103250403
143004214.6019609571 0.0103277156
143617273.6748926938 0.0103261751
143004639.0789045691 0.0103257470
143004057.0005930364 0.0103249594
143618923.8658780456 0.0103260082
143619070.8723832667 0.0103256440
143007175.9211795032 0.0103245095
143619721.6206499934 0.0103248510
143006047.5193235874 0.0103257648
143004231.9324542284 0.0103248595
143004550.9490453303 0.0103245517
143004266.0598244965 0.0103250429
143617257.8655169904 0.0103246854
143619539.0733138919 0.0103252626
143005446.3683823049 0.0103239465
143004046.5361609161 0.0103251749
143005961.4550491571 0.0103249081
143003906.8649511635 0.0103253228
143619243.3162738383 0.0103264529
143004236.1244848669 0.0103254640
143005197.2801268697 0.0103251785
143004389.7046482861 0.0103248529
143005482.7445560992 0.0103246602
143003924.6083353758 0.0103250974
143005581.9870749712 0.0103240960
143619926.7033552527 0.0103251401
143004711.2925190032 0.0103253338
143619712.1398400068 0.0103253653
143004999.1195643544 0.0103247018
143619318.3803823292 0.0103253599
143005793.8653444052 0.0103239452
143619761.6154130995 0.0103253152
143619597.5510285795 0.0103253292
143005891.7483619750 0.0103244198
143619274.3897166848 0.0103249008
143005473.5890442133 0.0103255850
143003816.3222963810 0.0103251538
143003702.7052813172 0.0103253000
143619531.3717616498 0.0103255592
143005018.0466901064 0.0103256911
143619380.8688588738 0.0103251006
143618802.4285662174 0.0103263554
143003861.1020515561 0.0103253068
143619833.8865367770 0.0103252338
143003758.3835684359 0.0103252191
143004114.3037373424 0.0103248263
143003989.5236204565 0.0103254446
143619769.4994373322 0.0103253536
143003987.4362930357 0.0103251724
143004417.1912985146 0.0103246260
143003678.4026660025 0.0103251179
143618557.1817770898 0.0103253725
143619852.1825586259 0.0103251776
143619297.8367154002 0.0103250333
143003877.0465461016 0.0103250955
143004014.1702862978 0.0103250990
143619790.0776078701 0.0103252343
143005545.2676366568 0.0103242416
143003857.1555144191 0.0103250867
143005727.9587478638 0.0103247041
143619461.3667453527 0.0103252061
143005923.5110718608 0.0103248243
143619708.9366504848 0.0103249610
143004060.3369549215 0.0103258107
143619676.4330871999 0.0103251251
143005671.4560420811 0.0103249866
143619679.4184651971 0.0103251600
143004316.1129838824 0.0103252602
143619752.4287057519 0.0103252300
143004300.8024057448 0.0103252731
143619776.4452334642 0.0103250547
143003707.2848615348 0.0103249860
143003818.2281399369 0.0103251173
143003686.7577830255 0.0103259444
143003761.3221579790 0.0103249878
143005144.0142730474 0.0103248019
143003698.6894020438 0.0103249740
143619378.2377693951 0.0103247548
143619603.9468295872 0.0103250392
143619780.0921742916 0.0103245164
143003672.0489903688 0.0103252409
143003797.5613127947 0.0103253424
143619718.3707569540 0.0103252291
143005316.0828583837 0.0103252170
123948170.0000000000 0.0103252170 1 0 0 0 0 0 0 0 0 0 0 0 0 0 0 