473357075.0519023538 0.0000009890
459885325.5327594876 0.0000003415
464771553.4385528564 0.0000000584
502815163.2425099015 0.0000000015
531108944.3543587327 0.0000000969
513363452.7454134822 0.0000000164
510980628.0243030190 0.0000000007
469107365.6951642632 0.0000012535
478548029.2373774052 0.0000000025
539923880.2627170086 0.0000000007
492300405.0782783031 0.0000004952
452140427.8004847169 0.0000000479
542161669.4537149668 0.0000000568
451114404.3140452504 0.0000004368
446530640.7717899084 0.0000018952
419209652.9022572637 0.0008397408
457093520.8709328175 0.0004047672
384270687.6648314595 0.0014424082
360106793.8979181647 0.0019143838
361242588.0869424343 0.0020780495
336111944.1356247067 0.0021547335
326070604.5655828714 0.0021792724
362408244.6760395169 0.0000612646
321264627.6733657718 0.0024346581
316264140.8281132579 0.0015021235
347122039.2660004497 0.0000017383
367729398.8176178336 0.0002417437
390861692.6253472567 0.0000105298
319516418.4730768204 0.0002638728
299608710.9675995708 0.0003593511
309922295.5495141149 0.0007677991
234226069.9294225872 0.0114244278
248250806.3775670826 0.0078860995
246578986.5747661889 0.0145112672
271719939.7651687264 0.0163813189
234061960.6144720316 0.0108290114
234130411.4667573869 0.0047244672
235419930.0311852396 0.0112583514
265170083.4212947786 0.0019705418
227598479.0075534284 0.0141018983
280718096.7140212059 0.0000209530
227763405.9305922687 0.0130955985
228912114.9566889107 0.0260628519
228227324.0741579235 0.0140852357
266038561.9971628487 0.0022404670
227653553.5745728016 0.0138802427
196739070.9618946910 0.0041556822
203517292.4725818336 0.0024531178
205584316.0070430636 0.0012770975
201767657.4985543787 0.0039872685
189633762.8203952312 0.0043599228
182250340.9345197082 0.0048607367
199154942.4364270568 0.0059695499
193130240.1674123406 0.0042270792
171018948.9292704165 0.0060699732
174341028.3620355725 0.0070200916
159065969.2766375840 0.0107204421
180310413.1564504802 0.0078702229
179872157.6774791777 0.0053839585
161327879.2498499751 0.0109410164
169242031.1654783487 0.0022722956
159583635.7693505287 0.0281212923
167342114.2507755160 0.0054757605
172674607.5286054909 0.0089068215
184557461.4391716719 0.0060829990
160883722.1812461913 0.0115538724
184695661.8382325172 0.0036671923
181311521.1847357154 0.0088996877
160730998.4215896130 0.0123342721
152356584.5575478375 0.0115043159
174750683.9580887854 0.0080300274
165896830.9061923027 0.0095878321
141257915.8546785116 0.0355248050
145024478.8452648818 0.0359269641
273158927.2427040339 0.0191126264
169191598.5034176707 0.0280484255
168518092.0387116969 0.0247779673
148268127.6825380921 0.0080743519
158169226.7164855301 0.0751966545
155439748.9522188008 0.0327722260
151692291.6174865067 0.0119418405
149236931.4944670498 0.0386978817
149764466.0354577005 0.0164190998
142879282.3405039310 0.0349345700
165579425.6999606788 0.0264428009
143631425.9486028552 0.0316591183
168103048.0249588192 0.0222704588
140203771.6652505398 0.0421645244
196970458.6243199706 0.0207364617
143083911.7983185649 0.0375513726
173139775.3673237264 0.0045696618
146254248.6971698999 0.0374202532
135056412.6444002688 0.1069746185
146156850.7175226808 0.0902910393
172160653.2905468941 0.0893727040
135557789.7360399365 0.1017530488
171241181.0847287774 0.0721764959
137709085.8337111771 0.0897818059
194785362.6156606078 0.0293773141
137658358.2070081532 0.1117372688
145776111.4370695651 0.1325884277
138557442.7681943178 0.0856512224
161338114.8007870913 0.0263312318
148628665.7296498716 0.0684423202
211150282.5954498053 0.0344565492
137292183.6069307327 0.0947833402
177021770.8251033127 0.0714205830
133327318.0330592245 0.1221563735
143238616.4144250453 0.0377124693
132786578.5182452947 0.1300978485
152510856.3944694996 0.0161338744
130716140.9283424467 0.1396608230
152453654.5805700421 0.0930425475
138127686.9706771374 0.1313923016
180244678.7037317753 0.0119263218
130377692.9431999922 0.1663383811
116860356.2483873516 0.2621858346
119037843.4534237236 0.2481206863
138649046.8800256848 0.1425149252
116947186.6720742881 0.2798817157
154146729.3067349494 0.1923320075
121792770.0019433498 0.2792023878
162721934.3760592341 0.1358960339
118056656.5359455049 0.2578629427
119451451.7677570581 0.2449555062
115188722.8771346658 0.2714217178
202811420.3834234178 0.1020620975
129938025.2414323092 0.2391888711
107888942.4774651527 0.3654923381
108236941.0524511933 0.3673730442
143014266.8218075335 0.2032379483
112347566.5391288996 0.3905275674
113725174.8941526413 0.2919960123
117660649.3676047176 0.3082741510
144755027.6243899465 0.1553517464
107684610.2968412042 0.3643935210
161239017.8926272094 0.1625732068
106303912.7344830334 0.3570671949
159976330.9218007624 0.1309490408
107898290.2158963680 0.3426976621
195483637.9344175160 0.1519080589
106372384.3607776463 0.3574265237
140335399.2651085258 0.2056490864
106022884.7179537863 0.3555957247
110152536.6273449808 0.3105432716
111568965.3698543906 0.3859987849
138422545.4733825922 0.1642145138
104967613.9255354255 0.3497489869
144958783.3392903507 0.1179928562
110184914.9150817543 0.3101908723
147320752.1745253801 0.1969830961
124562120.5210773200 0.2800395573
144968178.6704159975 0.1557395196
118968922.5341455489 0.3360667282
119558461.6322501749 0.3268829597
105212678.2810893357 0.3466198597
154758873.0782616436 0.0844251189
128150613.4995391965 0.3334426695
133413450.2708996683 0.1649585928
105585300.3715330958 0.3533191967
119694156.0401861519 0.3225583783
116093544.3094068915 0.3216684941
120754430.4575373530 0.2518913338
110825525.7385063916 0.2988139379
144492489.9547388852 0.1754333471
112134055.3909687400 0.3892778087
150905845.1736234426 0.1894707346
115403532.9346685112 0.3281489159
157248993.7430829406 0.1604032473
122792243.2161227614 0.3276796723
120534047.4065658450 0.2294747557
111485023.7409071773 0.2983586967
140960680.4347113371 0.3046116827
105167565.6133018285 0.3478869505
134742273.1620869040 0.2305454515
108064214.3228302300 0.3664378377
168234659.1394463480 0.1418686581
110328754.9063994139 0.3789285830
154379065.1577377319 0.2024160335
105841292.4400485307 0.3431180897
136249607.7949579954 0.2022493342
105028120.5919156373 0.3504433086
136469366.0326213539 0.1607326646
105457073.2233567983 0.3429552394
114758282.7216046304 0.2994988970
120809023.0009102225 0.2678611822
122397750.2682579011 0.2589549802
123443979.3173457980 0.3295996407
146479760.2628613710 0.1194131512
108966603.1223507226 0.3713534296
143298604.7013349235 0.1808955351
125939477.5178566426 0.2762236332
133569773.0900077075 0.2020340920
112356118.8126742840 0.3149248252
131774583.8053965569 0.5479889647
116387319.9877716005 0.3168556925
145395566.3851231635 0.1198728481
117637223.8861581832 0.3090603438
135252767.5799882114 0.1622164704
166799520.3884320557 0.1218054115
115694020.6883021295 0.2774025161
119042410.9173030853 0.3285874758
113059412.5996162295 0.3947314839
108173657.0118095726 0.3670293096
121196024.4972448647 0.3118354779
107047219.9366573989 0.3609891048
127285660.7500038594 0.3239111284
105677798.0289779454 0.3431616495
105001299.9519359469 0.3495150707
113802529.9003000855 0.3991878162
105889756.3833883852 0.3549013488
107019858.8855454475 0.3608435102
105441374.8084898889 0.3447973889
115580275.6238653660 0.3100860257
105815867.5197833031 0.3490467431
116165970.0984553695 0.3357275063
105433540.7276901305 0.3525334615
106237289.6001327485 0.3567168101
105661479.8390422910 0.3537142246
108729896.9891894311 0.3700562549
105130765.4945286959 0.3509713377
120506836.8949022740 0.3266343919
105470354.4096504003 0.3483601295
112668325.4775537550 0.3106015765
105285902.3563547432 0.3517706287
116871345.1589034945 0.3170766332
105985541.8784460574 0.3412686439
114176355.0666899383 0.3201011713
105720832.4367640615 0.3483275658
113564236.6288741976 0.3108038363
117565163.8011994660 0.3280581782
109780811.0476596802 0.3758578910
106441998.2450885922 0.3577912719
111835476.1950919628 0.3875403678
105078591.4864821434 0.3507028245
116008729.4907466918 0.3176039465
105384428.5058415681 0.3477920020
129947121.6771879643 0.2795468273
105014993.2103187442 0.3503762042
105124732.4838242829 0.3509408427
121732369.5948351175 0.3354298724
110548605.1516430825 0.3801699211
105511093.4302225560 0.3482587318
108253706.2398112267 0.3674636045
107292443.6147464365 0.3622941448
113214344.4206599742 0.3956540694
105474708.6110417545 0.3439128864
106272503.1104615629 0.3451192785
115849122.3238453865 0.3205690602
105384039.3227941841 0.3450716860
107692012.6492702514 0.3644323540
105196756.0936031789 0.3459704702
105179573.8225586414 0.3463851898
106139291.6162367016 0.3443645261
105546044.0200972408 0.3482809308
104991269.1491745710 0.3502542436
105006923.1506917775 0.3503346094
107712672.7260465473 0.3645432727
105054456.7035655379 0.3505788802
105904261.0016213059 0.3549769350
105024019.7850842923 0.3504224654
106662093.0979499668 0.3443606225
105522170.1694846153 0.3482047101
108191819.8991609514 0.3671277715
105276692.5393598676 0.3468754794
105788458.1378408372 0.3488064153
105709597.6853348166 0.3487030231
121141265.0697270185 0.3375975076
105553116.3108087033 0.3480572707
106350059.2803658694 0.3573083524
105766009.3338291645 0.3489449288
106444806.5641465783 0.3436365046
106279433.8030502498 0.3569378292
104978390.0504202098 0.3497833894
105617527.4248811156 0.3486401817
104980570.7379681319 0.3498164640
105518918.2996943593 0.3478328370
105794037.4390015006 0.3490935891
105966116.4699199945 0.3497131463
105942348.0558702350 0.3495660991
104957592.3268294930 0.3500813364
105003456.1685071290 0.3503168160
105512645.7356959134 0.3455826181
104956653.9020754248 0.3500765155
107199439.9494004548 0.3617986127
105142056.0209076554 0.3510294506
104978852.0711878687 0.3501904735
105072281.4443093985 0.3506705112
105595078.6967004985 0.3461395146
105001775.6561855525 0.3498566789
105515593.0724961162 0.3483335156
105973182.0122182816 0.3496535437
105241715.0202939957 0.3470549073
104964614.0342975408 0.3497213641
105648728.5916977823 0.3460177858
104958707.7372927368 0.3497369513
105030861.3788532913 0.3504575537
105528466.0713646710 0.3530245931
105571829.2393196374 0.3482523171
105171081.6806536168 0.3511788858
105675595.3689654768 0.3457311616
104997332.2885914445 0.3498424422
105663293.0287095010 0.3489693204
105740283.7314673662 0.3487746269
105809302.3514132798 0.3544824056
105077288.9461516887 0.3506962351
105301460.7335667461 0.3472337484
105610126.5324040204 0.3483877169
105228413.4163090140 0.3514742657
105087548.9417756498 0.3507489994
105154337.1258868426 0.3471601592
105020743.6731645167 0.3504056142
106023017.6807327867 0.3496157720
105875464.3333539963 0.3494093108
105561922.1007263809 0.3448793077
105979281.1484911144 0.3496713164
106911273.0082777590 0.3602680415
105845324.8881750852 0.3492280852
104997299.5141250193 0.3498525631
105223569.3214069158 0.3465329586
104995647.5828166306 0.3502767054
105203005.8145963997 0.3513433119
105842890.8219217807 0.3492587692
105796536.1135571301 0.3489618931
104946792.7747958750 0.3500259099
105313459.0778815448 0.3474478469
104992437.9140941650 0.3498205250
105301806.8991853893 0.3518528002
105906165.9879248291 0.3494889904
105043084.5054109544 0.3505204175
105925099.9900655001 0.3495335165
104997785.2858166695 0.3502876768
105073739.4720295817 0.3506779904
105545674.7952422649 0.3531137536
105737540.8049824536 0.3488256291
105444664.2370278090 0.3525908662
104958059.7891917378 0.3500837395
105232799.7623910606 0.3464715441
105001053.6937302351 0.3503044880
105418645.2382837683 0.3479529944
104994125.7601707578 0.3502688867
105097785.2812332213 0.3508016423
105003281.0601310283 0.3498574190
105562542.1649001390 0.3482520802
104990285.0708655864 0.3502491692
105407406.3127540499 0.3523981864
104993426.1630259156 0.3498292756
105542121.5254051238 0.3482179161
105871657.3852556497 0.3493029314
105015385.0010657161 0.3503780803
105000654.7020516694 0.3498499050
104982180.2949130237 0.3502075538
104963812.7945864350 0.3497441656
104999021.6826877594 0.3502940278
104942035.0560743511 0.3500014976
104951328.9624079317 0.3500491888
104941803.2710923105 0.3500003064
105799783.0974976867 0.3490846206
105037203.4626013041 0.3499787419
105972042.2218482047 0.3497002955
104955995.5041875839 0.3500731360
105165647.2482765168 0.3511509057
104942041.7460433245 0.3500015298
105138338.9527428150 0.3510103174
104964474.2558083981 0.3501166534
105069049.2833452225 0.3506538715
104951378.5622076839 0.3500494420
105945689.8370079547 0.3495727943
104994188.7917804271 0.3498336563
105795219.7623714954 0.3491073979
104941831.3401350677 0.3500004491
105040281.6176761240 0.3499938326
105015527.9809849560 0.3499057108
105004010.8147573471 0.3503196600
104944810.9072775990 0.3500157383
105053602.9776382744 0.3505744670
105036925.1564677060 0.3499761858
104944728.0552082062 0.3500153098
104943996.9964592904 0.3500115602
105039150.0683179051 0.3505001901
104944705.2939860970 0.3500152022
104973261.0685572028 0.3501617644
104946807.8344340473 0.3500259854
105058052.2094911188 0.3505973414
105006940.5867114365 0.3498737801
105060107.0932075232 0.3506079049
104955883.1091951132 0.3500725607
105059514.6112965196 0.3506048592
105000814.5920814574 0.3503032415
104955093.8389031291 0.3500685090
105024390.5035560876 0.3504243455
104943392.8224868923 0.3500084614
105970760.1023207009 0.3496874123
104941606.9574219882 0.3499992993
104998620.7366276681 0.3502919725
105037329.1785366833 0.3499785957
104942231.6923174560 0.3500025044
105029612.6509479433 0.3499517395
104983278.6705385000 0.3502131912
104942872.3777581453 0.3500057920
104974101.5773995966 0.3497712340
105026059.5420225561 0.3499407107
104997710.9074141383 0.3502872990
104951746.5902478844 0.3500513320
105961248.4943278730 0.3496612700
104972276.2935158163 0.3501567041
104987748.4708921909 0.3502361402
104960794.6778016388 0.3500977680
105007425.7157240212 0.3498792478
105041628.2443368733 0.3499931890
105940485.8387734443 0.3495564153
104955496.1244442314 0.3500705747
105026238.8704023510 0.3499442096
104996395.5571882874 0.3502805450
104942830.7418633252 0.3500055783
104971681.7717729509 0.3501536531
104942235.0527608842 0.3500025222
104988055.2497163862 0.3502377162
104943120.0651431382 0.3500070632
104968804.1302888095 0.3501388799
104945640.7181906104 0.3500199975
105007247.1672331244 0.3498797186
105039065.3705774397 0.3499840337
105036638.0871954113 0.3499770973
104944690.3204915076 0.3500151201
105031929.3142427355 0.3499589449
104987190.9067949504 0.3498091750
104954517.0455756336 0.3500655485
105041969.5627187043 0.3499937216
104953374.3347819149 0.3500596841
105041133.9627220929 0.3499909745
104941913.5088899434 0.3500008714
104942580.8572302461 0.3500042966
105033428.4446260482 0.3499642569
105041630.4410431087 0.3499924508
104942244.1566039175 0.3500025687
104942166.5885716230 0.3500021710
105029105.7153773010 0.3499508605
104942258.5256740302 0.3500026426
104947035.6450230777 0.3500271573
105039474.9628934860 0.3499851924
104943375.1138758659 0.3500083717
104941575.0798623264 0.3499991358
104947462.7471640706 0.3500293472
105042280.4533286244 0.3499946098
104948592.0647076517 0.3500351431
104944494.1915615350 0.3500141143
104951244.3184170723 0.3500487533
105040604.6032999307 0.3499890332
104960014.6505645514 0.3500937641
105036393.2436381280 0.3499747865
104944720.1559712440 0.3500152738
104942152.4564219415 0.3500020984
105042674.3848062903 0.3499958080
105023452.5590393543 0.3499317643
105043360.9546863437 0.3499982172
105031067.6254187077 0.3499569777
104943943.1978462487 0.3500112871
105039634.2765225619 0.3499861417
104942160.8073984683 0.3500021411
104947377.3930449337 0.3500289094
104943380.4970653504 0.3500083999
104946034.4025018066 0.3500220176
105041108.0838060379 0.3499908527
105042315.9074076563 0.3499945048
104943031.8718153983 0.3500066108
104944798.1244294345 0.3500156746
105040442.3327600211 0.3499884609
104955012.6542685628 0.3500680924
105042049.2071904093 0.3499939354
104945416.9774536192 0.3500188490
104942184.5919955522 0.3500022631
104944425.1960752159 0.3500137605
104942672.6588201076 0.3500047676
104944175.3962295055 0.3500124789
104942738.5082747787 0.3500051055
104943542.7699491531 0.3500092325
104942545.4223197699 0.3500041147
104944141.9942053258 0.3500123073
104942061.0077523291 0.3500016291
104944290.0921955109 0.3500130667
105042854.4331339002 0.3499966779
105043033.5085615963 0.3499969095
104943119.6845886111 0.3500070615
104945656.2947353423 0.3500200775
104942710.7681718767 0.3500049631
105042124.9212836474 0.3499941470
104945573.8700396419 0.3500196542
105043475.0308302641 0.3499986713
105043269.8591285348 0.3499981376
105041761.2982844412 0.3499930213
104942878.4735005796 0.3500058237
104941655.3229140192 0.3499995475
104945155.8724688292 0.3500175094
104941773.0749173462 0.3500001517
104944434.6739421487 0.3500138091
104941636.1113654226 0.3499994490
104943343.6919456869 0.3500082108
105042172.8479434550 0.3499942791
104944036.8919865191 0.3500117677
104941970.2980241776 0.3500011637
105043612.6263040006 0.3499986735
104942232.7680942863 0.3500025104
105040588.9435381442 0.3499892247
104942238.7881337106 0.3500025413
105039605.4455548078 0.3499859121
104943614.8592870981 0.3500096023
105041749.7438396960 0.3499929872
104941688.6686011404 0.3499997186
105043488.7942511141 0.3499984674
105042905.2212790251 0.3499967415
104942298.7520018518 0.3500028490
104941606.2547976524 0.3499992958
104942085.7091439664 0.3500017558
104942485.0198700577 0.3500038048
104942360.9128267616 0.3500031681
105043374.5228217840 0.3499983161
104943516.8941308409 0.3500090996
105043560.3000288159 0.3499989286
105043446.2793431431 0.3499985421
104942404.0464138836 0.3500033893
104942568.6988606453 0.3500042342
104941870.2998237908 0.3500006506
104941803.4751968682 0.3500003077
104942496.8959640712 0.3500038657
105041948.6466201991 0.3499936695
105043057.5639682114 0.3499972425
105043431.6667479724 0.3499985666
105042134.6837558001 0.3499942436
105042877.3025967777 0.3499966899
105043568.4469929188 0.3499989748
104942091.0554429144 0.3500017833
104941653.9609292746 0.3499995405
105043127.7429573685 0.3499974857
105043523.8948318064 0.3499988084
104942307.3225480616 0.3500028931
105043131.8313191235 0.3499975102
105043036.1653596759 0.3499971565
105043359.2616917044 0.3499982858
104942283.1618039459 0.3500027690
104941604.7157508284 0.3499992879
104942486.4936551601 0.3500038123
104941854.9530406594 0.3500005719
104941964.0909208208 0.3500011318
105043107.1609061956 0.3499974218
104942877.7680680901 0.3500058201
105043116.4535117745 0.3499974449
104942399.4148350209 0.3500033655
105043417.9954270422 0.3499984385
104942763.3231859356 0.3500052328
104941698.6000686735 0.3499997696
105042757.6801871806 0.3499962655
104941792.8678903282 0.3500002533
104941761.3183596432 0.3500000914
105043467.8438131511 0.3499986325
104942121.0213473886 0.3500019370
105043489.0233367234 0.3499986805
104941982.4625723809 0.3500012261
105043424.7268289328 0.3499984825
104941780.3011608422 0.3500001888
105043324.1644665450 0.3499981399
104941981.2397023141 0.3500012198
105043423.7471866310 0.3499984788
104941761.0135113448 0.3500000899
105043216.9879596680 0.3499977740
105043332.5966859609 0.3499982101
104942039.1571552455 0.3500015170
104941598.0030344874 0.3499992534
104941926.0412798375 0.3500009366
104941593.9053329974 0.3499992324
105043415.1119250804 0.3499984678
105043569.3205765784 0.3499989777
104941627.5842148364 0.3499994052
104941555.9634597600 0.3499990377
104941887.0278626382 0.3500007364
105043474.5523920059 0.3499986540
104942264.6001595557 0.3500026738
105043509.9229045063 0.3499987723
104941713.0708383322 0.3499998438
105043400.5703987032 0.3499984070
104941917.9719365686 0.3500008952
104941601.0565707386 0.3499992691
104941624.6923455447 0.3499993904
105043167.8308115304 0.3499976248
104941563.6367248446 0.3499990771
105043300.2212911993 0.3499980724
105043579.0077071488 0.3499990129
104941562.2611565292 0.3499990700
104941559.5511448234 0.3499990561
104941743.9926528633 0.3500000025
105043434.4232635200 0.3499985216
104941726.5950267464 0.3499999132
104941568.3820117861 0.3499991014
104941671.6102276593 0.3499996311
104941579.2242927253 0.3499991570
105043482.2551256865 0.3499986740
104941631.0729532540 0.3499994231
104941950.2329152822 0.3500010607
104941609.9148449898 0.3499993145
104941717.2179624736 0.3499998651
104941589.7636566013 0.3499992111
104941750.1745531410 0.3500000342
104941630.0965000540 0.3499994181
104941639.1715548486 0.3499994647
104941666.7704881877 0.3499996063
105043509.2622388899 0.3499987638
105043537.0664391518 0.3499988574
104941770.2382377684 0.3500001372
104941569.2115517706 0.3499991057
105043553.4818010181 0.3499989124
105043498.9083622396 0.3499987343
104941685.1061170548 0.3499997004
105043535.4123363495 0.3499988601
105043468.1737383455 0.3499986249
104941637.7577504367 0.3499994574
104941725.1250865161 0.3499999057
104941552.0000000000 0.3499999057 1 0 0 0 0 0 0 0 0 0 0 0 0 0 0 