718764199.2041223049 0.0000009890
685732761.7006567717 0.0000003415
692805046.4485579729 0.0000000584
707639299.3267209530 0.0000000015
782923236.2918779850 0.0000000969
775183105.3610833883 0.0000000164
717860448.8611888885 0.0000000007
686198755.7794148922 0.0000012535
727466293.2242163420 0.0000000025
841155362.3038074970 0.0000000007
796649441.1353621483 0.0000004952
677338503.4202136993 0.0000000479
740579337.5044698715 0.0000000568
676402194.3588860035 0.0000004368
670697714.9038155079 0.0000018952
727092960.8796970844 0.0008397408
744994206.2278321981 0.0000009135
588695148.9651581049 0.0000032554
562149741.7660881281 0.0000043206
567469423.9229186773 0.0000046900
512055341.4087612033 0.0000048630
501723467.8728507757 0.0000049184
518823987.8987969160 0.0000001383
475544338.4404298067 0.0000054948
460382765.0669158697 0.0000033902
573989474.1598128080 0.0000000039
513468076.9597755075 0.0000005456
557347782.1609737873 0.0000000238
470317511.3412563205 0.0000005955
450165389.4354152679 0.0000008110
493679694.2832164168 0.0003593511
347840634.0448396206 0.0012887817
376499468.5778504014 0.0023436592
333954219.7789154649 0.0010894731
461977831.6034272909 0.0031295403
345688768.0670008659 0.0012142194
335188404.1885891557 0.0009104020
351348602.2860218883 0.0008627648
414551677.4972586036 0.0000003793
360751183.5692215562 0.0010857828
383782568.1253040433 0.0003083447
333594318.7385221720 0.0013541947
455921309.7734177709 0.0010178999
333053976.7407926917 0.0013728903
396637372.0335736871 0.0003080822
333119829.5946869850 0.0013429163
325422720.9535527825 0.0063688487
320688741.4551048279 0.0065532138
380461916.4752800465 0.0031690023
329903589.8650225401 0.0062358721
316983509.1426572800 0.0052792495
314373495.9686987996 0.0067916336
339197653.7922227383 0.0088492641
337861341.9767165780 0.0053730912
355428584.1981981397 0.0036532763
320678643.2072282434 0.0063265885
334400945.2959476709 0.0043945615
358729312.5213276744 0.0049234930
296256617.6880360842 0.0025116191
299990889.5706310868 0.0029443981
313210944.3124828935 0.0000280658
308886362.5249947309 0.0024774424
325622804.3922424316 0.0013612690
303117257.1953433156 0.0022992825
301812199.0468493700 0.0007188069
292554130.6193195581 0.0021937233
357945148.4665582776 0.0001564270
293436251.5288440585 0.0026020684
437822616.0584537983 0.0002217843
290051642.0068469644 0.0003553829
312755687.9999915361 0.0029005661
287425746.5551630259 0.0003024817
376231943.0709745884 0.0000412623
284389807.6952654123 0.0004044252
352068158.7175500989 0.0000896365
281279150.6301609278 0.0002063061
316937124.3495099545 0.0000315928
282832264.9214382768 0.0003221434
372821102.9829816222 0.0000073457
292460103.1283203363 0.0002008039
295829655.1573174000 0.0000051913
297407277.4151495099 0.0000093716
318076452.7381557226 0.0007122318
280988096.5311319232 0.0001917503
285741345.5517854095 0.0001939419
281011831.0659527779 0.0002132018
350254116.9479324818 0.0000838697
290382152.2561602592 0.0002899354
373267951.7481765747 0.0000017177
279648071.3687598109 0.0002536164
328093392.8382471800 0.0033727596
280422554.4850535393 0.0000882003
315969111.7638400793 0.0000206908
268524817.0831375718 0.0001950445
300256136.7379148602 0.0003965576
265638235.6587863863 0.0000203481
278633297.4296535850 0.0000045430
244896965.0701155365 0.0000734119
290432854.8793560266 0.0000015443
253590096.5813675225 0.0002372031
299294349.6207765341 0.0018433337
242225445.8348331749 0.0007457391
288074117.2880541086 0.0020567146
237020373.8473089933 0.0010991514
264530673.4301558733 0.0043386758
244107670.8432290554 0.0013069110
296804259.9875413775 0.0000028943
236179565.0368208289 0.0005551098
352031654.3149572611 0.0003059225
237167638.5742000639 0.0030263294
283305103.2944142222 0.0005761582
223546614.4161119759 0.0003544072
225542376.7772814035 0.0000087374
211858822.7564216852 0.0000488453
223566988.8268636763 0.0000315147
213006556.6547886133 0.0001064893
212244013.5844055414 0.0000339149
214775447.6392798126 0.0000067103
218562904.5862383842 0.0000373373
220748305.3653231263 0.0001186842
218645298.6669080555 0.0000057425
205621556.8289151192 0.0009658083
202813248.1803775430 0.0008521912
218325624.5584052801 0.0016066108
205586396.6256434619 0.0007174110
206674044.2541627884 0.0000010519
202838081.8630338609 0.0003965198
199690299.4897253215 0.0016032681
198629346.6800701022 0.0018334477
208550384.9491079152 0.0017502733
198750822.5658503473 0.0015624468
208113629.4163080454 0.0009606130
203251802.7889332473 0.0006988791
214668324.6696127355 0.0001583613
200576697.1641814113 0.0027243799
228506108.1213772893 0.0009704370
200894091.6805893481 0.0023232688
213403079.9532853961 0.0017400649
199241200.2180456221 0.0018444629
223263308.3618399501 0.0036038325
200403387.3646931052 0.0028298394
207325168.9378252029 0.0000005633
203243486.8689622581 0.0016205577
217482114.3837902844 0.0035106251
197942039.9863193333 0.0075859173
228098620.1415947974 0.0145855295
196466754.3225888014 0.0084849417
209894151.8665022850 0.0113728884
197541807.2019113600 0.0091611311
218212019.4701922238 0.0074908354
195208746.6480439603 0.0070102099
187993535.3550423384 0.0108416661
186254885.0082633495 0.0101827691
199977590.7213730216 0.0046706852
183480400.5644449294 0.0097269463
207337012.7667576373 0.0083248564
189913499.6534409225 0.0068265795
190856610.8307544887 0.0062486001
194171155.9964002967 0.0094820431
199200191.1821192503 0.0124012407
182029732.7828026712 0.0095068878
193622714.8914907873 0.0069373153
185176314.7076011300 0.0106499570
195480124.6537168324 0.0088803913
186129241.3500428796 0.0072824423
192705650.6558794677 0.0007956957
190158599.4000635445 0.0098342404
201988811.3636412024 0.0110060814
190668698.2774215043 0.0096295542
189215455.5584716201 0.0073096986
183742967.8649791777 0.0094109435
202701791.2065573037 0.0033477788
192475562.6035421193 0.0105437558
193456096.4437947571 0.0032834415
186266171.5834794343 0.0093904837
205176014.5008491874 0.0339860360
186711699.1640215218 0.0069725442
205144712.7297096848 0.0070190504
191743018.7550645471 0.0098670417
207161968.9599635005 0.0131639929
183303788.1807844341 0.0104902102
201325470.8841615021 0.0018321148
190744124.3633420467 0.0090440104
185770825.8839365244 0.0141287866
184847917.4705455005 0.0083257403
198383848.8241688013 0.0213140845
189446437.4990024567 0.0104779678
191355175.3380029500 0.0162252765
183331201.0001020432 0.0094672762
216004290.4982353449 0.0017738400
187262010.6336854696 0.0088948223
191813512.8712600172 0.0001700787
188805715.3815947175 0.0070054437
197973624.6181312501 0.0027689742
185544216.6112927198 0.0075728901
203446740.0425717533 0.0102092134
185030195.0270385742 0.0093019940
190321197.4860372245 0.0031174557
182571320.1168603301 0.0086980093
188693630.9095967710 0.0056881908
189579322.0099436343 0.0107919399
199656585.4836084843 0.0086637787
190334261.8570348918 0.0133232824
194200697.0791309476 0.0067908153
191223844.8504864573 0.0215575814
192150602.1053086817 0.0100516458
187786392.4959210753 0.0099944927
183601144.7302793264 0.0091754091
192835849.4001450539 0.0101097169
183152622.3287194967 0.0068784548
183027748.6902918816 0.0094724697
185157094.9755598307 0.0089664288
183040508.4102117717 0.0108766042
186347769.7045244873 0.0096769752
182430423.6029331088 0.0092177876
181929390.2480213940 0.0091545565
182385588.3765040934 0.0089555024
183921002.9018681645 0.0110745206
181874264.1166611314 0.0090374552
187592825.5822557807 0.0058939657
181301434.4898287952 0.0089900423
186137501.0430011153 0.0061213613
182135067.9617714882 0.0097441758
181674405.5951119065 0.0087483825
180879256.3337637186 0.0096256164
191400763.9477720857 0.0108717112
181762600.9412616193 0.0087859306
181386844.5349486768 0.0131890536
181024526.3942156732 0.0097626178
193093212.1829374731 0.0115383777
181922176.4902821183 0.0097775495
185975339.0850731134 0.0096281617
182401283.7458326519 0.0087900075
182198439.5480716825 0.0089286140
192366253.9216196835 0.0101885940
182818897.9323150218 0.0094357646
181439206.5444745719 0.0099812691
191325183.6339177787 0.0096361213
180846623.2576723099 0.0095104221
186705049.7418664694 0.0112673994
181476771.9970853329 0.0100560211
186711726.1104710400 0.0088992446
182946992.7451694608 0.0095568134
183935836.6507424414 0.0086741621
181802089.9438200593 0.0094745479
181866460.7222709954 0.0082865934
182987748.6079891920 0.0086511141
189031221.9364005029 0.0104166218
181113822.1912208796 0.0085773878
189655228.9408229589 0.0066446323
193479134.3695555031 0.0103345773
184379143.8030579984 0.0088112486
181924815.2073450983 0.0094859755
180092643.0838099718 0.0097965299
178993190.1210767329 0.0104603752
179246144.9258160293 0.0089226254
181236693.0599023998 0.0086519806
191851844.2153320014 0.0126697720
180194982.7417666912 0.0104993363
188959472.2972420156 0.0115099002
183325841.5885472298 0.0092318211
179957440.6720707715 0.0105250085
188902195.0800082386 0.0113544523
180068587.4339263737 0.0106425767
180165402.5754701495 0.0101543951
178908989.3090916276 0.0099907060
178957914.1593414247 0.0110455448
178894122.2724660933 0.0099350406
180480856.8927591741 0.0110935511
179124443.6233432889 0.0096951031
188692120.2753786743 0.0109559712
179063525.9653649926 0.0098852340
181652490.8547797799 0.0098784687
179660300.9456961155 0.0098236200
188431225.1762951612 0.0100207063
179127258.6658884883 0.0104910204
179851705.7764317691 0.0097498986
178810649.4040925205 0.0100668097
179092945.2107175887 0.0103512998
179454572.4284320176 0.0104202428
179598177.7227114141 0.0102468739
178931035.1900988519 0.0098942503
180587327.6960217655 0.0087481617
179517078.7425378859 0.0097119816
181140108.5158087611 0.0104362702
179398803.0665990412 0.0099883346
179442369.8896507323 0.0098032716
178760297.2755345702 0.0100767791
179054673.2989147007 0.0110630550
179673053.9534089863 0.0102364998
184723016.7386262417 0.0083286614
179157925.1161392927 0.0097718463
180535686.4383992851 0.0093360257
179036195.7594515681 0.0099630750
190095657.0550333858 0.0110379374
179633481.0974484682 0.0099992759
189689181.1788967848 0.0111929837
178724035.7248924375 0.0103816623
190017595.8630509675 0.0103430282
178791603.4800958335 0.0106727567
180153498.1070096791 0.0116073286
179318071.1459648907 0.0100218487
178565218.2356686890 0.0109469621
178966941.9203950167 0.0111451596
180749519.3337332606 0.0106483751
178895028.5813276768 0.0112275199
178708557.4645407796 0.0115008594
179078978.5085589886 0.0109187661
189777265.6815147996 0.0125079102
179253290.8046458960 0.0109638645
177817472.4809128940 0.0114068820
177761965.5599343777 0.0104639595
177953036.6068530381 0.0103707094
179752825.4407735169 0.0103678810
178241586.8391934633 0.0105429198
189242145.3322544992 0.0110012019
177831866.3729603887 0.0105773712
179727687.3210191429 0.0088172082
177905568.4548220932 0.0105046439
177952629.3591661453 0.0111723971
177651086.7678332329 0.0103919955
178020124.6604004502 0.0103276332
177744248.8605237901 0.0103237686
177508806.5010676682 0.0101953055
177713833.3297679722 0.0100197594
177816491.4778912663 0.0105130825
177205002.8388408422 0.0101779018
176910689.1882903576 0.0106268574
177528008.9395307899 0.0106652385
178082631.9899886549 0.0111969892
177700120.1336873472 0.0107684466
177747980.7761762142 0.0100241470
176885568.7351224720 0.0109577784
177879483.5105188489 0.0111246671
177892612.8007177413 0.0112035665
178071186.0109002590 0.0113542470
176779978.0445352793 0.0110374450
177686106.8931669891 0.0111945577
177018632.2369244993 0.0108796675
177538283.2963899672 0.0108898547
177609999.6001379490 0.0110447385
176923694.3017991781 0.0109777105
176955980.6205545962 0.0107305944
179124614.7024001181 0.0097874075
176948092.3019449115 0.0108338161
177404058.1982863247 0.0117455985
177243019.4334498942 0.0110665287
177050793.7658762336 0.0114083372
177799493.7543286085 0.0106454436
188510646.1532358527 0.0118969125
176877585.3823446035 0.0110268656
177025846.9433736503 0.0108294191
176741125.0499756038 0.0111226910
177762986.5800617933 0.0113038869
176710647.4715961218 0.0111350236
177851543.0239525139 0.0103025521
176668384.8642381728 0.0111703773
177540144.3870896697 0.0106217674
177719184.1065151691 0.0113610358
177718225.8790339828 0.0110594582
177504299.3335753083 0.0111563962
176990228.7413367331 0.0108245792
176735771.2344805598 0.0111840120
177378483.0079372823 0.0117892815
177149032.9993777573 0.0113403170
177261967.2897192538 0.0111128497
176670123.6740801036 0.0110266945
177266265.2673590481 0.0114031601
177353283.3225557804 0.0109548782
189809674.2996782064 0.0123844802
177616086.6750929952 0.0111929548
176783473.0706009567 0.0108706855
177165683.4179454744 0.0109034285
188902875.6895024180 0.0107386411
177334942.3129730821 0.0113808776
176415616.6947954595 0.0117896093
176187516.0192673206 0.0115193099
188917946.4895233214 0.0114665753
176567752.4998368621 0.0113239546
177814541.2691356540 0.0111896418
176244203.1913180351 0.0113674873
176100674.9386841655 0.0120736103
176018957.2185438573 0.0122313309
189597045.7909775078 0.0130713815
175935917.4898750186 0.0120898608
176013005.0059237182 0.0120091573
175844356.0089132190 0.0120868817
175584868.8363739848 0.0120620433
176419861.0186590254 0.0119859742
176300586.2105365396 0.0121910892
175654940.4573733211 0.0121052291
176477755.4355386496 0.0111709980
175907419.3202418387 0.0119040396
176622259.9522087872 0.0123239135
175668598.2847317159 0.0118468378
177230923.1680250168 0.0112834075
175633913.6014811695 0.0119471250
176501276.3870710731 0.0117171537
176607639.6054634750 0.0120432528
176517466.8042777479 0.0124061879
175562514.2506927848 0.0120791211
176044205.2076387405 0.0124853274
176369130.1871923208 0.0122547206
177277684.1978890300 0.0115902513
175703277.2492727339 0.0121984121
176397047.5445657372 0.0117364412
175577170.6610073149 0.0125115969
176040387.6744845212 0.0124911910
175968761.0450177193 0.0120150671
178085633.5342377424 0.0111237008
175560710.4171233177 0.0118206466
175988875.1603299379 0.0118500243
176062103.6525712013 0.0118582446
175977989.6827179790 0.0118169938
175651597.1558589339 0.0117403716
176624757.2232396305 0.0118808416
175497049.6388297379 0.0118723436
176231677.1703490615 0.0129512499
175491917.4196329713 0.0115292879
175649135.7873852551 0.0108849149
175376372.1057848632 0.0116990384
175922758.5224576592 0.0111622167
175305164.9523929060 0.0113669822
175129416.7470099330 0.0119175261
175460856.6165856719 0.0119761503
176918205.2608146071 0.0106802442
175338687.1314342916 0.0117797224
175370212.0998403728 0.0115846676
176219715.5299682915 0.0118490435
175870575.4878888726 0.0120715782
175249951.9583729804 0.0117735937
175170057.1214829981 0.0127687009
175434584.9110582173 0.0116337049
176441905.9448397756 0.0118230083
175391045.9679742157 0.0118896114
175505394.0666037798 0.0125542694
176006906.9582263529 0.0119859817
176596043.1559045315 0.0125672928
176110008.8213292062 0.0121635496
189385296.6978779435 0.0127847088
175262688.2437271774 0.0119218881
176130657.6867047250 0.0104027108
176062574.3598265648 0.0120093477
175515449.9872781038 0.0122707285
175221921.0843360424 0.0117798550
176098950.8937490582 0.0122437367
175758226.0347541571 0.0120021560
175503962.2228676379 0.0121037275
176112890.0695371628 0.0118637090
175214931.7090686262 0.0123002453
176060871.3935557306 0.0121269129
174945788.1596888304 0.0123866101
175050792.3058860004 0.0124750755
175760253.0657055080 0.0130786849
175281119.2335053086 0.0123538156
174577389.0548925400 0.0116860319
174486511.4085966647 0.0117747940
174208690.4226425886 0.0115236096
175036508.7345052660 0.0115766618
173871954.1924968064 0.0114241788
174800774.5468303859 0.0112378121
175468118.3647395968 0.0104723256
174670555.9928832054 0.0115021502
186978746.6553815603 0.0113103017
174029948.8892571926 0.0114607551
175687748.8960450292 0.0119412783
174308192.2857942283 0.0118167736
174205127.5553826094 0.0109623339
174640516.1101196110 0.0116271254
175388771.2761192918 0.0108681708
174738949.4103353322 0.0113000853
173871119.6239455342 0.0113706703
173902497.5717316568 0.0113926424
174452849.7044360638 0.0120268511
173876203.8578843772 0.0111392544
174174305.1788788736 0.0115119545
174146404.3090569079 0.0116052887
174025659.0397424996 0.0119389421
173701739.3373339474 0.0111458411
174466986.7629171610 0.0112978513
174021744.6362434328 0.0111180045
173993040.6063842177 0.0104817625
173290109.6875156462 0.0112418564
173649303.8618463874 0.0109018836
174178710.0636526048 0.0112171814
174796678.4030024707 0.0107258284
173407741.8103099167 0.0109874611
174271100.9272572994 0.0118744008
173317207.7205310166 0.0112616937
172831782.8978293836 0.0116756799
173818845.4306179583 0.0118728866
173232399.4105065167 0.0118595702
173768286.5643154979 0.0117741294
173298237.7815272212 0.0117124852
173648352.5398526490 0.0116383220
172848100.3033949137 0.0118525371
173180488.4934488535 0.0118104834
173828865.0030425489 0.0113126468
173244798.6252307892 0.0116468298
173329409.0898885727 0.0112725883
173303444.1040781140 0.0115929672
173237737.7512869835 0.0120963743
173184906.9490358531 0.0115037607
173320359.6042270064 0.0117324338
173027976.7162287235 0.0116703256
173592086.1237170398 0.0117390368
173484093.5800645947 0.0116051775
174366392.8492576480 0.0114542365
173719286.0536107421 0.0120215428
173978171.4041125476 0.0106458941
172947697.0249000490 0.0113583009
173660588.2297718525 0.0117599337
173797119.6495503783 0.0118094053
174824026.5238194466 0.0108864709
172853665.4655723274 0.0118506029
173596659.1847706139 0.0109629137
172646682.0183652937 0.0117654887
173490843.9669177830 0.0121033754
173405829.2923005521 0.0118478029
173438264.7639010847 0.0118185670
172822499.5652880371 0.0119802811
172765069.6560825706 0.0123226101
172646828.6082214713 0.0115833599
172722275.6393410563 0.0108573803
172656182.6811551452 0.0115850985
185347839.0946360826 0.0117285338
173358863.3044607341 0.0118603745
172774608.2605383396 0.0127574725
172897868.0017372370 0.0118139334
173151195.5095826387 0.0122671613
172630591.0573685765 0.0117316173
173487138.3830980062 0.0122710042
172805629.4389156401 0.0116479846
173638213.6543668807 0.0114750703
172594163.4001925588 0.0117246686
173734281.6154227853 0.0118102382
173268958.1331934333 0.0112790306
174259083.0696229935 0.0114308618
172985355.8101650476 0.0116684165
173275723.8581841588 0.0112884852
173157857.9895878732 0.0114945471
185616510.4832244515 0.0128041248
173351037.6860004067 0.0118083625
174457282.0933802128 0.0107156395
173357627.9370505214 0.0118639003
173736771.3594368994 0.0114394962
172649925.2975656092 0.0115469691
172921920.4273316860 0.0120926816
173673617.6959635317 0.0116446454
185770906.7459835410 0.0128230621
172863452.0314412415 0.0116214677
173402303.2896949649 0.0113616623
173524533.1782346666 0.0114918088
172836168.8697434664 0.0113562809
172636026.4082515538 0.0116527662
185901472.0982696414 0.0130065017
173462492.3272117078 0.0113653828
173265827.5019868910 0.0113621191
173355625.3385577500 0.0111850045
173493379.6905346215 0.0118561122
173134604.6082126498 0.0116418436
172644941.1609779894 0.0116923313
172822711.7076725066 0.0119390251
173534593.1176725328 0.0116891087
173207959.5833477676 0.0113897807
172574384.6305903494 0.0117300262
172804506.0463464260 0.0112309236
173429382.4966692626 0.0118078815
172893482.1207851470 0.0116398872
172676859.5169360936 0.0115841470
172924407.9708823860 0.0114425488
172793374.6490431726 0.0117149869
172893269.2780828774 0.0118684745
173445231.3103758991 0.0117712649
172522120.4014010131 0.0119205426
172634567.7742440403 0.0120135084
172509793.9845023155 0.0119049130
173331838.3390255272 0.0116672244
172469687.1435043514 0.0119305608
173505596.7057106197 0.0118452767
172486218.1578457654 0.0118806846
172517536.6800830662 0.0118299132
172512089.7924949527 0.0119206509
172589756.8526155353 0.0118072187
172511043.6735327244 0.0119341111
172826221.8037191033 0.0119253011
172476751.3023115396 0.0119298975
172529858.5289381146 0.0120225274
172449798.5801619291 0.0119168431
172735655.7981263399 0.0117025384
172432074.1944662631 0.0119099249
173225802.1525165439 0.0118166425
172443631.0112810731 0.0118928659
172444627.7018237412 0.0119443813
172409730.9663226008 0.0119735862
172560065.8264845610 0.0117490744
172430446.1001240611 0.0119317023
173292390.3608506620 0.0116998096
173397400.6446522176 0.0120095888
173260786.0475534499 0.0119707914
173385101.0492568314 0.0120229418
172288881.1030550599 0.0120065007
172339351.5570570230 0.0120116765
172689286.3044734895 0.0120074965
172273262.9594095647 0.0119961840
172401354.5393574834 0.0117575349
172531479.5165652037 0.0119200784
172331920.1896407306 0.0118820381
172296177.7124958932 0.0119450019
172339055.8926919103 0.0117452512
172275600.5698646903 0.0119642718
172906704.4428154826 0.0119762981
172278947.8057101071 0.0120009912
172286941.5137744546 0.0120513727
172298577.1658770740 0.0119568840
172831072.6347419620 0.0124569976
173116132.6613169312 0.0120621290
173057199.5631866753 0.0118355206
172380709.6571393311 0.0119873845
173195990.8366461098 0.0121413581
172264018.9262334704 0.0120114675
172869897.7606664300 0.0118991316
172288145.2701772451 0.0119802459
173146679.4394753873 0.0119789225
172298595.3071162701 0.0120091629
173117226.8493839800 0.0120627780
172239032.5918184817 0.0119618812
172316439.8964053392 0.0118422240
172236885.5415595174 0.0119828368
172551351.8525995016 0.0116828941
172301122.7871441543 0.0119201436
172426560.4393805861 0.0118894454
172257847.3558842838 0.0120385189
172335130.1207702458 0.0120802329
172256689.8181793690 0.0120020459
172303032.4746300280 0.0121085723
172341716.6980010271 0.0119896485
173115788.0831435025 0.0118523928
172273876.7138611674 0.0120306082
172541101.7190981507 0.0119797597
172273037.0077125430 0.0120008710
172235151.2947322726 0.0120407443
172235744.4596438408 0.0120792451
172460412.4793261588 0.0121660346
172216686.5957539380 0.0120618516
172483383.0966611803 0.0118766835
172200169.2044939399 0.0120624117
172374737.2645286322 0.0119818790
172232403.9340689480 0.0120053020
173143831.7194722295 0.0122098297
173150000.6482068300 0.0121087571
173140985.7426959872 0.0122735727
172419262.4398899376 0.0119336235
172504756.4166072011 0.0121630152
172263600.3688441217 0.0120527461
172827669.7663579285 0.0120992997
173099266.9640920758 0.0121616458
172758079.3621999323 0.0118009513
172256285.9451757669 0.0119930727
172482205.0495832860 0.0122154865
172220993.5967774093 0.0121024971
173009881.3539911807 0.0119271205
172360159.0650147796 0.0119105531
172251520.6492130458 0.0120888740
172331314.6056130826 0.0120513602
172227884.7434911430 0.0120690682
172221239.0170053840 0.0120168456
172229720.2602539361 0.0120904480
172301991.5086886883 0.0119956787
172194498.3806656003 0.0120395286
172226860.2091896832 0.0120734916
172211393.3457817435 0.0120385405
172231702.3608105481 0.0119541966
172214064.7385301292 0.0120608106
172321391.5578177869 0.0119988234
172192447.4956829548 0.0120153295
172240260.1141557992 0.0120573156
172178362.3981803060 0.0120130244
172303748.0009106398 0.0119840948
172168095.1476124227 0.0120158578
172310025.4471974969 0.0118890314
172176162.4851174951 0.0120213319
173088032.1006854475 0.0121556023
172157675.1364117563 0.0120211920
172317157.3623959124 0.0120345518
172165929.4777514637 0.0120098953
172144044.9547881782 0.0119800995
172179731.0659491718 0.0119929274
172898179.4582103789 0.0119575893
172188037.7239299715 0.0119540235
172151246.2054168284 0.0119332074
172131107.9357704818 0.0119876994
173062796.4217960238 0.0121102323
172136281.3460500240 0.0119542496
172316679.6513613760 0.0118943355
172141624.3898251653 0.0119406309
172284144.4289696217 0.0119757518
172133255.9854517281 0.0119908412
172236438.0093660355 0.0119366841
172122895.3213513196 0.0120011073
172504902.8596448004 0.0118962021
172124470.0214927793 0.0120108168
172214044.2126277983 0.0118716033
172206138.4014559388 0.0119449779
172078573.2637528479 0.0120431623
172087249.3806799650 0.0120568486
172315530.7127723098 0.0119274640
172121189.0761177242 0.0120540944
172197724.4901011884 0.0119800393
172108710.3048388660 0.0120353482
172101260.8610789478 0.0121192747
172128044.1336063445 0.0120241191
172864503.5915533304 0.0120595952
172115740.4970926642 0.0120615462
172889966.2171356082 0.0122099975
172101181.9627398849 0.0120457716
172349069.6153073609 0.0119502434
172116187.0563341677 0.0120466172
172223539.2581715882 0.0118797796
172106846.9846662879 0.0120480684
172886400.2525363564 0.0121964087
172087957.5178133547 0.0120383296
172837260.6890558600 0.0120436894
172113351.1122319102 0.0120652957
172199473.1500233412 0.0120793591
172140450.4547042251 0.0120588071
172080152.6312248111 0.0120603430
172120817.9173882008 0.0120327569
172075880.2570759654 0.0120500210
172108030.4771718681 0.0120302094
172079063.8036220372 0.0120445441
172151290.2973645329 0.0120014076
172107192.7109341323 0.0120502828
172089212.0442011356 0.0120956021
172072420.8042418957 0.0120528807
172120729.0236697197 0.0120906755
172095962.0505079925 0.0120477029
172084383.3719492257 0.0120883609
172066101.5624967217 0.0120518188
172089866.2195093334 0.0120488145
172095382.5882459581 0.0120613786
172131339.9829787910 0.0120120241
172072699.4315724075 0.0120526506
172089658.5194155276 0.0120001957
172094090.6071636677 0.0120509069
172151074.8005765975 0.0119839715
172070409.2697235346 0.0120159261
172144277.9387491047 0.0120579098
172066407.4811690748 0.0120494918
172979628.8098651171 0.0120635945
172074126.4548046887 0.0120485032
172189456.5149857402 0.0120036349
172074094.0383383036 0.0120596676
172102315.5746950507 0.0121102606
172062914.9362619221 0.0120572922
172121796.4374090433 0.0120814553
172056019.9434593022 0.0120687447
172102756.3035636246 0.0120360222
172056775.6218798757 0.0120679316
172102207.1952067018 0.0121458543
172058204.1049427986 0.0120687037
172925057.2370101213 0.0121207978
172064155.1095881164 0.0120735011
172062557.1799173653 0.0120702368
172054790.2559002340 0.0120459480
172057477.3239990473 0.0120456246
172067893.7796922922 0.0120633529
172059683.2275542021 0.0120437859
172050159.9196401238 0.0120418417
172055650.6728414297 0.0120371232
172092878.4942066669 0.0120192082
172050032.5876496434 0.0120416585
172111607.3459688723 0.0120161075
172068153.5658215880 0.0120373785
172061300.8068424165 0.0120716701
172064648.6557898521 0.0120369179
172061625.2588519454 0.0120641972
172046415.8204437494 0.0120367236
172057593.4792447388 0.0120839189
172055957.5700366199 0.0120385529
172053629.2766450047 0.0120307478
172045632.6127862632 0.0120369362
172037385.2540171742 0.0120354678
172042970.7515580952 0.0120331079
172061608.6323633790 0.0120342111
172044739.0773841739 0.0120346921
172043490.5774309039 0.0120406690
172045694.6281304061 0.0120394588
172047423.4766932726 0.0120283531
172036718.1907720566 0.0120355369
172063065.6987871826 0.0120451440
172033785.8258688152 0.0120403137
172090261.6045494676 0.0120396129
172034336.1416259408 0.0120192935
172040542.4950394034 0.0120170069
172035451.2850164771 0.0120516537
172041044.3953309655 0.0120509887
172038013.0785198510 0.0120379183
172049476.3296397924 0.0120521441
172032500.7684828341 0.0120378306
172032066.4216881394 0.0120598755
172064521.9061333537 0.0120656764
172027334.0713772178 0.0120456289
172032154.0896154940 0.0120480362
172025891.1405357718 0.0120362585
172023989.1313334107 0.0120344936
172063784.0352495313 0.0120366379
172028279.0971786082 0.0120345153
172024858.0705635548 0.0120615616
172033285.4835780561 0.0120332809
172037936.7552821040 0.0120453841
172021212.9092921019 0.0120348361
172065169.5957212746 0.0119917389
172026270.9699754417 0.0120344586
172073392.5426486731 0.0120312953
172034775.5418697596 0.0120358615
172063045.4510423243 0.0120219502
172027609.6751290262 0.0120357334
172029898.4483259022 0.0120319544
172029716.8651818037 0.0120350866
172042442.1167367995 0.0120328017
172045329.5192916989 0.0120305776
172053225.2473797500 0.0120414955
172026831.8985292017 0.0120325243
172029044.8643268347 0.0120493444
172029892.6187108755 0.0120228618
172029534.1334671676 0.0120305240
172031979.7998285592 0.0120358002
172072493.9760506749 0.0120350001
172024789.6341895163 0.0120382437
172049849.3712617159 0.0120551199
172035546.0735719800 0.0120355800
172010122.6749107242 0.0120499873
172010220.3944619894 0.0120337831
172047273.3981141448 0.0120513360
172040112.6637009084 0.0120477187
172016144.9334971309 0.0120596522
172045094.5604010522 0.0120544099
171998568.3064659238 0.0120609579
172038365.1114301085 0.0120691046
171998016.7631455660 0.0120232873
171999450.9314093292 0.0120186717
171998018.7812117338 0.0120094757
172006869.6530945301 0.0120301285
172000601.5876403749 0.0119936389
172012329.9891990423 0.0120147244
172002237.7792707384 0.0120100441
171998913.5274119973 0.0120229157
172039240.0525977612 0.0120307537
172001922.3180980682 0.0120209088
172010531.3156019151 0.0120265154
171997390.2211759686 0.0120222892
172002650.1316838562 0.0119987299
172036340.4337238967 0.0120241037
172027424.2188367248 0.0120161459
171997370.1617287993 0.0120254784
172020119.7896650136 0.0120151968
171991555.0141510367 0.0120221717
172047604.2518481314 0.0120176363
172032963.2383465469 0.0120238593
172002997.6829555631 0.0120446382
171994746.0191133618 0.0120228339
171994062.0082981884 0.0119935734
171995513.9764760733 0.0120230757
171983973.9588155150 0.0120078123
172025556.5354635417 0.0120073475
172000055.5010031164 0.0120229438
171992059.2479278147 0.0120042950
171992317.6487150788 0.0119904657
171984332.3860219419 0.0120003270
171997258.4985920787 0.0120082838
171988035.8009164631 0.0120101041
171977676.1002806127 0.0119871246
171977758.4028934836 0.0119895066
171984223.3746836483 0.0119905570
171982128.5633389950 0.0119833602
171971239.9442776740 0.0119903362
171975770.3675978184 0.0119810183
171968081.3698460758 0.0119925302
171963910.7718714178 0.0119929383
171966969.8698450029 0.0119862585
171963226.2337091267 0.0119943920
172906967.7611486912 0.0120225629
171978341.7518767715 0.0119912124
171964815.2445922196 0.0119856465
171960856.4154664874 0.0119938724
171956047.4432626367 0.0120029477
171962896.5383388102 0.0119923594
171955169.1227797866 0.0119894727
171982634.2407940328 0.0120054666
171934979.4698576629 0.0120000480
171942339.1955157220 0.0119932888
171923595.7567805946 0.0119959292
171915912.6074746251 0.0119934394
171940472.6491288841 0.0119935340
171920515.1406968534 0.0119990474
171953293.0872158706 0.0119931221
171932328.6096264124 0.0119917873
171924608.0021009147 0.0120191017
171922452.8744361401 0.0119925504
171916734.3406408131 0.0119727367
171920545.2047837675 0.0119861888
171967831.7983061075 0.0119630127
171929946.7557542026 0.0119920933
171916695.8297452331 0.0119897685
171916176.9610573053 0.0119913236
171924216.8345140815 0.0119762282
171917097.6609122455 0.0119933127
171922882.2898891568 0.0119843485
171924585.1392810643 0.0119922710
171915291.8671401739 0.0119838403
171908741.6191999912 0.0119748565
171929182.2825530469 0.0119435407
171916612.5693775713 0.0119786843
171935302.0931026638 0.0119735956
171915374.2898761928 0.0119751051
171911145.7474904358 0.0119865487
171917578.6117323339 0.0119769759
171936478.2618607879 0.0119476227
171916492.0370999575 0.0119744929
172848454.0824280679 0.0120210930
171917377.4322233498 0.0119775473
171942385.2617042065 0.0119303508
171915779.1076065302 0.0119635716
171942574.6286486387 0.0119807194
171911723.2468174398 0.0119717174
171944396.9748029411 0.0119729150
171914328.7365108132 0.0119714173
171981538.4399242401 0.0119425934
171912212.8327685297 0.0119726737
171962269.7817913294 0.0119662203
171914934.0584644079 0.0119769335
172835914.2945089042 0.0120127679
171913787.1934505701 0.0119698176
171953975.0713673234 0.0119844749
171905854.1873469055 0.0119689932
171945953.1471148133 0.0119737700
171917164.9905543923 0.0119548191
171911048.2407535613 0.0119869499
171909346.5587984025 0.0119728806
171922815.2715318799 0.0119667463
171907493.7849873602 0.0119683443
171918159.7932590246 0.0119549847
171906774.5814513564 0.0119685769
171907825.1512276828 0.0119764098
171914366.9999718666 0.0119691346
171911840.3213520944 0.0119653037
171914128.9541640878 0.0119689960
171923598.8378050923 0.0119790822
171915512.1771367490 0.0119684443
171920690.0974389613 0.0119710385
171912176.9777269959 0.0119711819
171912808.9859445691 0.0119650424
171912019.1800222099 0.0119677225
171911373.6587688625 0.0119725621
171914189.9786647260 0.0119705099
171942531.0163257122 0.0119786052
171908401.1406783462 0.0119688226
171915874.5282252133 0.0119584009
171914112.6241507828 0.0119689277
171922554.1406065822 0.0119486449
171906606.4429467618 0.0119668780
171903455.7934536040 0.0119650234
171904068.7077706158 0.0119648921
171907888.8549815714 0.0119701951
171905089.2523429692 0.0119617943
171902595.4754378498 0.0119625590
171907156.7734344304 0.0119646853
171924980.2290733755 0.0119659809
171899633.7342529595 0.0119631521
171902672.4019674659 0.0119749095
171904841.1650816500 0.0119574274
171899679.9863801003 0.0119587297
171900273.7593344748 0.0119616316
171913393.9458371401 0.0119730697
171904724.3550249636 0.0119626267
171892350.4748588502 0.0119733427
171904332.7251735330 0.0119723668
171897608.7527366877 0.0119558642
171894076.7461519837 0.0119729999
171915198.5679936707 0.0119766876
171905662.9214031398 0.0119700023
171896899.4653650820 0.0119865799
171898755.5738624334 0.0119705436
171905213.8312387466 0.0119699230
171897844.4936471879 0.0119720636
171906575.3998025656 0.0119724770
171894803.6439313889 0.0119672020
171928851.3834221363 0.0119865821
171893657.9958977997 0.0119739425
171888197.8028923273 0.0119742022
171888804.4445666671 0.0119685575
171915954.0763449371 0.0119772569
171889438.4847099483 0.0119759223
171891844.6802806556 0.0119625713
171888655.0005211532 0.0119729973
171894884.2400965691 0.0119763472
171889998.8796956241 0.0119741565
171894053.0734412372 0.0119588224
171892432.8639048338 0.0119792291
171899251.5803285539 0.0119752390
171894196.7323995829 0.0119746823
171894150.7973376513 0.0119830185
171923443.0523985028 0.0119752471
171891975.5832410753 0.0119674398
171891252.3589140475 0.0119717754
171924522.2976287901 0.0119868660
171890142.3924246430 0.0119672100
171902320.3790494800 0.0119825709
171891770.8229517043 0.0119748358
171893709.2246441841 0.0119625468
171894203.9965199828 0.0119761295
171914781.7749838829 0.0119709907
171889364.3601937294 0.0119743483
171893029.2824338973 0.0119740296
171889704.6409040689 0.0119751658
171891534.8738743961 0.0119737498
171890675.9619567096 0.0119729136
171898553.0694034398 0.0119731933
171894672.1334623992 0.0119753393
171888680.5068131983 0.0119664451
171890884.9888882637 0.0119728912
171888063.3344281614 0.0119753429
171889053.7776155770 0.0119775360
171890783.9236291647 0.0119594647
171898889.8208021820 0.0119845861
171887789.3501148820 0.0119752569
171889251.1258119643 0.0119736627
171893095.5632838905 0.0119743895
171887907.2535075843 0.0119752006
171913357.5470941663 0.0119807628
171888805.1148685515 0.0119757637
171884603.4743970931 0.0119667931
171894401.7552894354 0.0119685543
171902849.7379397154 0.0119603445
171886427.0288117528 0.0119665673
171889264.4094390571 0.0119655126
171885248.8634643555 0.0119664709
171886796.9714553952 0.0119657198
171892249.1382185221 0.0119692491
171885500.2216539383 0.0119723676
171894314.2620525956 0.0119660419
171891998.2999897897 0.0119633475
171886767.2159619927 0.0119643028
171891798.3212102056 0.0119634333
171885873.6238177419 0.0119676061
171894983.1937559843 0.0119679686
171884969.6691947579 0.0119667945
171889473.6858736277 0.0119698931
171887328.9690794051 0.0119684116
171888031.5036770403 0.0119650828
171894268.5789282322 0.0119673733
171892220.4408365488 0.0119679280
171891323.2319247127 0.0119710564
171884611.4752569199 0.0119715134
171885552.4491388500 0.0119677885
171892283.6011058390 0.0119673880
171885587.3582753241 0.0119689105
171898421.8829917312 0.0119597287
171893305.4124834538 0.0119675338
171892966.2139515579 0.0119639956
171886323.0287361741 0.0119659637
171884851.2087123096 0.0119634187
171894644.0386344492 0.0119669616
171889040.1323184371 0.0119704680
171885593.8185555637 0.0119673930
171891431.5927317142 0.0119689688
171892062.6740673184 0.0119680822
171920868.9201798737 0.0119770338
171884815.0323270261 0.0119669902
171893158.6167723238 0.0119705799
171884639.2678623796 0.0119672745
171890731.2801553607 0.0119633984
171887793.6104294062 0.0119660694
171883342.9589855671 0.0119756447
171888177.2158536911 0.0119784356
171891610.9017396271 0.0119814764
171889875.2877557874 0.0119726222
171882032.4801416993 0.0119754637
171886597.6026782095 0.0119722713
171882856.5441414118 0.0119764102
171884324.0827420652 0.0119755436
171881057.5476820171 0.0119761606
171884338.0091009140 0.0119764919
171880495.1109337211 0.0119772914
171883451.3731237650 0.0119765353
171881639.3804850876 0.0119772188
171884461.7436692715 0.0119773566
171881110.4121154845 0.0119769522
171891972.7424138784 0.0119778457
171891620.6877640188 0.0119775372
171891688.0203375220 0.0119776022
171882275.4221194685 0.0119777758
171886577.0719749629 0.0119785634
171890429.3600732982 0.0119776424
171887206.2186827660 0.0119750387
171881310.8938752711 0.0119771337
171881563.0057738125 0.0119761571
171880621.0046108067 0.0119774338
171882514.9887671769 0.0119738457
171891696.5788784623 0.0119767109
171881320.7634988129 0.0119782918
171891453.6500021219 0.0119771940
171882927.5829098225 0.0119766215
171891365.0191819370 0.0119774324
171885028.9613281786 0.0119815468
171890941.8452224433 0.0119769866
171880337.7337259054 0.0119799732
171881266.1838568151 0.0119793346
171885778.5076244175 0.0119785002
171879312.3404795825 0.0119800787
171887137.4881020486 0.0119823136
171879966.6398329139 0.0119797748
171881133.1910273433 0.0119801512
171880962.0834898353 0.0119797061
171881397.7306694090 0.0119778801
171889197.9851208031 0.0119805920
171882202.2059375346 0.0119793114
171878347.1943502426 0.0119799421
171882202.8223372698 0.0119777382
171880873.2012030482 0.0119797841
171881777.0591875911 0.0119768120
171888226.4604756534 0.0119804066
171881069.7886492610 0.0119801708
171888601.7820480168 0.0119797069
171880770.9051129520 0.0119754618
171878656.9144327343 0.0119789011
171887606.4216501713 0.0119824049
171879810.1138510406 0.0119801524
171880009.9371569157 0.0119803716
171879648.2304869294 0.0119802478
171884891.4500269294 0.0119758687
171887745.9151632190 0.0119808176
171885910.4373013675 0.0119790448
171887506.4294114113 0.0119802356
171887704.8162469268 0.0119834357
171878401.8948746026 0.0119805580
171882101.6865958869 0.0119851960
171878667.3290002644 0.0119795926
171884269.5377936363 0.0119784706
171879545.9185301363 0.0119793410
171882851.7935664654 0.0119788346
171879078.1166940629 0.0119796280
171880649.7068866789 0.0119826389
171878744.5288564563 0.0119792870
171880854.1134813428 0.0119785301
171878187.0575316846 0.0119795947
171879766.9833592474 0.0119818636
171878403.6958135962 0.0119795412
171880774.3635214567 0.0119776099
171879194.2681507468 0.0119792436
171880627.8111262918 0.0119794334
171890166.8288132548 0.0119764805
126790217.0000000000 0.0119764805 1 0 0 0 0 0 0 0 0 0 0 0 0 0 0 