686373066.3766291142 0.0000009890
663634533.8069427013 0.0000003415
669796880.8435171843 0.0000000584
686769705.0297056437 0.0000000015
695123361.0584539175 0.0000000969
693080573.8487005234 0.0000000164
700104552.0087606907 0.0000000007
667788898.3337980509 0.0000012535
695401868.0433197021 0.0000000025
743053644.1140278578 0.0000000007
696864120.0990242958 0.0000004952
643150682.7959002256 0.0000000479
637407758.8538991213 0.0000000568
637525156.0091383457 0.0000004094
627088991.4917434454 0.0000005220
658600799.3109027147 0.0002312966
685518492.4551094770 0.0000003130
532063821.2456060648 0.0000008572
512920652.5228433013 0.0000011406
511537616.2222557664 0.0000016152
497628312.8922560811 0.0000005696
482984225.1235570908 0.0000004888
516181950.6161956191 0.0000004560
454997646.0271425843 0.0000004306
447738689.1423988342 0.0000000662
473364334.9592738152 0.0000001918
490516113.0650265217 0.0000000002
462454547.8467902541 0.0000032133
461973899.9181225300 0.0000010912
436493842.8701019883 0.0000002628
473923936.3063718081 0.0001164412
437361324.2624988556 0.0003034367
437378205.0907568932 0.0000001931
503933705.6650804281 0.0000262881
444556677.7108296752 0.0000002485
472831851.4353021979 0.0000020498
444542013.3602055311 0.0000001639
454909981.4121934772 0.0000117380
438145195.1062046289 0.0000000002
487709049.2298902869 0.0000084844
445555877.1726390719 0.0000001306
494911350.5225722790 0.0000095254
435107044.9709432125 0.0000007282
444726387.1407204270 0.0000092479
435043781.7642207742 0.0000007093
466235065.8481030464 0.0000000002
428459753.0364971757 0.0000030412
468413708.6038554907 0.0001433343
428696149.8113779426 0.0000030715
424645195.3620010614 0.0000000531
430699288.8606046438 0.0000003661
462080749.6060900688 0.0000097111
446842010.1599791646 0.0000000149
423385650.1957618594 0.0000015707
409593699.2624042630 0.0000018793
432684390.3048710227 0.0000064095
415977985.3330613971 0.0000044660
439504577.8122836351 0.0000000554
411091147.7113651633 0.0000007382
463112977.5070644021 0.0000256579
428270338.7925689816 0.0000006359
420952065.0854061246 0.0000008992
416110048.9115622640 0.0000039214
429871819.0716922879 0.0000001918
415616928.7473175526 0.0000032228
434408546.9913675785 0.0000083126
421091593.8936827779 0.0000035889
483365169.1758096218 0.0000010718
406687572.8716451526 0.0000002264
408859637.4838575125 0.0006142338
409327745.2590025067 0.0000006818
430716843.7620441318 0.0000142545
402703965.0782313943 0.0000006727
445532756.5602231026 0.0000001870
436413546.2961145043 0.0000005652
399084891.8000329137 0.0001839142
406096778.5252239704 0.0003336526
403202965.0725139380 0.0004424056
404526658.4424632788 0.0000159350
442417964.0733732581 0.0000955596
396089246.6897698045 0.0001379227
420597586.5891850591 0.0021202571
405067815.5983315706 0.0001808102
394998808.2346101403 0.0010167383
416407271.5084252357 0.0006108318
404430142.5544044971 0.0049195831
396064875.6420089006 0.0003361785
433760667.3373423219 0.0006650104
394409009.3644863367 0.0012092505
383960758.4615080357 0.0021939686
398230058.4265329242 0.0016467655
392347770.2269403338 0.0013992491
395678975.0827642679 0.0029146318
354920030.2473379374 0.0048547778
364792981.2130307555 0.0047287937
389968599.2036329508 0.0008020931
362034572.2839523554 0.0041408474
328818970.4302523732 0.0013492460
320227240.3530163765 0.0003769468
380830856.1536617875 0.0003601418
312298091.6971730590 0.0007145344
368736845.8320568800 0.0009180594
317155892.9342754483 0.0009642582
311766666.0897351503 0.0011967657
320022731.0308578014 0.0014834149
347166837.6464795470 0.0001495743
318514660.3861144185 0.0031836169
338640519.3225247264 0.0000352511
309592232.5840203762 0.0008890612
316435948.2293417454 0.0006115001
309513749.6921564937 0.0007095606
334645660.6451207399 0.0018238215
312041490.5821712613 0.0007240770
328664179.7452722788 0.0006691541
313996108.6363826394 0.0012428887
317392430.6314180493 0.0112392153
313698220.7571979165 0.0003215039
320170293.6950684190 0.0000321293
324544727.6977806091 0.0004107865
337571412.0988944769 0.0000248194
317159462.5132590532 0.0002642412
292621651.3883207440 0.0035304300
290563603.9011791945 0.0030751803
339037849.0781316757 0.0007810718
278146129.6711212397 0.0046279326
300962178.5274964571 0.0019473935
282644175.8554284573 0.0021080417
306945030.5330851078 0.0011565678
275017933.6190868020 0.0043618229
256357903.8119201958 0.0035222938
260608990.0209632814 0.0029231219
294492243.3599747419 0.0038339714
268646815.3151526451 0.0070880706
338497091.8187538981 0.0020959672
266050731.8571217060 0.0033860028
305541423.7270651460 0.0003063383
262121136.4449547529 0.0133469321
305812757.5980659127 0.0000170509
266857810.3203051090 0.0027482436
351104433.8713762164 0.0002579523
266343283.6586765945 0.0048877408
304288872.9807319641 0.0052191052
252114703.3007037938 0.0001430490
275900341.6527778506 0.0006297604
254850643.9603384435 0.0004999271
289235987.9664235711 0.0024598869
252161329.5572757125 0.0018216850
280502955.2723193765 0.0032154935
264771379.2149841189 0.0026248666
340752435.4636322260 0.0001636271
251788999.6136907637 0.0003025309
303973980.1894822717 0.0001039554
255369121.0231790543 0.0003670230
264320807.3769495487 0.0135260688
261467843.0903066397 0.0005393228
260787245.2410466075 0.0048307903
266354620.8569702208 0.0004595318
288556492.0925504565 0.0005543771
251196100.4624524415 0.0000002919
331584492.3180925846 0.0000001248
245536774.0173944235 0.0000094660
281883638.9586034417 0.0010359545
242173811.9974776208 0.0000497530
308247445.0717868805 0.0073409489
253118659.3732438684 0.0000004073
286757371.9431874156 0.0001025522
244351242.3390957415 0.0000231662
259146356.2678718865 0.0002785045
245343947.9425958097 0.0001171440
275254703.6837508082 0.0002091720
251059307.1389450431 0.0000140164
218437282.8106691539 0.0001066242
219189526.9557382166 0.0000179297
250203988.0112427175 0.0000406011
222053512.8024135232 0.0000997938
265524928.1438368559 0.0000008947
232009204.8166772425 0.0001798047
251780911.0383506119 0.0088330106
229323662.0253808796 0.0002124525
255260185.2662369609 0.0000083058
222858747.6808289289 0.0000236511
270924661.0448747873 0.0000000564
218239469.7600915730 0.0000979628
276791144.4301512837 0.0004232501
222914863.2743537724 0.0000602425
265560974.2910010517 0.0016798525
224986616.6113962233 0.0000120527
259155731.9359332621 0.0000006937
214824947.3963162303 0.0000780563
248321428.1650282443 0.0000147036
207474767.3515052497 0.0000067429
210942042.1177052557 0.0000050581
213857208.4660390615 0.0000238207
247499378.3443339169 0.0000904714
203308290.8369419277 0.0000052473
267909803.6446382999 0.0011317419
224966230.1450894475 0.0000001060
247719667.0572333038 0.0000196945
210898107.1361613870 0.0000021184
232409033.2320152223 0.0000010678
206395240.3061074615 0.0000037255
235669337.6743951440 0.0021986961
199618395.9806459248 0.0000000018
226504548.5219888091 0.0004555599
197946705.1886495054 0.0000081526
226053653.9880076051 0.0008270845
206167897.6254167557 0.0000333758
275876059.8768783212 0.0000399671
199161335.3977921903 0.0000005620
254281543.6539365351 0.0008775470
204293364.4632280171 0.0000030486
210165795.9349506199 0.0000140151
201320681.7107053399 0.0000903173
245338729.9159729779 0.0003223312
196753441.0750650465 0.0000048796
209303583.5866197348 0.0000370464
194754595.4388581514 0.0000020595
240923669.9843641520 0.0001810982
205455202.6499511003 0.0000380279
265587097.9005680084 0.0008325192
196569594.0413610935 0.0000023565
245302404.5459326208 0.0000118047
211182730.0509807169 0.0000043968
228165034.2191752493 0.0000761900
191251811.5211231112 0.0000002070
241330309.3873447180 0.0000003619
198392610.5835067630 0.0000008896
223341392.3977922201 0.0000306638
202231227.7515791357 0.0000095672
253486405.1104588509 0.0000206021
202425400.2434430420 0.0000317242
224802306.0784908235 0.0000233631
197755476.5502032042 0.0000001287
259383487.5762735903 0.0000008026
204222607.8522344232 0.0000166504
196621882.5624037683 0.0000003997
193277311.9735234678 0.0000071910
193774519.9447952211 0.0000003567
192039495.5642432868 0.0000715104
191585092.4314612448 0.0000000026
196983210.7964526713 0.0001599948
192730072.8499983549 0.0000000000
219102281.1923896074 0.0001567772
190938975.8193953931 0.0000000122
198472067.9233148694 0.0000000515
196914165.3957476318 0.0000006367
181499440.1137454212 0.0000423998
184508010.7096474767 0.0000818913
205096752.9147155285 0.0000451437
183338526.8260933459 0.0001229501
195220197.5320453644 0.0005642883
184650409.1659774184 0.0001303981
176507954.0189961195 0.0001095956
179446914.9526740015 0.0001354778
165336039.0663998127 0.0000009657
172431170.6265268624 0.0000000433
173073013.8427102864 0.0000007923
164183354.4971225560 0.0000007957
158117947.6491978168 0.0000185210
163251794.1296446919 0.0000182569
180974634.3475984931 0.0001060018
159501793.2436565161 0.0000183511
165432689.4692915082 0.0003597858
157396473.0159392059 0.0000319957
159427350.7690609396 0.0000098247
163116478.6195663512 0.0000772690
166656301.6531762183 0.0000004078
159026775.9476923048 0.0000748960
163997878.3235677481 0.0000000234
160826579.1266602278 0.0001079220
152142559.1884194314 0.0000003865
156762004.7706036568 0.0000000316
164754123.6892082691 0.0000093661
151548368.6329092383 0.0000008135
155075631.7387502789 0.0000000869
150622489.7926454544 0.0000015511
172498081.7921246886 0.0000024322
152165684.0779899955 0.0000024920
152650758.8198405504 0.0000001044
152120268.4168824553 0.0000019317
165470376.2947499454 0.0001823901
152841413.0525586009 0.0000000028
163490816.7018118501 0.0000496738
152038603.3509913385 0.0000043151
165805787.3809141815 0.0001390954
150007784.6186634302 0.0000007972
148096787.2560648024 0.0000130306
151828868.2889950573 0.0000291914
156255501.5092678666 0.0000046873
151218967.7014962733 0.0000181937
156869288.7902022600 0.0000082322
151988729.0058296621 0.0000096302
159605366.6244216561 0.0000789218
147961599.0732443035 0.0000025982
167300705.7717543542 0.0000000010
147110340.1579020917 0.0000135906
162894841.9143028557 0.0000572068
146562184.4530022144 0.0000204380
162852492.4867201149 0.0000044741
148720407.2859086692 0.0000607763
168391042.8704556823 0.0003228988
145679154.6405113041 0.0001219480
147454215.6183103323 0.0000116846
147159192.9986669123 0.0002866685
161738610.2839303911 0.0000822744
148872349.4961104095 0.0001204998
177311409.1192510426 0.0038952438
148575989.1730141044 0.0004958461
142351387.4105319381 0.0000101269
141833326.6836670339 0.0000035689
151732131.8243678510 0.0007345713
151974270.6122130454 0.0000020399
150769800.7192924619 0.0000059215
140070524.4933988750 0.0000022745
149827087.6976551414 0.0000079530
147208739.1238961220 0.0000020024
145580177.4998690486 0.0000030738
147542644.7223706543 0.0000003374
154302105.4408239424 0.0002193143
137675261.8590368629 0.0000009470
150990837.1280286908 0.0000179704
139180789.8141402602 0.0000090748
148160032.5628061593 0.0000027902
137236662.0359701514 0.0000000763
143037353.6502884626 0.0000364826
136717288.9231906533 0.0000000318
146533621.1921717227 0.0000010633
138043659.8832502067 0.0000000071
159343787.4270498753 0.0001939724
136206926.0818881989 0.0000001574
146603074.2678714395 0.0000211615
139017764.6734966040 0.0000000080
145563909.9435431957 0.0000066210
137195407.3505909443 0.0000000429
146966432.2885372043 0.0002588582
137455090.6933490634 0.0000000096
168125051.6362594664 0.0000000041
137319033.8024881780 0.0000030425
142820734.0109814703 0.0000002020
138154254.7485765517 0.0000037834
147530152.5368115306 0.0000436397
138547219.3930684924 0.0000010174
159816832.3066521585 0.0000168382
137620877.3265610039 0.0000000491
148672779.9853959978 0.0000169761
135715936.2832102776 0.0000013419
150062825.6371378303 0.0000024080
136788571.5968013108 0.0000053013
150996525.6636646688 0.0000000007
136843686.1984248459 0.0000003836
145789687.5468796790 0.0000013385
136171608.4349178970 0.0000036415
143685819.6755869091 0.0003212831
134990592.4035860598 0.0000000811
142180784.7041212618 0.0000006642
137454523.8397966921 0.0000008160
156450304.4001083374 0.0000000014
135812522.5979801714 0.0000000005
149341319.2274249196 0.0000008433
135507349.2577998638 0.0000000184
139270198.0757338703 0.0000097632
139708700.1182549894 0.0000059062
144261670.1142780483 0.0000141916
138362939.4526289999 0.0000221517
143173048.9857611358 0.0000025914
135986610.9371450245 0.0000001128
160046414.5589855909 0.0000001593
136328271.1902456880 0.0000002063
160550511.7210336030 0.0000000875
136394992.4814392328 0.0000000019
142827891.1936919391 0.0000000456
136994595.5475027561 0.0000000337
160506390.3844773769 0.0000000807
136500657.8730771840 0.0000000000
160090199.3186389506 0.0000001254
136835873.0730771422 0.0000000516
160577739.8326658905 0.0000004963
138095327.9802879393 0.0000007331
160540839.9508005679 0.0000004534
135980046.4632040560 0.0000007782
162769214.8803063333 0.0000024614
135515062.0174939632 0.0000019541
156951369.6153970957 0.0001570886
138702640.9283572733 0.0000000086
162541563.7438299954 0.0000027430
134991485.8711495996 0.0000022232
161373876.4559853673 0.0000001532
135578422.6709484756 0.0000001317
162896257.1877576113 0.0000051727
140265589.6506562531 0.0000023935
162374410.7423873246 0.0000012684
133702376.0581409633 0.0000001572
160736181.8912738860 0.0000100156
136262987.9893972278 0.0000000038
144039830.0985226035 0.0000492165
136399203.6765984893 0.0000117450
155602284.8191901445 0.0000020282
134199838.6443141699 0.0000000831
135512614.4430861473 0.0000536530
136239048.6959656775 0.0000015950
144433216.9911548793 0.0003969581
135277505.9919047952 0.0000000001
148110468.5713210702 0.0000488592
138461591.4208076000 0.0000190518
141557033.9168420732 0.0000062829
141798077.6151002944 0.0000018235
132665435.0233325064 0.0000005946
133504985.2570341527 0.0000011433
136169659.9478732646 0.0000025728
133406204.0575259030 0.0000020754
133404319.0778019428 0.0000004061
133393588.5711788982 0.0000005069
137049001.8569536507 0.0000290261
133074869.8833069503 0.0000003711
135094796.7563872635 0.0000002302
132709365.4361555278 0.0000002888
143841775.1720916033 0.0000012951
134128589.0598770529 0.0000000726
132540936.0383230150 0.0000047460
132747364.2420711517 0.0000080284
132125228.9631155878 0.0000000000
133026515.1860612780 0.0000000138
133740688.7422630936 0.0000119821
132017505.5366937667 0.0000017908
132257680.2283854634 0.0000159517
132293400.4590265453 0.0000069396
131542616.0799044073 0.0000351302
131204986.8360652477 0.0000426031
132403889.6570927352 0.0000360400
131441567.0326209813 0.0000606407
132059691.7454706430 0.0001307816
131773728.2302220762 0.0000781440
129069223.2121485770 0.0000042063
129733745.7218307108 0.0000080349
131038330.6666794568 0.0000227018
130103928.5459750444 0.0000223010
129166435.0217886269 0.0000039422
130607184.1505339742 0.0000088030
132009250.6847001165 0.0000000317
129842595.7121987492 0.0000027312
130111902.2335302830 0.0000070437
129395330.6874491721 0.0000020984
132672393.6009517759 0.0000204509
130154913.3521639854 0.0000016035
132327305.0249753594 0.0000006622
129748459.4301737845 0.0000031981
131017171.2454894036 0.0000022591
128976538.5027895421 0.0000063032
132256982.9201339632 0.0000038969
130337930.5662716925 0.0000041460
130428745.8046261519 0.0000685129
129132796.6555457711 0.0000063331
130261552.0807605237 0.0000009935
128914858.5977040082 0.0000001203
130721884.9969633967 0.0000149677
129217357.7057394981 0.0000003424
131477886.7327665538 0.0000031246
128670327.8618147075 0.0000001168
130937708.9999226481 0.0000018941
129089054.3382144570 0.0000023682
129942426.7546999305 0.0000491545
129388047.8115601093 0.0000000335
130039667.1458992362 0.0000505058
129000778.6876210570 0.0000071166
129263824.8487901241 0.0000044683
130168150.1901227832 0.0000028059
128770589.5057211220 0.0000018845
129212048.0102004111 0.0000001334
129458626.5945703536 0.0000007023
129389698.3922456056 0.0000024418
129759137.1376258433 0.0000000191
128633399.7651667595 0.0000126180
128935805.7936828136 0.0000123249
129002941.3769368231 0.0000606478
129076775.6791332811 0.0000132746
132502426.9462483227 0.0000275837
128867227.6661584079 0.0000145096
128655101.8890762776 0.0000062923
128742936.9627180398 0.0000114612
129292164.0328681469 0.0000390392
128777741.9980303645 0.0000142820
130001327.1395272166 0.0000056403
128683190.1777843833 0.0000080835
129184365.0616562366 0.0000003499
128623860.0238776207 0.0000122886
131115693.1054064929 0.0000053058
128759879.5945563167 0.0000137485
129586064.5751799941 0.0000911816
128704260.1252935082 0.0000198041
130292992.5882457197 0.0000076408
129051284.4054257721 0.0000149239
129305603.4881267548 0.0000001512
128612147.3345113099 0.0000116727
129000752.0178491771 0.0000031661
128808234.4593348056 0.0000123563
129301099.4819376618 0.0000160264
128976428.3659384102 0.0000118827
132770154.8662394732 0.0000164996
128661512.5121567547 0.0000065839
128845894.3019190580 0.0000103097
130671732.2380866557 0.0000133658
129193510.1810097843 0.0000235565
128775843.5324545205 0.0000094766
133020290.2510462552 0.0000081720
128902218.9340768158 0.0000105454
130546025.1294662207 0.0000084719
130091618.9086367488 0.0000175585
128911011.3515084088 0.0000076607
128636409.5325923115 0.0000035486
128840843.2933551371 0.0000141073
128854059.0643907040 0.0000073091
128921023.6658653021 0.0000086860
128634784.2288539112 0.0000027218
128618792.7097739875 0.0000136140
128942783.1286181957 0.0000197749
128651033.8456437886 0.0000122441
128691514.9781108052 0.0000374701
128705851.6214765459 0.0000075693
128758754.4709739536 0.0000079446
128817197.4434156120 0.0000157637
128937628.4592343420 0.0000074930
128839784.3176098317 0.0000088265
129707757.9236397743 0.0000273183
129477201.1996151656 0.0000103874
128978752.8699961752 0.0000137338
128876342.6230981201 0.0000106272
128604495.8266852051 0.0000111608
128736330.3936931938 0.0000123839
128593035.1524451226 0.0000111668
130427331.3954613656 0.0000103562
128624461.0816533118 0.0000108729
128984597.5407530963 0.0000063835
128587291.3148128390 0.0000108552
128994202.1692230254 0.0000159664
128873243.1168802381 0.0000115783
128720333.8702661097 0.0000077294
128875542.5457836986 0.0000120741
128801318.1966837943 0.0000107452
128659431.0892507732 0.0000107437
128832666.6259098649 0.0000078263
128603317.0051899403 0.0000101298
128782857.2824832797 0.0000167728
128594045.6959251016 0.0000103833
128721881.9990579635 0.0000135720
128696316.4692178518 0.0000106553
130193189.8645786643 0.0000084928
128595837.8610517383 0.0000095654
129428869.9171522260 0.0000078713
128646839.5402270854 0.0000099240
128826701.3777223080 0.0000211351
128942596.6620592922 0.0000107751
128853633.4567903578 0.0000116044
128627181.5416981578 0.0000103383
130241819.9244937152 0.0000108412
128961716.4188977182 0.0000106174
130269360.4763311744 0.0000108602
128588239.0772620440 0.0000111584
128955833.1712462902 0.0000111621
128636866.3857176602 0.0000116894
130411782.1327817291 0.0000105915
128951706.4340050519 0.0000108834
128681547.0701161176 0.0000096718
130376101.4918180704 0.0000118551
128691416.8542999923 0.0000107235
128953703.5564276725 0.0000107231
128769198.8844471127 0.0000085763
128936952.1200202554 0.0000105640
128661594.7917505503 0.0000124862
128584984.9876845181 0.0000105889
128585712.7501480430 0.0000136082
128588669.4565899819 0.0000104285
128679081.2646084875 0.0000126157
128580661.0914776325 0.0000107231
128753045.4070016742 0.0000128630
128925626.5615786463 0.0000118538
128736199.2211040109 0.0000082106
128936595.8959563822 0.0000104337
128880428.7139906138 0.0000114544
128660213.7951379418 0.0000100303
128715199.8168347627 0.0000138353
128898643.9313146919 0.0000111784
128876547.3251471668 0.0000098195
128931424.4869156927 0.0000112766
128847168.7216223329 0.0000092174
128681291.0310785472 0.0000102386
128951818.5435084105 0.0000106496
128634553.9798117131 0.0000106782
128582504.6927370429 0.0000105791
128910558.0871104002 0.0000105006
128604669.4233505130 0.0000107394
128904453.4142076373 0.0000127987
128584916.7637279481 0.0000108252
128694318.8607286364 0.0000095621
128592450.5267678797 0.0000110035
128925778.3820471317 0.0000108840
128593517.3503000289 0.0000105754
128682515.6973371357 0.0000093930
128943335.1977674067 0.0000105558
128890435.8454594463 0.0000113881
128610347.6229718775 0.0000103476
128650270.3621082455 0.0000111535
128598672.1963483095 0.0000103375
128607883.2755572200 0.0000104572
128621911.2917828858 0.0000105786
128867110.1908605248 0.0000099134
128931128.5556219220 0.0000110477
128753300.9340549409 0.0000102706
128634556.3440871984 0.0000107498
128588962.5326735824 0.0000122338
128600557.6439533383 0.0000106766
128852452.6841069460 0.0000100943
128587202.9954370707 0.0000109215
128849811.6020962894 0.0000100550
128595144.8577082008 0.0000105461
128849280.4175705910 0.0000100864
128911925.8715460896 0.0000104016
128585343.0433298498 0.0000107544
128951304.2399033606 0.0000105559
128586787.0186038613 0.0000104715
128900123.6667376906 0.0000110601
128592309.5801085532 0.0000105789
128612264.0104608387 0.0000109844
128580303.0151983649 0.0000107093
128602759.6998296976 0.0000107068
128583725.9031190425 0.0000107835
128625767.8174494207 0.0000101577
128586573.3173969388 0.0000107838
128627115.3109361529 0.0000105064
128586773.0804439336 0.0000107775
128590375.5183603317 0.0000116891
128595928.8152268976 0.0000106372
128609464.2489899397 0.0000099686
128589089.2870231420 0.0000106159
128591999.5981449783 0.0000110239
128592892.0375966430 0.0000105030
128666548.8360032141 0.0000108795
128586951.8423824906 0.0000108249
128953984.7074630708 0.0000105550
128947217.1606205255 0.0000107154
128607311.4029642642 0.0000111308
128586752.5886745006 0.0000107129
128919155.9341112375 0.0000110764
128591820.7401540577 0.0000105700
128642163.4622092694 0.0000102848
128594976.2361339778 0.0000106562
128592648.4751410484 0.0000105716
128592977.3163085580 0.0000106404
128582795.0654868037 0.0000105867
128584365.8296993673 0.0000106480
128590942.7310542017 0.0000106502
128938758.5653760135 0.0000108680
128580675.5214447826 0.0000108177
128610813.2900338173 0.0000104775
128584933.9989734441 0.0000107802
128582179.9157908708 0.0000106808
128596310.3163272738 0.0000105953
128583239.2360060662 0.0000106158
128588160.1915199161 0.0000106985
128591603.1561797112 0.0000107092
128591696.5882976353 0.0000108214
128581849.9106793702 0.0000106838
128602186.2240753770 0.0000107799
128588314.3473184407 0.0000106969
128585726.1963892132 0.0000108545
128580959.1587297618 0.0000107208
128584994.6498248279 0.0000108354
128581179.2464449853 0.0000107279
128589904.0605765134 0.0000105866
128583125.0661506206 0.0000107120
128583392.9658687711 0.0000107011
128591052.7074658424 0.0000106980
128592501.7839631438 0.0000107073
128591734.5772872716 0.0000107317
128583444.8071412593 0.0000108328
128582924.5782703608 0.0000106991
128582010.9716561288 0.0000108274
128584604.7320403010 0.0000106617
128948487.5746326745 0.0000107253
128590370.3654435128 0.0000107037
128587201.3718421906 0.0000107818
128590646.3906960040 0.0000107371
128597165.5706191361 0.0000106187
128584181.4154971838 0.0000106892
128586906.4764965773 0.0000107343
128592755.4215183407 0.0000107417
128594074.0507068783 0.0000106569
128590604.6639603823 0.0000106870
128582627.2866309136 0.0000107090
128580593.4795752764 0.0000107053
128582813.1787007749 0.0000105744
128581855.4556424916 0.0000107173
128587086.7998156697 0.0000107254
128590409.6960643679 0.0000107629
128591387.0633662939 0.0000104799
128587867.5028794855 0.0000107692
128586027.1686748564 0.0000108148
128591938.1652093083 0.0000106977
128583719.9216476381 0.0000106335
128588711.0655726045 0.0000107680
128588453.0608697087 0.0000107176
128580605.1378928423 0.0000107244
128583994.1213873923 0.0000106463
128584504.4502644688 0.0000106756
128583082.5160996318 0.0000108914
128581705.8167202026 0.0000108001
128590915.8260658234 0.0000107275
128591526.9917518795 0.0000107068
128583093.7969973385 0.0000106937
128581115.9917131364 0.0000107063
128581543.4694722444 0.0000107089
128592068.6587792039 0.0000107261
128592533.8362455070 0.0000106939
128581179.4474931806 0.0000106979
128590615.9695846587 0.0000107190
128592356.3043276519 0.0000107084
128590302.4287435859 0.0000107314
128591895.1930294186 0.0000107151
128583861.5018896461 0.0000106918
128592364.9179866314 0.0000107117
128582322.8427793831 0.0000107192
128592125.5055788606 0.0000107125
128592011.9213180542 0.0000106885
128592452.4671375602 0.0000106985
128583055.9140256792 0.0000107342
128580379.5904212892 0.0000106923
128584609.3876354843 0.0000107282
128592468.6564162076 0.0000107130
128586545.8123069406 0.0000106620
128580415.6783693284 0.0000106920
128582649.4910589904 0.0000107244
128581349.5077438653 0.0000107032
128581046.9280962348 0.0000106720
128592406.3047322780 0.0000107026
128591915.7424909770 0.0000107638
128592209.5948671401 0.0000107145
128581690.3586213440 0.0000106967
128580444.5045318305 0.0000107121
128592676.2301028669 0.0000107064
128592639.6775329858 0.0000107127
128591527.8932289481 0.0000107213
128580625.2866897434 0.0000106996
128581556.3469066918 0.0000106799
128592104.7300303876 0.0000107103
128591634.9404964596 0.0000107113
128592268.8617364913 0.0000107382
128590029.0511928499 0.0000106858
128582566.5058086067 0.0000106924
128580304.0343627185 0.0000107093
128581790.5514704734 0.0000107217
128580431.6467771828 0.0000107091
128580691.5451421291 0.0000106937
128580556.9752299339 0.0000107077
128581566.3003659695 0.0000107044
128580520.4666329920 0.0000107092
128591964.3706257939 0.0000107112
128580557.2812958807 0.0000107089
128591649.5187280774 0.0000106961
128580424.7363284379 0.0000107092
128580401.1127268225 0.0000106855
128580104.4049423039 0.0000107103
128581037.6868035495 0.0000106961
128592602.8462834358 0.0000107137
128581867.7276686281 0.0000106946
128580174.5215779245 0.0000107109
128580408.0606000274 0.0000106930
128592583.6908938736 0.0000107124
128581281.5531670451 0.0000107079
128580706.8061457425 0.0000107045
128580801.0082915127 0.0000107228
128580570.5213981271 0.0000107039
128591639.6308894753 0.0000107294
128592749.8357129097 0.0000107106
128592171.0066157877 0.0000107191
128580767.5784161538 0.0000107117
128580703.6255159080 0.0000107154
128580062.6919458210 0.0000107066
128591741.7977985591 0.0000106860
128592371.6607863605 0.0000107104
128583769.4382549971 0.0000106687
128592660.4741868079 0.0000107083
128581350.8591707945 0.0000107116
128592737.4025837928 0.0000107053
128580578.6808304042 0.0000107165
128591908.1207101792 0.0000107107
128581092.7971315235 0.0000107037
128580361.9158882201 0.0000107082
128580472.2201424539 0.0000107091
128580106.2026237696 0.0000107081
128581086.6332613379 0.0000106988
128580199.3819792718 0.0000107054
128580791.9475588650 0.0000107141
128580297.2219835520 0.0000107039
128592596.6509759575 0.0000107093
128592624.2166418880 0.0000107053
128580151.1202089787 0.0000107116
128592742.9248247147 0.0000107106
128592696.0248980522 0.0000107061
128580997.3089987040 0.0000106969
128580134.4442933798 0.0000107073
128580175.5665777326 0.0000107040
128592735.6433151811 0.0000107080
128580143.5631368160 0.0000107058
128580070.5248226523 0.0000107046
128580281.9637026936 0.0000107073
128580071.7218390554 0.0000107079
128592740.7217299044 0.0000107061
128580061.1482053101 0.0000107089
128580090.5581921637 0.0000107120
128580044.4259974062 0.0000107082
128580149.9871455729 0.0000107070
128580041.5484410524 0.0000107081
128580280.8918501735 0.0000107051
128580094.8744876534 0.0000107088
128580648.9889239520 0.0000107090
128580059.9251516759 0.0000107093
128592671.2070615739 0.0000107084
128592727.3005538732 0.0000107077
128592718.5652130097 0.0000107116
128580109.3002215922 0.0000107085
128580173.7430671901 0.0000107075
128592745.6050327569 0.0000107088
128580145.1286670715 0.0000107078
128580135.5866343379 0.0000107073
128592739.4117908776 0.0000107100
128592701.0618827045 0.0000107077
128592727.2273712307 0.0000107084
128592597.3102742434 0.0000107090
128580234.6228783727 0.0000107029
128592723.1392526925 0.0000107083
128592665.9110742807 0.0000107092
128592450.6344146580 0.0000107047
128580064.7183636874 0.0000107088
128592688.6763196737 0.0000107082
128580263.7916249931 0.0000107073
128592692.0243409127 0.0000107083
128580182.4367154688 0.0000107088
128580088.9816180021 0.0000107077
128580272.5614405274 0.0000107057
128592721.8463980705 0.0000107086
128592626.4113518894 0.0000107073
128580078.1859613210 0.0000107072
128580416.4620790184 0.0000107052
128580071.7943872362 0.0000107084
128580057.5047608763 0.0000107077
128580062.7532428056 0.0000107084
128580224.0464950949 0.0000107072
128592719.5098186731 0.0000107077
128592692.2244159132 0.0000107085
128580081.6750531495 0.0000107075
128580129.8126449138 0.0000107100
128580045.1632187963 0.0000107082
128580057.6188886166 0.0000107079
128580078.0892419964 0.0000107088
128592747.2765956968 0.0000107085
128592715.4662197381 0.0000107079
128580139.7174542099 0.0000107081
128580073.2161145955 0.0000107077
128592735.6228247434 0.0000107071
128592705.6535482556 0.0000107091
128580141.9439037293 0.0000107065
128592709.5900901705 0.0000107093
128580048.9340623468 0.0000107082
128580100.5050704926 0.0000107079
128592705.6234082431 0.0000107080
128580177.8991332203 0.0000107079
128580042.6674513370 0.0000107080
128580098.6274655908 0.0000107084
128580053.7209919840 0.0000107080
128580076.2628399134 0.0000107077
128592733.9760321826 0.0000107084
128580118.8445906937 0.0000107096
128580094.6742651314 0.0000107082
128580083.6725494415 0.0000107066
128580070.5660403371 0.0000107083
128580084.5591002256 0.0000107064
128592736.3688557595 0.0000107085
128580066.9139007479 0.0000107070
128580048.9418546557 0.0000107078
128592710.6315432787 0.0000107076
128592735.3669789284 0.0000107083
128580079.6944643855 0.0000107080
128592735.4302487075 0.0000107080
128580097.1110897660 0.0000107093
128580061.2281815559 0.0000107080
128592758.3579168618 0.0000107084
128592737.8342434615 0.0000107080
128592750.4906182438 0.0000107081
128580051.6433417052 0.0000107084
128592747.3639172763 0.0000107080
128580068.8120304346 0.0000107083
128592735.8776107728 0.0000107082
128580131.9585251212 0.0000107074
128592743.7199198455 0.0000107081
128580091.2957033813 0.0000107078
128592749.0013965815 0.0000107081
128580080.1586493254 0.0000107078
128580054.6268867105 0.0000107080
128580097.0129638314 0.0000107077
128592747.9231730849 0.0000107082
128592730.5676502734 0.0000107081
128580058.6936476380 0.0000107081
128580070.8458000720 0.0000107075
128580044.6796646714 0.0000107081
128592734.3151144534 0.0000107084
128580042.8114389628 0.0000107081
128592735.3179839551 0.0000107084
128592745.9977374375 0.0000107081
128592752.5606083125 0.0000107080
128580057.5542400628 0.0000107081
128592739.9009009749 0.0000107084
128580044.4678801447 0.0000107081
128592735.7492667437 0.0000107084
128580052.8371757418 0.0000107081
128592741.7911146283 0.0000107084
128592752.1592284292 0.0000107081
128592707.5106047243 0.0000107082
128580046.4948386550 0.0000107081
128580055.0149426013 0.0000107084
128580057.9461790323 0.0000107081
128580053.4003302157 0.0000107084
128580047.4746431857 0.0000107083
128592750.3123652339 0.0000107080
128580064.3871501833 0.0000107083
128592749.5275641978 0.0000107081
128592742.0308925360 0.0000107083
128580045.4225439727 0.0000107080
128592755.8313075453 0.0000107082
128580045.0203852803 0.0000107080
128592750.1286139786 0.0000107082
128580044.8977984041 0.0000107082
128580057.0563528836 0.0000107080
128592743.4967572540 0.0000107081
128580074.3553908318 0.0000107078
128592751.3345157951 0.0000107081
128592740.5069624186 0.0000107078
128580043.7575508505 0.0000107081
128580076.3564404100 0.0000107080
128592749.0985665023 0.0000107081
128580055.6570712179 0.0000107082
128592751.7486400902 0.0000107081
128580060.0210727155 0.0000107080
128580040.6790121794 0.0000107081
128580044.3401501924 0.0000107079
128580042.1127614081 0.0000107081
128580086.2610322088 0.0000107079
128592746.1524406970 0.0000107082
128580049.1056736708 0.0000107080
128580040.9513370544 0.0000107082
128592729.0552022904 0.0000107083
128580053.4128575027 0.0000107075
128592741.2824902833 0.0000107082
128580046.5595464706 0.0000107080
128580044.0677421391 0.0000107081
128592750.4513757229 0.0000107081
128580044.9685796201 0.0000107080
128580044.0346373171 0.0000107080
128580039.6314875335 0.0000107081
128580042.7375604510 0.0000107081
128580044.9573242366 0.0000107081
128592744.1520373225 0.0000107081
128580045.8295819163 0.0000107082
128580039.9315996170 0.0000107081
128580046.8491788208 0.0000107081
128580041.6627614796 0.0000107081
128580042.0845261514 0.0000107082
128592750.2188889980 0.0000107081
128580052.4483085424 0.0000107082
128580044.3120685965 0.0000107081
128580044.5769154131 0.0000107080
128580039.7857887596 0.0000107081
128592745.7726666629 0.0000107082
128580042.9075084329 0.0000107081
128580047.7299552262 0.0000107080
128580045.0275907069 0.0000107080
128580043.3831396252 0.0000107079
128592745.4775057435 0.0000107081
128580042.3808354139 0.0000107082
128580040.7628547400 0.0000107081
128580069.1172448546 0.0000107080
128580039.7090204358 0.0000107081
128580052.6398696452 0.0000107080
128592749.4904700816 0.0000107081
128592749.8955901861 0.0000107081
128592750.1362344325 0.0000107082
128580040.8048577607 0.0000107080
128592750.3987865746 0.0000107081
128592750.6546502113 0.0000107079
128580040.9902843535 0.0000107081
128580042.7382641733 0.0000107082
128592750.2579713017 0.0000107081
128580038.7103443742 0.0000107081
128592749.4375684857 0.0000107081
128580041.9073774219 0.0000107080
128592745.3469991833 0.0000107081
128580068.7900314927 0.0000107081
128580038.1659044176 0.0000107081
128592747.8743138760 0.0000107082
128580037.8215469420 0.0000107081
128580045.2534354925 0.0000107080
128592748.6745651364 0.0000107081
128580049.3708885759 0.0000107080
128580040.0619276762 0.0000107081
128580039.4020528793 0.0000107080
128580038.3804194927 0.0000107081
128592745.2616350055 0.0000107081
128580039.5063975751 0.0000107082
128580037.9643398076 0.0000107081
128592723.5821972489 0.0000107082
128580038.4113363028 0.0000107081
128580051.7506752461 0.0000107081
128580038.3107950538 0.0000107081
128580042.9588479102 0.0000107080
128592748.9591307789 0.0000107081
128580040.0765438080 0.0000107081
128592748.6731147170 0.0000107081
128580040.7902580947 0.0000107081
128592748.4919012785 0.0000107081
128580038.8886294961 0.0000107082
128580038.3372635543 0.0000107081
128580038.8401733339 0.0000107081
128580037.9533873647 0.0000107081
128580040.0586727411 0.0000107082
128592748.6552661359 0.0000107081
128580039.1167269200 0.0000107081
128580037.9692967236 0.0000107081
128580038.9325965643 0.0000107081
128580037.9852904230 0.0000107081
128580039.2173992991 0.0000107082
128580037.7802653313 0.0000107081
128580038.2480309606 0.0000107080
128580037.7820713520 0.0000107081
128580038.1863663346 0.0000107081
128580038.5619502217 0.0000107081
128580039.0200033039 0.0000107081
128580037.6446279436 0.0000107081
128580040.7703045607 0.0000107081
128580037.8125700653 0.0000107081
128580040.6008390635 0.0000107080
128592749.0749967992 0.0000107081
128580042.0924377590 0.0000107081
128592748.9276315123 0.0000107081
128580044.2962792963 0.0000107080
128592748.8825000823 0.0000107081
128580044.5509811342 0.0000107081
128580045.5680840611 0.0000107080
128580037.8854232281 0.0000107081
128580044.3426888287 0.0000107080
128580038.1400298327 0.0000107081
128580039.7534917593 0.0000107081
128580037.8881188482 0.0000107081
128592736.2869859785 0.0000107081
128592748.7859104127 0.0000107081
128580040.1096268296 0.0000107081
128592749.0760543495 0.0000107081
128580038.4103285223 0.0000107081
128580038.3058730811 0.0000107081
128580038.0655241609 0.0000107081
128580037.8920987546 0.0000107081
128580038.1028019190 0.0000107081
128580037.7282522470 0.0000107081
128580038.8771136254 0.0000107080
128592749.1007301807 0.0000107081
128580039.4188608080 0.0000107081
128580037.7815663666 0.0000107081
128580039.4745746851 0.0000107081
128580038.0090511590 0.0000107081
128580041.4590938687 0.0000107081
128580037.7399531901 0.0000107081
128592736.2869861126 0.0000107081
128592748.9655865431 0.0000107081
128580037.7686084658 0.0000107081
128592748.6856759191 0.0000107081
128580038.1285362542 0.0000107081
128592736.2869860232 0.0000107081
128580039.3074191064 0.0000107081
128580037.7764299512 0.0000107081
128580038.2961605489 0.0000107081
128580037.8101578057 0.0000107081
128580037.8999066204 0.0000107081
128580037.8091248125 0.0000107081
128592742.7412904352 0.0000107081
128580037.7684226781 0.0000107081
128580041.4987497181 0.0000107081
128580038.6358952224 0.0000107081
128592749.1142430604 0.0000107081
128580037.8609764725 0.0000107081
128592749.1185852140 0.0000107081
128580037.7429875135 0.0000107081
128580037.7579262555 0.0000107081
128580037.7090867162 0.0000107081
128592749.1256082505 0.0000107081
128580037.6757834852 0.0000107081
128592749.1503987908 0.0000107081
128580037.7635114044 0.0000107081
128580037.6465286911 0.0000107081
128580037.6798151582 0.0000107081
128580037.7875551432 0.0000107081
128580037.6716274023 0.0000107081
128592749.1500481814 0.0000107081
128592749.2087292373 0.0000107081
128592749.0973738730 0.0000107081
128580037.7615353018 0.0000107081
128580037.7501846850 0.0000107081
128580037.7961743921 0.0000107081
128592749.0099148601 0.0000107081
128580037.9047102928 0.0000107081
128592749.0276622325 0.0000107081
128580037.8690550476 0.0000107081
128580037.6539107859 0.0000107081
128580037.9988399446 0.0000107081
128592749.0679233819 0.0000107081
128580038.0257387310 0.0000107081
128580038.8371074498 0.0000107081
89850850.0000000000 0.0000107081 1 0 0 0 0 0 0 0 0 0 0 0 0 0 0 