669561834.6861479282 0.0011368988
645310363.9026266336 0.0001633229
655176024.2896903753 0.0008084093
684022833.1898189783 0.0004893332
701114767.8242470026 0.0003884920
675770656.9605706930 0.0000175065
711168378.6720374823 0.0003625951
652377519.7066512108 0.0001404278
708154445.8493658304 0.0004545329
606311775.3127331734 0.0003074405
684231524.7142294645 0.0000236652
607363136.4689646959 0.0005700145
706078961.2113168240 0.0000305070
603344317.4262470007 0.0000339348
598398956.0821007490 0.0001324553
628207953.4973580837 0.0000706025
649936200.6401424408 0.0005161308
504878001.1588663459 0.0001658751
483611645.8881105185 0.0002244395
477093639.0831602812 0.0010335634
456656856.0781754255 0.0016424753
446071972.9529223442 0.0017143942
494167713.9947093725 0.0000008223
416292374.0697367787 0.0019944222
423598090.1797429919 0.0002232238
484576480.9502828121 0.0000795309
415610091.6557512879 0.0006931499
517322060.5942444801 0.0000005021
518319784.4428131580 0.0002441264
399192587.9954888225 0.0000690504
417689120.6828114390 0.0000368058
322523371.1665458083 0.0061131748
372605656.0671711564 0.0040021263
333626389.4425289631 0.0060152683
334153075.1370154023 0.0037006258
326301445.6773979068 0.0055905874
355524678.5006861091 0.0015178945
319582105.9832594395 0.0029764722
337973241.8427600861 0.0094407002
338480215.4571185112 0.0031316183
347775172.6874405742 0.0014362427
318121208.0970982313 0.0032804222
307619294.9430621862 0.0004179693
306881143.5696705580 0.0004805093
379402065.9660015106 0.0015618813
307969036.9338625669 0.0004937624
296103849.8642444611 0.0000439532
294791945.0024368167 0.0000355550
294547234.7988500595 0.0001223835
297883118.1868379116 0.0000680884
299643784.4490490556 0.0000000020
295701846.7553396225 0.0002522623
332455741.5255719423 0.0027541998
286716315.7433795929 0.0000352985
332748568.8933073282 0.0000036973
300058765.3090463877 0.0000296747
345106941.4368766546 0.0000666521
299514085.1896443367 0.0005162638
300945610.3390018344 0.0000007090
289385688.1561576128 0.0000483041
339956084.0355781913 0.0001075765
291399218.4406040907 0.0006067587
363287987.8785175085 0.0001000321
288205442.6757678390 0.0002364408
323171074.4044824839 0.0001640749
296033501.5728226900 0.0000079929
372225904.8655880690 0.0000953547
295496743.0984866023 0.0000761509
293894810.8673690557 0.0003315673
290114577.3630614877 0.0001345253
255617180.3390983641 0.0001431630
293166706.3435994983 0.0002053673
326448282.2017596364 0.0082787360
247167097.1869547367 0.0002213670
320630491.8422989845 0.0007381028
248793919.0036900938 0.0014026270
328029358.3199924231 0.0005571157
246999868.5414857864 0.0003088353
247655920.2138301730 0.0126294731
242179926.1024517119 0.0003295534
287218174.8091129065 0.0005840465
242810985.8108623624 0.0000092217
250617102.0887528360 0.0030463616
243075829.3338530958 0.0003958209
274337977.7300348282 0.0000155119
237594558.2500873208 0.0018626235
268859668.8317617178 0.0031653086
246223203.2092366517 0.0012309092
235764172.9505830705 0.0017766883
246257389.0314196348 0.0022599517
230555479.0826771855 0.0008754831
253343623.4809296131 0.0007910378
218090731.6451427639 0.0000180866
207556774.9326064885 0.0009409894
251598261.0825764239 0.0005678455
224973783.7130461037 0.0003206374
217179237.8825933933 0.0004161018
216778149.6594764292 0.0007516113
267360079.9929645061 0.0013078727
211337294.0595794320 0.0000051018
228786655.3018141985 0.0000036806
216602291.0769488811 0.0006383351
206322281.1283100247 0.0030116368
206182551.2462230623 0.0013472881
221387702.8948253095 0.0006680966
205831008.8111949265 0.0009167497
233508417.4321480989 0.0028955288
211010521.3844228089 0.0002203155
205206468.4504411221 0.0051819261
209835009.3910365999 0.0013242914
243457423.3588756919 0.0327010611
208313660.1023705304 0.0066228945
209100494.9367454946 0.0058524176
206519538.4913104177 0.0018873833
242100439.3291225135 0.0047133070
210917344.0814370811 0.0000535736
243648599.2007751167 0.0059007143
212816276.5104537010 0.0052722287
230565818.7019023299 0.0000522732
207724199.2171026170 0.0068089656
265768681.0871215463 0.0000193341
216733984.2948518395 0.0045392763
255809840.6515552104 0.0098447359
211747709.6767950952 0.0055404151
227189805.7067192197 0.0036962279
209661631.0501673818 0.0035608943
212341814.1437545419 0.0041207121
224431496.2920532227 0.0031246429
231345459.4733363092 0.0011426997
214537140.0145336986 0.0002612527
204169924.0054543018 0.0095902773
255630240.7189445794 0.0085912334
255700880.3378635943 0.0000583866
218467864.8877291083 0.0063250573
290506211.3850081563 0.0001886521
217689504.8951672018 0.0027562700
230982041.5309333503 0.0043110407
204759575.1773619354 0.0056510984
249624115.7314905822 0.0034498821
214977445.9249539673 0.0027050237
212078663.0556216538 0.0032011086
205323740.9951269031 0.0063329534
226350102.0851843953 0.0096629009
205916299.3319648206 0.0101154686
285596559.4575840235 0.0105155979
212222038.4203269780 0.0122587305
279845181.8516150713 0.0012552385
206310407.3216887712 0.0070002702
229362552.4526907206 0.0009774281
240813930.8454900682 0.0145900076
209056313.8357027769 0.0031373164
222831585.2700586617 0.0062500354
229289688.6585439742 0.0542644138
213986538.8018056452 0.0096528722
215725792.6084047854 0.0054519557
206217701.0357140005 0.0057299281
232102622.1240270138 0.0067434074
205228874.0878495574 0.0090458026
241694741.3373029530 0.0047830078
205372499.9594285190 0.0048264530
221905927.7057357728 0.0048210006
214141066.1050846875 0.0005850664
246714234.6370526850 0.0004759579
216274542.6500583887 0.0011385614
249490090.0770439804 0.0059753960
207610179.9179868102 0.0093288899
240106753.1690656245 0.0014833234
210588488.8151482940 0.0090329564
207714745.1476886868 0.0006203651
208185454.8898324668 0.0022027254
243143145.3722072244 0.0007275046
210810239.0122576356 0.0089416487
239283661.4805284739 0.0056683196
203799007.6437162161 0.0115029920
201470373.7736478746 0.0019345216
221128883.1119250357 0.0020200953
199474333.4417230487 0.0016541471
200628083.4006056786 0.0018816698
247763435.2549774647 0.0011718767
211478669.3799424767 0.0024009891
241582490.5724526048 0.0000208772
208547715.9874577224 0.0000037501
237211035.4848088324 0.0061482907
202588318.9851916730 0.0006887620
190126538.1711860895 0.0006115566
189188066.8379851580 0.0000689662
202557821.6761041880 0.0052751069
193795057.3697890043 0.0015031871
242761670.0407274067 0.0000655154
208274191.9084280729 0.0000262194
201861194.4296990037 0.0002271081
196386130.9260666966 0.0004006728
197145144.0335596204 0.0071953752
190315964.1722833216 0.0005904233
263874759.3392743170 0.0097143257
197842507.5860514641 0.0000389094
236698824.7685750127 0.0000121794
199488210.6238503158 0.0020787498
202078210.0463900268 0.0000505276
187552967.1433705986 0.0021428817
249563330.3398499489 0.0002638572
206849211.5000986457 0.0016783193
200760219.8880762458 0.0126380779
189829339.0200614929 0.0007902049
199524452.2252274454 0.0144077241
205026957.5856198370 0.0020019551
205137986.3739139438 0.0000026225
186022517.4252834618 0.0029413959
262943313.8294478357 0.0118840431
185848560.5427030027 0.0087499891
249067557.2764747143 0.0151965551
182156584.4240429401 0.0114736903
218151799.0589763224 0.0210693161
182480243.5840155482 0.0126338556
209813722.5660832226 0.0104866669
204872625.1124662161 0.0058394303
234051146.8485168219 0.0227309242
186244054.1807080805 0.0094696404
175874739.6091569364 0.0176788057
189044121.9910508394 0.0162558646
191598259.6958799958 0.0023386250
178793423.6235610545 0.0191662008
247072333.5404629409 0.0008965070
192927012.6946735978 0.0169609088
248307773.0070714653 0.0057021272
187612747.1554667056 0.0324290364
202305068.3198187649 0.0270171367
188826106.0353126228 0.0187530238
279500493.0296071172 0.0146853687
177640060.3278310299 0.0182875702
212058362.6225857139 0.0089423637
185663913.2882795632 0.0000145695
185180408.5400176644 0.0077723167
198507676.1335574985 0.0223931491
181524094.8941240907 0.0140917061
199614640.8395099044 0.0194544023
175528310.7207446098 0.0225640295
176730802.6684789956 0.0270056695
176753515.6879968643 0.0222259281
173460340.7716739774 0.0263327064
183874879.1384543478 0.0150701991
194995953.3963161707 0.0254855842
174712685.3179082274 0.0190808899
172806476.3957739472 0.0297405997
186834837.1426306367 0.0426119845
170464820.5729519725 0.0340599076
171823699.0142195225 0.0388944550
172776777.7972404659 0.0347979238
187274977.1343528628 0.0373790623
173544508.7297633886 0.0324870672
199617700.0228593946 0.0142930399
176660213.6729824841 0.0349425372
184815318.3992458880 0.0151501092
177186736.5227752626 0.0228058387
182023950.1091822684 0.0086687671
177538174.1103423834 0.0373106813
172959176.8876474202 0.0182195931
172952682.7341705859 0.0350285519
174952068.1497676671 0.0359688237
174483769.6747358739 0.0322184040
175302424.0188822150 0.0594375573
174168157.5651297569 0.0329602649
179875049.2772843242 0.0344237174
173196331.6898463368 0.0311105453
176128513.8612602949 0.0285835714
174898636.2695786357 0.0410210045
180255105.1366291642 0.0315699298
177857867.4145210683 0.0274455933
198070057.3198131025 0.0333869200
179164312.5957729816 0.0292555791
174261319.0506718159 0.0602992178
173179137.0083301067 0.0380125064
171140034.0083993375 0.0326770587
199293418.5282991230 0.0276780305
171203147.5033889115 0.0337075033
173518984.8384486735 0.0410482982
177428678.7161659300 0.0321601717
173199830.4180950522 0.0336995839
170732745.9704209566 0.0314761643
174941324.7271229625 0.0309748495
177396861.5279463232 0.0317145525
172618353.4216079414 0.0365453561
171944417.1667229533 0.0361983060
170106432.0058854222 0.0509242326
199443072.1549006701 0.0472459840
165760764.9951291084 0.0579198199
176600569.7375306189 0.0528651341
166437724.1621155441 0.0741504789
173679055.5881868601 0.0533608134
175078765.7481437922 0.0545514642
175439976.2306939363 0.0588646504
166958219.4790176153 0.0680528969
165493394.1265830398 0.0556927421
170874179.6130636632 0.0513511709
167096299.3182163835 0.0542578768
168509045.2988777757 0.0685621388
168378358.8682475984 0.0567577229
168968579.9542086124 0.0624130360
166417158.3385617733 0.0569730639
181257697.6872112155 0.0391813104
166758588.9398316443 0.0574390222
172756685.8093107343 0.0586053617
166120159.0467510819 0.0550381016
170145326.9324181974 0.0468358266
165869663.4151515663 0.0525671038
177870800.3078241050 0.0513909454
167552161.1088876128 0.0590678265
166887184.0834931433 0.0561542756
168648225.7899091542 0.0448686689
191708591.2888951898 0.0593474405
165920300.3015531003 0.0583846441
174350967.2198047340 0.0733959185
167465668.2929823399 0.0583020867
169185976.0208722055 0.0699182230
174839289.1918481290 0.0594937552
170881539.9799377918 0.0296585447
173000202.0306056142 0.0564618624
194072230.6350713074 0.0512237099
167048991.1575154066 0.0542427870
201034858.4459601045 0.0644667964
165754966.2952906787 0.0562368053
175162648.6748222113 0.0532692853
166327981.2711238265 0.0576103804
173282108.7894920707 0.0507878647
166592965.0513973236 0.0567956325
204482001.0698142052 0.0485587978
166244407.0031862557 0.0543824811
203817984.3037829697 0.0485481570
165462394.6790629327 0.0564450967
206727551.9810863137 0.0496665294
168311036.1367081106 0.0488775573
176124654.3548548818 0.0522775533
168261510.6491804421 0.0513722701
167866139.9215904176 0.0564767542
168187066.2331258953 0.0501513190
173787258.8780348003 0.0446032888
165178909.5539830923 0.0559432393
164087352.9095626771 0.0554484562
173983279.4936988652 0.0556340155
167122313.5978846252 0.0417170351
166380051.5094393790 0.0578573947
167375800.8661618531 0.0401525041
169820444.4854340851 0.0500510843
173752301.6260131001 0.0682112926
174298025.2690071762 0.0507784015
165354560.4576729536 0.0745519048
172865657.2726468444 0.0527264819
173462440.5102486610 0.0528465987
164186758.5737347305 0.0574050548
164185067.1409439445 0.0544599279
164987793.1535756290 0.0488655021
173863967.1754342020 0.0540185645
168676857.3214661479 0.0535297824
163492027.7720488012 0.0559163406
169136262.0969419777 0.0597254525
174499667.0622602105 0.0551443879
165324747.2396565676 0.0679844351
165316214.8163156211 0.0581619242
165490655.3886136115 0.0520318495
164546261.5822505653 0.0563637858
169610524.3906153738 0.0631245583
163504755.3300226331 0.0570065289
166771412.3129231334 0.0618437009
173064948.4403372407 0.0526833375
166839209.9723263383 0.0566836188
163213758.8384231329 0.0565243998
163747149.2445260584 0.0533878204
173624004.9447241127 0.0547017378
171965646.7170621753 0.0555570693
164684623.5350469649 0.0569073756
174287004.9358678460 0.0690212420
173050830.1311409473 0.0545728209
172240453.5592666268 0.0525043336
172258342.1751518846 0.0571943305
167160883.2852545679 0.0664502259
163475681.2603136003 0.0518437879
168387229.5992051661 0.0568627706
173923152.5586689413 0.0554069600
166259365.7264950275 0.0560319169
174206121.2403149307 0.0559950413
170055346.7106965482 0.0547363931
163868056.2583204508 0.0572941579
167054637.1312663853 0.0486463221
173776270.2777669430 0.0562117907
166768279.5695426166 0.0575146997
172329147.8965106905 0.0569567817
165138048.1884538829 0.0532056304
174211583.9953416884 0.0537587506
174258483.7528316379 0.0566900148
164057538.7093818188 0.0540876138
165051457.0916751325 0.0574987188
165285812.9921002686 0.0542029190
174155786.3598860800 0.0563780683
173774735.8705844581 0.0594232818
164301192.9901979864 0.0563042142
165369292.1684743762 0.0581122678
164115664.6009659171 0.0570398211
164997436.2739486396 0.0571320491
163583015.9876800776 0.0571416652
174668104.8939290941 0.0534852379
163993771.9271185696 0.0549258633
163415753.6070752442 0.0587954313
172314147.7510982156 0.0556872140
162930756.6749581099 0.0571575416
162853192.4077473283 0.0574927206
164723353.9244221449 0.0596888837
166437577.3578312397 0.0573838745
165779083.0414353907 0.0569760973
165720410.9278270304 0.0569655117
165779661.0066034496 0.0608338442
163042519.0024514794 0.0583411759
165828713.5473465025 0.0571519190
166243915.0471302867 0.0585815401
165006360.4289352894 0.0584477172
163015524.7080122828 0.0573423450
170228948.6497159302 0.0552968499
163140348.3704846799 0.0576708697
166458436.2225658000 0.0530932929
163226496.4939224124 0.0574070918
173824001.8766185641 0.0528201604
166811844.3104555011 0.0558232480
165939743.3518268466 0.0588603955
165719307.0081516206 0.0563858188
163596963.5123605132 0.0561062603
163678356.9681327045 0.0569302420
166091340.6798991263 0.0606227402
162839035.5980494320 0.0579820598
162969579.1564101875 0.0629193570
165524591.8148037195 0.0589687684
163992423.8302307129 0.0609892904
166404171.4082510769 0.0578772153
163591867.6006252170 0.0602209756
163421850.4424678385 0.0581242425
166065318.8129179776 0.0570947695
162744303.0203028619 0.0585735056
164713195.2122709453 0.0610366205
165731160.8127024770 0.0577262259
162239398.3877417445 0.0620435519
162186351.8068688512 0.0618867544
170693165.3432578444 0.0622032990
164396202.2297887206 0.0621780887
163119336.7790957093 0.0655388100
162285526.9151542485 0.0616101038
166683741.6771787107 0.0596701172
165406102.0857068002 0.0616281754
170839320.5688810647 0.0623605296
162055985.6253109872 0.0634672792
163200043.5461904407 0.0662397648
162334799.1539440751 0.0640292229
164774975.2380819917 0.0651743654
166261628.4154168367 0.0631001532
162870354.3640299141 0.0655326538
165442399.2606553137 0.0642459376
164902422.6379465759 0.0687659859
162215946.6125823855 0.0640096104
162333517.7956473827 0.0634403554
162180282.8100648224 0.0661752777
162252035.0593208373 0.0634783568
162678028.1264802516 0.0640324381
161930260.4524493814 0.0638847476
161682313.1675025225 0.0639768161
161915068.4217531979 0.0642596504
165678985.6917573810 0.0623828005
166303351.6290922165 0.0633863815
162462109.7489276826 0.0652486370
161643982.1600394845 0.0639607602
162630837.4340328574 0.0632330514
166583504.0615964830 0.0640248123
162993520.3932929337 0.0631592489
161624697.5462870896 0.0640271351
161415946.7343471646 0.0654755428
161404545.0722254813 0.0653855740
166079229.5881317854 0.0637210274
161293707.7899329066 0.0656981238
161793660.8797804117 0.0644081842
166351432.0594587326 0.0665463609
161503863.5276789069 0.0660863326
165870156.0884896219 0.0655854875
165147917.2845221162 0.0675232792
165932647.1924610734 0.0651985447
162228817.5456833541 0.0678739885
161662911.7879869342 0.0654805150
161401100.8853126168 0.0673738167
166415985.7297981679 0.0654404413
161509491.7863297462 0.0650091232
166337022.0993342102 0.0656635733
163438177.7359388769 0.0637217823
161530603.5883295536 0.0657952139
164912914.2490725219 0.0676088292
166058546.1136311293 0.0656137610
161746913.7443214953 0.0695215257
161642368.1320007741 0.0658020445
162394720.2772307396 0.0653764485
166715032.6360263824 0.0654783317
165218463.9568527341 0.0675801256
161552271.8763141632 0.0653699677
166764730.3102342486 0.0654776190
161418177.4198653400 0.0661372149
166211120.5988436937 0.0649612680
161414690.4904232323 0.0662638102
166622121.1903493404 0.0649686951
166485419.4447768033 0.0659256763
166165387.8874230981 0.0660912485
161418811.9090903103 0.0656588817
164885385.2494618595 0.0639135797
161284297.4862945378 0.0655667971
166137638.9005531967 0.0661873144
166220810.3677769899 0.0651928299
163630584.3202427626 0.0665047656
166266621.1111111939 0.0652740545
166081848.8271111846 0.0647631406
161357129.8519020081 0.0659401397
161736008.1093614399 0.0639210219
161241788.7993369699 0.0658802388
161229520.8728408813 0.0668241366
160935095.1305859685 0.0673135888
160406912.0174036324 0.0702166060
165784324.9414752722 0.0694041420
165268915.2502774298 0.0714691063
165105353.5382198095 0.0701799051
160491559.5447134078 0.0701972845
160380496.0424499214 0.0707371971
164177933.2323327661 0.0731113934
160401317.6781810820 0.0704520699
160333246.2097031772 0.0724413315
160464920.5327324867 0.0727429364
165219124.4147295654 0.0717878347
160461338.7682826817 0.0733574915
164598893.6275334656 0.0730658271
160638328.8330795467 0.0726757412
164828656.5718867481 0.0724815125
165353965.9768411517 0.0724853356
160207621.5894398391 0.0715574537
160364541.1625081897 0.0717657638
163558254.7531949878 0.0704276331
160174489.7850170434 0.0717533367
160223293.8342161477 0.0735337329
160075248.1485555172 0.0725754417
160868807.8471051455 0.0760409527
160246591.8451241553 0.0716421965
160393893.8898651302 0.0721837279
164864842.5277493298 0.0725056873
164721863.0712635517 0.0735053140
159962225.6017133892 0.0722721416
160525839.3027655482 0.0728077678
160389741.4636755586 0.0714913045
161230751.6254791915 0.0717437236
164734210.5792974830 0.0723157782
163570696.4158981740 0.0742229697
164886227.9816068709 0.0722170808
164108707.1213781238 0.0749820679
165048850.1600394249 0.0721749720
160579490.4592872858 0.0740563242
160462569.6341526508 0.0725479206
160363721.6157347560 0.0696889097
159999884.4056418240 0.0726587632
163964339.6995411515 0.0713187986
160052075.0772569180 0.0721994798
164457129.1682007909 0.0703129257
164867436.9412342906 0.0724999104
164609105.6460578442 0.0708443906
164668774.2610981464 0.0713327919
164528350.4331490993 0.0738002171
160703211.9535064697 0.0718923643
160764688.8542518020 0.0724381906
164667495.4497312903 0.0717655667
164878349.1630988717 0.0712357274
164861305.7861420512 0.0722872719
164842435.8151251674 0.0733562902
164811677.2349070907 0.0723360805
164599440.4730955362 0.0707833281
160004034.3163769543 0.0717539121
163971015.5360230803 0.0716695187
164534942.5845788419 0.0725031779
160379284.3730158508 0.0703090199
164611611.4447737038 0.0721349222
162888537.2114317119 0.0742055923
160243226.6595665514 0.0716012574
165034448.9539405406 0.0720171832
160222315.6457263529 0.0733731948
160007266.6501552165 0.0724722341
160049968.5853215754 0.0716923304
159905827.1813192964 0.0724358213
164697382.2317002416 0.0715402506
160015959.9408174753 0.0720070369
160483951.5430358350 0.0736982507
159941403.6505759954 0.0724273604
160430352.3229422569 0.0729812797
159863213.6728884280 0.0728872728
160113960.6858769357 0.0731976551
164932808.5523703396 0.0731816980
160302843.3217539191 0.0732671468
164849032.7211104333 0.0727858750
160070252.7163881958 0.0723903003
159875327.0878761113 0.0729679952
160295952.2831376493 0.0723537099
159893628.1912963986 0.0727555396
159983748.9949857593 0.0732823603
160903088.5480134189 0.0735152233
164933528.6497120559 0.0728397518
164915478.7335685790 0.0727386289
164959425.8242247999 0.0728047190
160136408.5808441341 0.0727868297
159791135.0900021493 0.0730718793
164924900.2488266826 0.0726984896
159847086.2576881349 0.0731120914
164755312.0619914532 0.0738043186
159837099.4943128228 0.0730188696
159899464.8400047123 0.0728297369
164916170.7000935674 0.0731359644
160101706.4831669927 0.0736551940
164961931.4143278897 0.0730238825
160049352.3360690773 0.0734939483
159818189.5850983858 0.0731196808
159948484.8044303060 0.0731305000
159784948.1207596660 0.0730534406
159940848.3522265851 0.0734041644
159798345.2633790672 0.0731347920
160347758.7842964530 0.0727987941
164827082.6639684141 0.0730942163
159827958.9174406826 0.0729136184
159848572.2934530377 0.0730976827
159859581.9647986889 0.0727803411
159812183.0093189776 0.0730389972
165013704.2339743972 0.0728626445
159876646.4989493489 0.0730955778
164669632.0314852297 0.0731198104
159878461.2957691252 0.0731963352
159951838.8855746090 0.0731266774
159806210.2890954614 0.0730497042
164751528.1000813842 0.0729462816
164788746.0245036483 0.0730830866
159827458.6165361404 0.0730526047
164864659.4483167231 0.0729274003
164879574.2221846879 0.0729860287
159923492.3504602015 0.0731354253
159829984.9278251529 0.0729976197
159761275.8285436630 0.0734650566
164812914.3428339362 0.0736166440
159912128.1964899004 0.0736000555
159793925.1430200040 0.0735102532
160232459.4219020903 0.0736758016
159785710.1825817227 0.0735340633
159813065.0617194772 0.0734209571
164842988.9735496640 0.0734986965
164860015.2661778629 0.0733540671
164836705.9323688149 0.0736402969
160043958.7865850925 0.0736706647
159765750.0759396851 0.0734542051
164743911.2998237610 0.0732602908
159808753.0366624892 0.0734598347
159881653.3740138412 0.0735583383
159777403.2746181786 0.0734844568
160144105.7101084888 0.0732763438
159776919.0774211586 0.0734147615
159827629.7577070296 0.0736143325
164880938.3345690966 0.0734461821
164863666.7366730869 0.0732994526
164856403.0121167302 0.0734817887
159880934.0309048891 0.0734247039
159754973.3246640563 0.0734697860
164847686.7794015110 0.0732201472
159745748.1879775524 0.0735282214
159965756.2564198375 0.0735943425
159758113.8189029992 0.0735286988
159742868.7695098221 0.0735130525
159739992.4162161052 0.0735758714
164799751.7475898266 0.0734126290
159751846.4335571527 0.0735835399
159777336.0105720758 0.0734674824
164763496.6077182889 0.0736179579
159783753.5127765834 0.0734573900
159733708.7419176996 0.0736680077
159828124.7631666958 0.0735640977
164801464.9848464429 0.0736166277
159738612.3903450966 0.0735471920
159740985.2109593451 0.0736101973
159775184.2866648436 0.0740733558
164801865.2859270871 0.0736460668
159681630.8330583572 0.0740147550
159645728.5918897092 0.0741553250
164621454.5557211339 0.0740191077
164681936.3101276457 0.0742040136
159796250.2599438131 0.0740594705
159749759.9816090167 0.0740775344
164671047.6746761799 0.0742320739
164657589.8194451630 0.0741361244
159994303.0328030586 0.0739260682
164703154.6213386059 0.0741200523
159695012.9281781614 0.0742538056
164706795.6616982818 0.0741334959
164672691.1760976613 0.0742919142
164641045.6718321145 0.0740639962
159652799.2226140797 0.0741570747
159705039.4784244597 0.0741883734
164725926.9971820414 0.0741314309
159691580.5533308685 0.0742543660
159643888.4162741601 0.0741510683
164680455.3296826184 0.0740716223
159651349.4973747432 0.0741603147
164552397.1795401573 0.0739988458
159671592.0213000774 0.0741687971
159723136.4633005857 0.0742357015
159674224.3571883440 0.0740627808
164466784.5791997612 0.0740442392
164716308.9040470123 0.0741238546
159655345.5264931023 0.0741680320
159649295.4244295359 0.0741469956
159688010.0481093228 0.0742571994
164709703.3819151223 0.0741398124
159654733.3064598441 0.0741793491
164710080.4312197268 0.0741625230
159647194.8282306194 0.0741554390
159655598.0059308112 0.0741629638
159665359.7324663401 0.0741969802
159652268.5621314347 0.0741537272
159685053.7128789425 0.0743864090
159670698.1075889170 0.0741098716
164670533.0197285116 0.0742910419
159678575.4895131588 0.0741333019
159685064.3331796229 0.0740880118
159672179.7390628457 0.0741629615
159673584.1578091383 0.0741694734
159652806.2757503390 0.0741332748
159840816.6666320562 0.0742787846
164706771.0927334428 0.0741773081
159714804.9743913412 0.0740909720
159668180.8517451584 0.0741124748
159844567.1173171699 0.0742683414
159744308.6486252248 0.0742097336
164702597.2284794152 0.0741523621
159729388.2118992209 0.0741294382
164717631.0862062573 0.0741432152
159663367.5416886508 0.0741405362
159646988.5084548593 0.0741326594
164708513.3935102224 0.0741756309
164710226.8203575313 0.0741412042
159652220.6315041184 0.0741411835
164718554.8429907858 0.0741713473
164687071.9179927111 0.0740524236
159667297.6099363565 0.0741540845
159651011.3420043588 0.0741583166
159658382.8066383004 0.0741711978
164718530.1292416751 0.0741430445
159640086.1908392608 0.0741541595
159642381.9584196210 0.0741568154
159670505.4795188606 0.0742054124
159645448.6890059710 0.0741508880
164710237.8367867172 0.0741704509
159639252.5593876243 0.0741557357
159644142.7542842627 0.0742123633
164723436.2322082520 0.0741550040
159645064.3162225485 0.0741649908
159649319.6066776514 0.0741557775
164718766.7590148449 0.0741011302
164724910.5342527926 0.0741572604
164710202.9872923493 0.0741596838
159642851.8346873820 0.0741543624
164701350.5060959756 0.0741359725
159641713.9025290608 0.0741521566
159689881.8440904915 0.0741780996
159640393.9077576995 0.0741634317
159673339.5055917799 0.0741487880
164712410.3368140757 0.0741868348
159669697.2154906094 0.0741578115
159639965.2646698058 0.0741552610
164719954.9664311111 0.0741004049
159648661.7305130363 0.0741611144
159647263.0393681228 0.0741690751
159640533.5799790919 0.0741641634
164711412.0628523529 0.0742235010
159638364.9546238780 0.0741587404
164711505.0365673006 0.0742259322
164718639.2501198649 0.0741581704
159690703.1218877733 0.0741608287
159642536.7057585120 0.0741584584
159663413.8300257027 0.0741665666
164713506.2043236494 0.0741540537
159647553.8431498110 0.0741919565
164723572.6911168098 0.0741579159
159634812.3217524588 0.0741921854
159638527.5889360607 0.0741970988
159635499.4217862785 0.0741907643
164716734.7208166420 0.0741775669
159633792.0349824131 0.0741908722
159637029.1715360284 0.0741637933
159634145.0302979350 0.0741917461
159638304.1951197386 0.0741953007
159635310.4762416482 0.0741908915
164722490.0190929174 0.0741680004
164715988.3054985702 0.0741893867
159638004.7913304865 0.0742121309
159633259.8076846004 0.0741915340
164715756.7421625555 0.0742091141
164717299.6687718630 0.0741938408
159637822.2219982445 0.0741961309
164708308.5663197041 0.0741861027
159630749.3311042488 0.0742178065
159633103.6772309542 0.0742166433
159641055.4763626158 0.0742070852
164710416.2995736301 0.0742198763
164693134.9003217220 0.0742018953
164709516.7733918726 0.0742157021
159661830.7382543981 0.0742209501
159632334.6390355229 0.0742173862
159642591.8737238646 0.0742283072
159631498.7349524200 0.0742211066
164711188.9056427479 0.0742085754
159631236.1903497875 0.0742176472
164706882.1877303421 0.0742327067
159634451.5327979326 0.0742207642
164707297.3951702118 0.0742210042
164709642.4624609053 0.0742222237
159632671.9359111786 0.0741973321
159632598.0036796033 0.0742195908
159641609.3168690801 0.0742258466
159629318.2411027551 0.0742165515
159633968.7091178894 0.0742218361
164705917.6077973545 0.0742111245
159640518.3756038547 0.0742240754
164711695.4672396779 0.0742095997
159639924.9067882597 0.0742237360
159629576.4570905864 0.0742186718
159636278.7989910841 0.0742319186
159631047.3553794026 0.0742167658
164694677.9994631708 0.0742059920
164712257.4473492801 0.0742129601
159631381.9796104431 0.0742359376
159631889.6165692508 0.0742150992
159643870.5188343525 0.0742026219
164711212.8359924257 0.0742214792
159634441.5595752299 0.0742013737
159632258.8760474920 0.0742164707
159634287.6454980373 0.0742387509
159631405.7601816952 0.0742177765
164700465.6354459524 0.0742058148
164711960.0791569650 0.0742184492
159637339.8208867610 0.0742131556
164697143.7803615630 0.0742063413
159632878.2119721174 0.0742131530
159629877.5419888496 0.0742142511
159631749.9137662053 0.0742247806
164711476.7413417995 0.0742136188
159629982.3875552416 0.0742253450
164711850.9360423982 0.0742162428
164708846.7468384206 0.0742117415
164712061.9093863964 0.0742134021
164710182.1275703013 0.0742242933
159631272.4708795846 0.0742177823
159629409.4395903051 0.0742270996
159629361.3644776940 0.0742179552
159632316.1166425049 0.0742079459
164709032.6432824135 0.0742150936
164710598.7771115303 0.0742165338
164711812.8827036917 0.0742162386
159630240.5420953333 0.0742132433
159631094.7445751727 0.0742167995
159630811.8155913353 0.0742169261
159635740.8225375414 0.0742186866
164711453.8530622125 0.0742156485
164711683.9944295883 0.0742188473
164711074.9849433303 0.0742170476
159632425.7644461393 0.0742150554
164711160.3308840990 0.0742161894
159629510.9137906730 0.0742214161
164711396.9553633332 0.0742149283
159633787.6862970889 0.0742190807
159629779.4400185347 0.0742168852
159629579.4040301144 0.0742218736
159629375.2156908214 0.0742166159
159629809.2839882970 0.0742159072
159629375.5425948203 0.0742158238
164709641.8545816839 0.0742170355
164711808.8353493214 0.0742155972
159629920.6366873384 0.0742161722
159630219.9474068880 0.0742171400
159630356.1557309031 0.0742119498
159629366.6290312111 0.0742181182
164711772.4932940006 0.0742157769
164711053.7560817897 0.0742187105
159629509.7534967363 0.0742158721
159630289.6599381566 0.0742163906
164711830.0672371984 0.0742160793
159630113.4210121036 0.0742146404
159629299.3131954372 0.0742166230
164711639.4778217375 0.0742146792
159629351.1856367290 0.0742166042
164711564.5628108978 0.0742163995
164711606.7680656016 0.0742163644
159629850.3957574368 0.0742171131
159629401.8192642927 0.0742166308
164711757.5192741454 0.0742142792
164711643.7833659053 0.0742166449
159630936.6621912122 0.0742172406
164711528.9453121722 0.0742170284
164711496.3216750324 0.0742151466
159629278.7360853553 0.0742170319
164711481.6414799690 0.0742179328
164711577.7191084921 0.0742180476
159630323.5243861675 0.0742163756
159629338.6041781902 0.0742173603
159629715.0262715220 0.0742161493
159629270.3595690429 0.0742172192
159629123.4303730726 0.0742197676
159628990.4397585392 0.0742200545
159628942.8455828726 0.0742190096
159629177.8507023752 0.0742190661
159629246.2248401940 0.0742168370
164711951.7556083500 0.0742187831
164711712.4674341977 0.0742205607
164711503.0962245762 0.0742184698
159630904.4429669082 0.0742201243
159629770.7144983113 0.0742189026
159629454.1862072647 0.0742170673
159628666.6151947975 0.0742200842
164710174.8675439656 0.0742185412
164712002.5743997991 0.0742197950
159631040.9475649595 0.0742218581
159629395.7101566195 0.0742203280
159630258.1532140374 0.0742217963
164711847.8371233642 0.0742200150
159630540.5284332633 0.0742212531
159628656.3573016822 0.0742200192
159629600.7616947591 0.0742193052
164711139.8084891737 0.0742201037
159631864.3821274638 0.0742204271
164711558.4354065359 0.0742198126
159629480.5576952398 0.0742202196
159628710.6531571150 0.0742205212
159628947.4603741467 0.0742217208
159628710.5556035638 0.0742207326
164705105.0291330516 0.0742192723
159628660.1827078760 0.0742203035
159630661.0012885034 0.0742196656
159628781.3213331997 0.0742196999
164705105.0273469388 0.0742192723
159628876.6685094237 0.0742207247
159630212.5503271222 0.0742213685
159628866.0874427855 0.0742191725
164705105.0289895833 0.0742192723
164708457.5161578059 0.0742196458
159628686.2439818978 0.0742201957
159629730.7501973212 0.0742206980
159628664.7929484546 0.0742202833
159629071.3314121962 0.0742201667
159628822.4650673568 0.0742201497
159628997.5478927791 0.0742201699
159628666.1568458378 0.0742199569
159628809.7393026054 0.0742203310
159628762.8824716210 0.0742200495
159628875.8227963150 0.0742189941
159628718.6995699406 0.0742202326
159628751.6581403911 0.0742209825
164711642.1388934255 0.0742199564
164711671.1307639182 0.0742183983
164711636.4349178076 0.0742201258
159628782.7325807512 0.0742209323
164711809.5652151704 0.0742201211
159628988.2139124274 0.0742201806
164711756.4814462662 0.0742199688
159628979.6251577735 0.0742199760
164711727.1291873753 0.0742200161
159628906.1917615235 0.0742202517
164711794.4712225795 0.0742197022
159629023.7971716821 0.0742211697
159628727.1450216770 0.0742198693
159629021.4426173568 0.0742205383
159628672.8582532406 0.0742202199
159629158.3440551460 0.0742195801
159628656.6615394056 0.0742201271
159630019.4841623902 0.0742213162
159628729.0446052253 0.0742203110
159629172.4683557451 0.0742207423
164711823.1787013710 0.0742194573
159629030.2887720168 0.0742203991
159628683.1188351214 0.0742201700
164711046.6551509798 0.0742215444
164711446.6460524797 0.0742197554
164711769.6759307683 0.0742199416
159628872.0509830117 0.0742202036
159628746.0309563577 0.0742200932
159629306.7418240607 0.0742195849
164711685.8330990672 0.0742199493
159628814.7090269327 0.0742203396
164711704.9651151896 0.0742203255
164711743.3539203405 0.0742199869
159629015.2120675147 0.0742196499
159628702.0124985278 0.0742200566
159628631.9111253023 0.0742201444
159628679.5574317575 0.0742201958
159628950.6779736578 0.0742204599
164711736.4733989537 0.0742201593
164711728.5870856047 0.0742201425
164711746.0529735386 0.0742200946
159628737.9938873649 0.0742203719
164711726.1267612278 0.0742201009
164711639.7828221023 0.0742200468
159628636.5104563534 0.0742201442
164711702.0368846357 0.0742201459
159628645.5254118741 0.0742200822
159628752.8840284050 0.0742200601
159628621.0904995203 0.0742201899
159628731.3927021325 0.0742205491
164711720.5204999149 0.0742201873
159628608.9719425440 0.0742205227
159628600.3952496350 0.0742204918
159628650.5954825282 0.0742206887
159628615.1310825646 0.0742204761
159628587.5545442104 0.0742206925
159628615.2008122802 0.0742206944
159628724.3015833199 0.0742209354
159628584.0190140903 0.0742206835
159629099.1006757915 0.0742202883
159628580.7220417857 0.0742206571
159628572.2637183070 0.0742207995
159628615.5644717515 0.0742207506
159628546.6081062555 0.0742208348
159628539.7609068155 0.0742208524
164711696.3977301121 0.0742207787
159628571.7569351792 0.0742209034
159628697.8801138103 0.0742208787
159628583.2534132004 0.0742208219
159628617.0055636466 0.0742210321
159628528.7360516489 0.0742207539
159628677.9531449974 0.0742209493
159628627.1601763666 0.0742208642
159628542.0039354861 0.0742209199
159628518.8557314277 0.0742207014
159628563.2678782642 0.0742207159
159628518.9849565923 0.0742207080
159628591.7588379383 0.0742207707
164711719.2642167211 0.0742206632
159628541.6685202420 0.0742207216
159628534.7580647469 0.0742206548
164711620.8064580262 0.0742208882
159628567.4563368559 0.0742207317
159628688.0138849020 0.0742208008
159628517.5831451416 0.0742207897
164711683.2362031639 0.0742204678
159628491.6025085151 0.0742208405
159628531.1709252298 0.0742211603
159628503.9521499872 0.0742209121
159628596.1995581090 0.0742208595
164711663.4821286798 0.0742208645
159628581.2626148462 0.0742207925
164711610.5978993475 0.0742206718
159628801.5879789889 0.0742210583
159628498.6304072142 0.0742209339
159628538.9110148549 0.0742208996
164711684.7386950552 0.0742208044
159628641.2579611242 0.0742209297
164711719.2174804211 0.0742208702
164711719.5204713941 0.0742208554
159628492.1456296146 0.0742208647
159628496.9413465559 0.0742210353
164711704.5297486782 0.0742208042
159628546.8364869356 0.0742209355
164711633.7524541020 0.0742208746
159628717.2795991898 0.0742206498
164711702.3123095632 0.0742208389
164711705.9064457119 0.0742207888
159628502.7427970171 0.0742208449
164711640.8687350750 0.0742207689
159628515.4015337825 0.0742208061
159628575.3117258251 0.0742209701
159628504.0706171393 0.0742208504
159628505.0744481683 0.0742208486
164711681.2425276339 0.0742208346
159628558.3569906354 0.0742208760
159628487.4772133827 0.0742208413
164711292.9742337465 0.0742207946
159628500.3437188268 0.0742208289
159628664.9115683734 0.0742209875
159628491.6649889648 0.0742208418
159628542.2510204613 0.0742208751
159628499.1189326644 0.0742208508
159628511.1244595647 0.0742208587
164711685.4385737181 0.0742208162
159628552.5898101926 0.0742209969
159628497.7111859322 0.0742208459
159628616.9920705557 0.0742209079
159628509.4059204459 0.0742208546
164711292.9742143154 0.0742207946
164711692.1590542495 0.0742208242
159628494.1999366581 0.0742208835
164711702.7136427462 0.0742208296
159628519.4664279521 0.0742207781
164711708.3748015165 0.0742208334
159628525.1871168613 0.0742208334
164711292.9742082655 0.0742207946
118742256.0000000000 0.0742207946 0 0 0 0 0 0 0 0 0 0 0 0 0 0 1 