306405222.7368138433 0.0000009890
291332732.0147347450 0.0000003415
294338780.9733866453 0.0000000584
307779118.1608136892 0.0000000015
323764389.8838115931 0.0000000969
344550004.0556669831 0.0000000164
295024140.0461119413 0.0000000007
299675360.2444041967 0.0000012535
320046370.9197923541 0.0000000025
294354602.8287945390 0.0000000007
325143065.7516528368 0.0000004952
282403861.0231395960 0.0000000479
333538685.1415842175 0.0000000568
279309001.0045873523 0.0000004368
278681543.7380912304 0.0000018952
294511528.9776706696 0.0008397408
304227355.5231863260 0.0000009135
258311813.7923980057 0.0000032554
240061822.5025194287 0.0000043206
239110068.1008641124 0.0000046900
213657951.0152922273 0.0000006809
209329318.0451966524 0.0000004642
248005715.2336097062 0.0000022454
183763808.5034739077 0.0000002651
185518973.9214564264 0.0000000557
230499098.2535932064 0.0000005139
230530798.2343230844 0.0000000038
245301623.3716318607 0.0000003849
238852372.5104127526 0.0000015909
171663791.2618492246 0.0000006218
192187059.1312061846 0.0002755127
131877725.9238686115 0.0009259430
133179348.5092422366 0.0020996820
145380302.1418102682 0.0011453922
171840392.6756724119 0.0004918788
132238184.0792947561 0.0008096926
149008038.7977225482 0.0003273613
133596716.5974325389 0.0010687117
134956752.1282311082 0.0000686792
132608502.2439789176 0.0011613638
156243607.7875115573 0.0020245394
141410189.1031812727 0.0004893247
154834233.9453835487 0.0002507803
139596346.6235187650 0.0006352775
130171814.6100544333 0.0069564987
132829268.2073784173 0.0058475823
134691641.4562375546 0.0116837081
133335321.6854421794 0.0070953790
159269987.5990981460 0.0041323835
146896079.5325878859 0.0059856178
131256989.5814605802 0.0069335766
133512802.3661121875 0.0081499229
154338305.8087262213 0.0112299016
137328847.0059128702 0.0052721902
150766794.9386569858 0.0051542889
140754950.9434224069 0.0076782586
170468022.3813684285 0.0006767665
149139242.2905802429 0.0044863030
143695748.8525804579 0.0046367260
132086329.9142077416 0.0095822087
135284825.3094915152 0.0204777393
132781313.7056318671 0.0065795398
150282235.9139968455 0.0001645938
147960250.6009700298 0.0049228827
132955541.4501554966 0.0065952407
136412585.9784283936 0.0040465468
140104105.2962585688 0.0079126742
127358806.5928933918 0.0085324474
137750356.5062456131 0.0012372862
126279967.5324624181 0.0060642486
141583137.8021346629 0.0129778348
137868846.4004433155 0.0043831489
166001682.6976766884 0.0012012003
148888774.5973828435 0.0040006994
124517144.7834919542 0.0121301016
138656730.7986274064 0.0107397344
134371421.3177120090 0.0030510187
126188451.8995727450 0.0097572838
125988823.1870715767 0.0154042199
123059470.0117246807 0.0134409204
142904781.7750199735 0.0010896159
132841179.8292879611 0.0166739189
125212978.0016147196 0.0051829052
122305082.3323261738 0.0153415244
124373873.3093994260 0.0054239668
121496164.4016152769 0.0156916002
137327458.8378070593 0.0129847114
130472842.3626346290 0.0119898249
134443759.3352688253 0.0046875800
122608307.7468721569 0.0175319759
134737609.7103866041 0.0562709426
123598141.3900595009 0.0105495959
122173258.4167533964 0.0186911816
133251464.8329393566 0.0068139991
122778993.5363759398 0.0147826431
137474116.8242179453 0.0187441265
126865944.6964046061 0.0105346392
134499034.0778837800 0.0108137668
121298447.2284487784 0.0146642758
119799701.7562762350 0.0155767049
119302777.6091614515 0.0205477987
131626768.6717525274 0.0288527385
129875811.4529346675 0.0183885693
126878988.8124953210 0.0142016097
119908112.8174579144 0.0208699651
120703879.5480894148 0.0194629965
132239990.5602863878 0.0163863611
131854849.7079723775 0.0269969598
118612135.0932937562 0.0210366727
128050988.9819171727 0.0165070995
119025902.6852802485 0.0178385415
115985765.0709915459 0.0211701423
116560390.5995852053 0.0190658018
126961311.4694217592 0.0144236527
121148915.0198362619 0.0195939583
121263882.4887741059 0.0214324536
116683843.7848685831 0.0215342290
115924360.1555241644 0.0469957803
114212993.1673373580 0.0480075687
131930866.4909970313 0.0436092146
116590128.2252359688 0.0423156674
117410502.1560746282 0.0504176355
113613529.4804183990 0.0546448427
113600314.1506441236 0.0500913048
109780149.4052727371 0.0518141977
122439995.7958217412 0.0309721675
114260909.6087753624 0.0562012554
121265274.7571441531 0.0606807346
111328602.8731620461 0.0595715636
114400896.5594649315 0.0598747435
109691075.0939932615 0.0595674540
121158369.3473070115 0.0302661871
113635164.7629685700 0.0522898756
109057172.5278089494 0.0722292619
105362318.3016688526 0.0742025685
114035451.3153268844 0.0502915218
104914077.7626189291 0.0736490176
114908818.2256649137 0.0469222737
109707477.0687963068 0.0727933074
110054003.6875095218 0.0599502229
102854008.2198059112 0.0796938545
139214782.1039573848 0.0751838405
106169318.4629623294 0.0823141985
114179015.1766056269 0.0666999895
105870014.2529736012 0.0737944816
103540964.1533474922 0.0754914277
108866706.9780756682 0.0789634285
110152298.7524608821 0.0666859331
105941569.4994189143 0.0786309701
106195795.0743574798 0.0738204842
103012196.3953238726 0.0798736698
98300549.3263502419 0.1690418049
96563044.1891728193 0.1654477522
113292446.3686692715 0.2014867634
91891851.8627404869 0.1559381345
104059889.7883658409 0.0900905731
94887693.6413042396 0.1620120056
114492453.0599785298 0.1195636792
90229736.3676678091 0.1526059928
109367771.4343751818 0.1428539946
92101953.2503947020 0.1350686002
90558033.9737807661 0.1394466085
90513563.8885074854 0.1452132867
110129088.8866182417 0.1323939042
90079708.3419831842 0.1523065660
93666217.4465349913 0.1595248120
113990608.2840586603 0.1314581528
94358869.1696777344 0.1351891734
97401751.2844360173 0.1671787153
89810547.6042388082 0.1517696997
91776830.6989025772 0.1482453791
90657016.8507022858 0.1469153692
91841747.5269526690 0.1558372446
100222081.7981852740 0.1730537642
89282610.4948081076 0.1464426991
93268613.6425176710 0.1395214154
90071856.7899136692 0.1422844886
90150923.5787031054 0.1434434094
91002529.1045003831 0.1493259703
108180124.9904980659 0.1901152272
90220334.4589020461 0.1433873659
137896483.0713298619 0.1362610930
90646832.7105345875 0.1534397403
104215595.0085923523 0.0936398192
91504943.6772629917 0.1498264377
146338722.3169834316 0.1157562611
89496999.4753197581 0.1464415722
109861251.8469832987 0.1938169721
89934510.0641548336 0.1520168400
92608669.0252122730 0.1298637360
145015785.0795938969 0.1277292684
116660540.4912644178 0.1331315701
88978991.9699876755 0.1501158466
115948557.0833568126 0.0762388757
92439520.7473535985 0.1437009308
90267543.8696328849 0.1430763093
92534285.4300921261 0.1422873742
135542084.7203421891 0.1255083413
93449960.8394081444 0.1590858634
113086227.8738343120 0.1181315927
89007603.5942115635 0.1501726030
106099309.6651843041 0.1111696676
93361465.2166461051 0.1279563243
104977675.4346015900 0.0974744757
95388226.0856953561 0.1379074112
96330198.3187748492 0.1649688153
96399123.0414533913 0.1365195706
122225752.2463556975 0.1480650594
89141975.0806230903 0.1475872709
121942915.8305861950 0.1422289221
89351627.4220417291 0.1452805820
119626383.9120007157 0.1275577450
93624200.0952804387 0.1361797307
95045177.5495148599 0.1374569603
90928953.5176515579 0.1498552767
90753535.7279377580 0.1494537543
91228216.1076362878 0.1411636740
96235935.2842203528 0.1385796988
91059205.2304214835 0.1542656021
96299156.1177696139 0.1386674205
93229919.0902798772 0.1586398936
134924028.0823948681 0.1203719812
93081369.7337811440 0.1583391287
89905217.6895549446 0.1519585864
95257440.8287164420 0.1366186561
92585042.4561421275 0.1410385290
90343627.0153693110 0.1528334846
89526709.3649285883 0.1469253727
91897093.3236390352 0.1559486808
131905154.2320584804 0.1309977436
91832316.7234857678 0.1558183281
89705129.2397353351 0.1470846135
89564139.8976128697 0.1471689626
89942231.3464868367 0.1520323521
91159920.0153712928 0.1544675722
90371076.2420575917 0.1490117243
92198269.8213796765 0.1565553486
90785490.3212113231 0.1497898403
94037317.8279636949 0.1356602490
90667562.0427779406 0.1493258410
89371689.4549160302 0.1459091927
90207958.4337408543 0.1525625292
90497290.8867758960 0.1531407927
90679688.6860769242 0.1535054852
92975738.4914874136 0.1581254342
89665594.0158203095 0.1514810250
89741039.6381841451 0.1486352867
89231749.6729125679 0.1506179088
97425297.0531545281 0.1672273854
89940993.2125243098 0.1520298609
90953436.6699964851 0.1435678562
90787745.7322536409 0.1499329082
92283260.0104964077 0.1377768561
89306492.9599414319 0.1507664691
93113721.0842258185 0.1373709789
89686935.1132385731 0.1475171270
92633149.6075507849 0.1322355262
90677179.9454951882 0.1494514560
90212151.9768961519 0.1466362408
89713434.7020698488 0.1481241022
92604062.2776205540 0.1392684831
89423641.2626816481 0.1509994495
91266819.4511117190 0.1546820198
89819837.6385448724 0.1517883120
91443106.5381010920 0.1407335426
89548171.6170353740 0.1473921960
91445627.2575291842 0.1550410374
90479547.8407503814 0.1491829128
91516527.4872375727 0.1551834393
90050260.0720428079 0.1484192202
92700791.3510084748 0.1575694086
89947994.9112411439 0.1520438159
89549027.1748384088 0.1512488663
92903196.7590089440 0.1579786490
89120849.0514572710 0.1503975364
91238532.9414496124 0.1546252320
90041151.7259349525 0.1485182055
92684404.9637019783 0.1575363673
89748076.1241746694 0.1516453351
90612480.2098098099 0.1495102845
89394114.7043187916 0.1509407314
89063932.3095400482 0.1502845090
90519029.6869141310 0.1493255948
90632880.2691994905 0.1495501616
89888829.3445398808 0.1519258545
89032040.6657781601 0.1502211601
89992960.3293729722 0.1521334924
89169968.9833392948 0.1504951280
89567190.9937599152 0.1464755684
88994743.8403874338 0.1501471143
90011974.2682138234 0.1483148507
89199101.5629427135 0.1505530195
90127153.8501563966 0.1524012436
90853044.0047140568 0.1498199501
89963524.2762789577 0.1483289566
89178385.4310453534 0.1505118484
90190145.9533752948 0.1490184009
90656467.8730557561 0.1495586157
90731321.8715595603 0.1536088014
89593954.6716367304 0.1513383818
89099709.3307142407 0.1503555852
89129730.2694331706 0.1504151830
90782679.3976000398 0.1499776277
89120456.6685791314 0.1503967675
90486735.8254998028 0.1490683934
90605602.5450943261 0.1494345056
90408055.7522603124 0.1494047340
90183718.5389479697 0.1488274290
90081706.9088207632 0.1483658341
90726397.3061182499 0.1496726115
91249320.3855190277 0.1546468952
90534902.4212183207 0.1493059181
89481682.0148881823 0.1511149163
89202189.0786684006 0.1505591512
88997089.8014311492 0.1501517937
89150242.9381397367 0.1504559405
90657547.4967119545 0.1494453206
89170195.4093237966 0.1504955727
89778804.4148644954 0.1450751132
90719117.8162056804 0.1496319585
89199339.8698671758 0.1505535173
89061706.5563499033 0.1502800798
89435750.7811039388 0.1475376489
88924782.8092963099 0.1500082440
89217082.8179624528 0.1505887743
88922707.2245546430 0.1500041134
90014584.9993697703 0.1521766132
90852582.2173693776 0.1497807483
89730237.3373326808 0.1516097771
90870040.9132357836 0.1498067678
90831087.4486121386 0.1496518130
90906277.6389149576 0.1498419098
89239766.5935209095 0.1506338063
88942722.8091375232 0.1500438419
90583137.8774255663 0.1494592427
89059233.5373072624 0.1502751518
90756060.0801331699 0.1495685592
90611419.6028279960 0.1493505480
89953560.2713246644 0.1520549040
90738262.0070494413 0.1495505639
90831274.1109959483 0.1497579847
88992926.1665310264 0.1501435015
90281527.2683287412 0.1487798627
88990256.5427289903 0.1501381941
89055251.1037979722 0.1502672455
90842226.5481652915 0.1497666194
89140897.2778514922 0.1504373695
88932696.6726423502 0.1500239377
90849153.7210206687 0.1497724467
88923628.6643921137 0.1500059422
88999667.3620325029 0.1501568695
88942629.9788540751 0.1500436553
89218508.0727233887 0.1505915769
90824460.4008064568 0.1497504891
89281044.3705772758 0.1507158766
88946837.1384600103 0.1500520066
90064955.6312935650 0.1522771071
90949946.5686961114 0.1499423183
89045300.7891181856 0.1502474737
90982712.4255596101 0.1499813533
90891991.6419854909 0.1499804499
90898588.6315988004 0.1498454761
90847955.2490102351 0.1497151844
89008219.2828798592 0.1501738549
90050528.1460842043 0.1483382027
90914184.3178053349 0.1498723762
90990088.3794245720 0.1499684606
90855176.8412233889 0.1497140415
90435566.5846798122 0.1491918585
88937727.9070500135 0.1500339268
90386050.8821849823 0.1487891463
90992278.5659036934 0.1499850696
90965958.5354088545 0.1499681869
89497945.5213022381 0.1511472716
90951294.8446961343 0.1499249849
89248351.1076567024 0.1506508812
90951827.9590594769 0.1499487224
90949532.3517154306 0.1499096915
89022963.7639959753 0.1502031322
88926379.9239409119 0.1500114015
90971273.1492666006 0.1499669891
88939219.7652338445 0.1500368841
89194929.9769924283 0.1505447144
88944623.4944492579 0.1500476107
88952008.7108852267 0.1500622680
90977372.8913631886 0.1499725669
89171934.2180772722 0.1504990190
90941935.5075621903 0.1499133025
90958341.6413618326 0.1499345250
88948043.6917223483 0.1500543997
90911397.8630034029 0.1498863542
88925964.2547200173 0.1500105775
90954296.1719491631 0.1499234320
88932807.6264476627 0.1500241608
90792514.5408816785 0.1496752726
90970832.7754421383 0.1499740060
89009569.5018160492 0.1501765371
88960774.4432438165 0.1500796692
88983289.6775906384 0.1501243614
88954695.1154953390 0.1500676023
90923491.4878393263 0.1498576788
88953549.1963015348 0.1500653268
88927538.0823903233 0.1500137024
88953007.7864934057 0.1500642530
88970150.8070540875 0.1500982846
89007469.7198261023 0.1501723680
88973135.7155801058 0.1501042040
88949588.3745265007 0.1500574646
89052882.0141300261 0.1502625417
90985315.2761923969 0.1499944926
88947838.3998794854 0.1500539943
88959669.2265755236 0.1500774755
89059620.9867862612 0.1502759232
90987823.3053499758 0.1499874729
90850222.7204641402 0.1497665850
90899410.5848743170 0.1498537474
88997778.5865761787 0.1501531212
88983788.6398442686 0.1501253534
89051167.9628848135 0.1502591329
90910200.7317786217 0.1498600557
90979470.4083403498 0.1499844347
89013207.9261782914 0.1501837604
88923810.5401748568 0.1500063031
88980149.0894924104 0.1501181274
90986762.9818966240 0.1499965905
88945510.2128233761 0.1500493708
88927864.5688947439 0.1500143487
90994370.3400577307 0.1499989082
90981457.7316297740 0.1499878969
90907780.7083487958 0.1498629000
90981570.3277286887 0.1499883922
90959726.2409122884 0.1499460912
90968805.7851721495 0.1499632177
88992038.7729256153 0.1501417308
88923798.9311694354 0.1500062809
88964457.1494334042 0.1500869794
90985506.6203293502 0.1499916072
88937876.0578619540 0.1500342185
90988228.6797396839 0.1499956666
88931316.3086203635 0.1500211999
88932983.2771708965 0.1500245079
88957996.8961965740 0.1500741561
90988707.7120909393 0.1499983451
88971894.6422504485 0.1501017427
90982693.6326833963 0.1499865741
90979577.7250535339 0.1499930673
88931801.2405213118 0.1500221619
88932460.0663292408 0.1500234695
88929245.2245022804 0.1500170892
88927028.8040104955 0.1500126901
88920540.9921615422 0.1499998142
88930872.6443153173 0.1500203189
89042347.1192435920 0.1502416188
88967428.4407575876 0.1500928763
88931000.4383529276 0.1500205726
90957316.9775974154 0.1499409642
88926689.5055929422 0.1500120163
90983014.3716290295 0.1499944073
88947783.2615675479 0.1500538823
90920683.9949872345 0.1498765608
90979980.5985636413 0.1499829501
90983631.7515254170 0.1499942186
88931230.0185525119 0.1500210280
88978144.7663367391 0.1501141495
88921584.9542232901 0.1500018862
88948522.6936360002 0.1500553497
90990050.4743023366 0.1499992948
90963488.0977363586 0.1499574569
90986968.4788483828 0.1499952792
88922668.0456566811 0.1500040357
90987128.2711377293 0.1499946392
88944826.5940117240 0.1500480130
90986081.6831738502 0.1499934370
88940974.4718997478 0.1500403679
88929377.5047676265 0.1500173515
88928485.3155230731 0.1500155807
90983166.2094478905 0.1499875525
88946594.2977720201 0.1500515231
90985066.1312929094 0.1499912562
88928375.7379019111 0.1500153634
90984307.1340033710 0.1499899229
88926090.2156109810 0.1500108271
88923333.9806657135 0.1500053572
88920948.3922135085 0.1500006228
88921672.5029502064 0.1500020599
90988378.4208213538 0.1499966397
88934859.7607481033 0.1500282323
88921716.0488790572 0.1500021462
88927920.2467805147 0.1500144590
88923099.7699197829 0.1500048924
88937115.6698876917 0.1500327096
88921916.2393797934 0.1500025435
90957401.2856978476 0.1499441179
88922000.5119257420 0.1500027108
90962995.5706682801 0.1499545883
88922587.7095037550 0.1500038763
88922588.1744204164 0.1500038778
90982920.3545629382 0.1499870610
88945440.9006523192 0.1500492334
88920547.9317519069 0.1499998280
88922146.6111981124 0.1500030004
90989533.7263065428 0.1499992589
88939050.6841190755 0.1500365497
90985017.1849250346 0.1499914635
88923215.8328950256 0.1500051230
88922773.6570794433 0.1500042453
88935483.7914355248 0.1500294708
90989456.9826094359 0.1499986295
88948913.3379627317 0.1500561255
88927545.5405078381 0.1500137157
88934640.8231296241 0.1500277977
90987018.4358462989 0.1499946656
88920768.7708594501 0.1500002663
88922169.1591700912 0.1500030453
90987490.7746096700 0.1499960868
88927886.2678936422 0.1500143917
90987372.5708074421 0.1499958150
88924203.6659567356 0.1500070831
90987862.8929247707 0.1499960333
88926731.3915540725 0.1500120999
90984757.5838445425 0.1499903662
88932837.6708899736 0.1500242189
88920951.4248784482 0.1500006288
90977875.7880003154 0.1499800104
90989553.2642683387 0.1499992349
88923510.1517818421 0.1500057067
88921480.5190595835 0.1500016789
88920501.2679445297 0.1499997354
90988829.8847713470 0.1499981295
90989537.5984060913 0.1499990380
90987493.6274816394 0.1499956517
88921673.2746863961 0.1500020614
88921673.0753879696 0.1500020610
90988650.4830968827 0.1499975280
88924287.7076205611 0.1500072499
88922555.0819846392 0.1500038114
88921108.3422342390 0.1500009403
90988199.0531779230 0.1499967304
88931902.6447332203 0.1500223630
90987682.5276606083 0.1499960376
90988810.4341585785 0.1499961302
90989593.9195199460 0.1499993944
88922980.9183267653 0.1500046565
90988480.3386546075 0.1499975102
88925842.8499892801 0.1500103364
90989279.6740179807 0.1499984839
88926313.8821210861 0.1500112711
88921364.8858427554 0.1500014493
88923813.1169806421 0.1500063081
90988624.4070504010 0.1499975371
88922387.7752777785 0.1500034794
90989581.0456396639 0.1499989798
88921897.9824906439 0.1500025074
90989697.0482741147 0.1499993163
90988576.5474693924 0.1499976206
90988261.0158210695 0.1499968489
88921309.6502109766 0.1500013397
90987541.6611530483 0.1499957681
88924224.6533524245 0.1500071248
88921103.2279997915 0.1500009301
88920698.5554679483 0.1500001269
88922348.5197408050 0.1500034014
90988536.5410462171 0.1499972062
88921848.7471241355 0.1500024096
88921305.6202063262 0.1500013317
90989698.3637445718 0.1499994692
90989748.7567556500 0.1499994522
88920453.4347538799 0.1499996404
90990085.2445402890 0.1499993562
88923272.7347321659 0.1500052356
88920854.7980252206 0.1500004369
88921091.6407073736 0.1500009069
88920964.5894570351 0.1500006548
88925703.3426204622 0.1500100594
90989171.4841867238 0.1499979214
88924004.7874084264 0.1500066884
88920676.5028826296 0.1500000831
88921459.8724850118 0.1500016377
90989116.8342855275 0.1499976692
90988681.9104873389 0.1499971028
90989947.7851810008 0.1499990325
90989965.9130237401 0.1499995007
90989880.4842380732 0.1499989558
88922711.5965550244 0.1500041220
90989619.0790305287 0.1499987109
88924367.6961624771 0.1500074087
88920931.8499361575 0.1500005899
88921509.6992997080 0.1500017366
90989931.3036540151 0.1499990209
88922012.9395882040 0.1500027354
90989859.8826211095 0.1499990539
88922996.9967297316 0.1500046884
90989985.9837683290 0.1499993203
88922559.1954784542 0.1500038195
88920535.6927754730 0.1499998037
88920488.4868007600 0.1499997099
88920751.8871186674 0.1500002327
88920696.9930468649 0.1500001238
88920506.4492827654 0.1499997456
88921306.3462025374 0.1500013331
90990009.0976840705 0.1499993112
88920565.0066425353 0.1499998618
88921036.8959004283 0.1500007983
90988935.5027545542 0.1499970548
88920437.9635437727 0.1499996097
90988862.9958325475 0.1499968703
88925182.5399388075 0.1500090258
90990006.2878623307 0.1499990108
88920513.7066640854 0.1499997600
88921089.6690476984 0.1500009031
88920839.6612433344 0.1500004069
90990104.6456101835 0.1499995349
90990120.8561643809 0.1499994855
88920779.2372529507 0.1500002870
90990070.1682113707 0.1499993089
88921634.3039107025 0.1500019840
90990182.8375234753 0.1499995498
90988809.8849604279 0.1499969165
88920584.0185967833 0.1499998996
90989523.7177479267 0.1499985273
88920467.1327690929 0.1499996676
88921366.8582282364 0.1500014532
90989725.9135489613 0.1499987631
88921860.4880861044 0.1500024328
90989903.6750292033 0.1499990364
88921839.2408241183 0.1500023907
88920729.6820024550 0.1500001886
90990088.8790799528 0.1499993944
88920658.0710855573 0.1500000465
90990100.1026391089 0.1499994060
88920901.7213200778 0.1500005300
90990109.0348088145 0.1499994153
90990169.0444495231 0.1499995125
88920627.5481827259 0.1499999859
90990160.1677470505 0.1499995600
88920629.0110567659 0.1499999888
90989908.1865356416 0.1499989265
88920686.5929999053 0.1500001031
88920797.7495407164 0.1500003237
88920477.7501105368 0.1499996886
88920935.4365283400 0.1500005970
88920503.8693252504 0.1499997405
88920946.8418118805 0.1500006196
88920448.2654998302 0.1499996301
88920453.1511684507 0.1499996398
90990139.9459770471 0.1499994672
88920778.8773409873 0.1500002863
88920447.0700252652 0.1499996278
88920469.7684658468 0.1499996728
90990186.3230863959 0.1499995528
90990193.5770643353 0.1499995249
90989913.0548718572 0.1499990536
88921734.8862677068 0.1500021836
90990146.7846334428 0.1499994903
90989805.6785927862 0.1499988948
90989744.3436786681 0.1499988084
88920837.4928388745 0.1500004026
88920448.1709624529 0.1499996299
90988932.7448685020 0.1499975160
88920460.5675048381 0.1499996545
88921001.7261253893 0.1500007285
90990151.3161319047 0.1499994843
88920801.4154726565 0.1500003310
88920875.5169021338 0.1500004781
88920653.9109363705 0.1500000382
90990115.8743382841 0.1499994050
88920741.9825565070 0.1500002130
88920460.0340467989 0.1499996535
88920438.0860145390 0.1499996099
88920444.9994443059 0.1499996236
90989689.6278551966 0.1499987297
90990221.2243177146 0.1499995906
88920724.2894096673 0.1500001779
88920452.3947770894 0.1499996383
88920563.1606648713 0.1499998582
90990218.3525278270 0.1499996001
88920627.3432065845 0.1499999855
88920492.8160695136 0.1499997185
88920944.4929229170 0.1500006149
88920450.0623040497 0.1499996337
88920792.5218823403 0.1500003133
90990209.2686378956 0.1499995605
90989987.0236925483 0.1499991803
90990233.9175071120 0.1499995969
88920514.5022031963 0.1499997616
90990180.6607274860 0.1499995339
88920832.3020200133 0.1500003923
88920466.1538799256 0.1499996656
88920727.5249282718 0.1500001843
90990232.4044692069 0.1499995989
88920505.8983118385 0.1499997445
88920722.2004585713 0.1500001738
88920435.0000000000 0.1500001738 1 0 0 0 0 0 0 0 0 0 0 0 0 0 0 