383688539.4567235112 0.0000009890
364844288.8367718458 0.0000003415
370521071.6524279118 0.0000000584
391447795.3338824511 0.0000000015
378745692.8253026009 0.0000000969
391218075.2431365252 0.0000000164
385724598.2127881050 0.0000000007
368536077.1826602817 0.0000012535
387908148.9411734343 0.0000000025
441503106.1107715368 0.0000000007
377691668.3962649703 0.0000004952
355120921.9575747252 0.0000000479
417084485.6954367757 0.0000000568
358045357.8684018254 0.0000004368
357792265.4290436506 0.0000006892
369930151.7884758711 0.0000212022
398096416.6398265958 0.0000001082
306140666.2564436793 0.0000002134
282608206.6266585588 0.0000002711
286353762.6268832088 0.0000005964
277797842.8496091366 0.0000028211
273976142.1145173907 0.0000036647
305652715.2143139839 0.0000031593
260116140.2698501050 0.0000054499
260976301.6588966846 0.0000078661
283062720.9587306976 0.0000021652
285162607.5151205063 0.0000015824
314103440.2345853448 0.0000027782
280615171.6850445867 0.0000000849
269866140.6258744597 0.0000023436
284336922.8536778092 0.0024147662
224246268.3414526582 0.0001501954
235473517.9623965919 0.0001857667
224823597.0138954222 0.0001086109
229635758.2350686789 0.0009369290
223074671.7945631742 0.0001608020
257222654.7321783006 0.0005003925
228967193.0568344295 0.0003728421
268919337.4296962023 0.0000544421
235947016.1066668034 0.0000988378
248475362.8300908804 0.0003068395
224093063.4727681279 0.0002084210
249106015.9690467715 0.0000124456
229389076.7913067937 0.0004924909
278534209.1680312157 0.0000291062
227840840.2047749460 0.0003436407
214223730.8750340343 0.0002695292
211795239.7464981973 0.0001701140
232111383.5307023227 0.0000061146
215065151.6391057968 0.0002106668
201368126.7104618847 0.0001590464
203224715.4661124945 0.0001417122
215394670.7378843427 0.0009276601
195612297.0549009144 0.0001163909
198939003.8801342845 0.0005742395
213515157.4676456153 0.0003461982
212649634.3689646125 0.0002208945
201934706.3788608909 0.0000062102
209103633.5893656015 0.0005064709
187214200.9533395469 0.0002300116
216905158.8570494056 0.0000054641
182425642.0760102868 0.0001657805
219669229.7559616864 0.0000044871
192981134.1183733642 0.0000994640
197883216.7874409258 0.0000010233
182043398.4828847349 0.0000576145
232089665.3450478315 0.0000458710
177180014.2175391316 0.0000258690
207900323.3417261839 0.0000748368
176194727.3843860924 0.0000559196
209185940.2557481825 0.0000182821
166036903.2243223786 0.0002677358
166592977.5976820290 0.0005625023
171168091.3503071368 0.0004291793
196147781.6130270064 0.0000005866
164074186.4023139179 0.0002355719
161171689.4095011353 0.0002458042
169990053.3334773183 0.0000470976
164658350.2118301094 0.0000296932
161228662.0377234221 0.0002062078
158978436.4792790711 0.0000438585
156251776.5176649988 0.0005444222
180966348.8071454763 0.0064356461
159747537.2446391881 0.0005663361
164181466.0358477831 0.0005781083
159771869.0550832748 0.0006912144
174149071.7873382270 0.0007869812
160309435.0954103470 0.0006416298
158482005.3367843628 0.0002436451
167687986.1326449513 0.0010937465
168682295.9578833580 0.0000438201
159271193.2245604396 0.0001905048
176331743.9958390594 0.0002399252
164651912.7686377168 0.0008619339
203345789.6651544571 0.0000002649
157438654.6413860321 0.0000192032
151367345.0448147655 0.0000000827
145320010.0867172778 0.0000000052
155564151.2096585333 0.0000143609
150628043.0541725159 0.0000008507
164064686.8171828091 0.0010467563
148488441.8266387284 0.0000384533
162225133.9733604789 0.0001507088
149978228.3411394358 0.0000174340
187490734.1936266720 0.0000007570
151206667.1639557481 0.0000025618
183961358.7832031548 0.0000080973
152288525.0908876657 0.0000013352
186225434.4269374013 0.0005155357
147328292.8755913079 0.0000016892
157445018.8491002321 0.0004134401
158655794.6243526340 0.0000211660
184744377.8146973252 0.0000510759
149964081.1525481343 0.0000004646
173353601.1083712280 0.0001991953
146655323.0743203163 0.0000096141
150734589.5275345743 0.0082397934
150700259.0896555781 0.0000073302
165025265.9070962667 0.0000026536
152973115.0270101428 0.0000829144
186753707.4183576703 0.0000099565
156697765.6576088667 0.0000003051
184216201.2116732001 0.0000828515
154589107.2652439773 0.0000022467
166423092.5020606816 0.0008773197
146530193.9435501099 0.0000113043
176758350.9861452579 0.0000019247
164245276.2084570825 0.0000663118
161715655.9369869530 0.0001088501
148584180.5222271979 0.0000201265
162700091.0811025500 0.0001055682
149720026.8470482826 0.0000158319
164242215.1863087118 0.0019500789
159973123.4993171990 0.0000193882
160915993.3725811839 0.0001493881
152695027.9411408901 0.0001000551
157296574.9580555260 0.0001679423
145351483.3426437974 0.0000041423
155401571.7582561076 0.0002213104
153657638.8171034753 0.0000669126
167900440.9211490154 0.0000697465
155276779.0049317777 0.0000294621
146081476.7755654156 0.0000032533
160326051.6588524878 0.0000192519
149181418.2307664156 0.0000008415
150788285.4912058711 0.0000006478
145441221.9644142687 0.0000025131
157796278.2698398232 0.0000012496
146521344.0267596245 0.0000347671
158281704.8742134869 0.0006041820
146209103.9302240610 0.0000021679
146206602.3115616143 0.0000005325
145596142.9677597582 0.0000003422
154802382.2425333560 0.0000128636
150483921.6703026295 0.0000677316
145066169.0357444286 0.0002291065
152349115.0757996738 0.0001296951
143824975.2429960966 0.0002054408
146520048.3866273165 0.0001018857
143752901.7036368847 0.0002035254
150315214.6092306972 0.0004054693
144669171.3092178702 0.0002562561
142677956.7392020822 0.0001496363
143246329.5229915977 0.0002838080
144278274.5828013122 0.0000569010
144086742.7101265490 0.0001634639
148537868.2585932612 0.0007902788
149924500.7969199419 0.0000704671
151287538.4608049095 0.0000005416
149406122.1224129498 0.0001713781
143672659.6289208233 0.0000818890
146327764.4681310952 0.0000986342
143900693.6968455911 0.0001927753
143799854.6684028208 0.0001081426
149931588.2951570153 0.0001897402
143065406.0499799252 0.0001295662
146364430.3303167522 0.0012266834
143476047.0674681365 0.0001551480
148619082.9241436422 0.0001197991
144199343.4670384526 0.0001669508
141441698.7280684710 0.0000013063
140301735.7450329065 0.0000142133
143710045.9572893679 0.0004308059
141514597.2943962812 0.0000317764
145145852.4008046389 0.0000665752
139422448.3037902713 0.0000169460
148092619.3692406118 0.0000147631
141680346.2108794451 0.0000156410
140735263.1559309661 0.0000005769
141566335.1147176027 0.0000225955
142318556.8361297548 0.0001088681
139043742.3039407432 0.0000227820
142384103.4687416255 0.0000381092
139547112.7391748726 0.0000344258
145941719.4125591516 0.0000513203
146581640.4968763888 0.0000361733
144337466.9913321137 0.0002046160
139318772.1140219569 0.0000034067
146214566.2443217039 0.0002409637
139409963.5517277420 0.0000241346
151071506.2719566226 0.0000013619
141322927.0600616336 0.0000192272
147492750.5909991860 0.0000346924
139401943.7093124390 0.0000066294
145018206.7043792307 0.0000000199
139995976.3456133008 0.0000088117
139383222.2165624499 0.0002025301
138331652.0438936055 0.0001058737
145189566.1742059886 0.0000596061
139985840.3030571342 0.0001354761
140612460.4465856850 0.0000085772
141760900.9680790305 0.0000807745
139743059.7565595210 0.0010514990
139758405.7971087098 0.0001223845
145317617.4564291835 0.0001797447
139238671.1807364523 0.0001279703
147866722.7576093674 0.0001129465
138819756.9655790031 0.0001738574
146769973.9742094576 0.0004700628
138455751.3687424362 0.0001286478
139673346.9647828043 0.0002811161
137761133.8471529782 0.0000721964
150451579.9283891022 0.0000294180
139705612.4389891922 0.0000529139
141659169.3898482919 0.0003155405
138954509.5260015130 0.0000824426
140279305.3631128073 0.0001009468
142150610.2226577997 0.0000808715
135895745.5543928146 0.0000644779
144950973.1233330965 0.0000497431
137350426.0036142170 0.0002253109
135643769.7604902983 0.0000821302
139966416.4038609266 0.0001378640
138764499.0642026663 0.0000660367
135799747.9677374065 0.0000055772
139539077.3877373040 0.0001013629
138235566.6901464462 0.0000329965
140392170.5186738372 0.0000658585
135752243.7043928504 0.0001197519
134456541.0461647809 0.0000936721
150680464.5013639629 0.0000351904
136947581.1876989603 0.0001558547
136181201.4475755394 0.0001997412
136742564.0902660191 0.0000523048
138979793.8805852532 0.0000593761
139017644.9793528318 0.0000401324
143044967.7755464911 0.0002495649
135503447.9806256592 0.0000094325
143018918.2509476840 0.0000126003
138115326.8158726096 0.0001046590
146423573.8325313330 0.0000945834
138935305.1814419329 0.0001227341
148172925.9075816572 0.0000833245
134904511.7414172590 0.0001198844
137842029.6801433265 0.0003237687
138099494.2228554189 0.0000398329
143210185.8198501766 0.0000419055
140157690.7164255381 0.0000537973
141131862.4828963280 0.0006439406
142110127.4557547569 0.0000751866
135357330.9321096241 0.0000915533
143643681.3586353064 0.0001761348
134935288.7729651332 0.0000745182
135380537.5134896040 0.0000017629
135280339.3255703747 0.0000927571
138165508.5738505721 0.0001471747
135297055.2594754100 0.0001291976
143099913.6187981069 0.0001520057
135554677.9725854695 0.0000792768
137276134.9956184626 0.0000948450
135096382.6829328835 0.0001208907
135140949.1761039495 0.0000894550
138442638.8334111273 0.0000679270
134407227.0383524299 0.0001457441
135355175.2627116740 0.0001670669
141125856.5938042104 0.0001811522
135848108.3419740200 0.0001346295
142213644.0552471280 0.0001747903
135410807.8287902772 0.0001511899
141648369.5292433798 0.0001157266
136205904.7729682326 0.0001371566
144608840.0417672098 0.0002914485
134910492.6449744701 0.0001913159
141126757.2200992107 0.0002068717
134514035.6506180763 0.0001490443
136206928.7961872220 0.0002156782
135660796.8032838106 0.0001499357
137745947.7434597611 0.0000723894
134386534.8871754110 0.0001572406
135772265.4046860337 0.0002865356
135252145.0114608109 0.0001504145
136026214.2572218478 0.0002816599
135488615.1387169361 0.0001655536
135692106.5925444961 0.0001236721
134850292.8188820481 0.0001597623
142871481.9913339019 0.0001177287
136259413.3281025290 0.0001776363
140618869.1232382953 0.0001213543
135185566.7387597561 0.0001435063
137669816.5578016341 0.0000386387
134687295.4922400713 0.0001479725
134525887.0859680176 0.0000894101
135268472.0424056649 0.0001369893
141326926.9244813323 0.0001145898
139265385.5641878545 0.0001033836
137536883.0649685562 0.0000877374
135555354.3340100348 0.0001631991
136153827.8266972005 0.0003314508
135141224.5415898561 0.0001478758
134040784.0969512016 0.0001686575
135454321.0472910106 0.0001784255
137325549.1419319212 0.0002089051
136168218.2982354164 0.0001659439
136976523.1781662405 0.0001706899
135187723.4070910215 0.0001783249
133853730.3069617748 0.0002626969
133481523.3952109516 0.0002893508
137088250.0637921095 0.0007138755
138370893.1924754381 0.0003039693
136393852.0240454078 0.0002300486
138886685.6361831725 0.0003486535
133176689.2123467773 0.0001412566
133656072.6046914607 0.0001421267
137199798.3875466287 0.0001054427
132934768.4676024020 0.0001418118
139406857.7388869822 0.0002152271
135592350.4742313325 0.0001633711
138829275.8962557018 0.0000759721
134586595.7401495576 0.0001487535
134118679.8265135735 0.0000994055
133294917.8883949816 0.0001825236
137135005.9001756012 0.0000553318
133255827.6736563444 0.0001677081
134720685.6764159203 0.0001467887
134398423.6972485185 0.0001146036
133058592.7312340140 0.0000485596
133645460.2835046649 0.0001758023
136861018.3472929597 0.0001791762
133944762.4372155070 0.0001490112
137174378.6664544046 0.0003580154
138848423.5079962313 0.0001380997
136910423.8119592369 0.0000411183
134367415.6898831129 0.0001529418
138832526.8155673444 0.0001720436
133810125.0062031746 0.0001336581
138100329.9943618178 0.0001064919
139533621.5867670178 0.0000925352
134162446.6510748267 0.0002408065
138387065.8486911058 0.0001566088
134193735.8139814138 0.0002279363
133289431.5973348022 0.0001762507
135158747.9509839416 0.0001070902
134227458.5480515659 0.0001339701
138850317.0551642179 0.0000379641
133399221.6037788838 0.0001449597
139717351.9759098887 0.0003510578
133880963.0130962878 0.0001779623
135865534.1983177662 0.0000621335
133501677.1978629977 0.0001446036
138507506.8600789011 0.0000731399
139044870.0306845009 0.0001308903
136022972.6739037931 0.0001257848
133226828.7983691990 0.0001574083
135049762.9465060234 0.0000901165
137879300.1227535605 0.0001441857
140175135.9679089785 0.0000522376
135328065.7795379460 0.0001916819
136661742.2972818315 0.0003055982
133809962.5236676037 0.0001714932
138627690.1690702438 0.0000840438
133221353.5339717716 0.0001833026
137659438.6393326521 0.0001142358
133646105.1397666037 0.0001113872
138961736.3739568293 0.0000637016
133553089.0916519314 0.0001920097
139232624.8175486922 0.0000546218
133265520.6733617634 0.0001364091
139245791.2525867224 0.0000544588
133125491.3939148635 0.0001108691
139242747.1899354160 0.0000544963
133365025.7479847372 0.0001271617
139439428.8361880183 0.0000522721
133581884.9793132842 0.0000896961
138368915.4688697755 0.0001243792
133871160.5162271410 0.0001426708
133094080.5576125532 0.0000983310
133218164.5700532198 0.0001317541
133704938.8887137920 0.0001626907
133739033.9499190599 0.0001287873
133397160.9810711890 0.0001298577
133385291.7460242808 0.0001380313
133505742.2070709467 0.0001984680
133086571.6343592107 0.0001396628
134128031.0821684748 0.0001492562
132876305.2026392668 0.0001401640
134952072.4522165060 0.0001344368
133556573.2297861874 0.0001386726
133782920.9450135976 0.0001160129
133081788.5561718047 0.0001434399
134613140.0686189830 0.0001351954
133976206.0736797452 0.0001459875
134328506.4259495139 0.0001404131
132832962.1074981391 0.0001322364
133929135.6050734222 0.0001576547
134026638.4827904552 0.0001322673
138004598.5510809124 0.0001247920
134053242.8200415969 0.0001282650
133874234.3219558895 0.0001204387
132770432.8756340295 0.0001442286
135072988.8294668198 0.0001623232
133956400.2420747578 0.0001464660
133830409.0915795267 0.0001854157
133985274.1655261070 0.0001427706
139461948.7185244560 0.0001539120
133868630.4515889734 0.0001506873
132719372.1833750010 0.0001380411
132805251.0058814883 0.0001403686
132993385.3413625509 0.0001642036
133548623.9966035187 0.0001483104
133172200.8903815448 0.0001162052
132861483.9254723489 0.0001419652
138981024.9585385919 0.0001302431
132802648.9663662761 0.0001404465
133974038.0931752175 0.0001226001
133841757.0699735880 0.0001350992
138622240.7026019692 0.0001532680
133623907.2002424747 0.0001393627
133782483.8507735133 0.0001179188
132842684.1510136575 0.0001345931
135372861.8042907715 0.0001393176
133815645.1168371439 0.0001395933
134394629.1187920570 0.0001550589
132837919.6266963780 0.0001530561
138117306.7478041649 0.0001371492
132729192.5556526631 0.0001345312
133503540.8051816672 0.0001305196
133537324.4120247066 0.0001360231
132795380.6706205755 0.0001798738
133890418.1892851740 0.0001390750
135833080.5683375597 0.0001352531
132917836.6876150817 0.0001372797
137862088.4448422492 0.0001458082
132719731.8725725412 0.0001411581
138629722.6998265088 0.0001365447
132775678.6886102110 0.0001407423
133008115.9498550743 0.0001562832
133790485.6407203376 0.0001463765
138984485.4925177693 0.0001347755
132735013.3743644804 0.0001413236
132935001.7390849888 0.0001441289
133718723.8960508108 0.0001438737
138944957.6324250698 0.0001277800
133818563.5087157786 0.0001607772
133194728.5783008486 0.0001332125
132853120.7315642387 0.0001372221
133276958.0825798512 0.0001285386
132712142.7350023687 0.0001391577
133886934.9196694046 0.0001496028
133828368.1750061363 0.0001436815
132685165.2063961476 0.0001168430
132743638.7044447064 0.0001162588
133080519.4207372516 0.0001320967
133653786.4659359008 0.0001098463
132823378.7943221778 0.0001203126
132656358.4578887373 0.0001161764
132696331.3869355917 0.0001046047
132710785.6435443461 0.0001149913
132893789.4246993959 0.0001065716
132776173.8412675112 0.0001132057
133316194.3747408837 0.0001224367
132672760.0765986592 0.0001130074
133660983.4369492829 0.0001202549
132762573.6429476291 0.0001152109
134106247.8668958992 0.0001159047
132771236.9301457256 0.0001216056
132636935.9738130122 0.0001115332
132696649.4617712051 0.0001075762
133502288.9804880470 0.0001192799
132620102.4726718813 0.0001138068
134119949.7332969308 0.0001091404
133763999.0047608465 0.0001126754
133722811.8797360212 0.0001237327
133728436.5521139950 0.0001144440
133276642.4867370278 0.0001047671
133585854.8359110057 0.0001143608
133961784.8456775695 0.0001206384
133804415.6135959178 0.0001148731
132708141.6932345778 0.0001187519
133742157.1333765090 0.0001125442
133745882.4027607739 0.0001167807
132796092.2535850853 0.0001118496
133417173.7025244385 0.0001270121
132737586.9460393786 0.0001135029
133244553.4444822520 0.0001018423
133713818.1576945037 0.0001113734
133245825.9904571325 0.0001105785
133772314.2503865510 0.0001177895
132855974.1385059059 0.0001082888
133076342.1384959817 0.0001148794
132721731.3816941082 0.0001089673
133624533.0079136789 0.0001130513
133344370.6877908856 0.0001092842
133740882.7456698716 0.0001067574
133505281.3734051734 0.0001292162
133631887.5872282088 0.0001215350
133278248.2631980330 0.0000966308
133598831.2831531316 0.0001131754
133645434.7174837738 0.0001108844
133779244.5687523782 0.0001131989
133134908.0013673753 0.0001301769
133052994.7915589362 0.0001109034
133334108.3854323477 0.0001069984
133738166.0518824160 0.0001109906
132986431.1823040396 0.0001107259
133746868.5126056820 0.0001139715
133412387.7691630721 0.0001211359
133591203.9792232811 0.0001111187
132827442.4529851228 0.0001122308
132605568.7441635877 0.0001128141
132696030.8329122365 0.0001176644
133748573.1110721976 0.0001131652
132676017.6942386776 0.0001171415
132610050.2518263608 0.0001074379
132665426.5276621431 0.0001112283
132607374.1308107376 0.0001131474
132881561.0031384826 0.0001137375
133678437.1977495104 0.0001113321
132835266.1236833334 0.0001077001
132756563.6646795124 0.0001118995
133005183.6418946087 0.0001157754
133795346.4376652837 0.0001136094
133605308.7624666691 0.0001076265
132658874.1161506325 0.0001140960
133564376.8895675987 0.0001128645
133655332.3364551663 0.0001125371
132947328.5342438519 0.0001108787
133747024.2726432532 0.0001147753
133565342.1304841340 0.0001114415
133775953.0012859404 0.0001131385
132821811.7166176438 0.0001061958
132628827.8646938056 0.0001119748
132730371.3956361711 0.0001153849
133728806.5630708933 0.0001126145
133665923.8958353847 0.0001167093
132654317.9932201803 0.0001160428
133343182.7408866733 0.0001158706
133684404.3037887365 0.0001124243
133721700.1594360918 0.0001147901
132660256.7062439770 0.0001127922
132818206.9410019815 0.0001087052
133820496.2094613463 0.0001139891
133346582.4646183997 0.0001100094
133708329.8932646364 0.0001112399
133703697.7490043938 0.0001164075
132672719.7831246108 0.0001133915
133445524.7461737692 0.0001071927
133786042.7199149728 0.0001127587
132624452.8042099476 0.0001181255
132997364.4077466577 0.0001122149
132673091.2419974357 0.0001131789
132654724.9765253961 0.0001121995
133794513.2403314561 0.0001123891
132619748.6816756576 0.0001122719
132624405.5975340158 0.0001128853
132714357.0832061470 0.0001140370
133742170.4216622561 0.0001137540
133804574.2607439011 0.0001130879
133759327.3053938001 0.0001115217
133793001.9420166314 0.0001131529
132635505.8822721839 0.0001124902
132601921.1391038895 0.0001125800
132702028.0847364664 0.0001114072
132599979.2583935261 0.0001127903
132654674.3878768384 0.0001132682
132589289.8004878163 0.0001124589
133781560.4737682939 0.0001123442
133758873.0559091270 0.0001122745
133741156.2101236433 0.0001120069
133772224.5550113618 0.0001125301
132645534.7057336718 0.0001119931
132596390.0511568785 0.0001121374
132620847.1410396099 0.0001118446
132590976.2737038583 0.0001117997
133789175.2465606332 0.0001107837
132607677.2962918580 0.0001124341
132786189.2996523231 0.0001122221
133786705.2592599988 0.0001123779
133777547.3269082308 0.0001116275
132596497.6165097207 0.0001125360
132593497.0265444219 0.0001120952
133779385.2523712814 0.0001128546
132678364.6678546220 0.0001132671
132593694.6048903614 0.0001114966
132611728.4016090184 0.0001141154
133789408.8626255542 0.0001124532
132655465.8603522182 0.0001125329
133713401.8435546160 0.0001124782
132593165.4171156138 0.0001128507
133773360.5329349339 0.0001115031
132619072.2159521729 0.0001147265
132608684.3156315982 0.0001125156
132627416.4464527369 0.0001134684
133791144.9544170201 0.0001123380
132642008.4191968590 0.0001113593
132591535.9256241173 0.0001119365
133776752.9310975373 0.0001124413
133789865.7514107823 0.0001124170
133684718.4637047797 0.0001139298
133744122.6296851039 0.0001125741
133696167.4480274320 0.0001120957
132597512.1177160591 0.0001126513
132674703.6476913691 0.0001121274
132589228.6894042045 0.0001122845
133664746.3652822673 0.0001123076
132608970.6622723490 0.0001114099
132742592.6833557487 0.0001114736
133786980.9510634840 0.0001115248
132675758.1340360194 0.0001152992
132594484.7494242787 0.0001123936
132626685.1855341196 0.0001108649
132587140.8863962442 0.0001117369
132587158.5846498758 0.0001128816
132609196.9901916981 0.0001118362
132726642.1876105219 0.0001091583
132614076.9230989516 0.0001121094
132600811.0218484700 0.0001116675
133775317.3301670700 0.0001120661
132588510.9955779761 0.0001118134
133747324.8530309349 0.0001113807
133773187.7706360221 0.0001117204
132653964.5439052880 0.0001123165
133780293.6708450913 0.0001119338
132594915.6756582260 0.0001114050
132588275.6982381195 0.0001117210
132625826.7074059397 0.0001113600
132596032.9812827557 0.0001116013
133756122.5568968803 0.0001121929
132586878.3170613647 0.0001117489
132617252.5267698020 0.0001115850
133780971.4405455887 0.0001117951
132655825.2480950356 0.0001115469
132589585.2220181674 0.0001119266
133780893.8567105532 0.0001111906
132597872.8042750210 0.0001115950
133778016.7748312652 0.0001115960
132594024.9307915121 0.0001117052
132639487.7754323184 0.0001116760
133784622.5970704108 0.0001116348
132589659.7734846473 0.0001113110
133783216.1285236031 0.0001118902
132615051.7737496942 0.0001114613
132591159.1856273562 0.0001114542
132633058.2114421427 0.0001116344
132600090.0078941137 0.0001123465
133779866.9445400238 0.0001128134
133789609.3598996252 0.0001117259
132619120.9217744768 0.0001116949
133789500.4412975311 0.0001117070
133791270.2897323817 0.0001117280
132585385.0525957495 0.0001117795
132591474.0053949952 0.0001119064
133777100.1671782732 0.0001120338
132604675.0000821799 0.0001113266
132585008.3854546100 0.0001117607
132596720.3090929687 0.0001115249
132593049.0377916992 0.0001118447
132579701.1159195155 0.0001113323
132583448.2452383786 0.0001113446
132589404.3311500400 0.0001112027
133784298.4993168861 0.0001112650
132603952.2628154010 0.0001115268
133781943.7506235838 0.0001112778
132597970.2837834656 0.0001109165
133777430.4315260798 0.0001113763
132609913.7770732194 0.0001112107
133783632.3768610209 0.0001113794
133772626.9111924171 0.0001112380
132584603.4253009260 0.0001113264
132584563.9386060238 0.0001110162
132585722.0680783093 0.0001113758
132593691.0503168106 0.0001110888
132579539.4363406897 0.0001112535
132594014.0126770437 0.0001114693
132582264.1749094427 0.0001112617
132625598.4455175400 0.0001109654
132578096.7856419533 0.0001112387
132585000.8706363440 0.0001112929
132584234.6165526956 0.0001111594
132611413.2626930028 0.0001110812
132576574.6928554773 0.0001112840
132591061.3207601905 0.0001111213
132585874.8395241350 0.0001112908
132587869.9111328125 0.0001107744
133772997.0534348637 0.0001113892
132604925.0621321648 0.0001113082
132581502.6866232902 0.0001112899
133776227.5245955884 0.0001116676
133779710.0371895283 0.0001114223
132602167.0614987612 0.0001109543
133776843.6989678741 0.0001111705
132580361.0409510732 0.0001115680
133776531.3176324368 0.0001113096
132581289.9775182009 0.0001114565
132578626.7236880511 0.0001114450
133773532.4823506624 0.0001112028
132579076.2230369002 0.0001112901
133760795.9926209450 0.0001113890
133781324.9997375458 0.0001112620
132586744.1773858815 0.0001110504
133773019.2975526452 0.0001113256
132579649.6013859808 0.0001111482
133774316.8739637583 0.0001110776
132612508.0180819929 0.0001112160
132576349.5093021095 0.0001113049
132582144.8183667809 0.0001113197
132577308.4087143391 0.0001113002
132611493.0290368646 0.0001117177
132578217.6376783401 0.0001115845
133774444.3778053522 0.0001106967
132576778.6402894109 0.0001114130
132604290.6797900349 0.0001110567
133766738.7998080850 0.0001112989
132604060.3406581134 0.0001114672
133769567.0023346096 0.0001113978
132576895.5731789917 0.0001113114
132579066.9768133163 0.0001112644
132579314.4646013826 0.0001113059
132575592.3848341405 0.0001113349
133781404.7908685803 0.0001113343
132578777.1181274951 0.0001110626
133783084.9473018646 0.0001113936
132578935.7367591113 0.0001114159
132576514.2726323754 0.0001112935
132576233.0603560060 0.0001115174
133778575.2033244520 0.0001113240
133769994.4471907765 0.0001114712
133776081.5242439508 0.0001113750
133772810.4631984234 0.0001115042
133780971.1570181102 0.0001113137
132577399.2936344147 0.0001112250
133777293.2149496973 0.0001112910
132591998.2357199043 0.0001113651
133776884.3355134428 0.0001113610
132585781.0584885925 0.0001114410
132577237.9241774827 0.0001113607
132577989.7824345082 0.0001112624
132575780.3299879432 0.0001113043
132601548.4223625660 0.0001112313
133782316.7669183612 0.0001114136
132582130.8419952393 0.0001109234
132576090.7220446020 0.0001113290
133771191.2227152586 0.0001112371
133775868.6984715015 0.0001112905
132584006.7413548827 0.0001113857
133779329.0968930572 0.0001113029
132596019.6078196615 0.0001115644
132577539.8940927237 0.0001113373
132582552.1308467537 0.0001112520
132576107.8574452847 0.0001113461
132577133.3324541152 0.0001111925
132577168.6544361115 0.0001113535
132582723.1843024939 0.0001112612
132576156.6188747287 0.0001113176
132582775.3807961941 0.0001112631
132575692.2985331565 0.0001113099
132583084.1598691791 0.0001112775
133781952.0552683771 0.0001113907
132577231.2745212764 0.0001111990
132579400.0244050473 0.0001113386
133782308.8956478387 0.0001113441
132576527.3097893745 0.0001112652
132575666.6977323294 0.0001113574
132575283.3349185288 0.0001113889
133779446.1459098756 0.0001114065
132576691.6306189299 0.0001114159
132575680.8866176009 0.0001114230
133781016.7231050730 0.0001112419
132575464.1625185609 0.0001114011
133780133.8902270347 0.0001114536
132576126.3096717447 0.0001113869
133779518.4511320442 0.0001113529
133777977.6750252694 0.0001114135
132582194.1544628590 0.0001113792
132577459.0419913679 0.0001114361
133773793.6075612009 0.0001113296
133780789.3631728739 0.0001113811
132584967.6405292898 0.0001114313
132574925.3826464415 0.0001113679
133778595.4561765641 0.0001115159
132575046.7627995014 0.0001113886
133781145.7979417741 0.0001113325
132576237.1112995297 0.0001113365
132576848.2721388191 0.0001113755
133781800.2357905656 0.0001113798
132579114.4499224275 0.0001112109
132576068.1398517340 0.0001113436
132581542.8099136204 0.0001113419
132574844.8216106296 0.0001113642
132585072.6141166389 0.0001113629
132575179.9069556445 0.0001113882
132583503.8599190712 0.0001113430
133780267.0934453607 0.0001113504
133782024.4086358100 0.0001114519
132575278.8224116862 0.0001113642
133775363.2930366695 0.0001113674
133781521.7314292192 0.0001113598
132577355.6986962855 0.0001113940
133781158.2938525975 0.0001113814
132575113.3265487552 0.0001113738
132575680.0333849043 0.0001113418
133781276.7256578356 0.0001113760
133780206.6177473962 0.0001113151
133781027.0581280738 0.0001113653
132577757.2560174763 0.0001113099
132574733.9490119517 0.0001113590
132575668.7238750458 0.0001114175
132574814.8005103469 0.0001113554
132576642.9793811738 0.0001113412
133781222.9985332936 0.0001113600
132579295.1209178567 0.0001113744
133781416.8775973618 0.0001113501
132576894.0237066299 0.0001112902
132574876.1293847710 0.0001113612
132576272.4676639289 0.0001113649
132574884.4449401647 0.0001113583
132577900.1291884780 0.0001113576
132574852.2271424830 0.0001113864
132575453.8556134254 0.0001113846
132575183.6133584231 0.0001113392
132575977.0088812560 0.0001113571
133781410.6273285151 0.0001113653
133780386.8577147871 0.0001112870
132574971.7940946221 0.0001113592
133781133.8567651808 0.0001114448
133781400.5066618323 0.0001113571
132576668.8139681965 0.0001113436
109010397.0000000000 0.0001113436 1 0 0 0 0 0 0 0 0 0 0 0 0 0 0 