536636629.0666851997 0.0000009890
507271530.2043222785 0.0000003415
512887225.6613084674 0.0000000584
560016921.4224783182 0.0000000015
583219905.7150138617 0.0000000969
569076609.1987532377 0.0000000164
510061247.5154013038 0.0000000007
514277854.5672251582 0.0000012535
559346984.3091369867 0.0000000025
487999567.8181958795 0.0000000007
563309109.9392560720 0.0000000788
474217236.3865224719 0.0000003319
487529560.9636455774 0.0000000129
472859238.3471541405 0.0000000009
464871070.2908573151 0.0000004225
541363855.8636400700 0.0001871994
509670243.3133797050 0.0000004012
420025849.6199628711 0.0000006170
388055357.1728162766 0.0000008268
381665374.2387167811 0.0000020890
360773602.7930892706 0.0000019659
352978799.6236863136 0.0000019511
394989377.1664770842 0.0000001279
325649511.8550263047 0.0000021260
323270549.8116880059 0.0000011629
427586031.8557184935 0.0000008752
391645682.6213302016 0.0000004021
340630883.8177986145 0.0000010254
334246469.7656209469 0.0000010027
298463168.6433364749 0.0000038953
349260178.4499558806 0.0017259639
246878011.8495624065 0.0001186720
322708279.0146180987 0.0004339928
258261819.6266706884 0.0001446052
251630856.1395865679 0.0015729901
247253815.3759626746 0.0001204313
280564361.2458729148 0.0015715253
243525115.1273365915 0.0000030390
304598535.0717251897 0.0001390715
254978917.4328030944 0.0000038019
217964570.7996297479 0.0000087918
228551250.4565675557 0.0000350802
276386968.4881286025 0.0000008345
214755169.0790295005 0.0000362180
250731695.5159488916 0.0000251677
216518210.0268229246 0.0000308623
222218015.2366390824 0.0003136755
219284709.4525346756 0.0000355684
259683330.2746086717 0.0000227208
220715514.4873243272 0.0000279211
199433593.4183264971 0.0000218446
196758535.5733926892 0.0000280722
197845366.0671461225 0.0002354565
189977700.1195505857 0.0000370988
180445315.1239549518 0.0000132717
176366859.1581105590 0.0000141671
166326919.5382944047 0.0004246020
164666226.2205412984 0.0006291865
187702470.9107405841 0.0002507283
151824975.9474534094 0.0002279751
177085267.5546576083 0.0061374720
163769884.5001376867 0.0002522853
162208807.1378452480 0.0015144351
161350802.7223507464 0.0001559655
131130809.7054034770 0.0001545634
129839004.8370251209 0.0004831731
158420485.5456603765 0.0004574001
134080121.7347590178 0.0009537462
159064464.5908308923 0.0000003907
148852056.1368641555 0.0001168054
138537966.1249626875 0.0003371753
140963673.0061603785 0.0002158471
157640305.2507248223 0.0019748057
133785885.4034143686 0.0000580192
216980960.6964224577 0.0038052161
132037851.1648250967 0.0001261133
152082656.0657480359 0.0001858763
129564356.9279460311 0.0008085572
145262011.5520343781 0.0006956144
130838028.2077845335 0.0008537708
162876311.1983916759 0.0000891891
132076606.6037698537 0.0010759484
150523531.7337991297 0.0000125323
130309717.1871915013 0.0000377880
148814519.0969899893 0.0007970826
135192431.8624315262 0.0012295153
147612653.9350375831 0.0006428153
130965163.6438636929 0.0006140656
170397829.8808381557 0.0034010058
130337618.2706906497 0.0006393164
196005806.1496728659 0.0005258013
134693746.2772022784 0.0004825881
128770540.7113266140 0.0025269013
129990618.7260301858 0.0041871195
176325167.9283570349 0.0036757685
128298111.2771741450 0.0011228626
129266025.4129603505 0.0009153765
132591486.9375037551 0.0026956044
144654517.4559430480 0.0000605856
130445843.8995257616 0.0010067291
151362654.4907543957 0.0014885011
137625673.7217772901 0.0021456089
179662100.6668865383 0.0000097484
128189451.3974428177 0.0003860112
140180930.2903941572 0.0001160403
128206317.1426309347 0.0012096842
150379273.0642326176 0.0039474748
127796764.4464371204 0.0004190203
137664984.5036626756 0.0000280154
132057589.2012012005 0.0009719832
156204185.7613110840 0.0011941050
129130221.1597464830 0.0012290788
130522527.5473233759 0.0001645480
153035937.7964113057 0.0000056153
135661185.7117245197 0.0000591063
139467786.3230347037 0.0007233528
127579631.2832543999 0.0003662151
133502530.7118352801 0.0004004258
128414078.3506166637 0.0003479650
128860348.7628546357 0.0005071964
129469403.5892533809 0.0005735002
140134978.9909693897 0.0028360102
128040598.2028648555 0.0003119079
128292384.8467358649 0.0003179050
128465955.2397483736 0.0004111749
129682308.0547013730 0.0002601205
128270308.3865768909 0.0004457773
130694242.3269253820 0.0001417871
128375572.2030421942 0.0006911842
131256302.9181361496 0.0000052347
128700556.9858207852 0.0008419874
132234703.1416231543 0.0000070839
128606014.0279294997 0.0002757098
131672299.6244378537 0.0005585924
132987254.0400910676 0.0001814640
142448094.4669840336 0.0002561703
130226056.5242454261 0.0001774876
129157615.0328421295 0.0000321426
129836371.0382554382 0.0002423969
131013839.8114688993 0.0003042730
129483804.3896989971 0.0002805658
150177257.7936439812 0.0000243749
127989221.9614555538 0.0004182999
132023404.2749724388 0.0008892658
132156828.5302511454 0.0001608763
127572771.3157719076 0.0000003344
130584290.8104999065 0.0000000162
127593043.3026951551 0.0000005502
130683315.1310998946 0.0000027495
128597274.5125040114 0.0000026082
132288869.6623404622 0.0000030746
131824874.6387326121 0.0000046099
131525190.4073110968 0.0000067809
128602344.6513344198 0.0000000012
133379561.8717212826 0.0000360313
127573431.9050191194 0.0000000115
129391833.2658979595 0.0000087292
127830462.2979453057 0.0000001784
126621875.5306740403 0.0000021515
129059973.9137773812 0.0000010990
129508170.3121486753 0.0000006597
126905524.8706354052 0.0000019319
127267787.9999554604 0.0000001087
128922829.7621095181 0.0000019751
130309178.6274377108 0.0000389530
126956596.7358537465 0.0000013094
128536192.0924820006 0.0000047260
127691162.5305343568 0.0000109457
129545747.8510388881 0.0000040372
127295109.5642931014 0.0000052439
128040399.7648638636 0.0000001018
126812590.7344284803 0.0000015198
130482478.2981560081 0.0000036473
126798994.5638471395 0.0000016485
129047971.5926812291 0.0000000851
127363315.6917642951 0.0000016034
131326150.5278745443 0.0000027681
127780315.0674709231 0.0000000007
129930377.9878766239 0.0000049817
129413425.2691729367 0.0000019398
129544339.8906310946 0.0000037344
127990309.9101399779 0.0000013479
127548658.2702732682 0.0000008893
128083434.5781225562 0.0000034870
138050839.3790028989 0.0000083239
129724459.4464589506 0.0000015997
130022110.5290506482 0.0000014541
127538681.4625009298 0.0000015883
126535074.4078254104 0.0000103009
127074608.0100073665 0.0000194574
130438038.8678346276 0.0000084514
130725625.4952939451 0.0000175840
126430656.6920451820 0.0000061519
128699534.3643743545 0.0000016771
132493390.5895908326 0.0000383600
126652596.3783854246 0.0000034446
130126530.2241920233 0.0000000443
127837803.5512636304 0.0000039598
131201641.1608795673 0.0000000721
126700899.8121277690 0.0000106524
130116911.6579613090 0.0000380016
126707981.8744334579 0.0000035986
129719618.6105475426 0.0000002801
128173481.8666596115 0.0000064555
126335857.2341703176 0.0000018725
126433044.2628112584 0.0000007758
128629130.4433986843 0.0000000000
126651209.7876634896 0.0000016141
130221440.4483337700 0.0000002504
126710078.7282992303 0.0000017471
129363451.7925095707 0.0000040160
130650074.0832130015 0.0000031593
126635392.0816698670 0.0000025938
126502975.3285269886 0.0000016089
128216308.4449523687 0.0000000165
126358636.4129942507 0.0000024508
126933596.5700701326 0.0000076394
126593605.0815146863 0.0000013644
136704081.3235251606 0.0000019455
127157104.5989034176 0.0000041051
127048975.9826280326 0.0000041751
127193238.8426737189 0.0000030077
127024372.4528688043 0.0000029748
126705791.6705500931 0.0000004498
127448669.5749773085 0.0000033001
126885346.3412885219 0.0000007736
130651404.6020919979 0.0000008952
126976700.8471721858 0.0000049916
127616784.1839035302 0.0000012009
128601554.9191771299 0.0000005954
126574001.9341518283 0.0000019851
126939759.5655445904 0.0000078524
127335646.0895014554 0.0000014176
130118070.6622752994 0.0000044613
127242703.1789458394 0.0000002919
126441152.1142962128 0.0000011523
127331881.2070172578 0.0000037276
130405470.8473182023 0.0000058632
127183134.7106273025 0.0000022052
127731928.6490182877 0.0000003649
126977969.5047692209 0.0000022887
130139487.3113203645 0.0000011162
126792769.7811575979 0.0000009479
127341361.4756321162 0.0000000849
126538720.2982275039 0.0000010863
131541308.5055058897 0.0000004824
126766200.1757503301 0.0000011085
126700967.8851396292 0.0000008049
126295979.0526971519 0.0000005418
126871532.4688877463 0.0000006292
127216130.7571666688 0.0000007866
126872569.7048408836 0.0000000000
126711591.3082118034 0.0000004236
126398594.7139571309 0.0000005964
130692932.6066682488 0.0000003727
126827570.8658244610 0.0000009321
126723461.9956263453 0.0000003017
126911622.8450427651 0.0000005591
126461713.9906573296 0.0000000299
126578652.5330118984 0.0000005104
126358341.8699258864 0.0000003851
126493678.2876223177 0.0000005594
126967703.7686715126 0.0000003542
126725718.1718377620 0.0000004691
126165515.2158748209 0.0000002689
126686443.6324681938 0.0000001984
130947374.3042556792 0.0000001883
126092595.7703277320 0.0000001529
128484325.3359500170 0.0000000251
126353231.8730203956 0.0000001676
126646557.5725166202 0.0000000000
126162098.0308132470 0.0000001429
126706648.4724802524 0.0000000341
126193193.1364875287 0.0000002033
126483294.9448243976 0.0000003596
127178093.0112880617 0.0000001780
126299987.2059483677 0.0000000012
126171181.5589552969 0.0000001445
126244491.3012735695 0.0000001274
126109768.9489776045 0.0000001776
126322259.9557861686 0.0000000650
126278759.3726438284 0.0000000906
127076054.4376730025 0.0000000296
126155797.5530150086 0.0000001067
127070854.1840464622 0.0000001150
126376048.5222432911 0.0000001012
126751714.2712940574 0.0000001236
127057034.4270810634 0.0000001118
126096454.3368093222 0.0000008187
126088005.0870183706 0.0000001675
128730680.3503904939 0.0000002157
127010756.8946222961 0.0000000838
126613190.6923836470 0.0000000918
126159131.9697386920 0.0000005158
126744134.7225212455 0.0000008701
126356201.8679522574 0.0000001007
126893482.0407914966 0.0000000039
126151861.8472296596 0.0000001564
126576182.0333332866 0.0000004717
127229270.9297387451 0.0000001970
128598008.2953730077 0.0000000661
127160115.9917751402 0.0000001155
126439682.2185630351 0.0000004842
127045594.0566073060 0.0000001813
126566011.4354612529 0.0000003894
127063594.0868208855 0.0000001826
129020785.3680241257 0.0000000342
126098650.3525365144 0.0000001399
126169920.2802468389 0.0000001631
126484039.4445815384 0.0000000644
126087535.6199049354 0.0000001545
126665750.2802383453 0.0000001924
126202913.1636027396 0.0000000951
126404090.4241979569 0.0000003301
126255932.6847018898 0.0000001239
127327126.4758972526 0.0000001409
126182502.1027628332 0.0000001929
126794973.9120000005 0.0000003170
126055029.3992212564 0.0000001699
126100258.1537148505 0.0000002038
126138565.9277007729 0.0000001970
126204476.9424715042 0.0000002000
126184376.5905461013 0.0000001640
126152616.0578339398 0.0000002260
126167800.8495605737 0.0000001730
126558884.4748564661 0.0000004063
127123808.1834614575 0.0000001798
126320575.6663097888 0.0000001603
126055297.4414411187 0.0000001290
126232585.2351684123 0.0000001515
126202750.6084600389 0.0000001832
126382883.2026391774 0.0000003201
126177215.4224134535 0.0000001736
126681934.9002453238 0.0000003305
126141083.5726015568 0.0000001344
127094057.9055578858 0.0000000799
126108509.1288276315 0.0000001289
126952311.4641624987 0.0000001086
126332190.9480934143 0.0000002272
126237120.0922407359 0.0000000636
127322984.8921118081 0.0000001482
127023984.9164929837 0.0000001841
126183243.8714274168 0.0000001744
126132979.8495314121 0.0000001878
126216766.3230949193 0.0000001859
126930822.1089669317 0.0000001846
126126736.8682533801 0.0000001666
127043301.2651004344 0.0000001032
126076639.6551668197 0.0000001831
126488513.1496460587 0.0000002626
126212596.3008915335 0.0000001986
126599796.5239825100 0.0000001217
126077159.4967724085 0.0000001677
126046365.5194003731 0.0000002233
126067854.9908817559 0.0000002352
126233497.1371454448 0.0000002070
126131688.6638060510 0.0000002206
127194381.2994955629 0.0000003598
126130348.3888857663 0.0000002604
127111011.9805147201 0.0000001717
126042989.0312292874 0.0000002120
126109094.7093408406 0.0000002333
126048149.1087680608 0.0000001833
126004056.3600789011 0.0000001754
126144590.0196337551 0.0000001636
126077211.1232472211 0.0000001869
126126183.8096647412 0.0000001396
126012725.5028538555 0.0000001623
126090817.4671869129 0.0000001674
126471678.1146991700 0.0000001855
126013850.7547910959 0.0000001779
126035475.6162348241 0.0000001881
127127353.2038474232 0.0000001786
126584366.6606825888 0.0000001212
126227249.2120093405 0.0000002049
126610580.3408522755 0.0000001311
126120298.4942801744 0.0000001642
126213400.5113770515 0.0000001671
126083392.6630159169 0.0000001893
126231504.9545067549 0.0000001001
126067992.6516151279 0.0000001705
126563525.6305218786 0.0000001282
126135010.1153850853 0.0000001242
126036275.3948859870 0.0000003014
126115564.4615430981 0.0000001616
127198552.2389184833 0.0000003294
126160677.5025625825 0.0000001828
126404020.0966206938 0.0000002660
126036382.7972520590 0.0000001612
127127893.7375416905 0.0000001397
126035991.9541041255 0.0000001550
127097824.3483598828 0.0000000504
126133338.0169946253 0.0000001779
127168922.5529528409 0.0000002433
126098318.7069195509 0.0000001945
126088232.6956304461 0.0000001641
126090629.3980172575 0.0000001552
126105916.4113584459 0.0000001661
126003873.7286313772 0.0000001835
126122828.0516660213 0.0000001741
126056276.2920391560 0.0000001905
127157069.7537037134 0.0000001430
126050365.8060533106 0.0000001733
126452021.8578056693 0.0000002142
126177047.1935804188 0.0000001968
126019031.5191178620 0.0000001779
126157751.7982409000 0.0000001902
126025439.5833302140 0.0000001756
126167907.2813003957 0.0000001710
126123593.6213996410 0.0000001924
126155393.2629358619 0.0000001776
126053698.3877157122 0.0000001762
126008762.9897921234 0.0000001716
126024544.9291936159 0.0000001800
126108332.9772370011 0.0000001821
126137275.4237880409 0.0000001983
126085584.8400380462 0.0000001116
126186593.2044096887 0.0000001751
126175728.0682262480 0.0000002001
126030287.9040620476 0.0000001694
126134834.5782982260 0.0000002163
126023943.4788910747 0.0000001936
126115837.2539857775 0.0000001746
126012249.6012182534 0.0000001808
126169513.7049620897 0.0000002423
126159049.4003194869 0.0000001880
126046968.7585498840 0.0000002060
126013315.8219663203 0.0000001873
126112185.6458375752 0.0000001713
126129163.0654786974 0.0000001804
126170455.3298492283 0.0000001838
126073428.9369179010 0.0000001751
126045204.6488242149 0.0000001726
126038374.3696397692 0.0000002050
126137148.7569656521 0.0000001790
126082723.4155306071 0.0000001807
126021919.6146905124 0.0000001759
126039631.8022255599 0.0000001677
126043982.9027149528 0.0000001854
126090887.8756644726 0.0000001719
126112450.6575116515 0.0000001801
126142951.1724660993 0.0000001986
126030264.4959216267 0.0000001815
126064999.7355488241 0.0000002051
126078940.8514153510 0.0000001910
126052368.5858501345 0.0000001953
126180462.0675133318 0.0000001813
126120222.0246323794 0.0000001802
126012330.7894350737 0.0000001862
126020871.5228124410 0.0000001894
126177144.2460494190 0.0000001859
126104535.4373276532 0.0000001677
126161990.6768471152 0.0000001748
126013941.1648672074 0.0000001921
126021394.2605179548 0.0000001927
126168944.0071300566 0.0000001589
126125183.9396357834 0.0000001800
126042378.5228363574 0.0000001983
126002533.5795307606 0.0000001861
126150397.4143643081 0.0000002010
126002454.8175026625 0.0000001885
126095385.2694923729 0.0000001982
126164683.9782150239 0.0000001909
126058499.6542928070 0.0000001864
126170278.3259981573 0.0000001961
126069590.6333285123 0.0000001456
126046689.7217417955 0.0000001849
126177529.5311774462 0.0000002017
126010603.6115049422 0.0000001875
126077208.7971021086 0.0000001805
126001059.6561818868 0.0000001915
126167567.8669711053 0.0000002112
126172195.4382985085 0.0000001975
126053054.7230262458 0.0000001644
126003079.6449447870 0.0000001874
126160401.5224798322 0.0000001788
126144238.2990818024 0.0000001943
126088194.1922914833 0.0000001784
126033228.4524942935 0.0000001987
126055551.9366116822 0.0000002092
126041705.3621127605 0.0000001876
126035271.2989698201 0.0000002059
126138238.8968297690 0.0000001981
126076516.5553276539 0.0000001834
126028607.1077485383 0.0000001897
126059563.9053988457 0.0000001966
126028401.8315654099 0.0000001921
126105242.7722844183 0.0000002036
126181764.4508289099 0.0000001904
126022326.7565456927 0.0000001999
126140502.1653550565 0.0000001841
126180243.3381103873 0.0000001952
126031013.0724077672 0.0000001993
126057990.6799502522 0.0000001910
126170214.4514641464 0.0000001837
126179037.8305673897 0.0000002145
126050216.0842548758 0.0000001946
126013716.9797804207 0.0000001668
126013539.1800818443 0.0000001957
126082379.2767927051 0.0000001952
126174375.4953896403 0.0000001862
126069164.1811810881 0.0000001991
126002065.3814725280 0.0000001920
126109808.0777937323 0.0000001810
126063990.8714406341 0.0000001960
126160707.0870610774 0.0000001909
126149260.9067205638 0.0000001851
126004077.8995828032 0.0000001919
126038247.4344436377 0.0000001978
126001638.6762966067 0.0000001875
126052331.2522009462 0.0000001921
126020740.2183105797 0.0000001908
126143678.5374980271 0.0000001937
126140452.3404891044 0.0000001920
126079412.7124117613 0.0000001960
126184283.3821818531 0.0000001895
126133918.0945337117 0.0000001729
126009241.3654471040 0.0000001953
126012882.6776976883 0.0000001990
126182006.4970026016 0.0000001893
126116306.1757224798 0.0000001999
126166855.4268699735 0.0000001938
126018662.3985840827 0.0000001972
126014983.4073745459 0.0000001930
126180619.9341239482 0.0000002007
126009406.6080555469 0.0000001967
126021223.4999137968 0.0000001829
126184487.5891084224 0.0000001896
126062011.8470402509 0.0000002039
126177591.1361685097 0.0000001947
126038943.2597209364 0.0000001807
126165551.6551162302 0.0000001872
126008475.0046995133 0.0000001974
126001019.0852849633 0.0000001945
126140316.4587518424 0.0000002089
126159336.5000232458 0.0000001924
126106931.4769272655 0.0000002029
126002330.5020354539 0.0000001973
126177021.8022864312 0.0000001795
126174720.0906806141 0.0000001911
126011429.6599210799 0.0000002018
126041696.5692089200 0.0000001928
126004926.2204322964 0.0000001938
126005639.4317958355 0.0000002003
126006090.9618334770 0.0000001940
126014393.6134133637 0.0000001945
126179888.8700652868 0.0000001937
126146660.5551465452 0.0000001991
126181759.4424054176 0.0000001936
126011833.9297475964 0.0000001965
126006657.1629365087 0.0000001916
126013428.8415156901 0.0000001958
126182114.3916757703 0.0000001960
126172110.4289506823 0.0000001891
126180795.7067844272 0.0000001935
126174250.8277130723 0.0000002007
126002491.0323103219 0.0000001951
126010639.9345642775 0.0000001909
126005171.6836621165 0.0000001955
126013899.9413037300 0.0000002007
126007190.5008162558 0.0000001966
126182148.0428313464 0.0000001966
126005129.2146990746 0.0000001949
126175379.3366512656 0.0000001964
126183238.9015348703 0.0000001937
126020932.2348502576 0.0000001919
126006533.7411878854 0.0000001966
126003070.0680965930 0.0000001953
126162886.5273539275 0.0000001934
126032748.4784113318 0.0000001930
126011759.8006963879 0.0000001977
126142838.3702316880 0.0000001901
126174240.8490652293 0.0000001957
126015540.9533207566 0.0000001944
126169605.0922839791 0.0000001957
126181739.7365178764 0.0000001946
126003808.8308529258 0.0000001926
126002015.0434660614 0.0000001952
126012369.8557480872 0.0000001968
126183373.0618041158 0.0000001959
126009532.5740139633 0.0000001949
126183319.2779871970 0.0000001947
126009590.0124463886 0.0000001952
126184106.1311726570 0.0000001942
126008748.9639542401 0.0000001921
126003136.0479130149 0.0000001941
126181179.7384716123 0.0000001919
126002040.2432631403 0.0000001949
126176115.1624085754 0.0000001981
126179260.1038102508 0.0000001953
126016141.4021311551 0.0000001926
126182178.9436984062 0.0000001935
126180620.4563272744 0.0000001951
126000919.4593237936 0.0000001943
126012828.8788585812 0.0000001941
126001480.3356377631 0.0000001947
126007120.3985337764 0.0000001955
126001795.8009252250 0.0000001940
126010005.4836248457 0.0000001934
126001127.5194863677 0.0000001946
126005181.3567465395 0.0000001946
126183545.3025710136 0.0000001943
126003917.1036472917 0.0000001951
126001444.2658151835 0.0000001943
126009607.7114526778 0.0000001933
126184548.8701196462 0.0000001942
126005642.4669221789 0.0000001944
126180814.0776980370 0.0000001944
126003043.4236997068 0.0000001937
126184458.8564219177 0.0000001945
126009369.9906380922 0.0000001932
126001609.5567038506 0.0000001946
126184139.2518270463 0.0000001951
126001686.5347009748 0.0000001940
126182274.4425680339 0.0000001935
126001762.7268361896 0.0000001940
126182547.2901865840 0.0000001934
126000713.9089059383 0.0000001939
126183536.7269027084 0.0000001928
126180092.9508465827 0.0000001938
126012041.7121956348 0.0000001934
126182037.5925409347 0.0000001934
126001057.2045522183 0.0000001939
126001812.0949424952 0.0000001940
126001183.9076694101 0.0000001939
126001937.0472103059 0.0000001946
126000819.9810377508 0.0000001939
126183819.8913835436 0.0000001936
126000836.1269031763 0.0000001940
126000828.0421328992 0.0000001942
126001185.9474606812 0.0000001940
126000838.6606568992 0.0000001942
126000951.6770350188 0.0000001942
126171450.6638638079 0.0000001936
126000911.6223002225 0.0000001936
126005109.5117394328 0.0000001949
126001426.9801710993 0.0000001938
126002584.3700328171 0.0000001937
126001436.4066120237 0.0000001939
126003966.9975929260 0.0000001941
126002079.9346183687 0.0000001940
126004187.7189662904 0.0000001938
126000820.1248381287 0.0000001937
126005606.5254342854 0.0000001936
126001471.7324845195 0.0000001941
126004296.2543690354 0.0000001933
126000869.9179355204 0.0000001937
126003756.6963370144 0.0000001947
126001165.6225996614 0.0000001938
126170551.8748461008 0.0000001936
126001066.4584422112 0.0000001939
126005681.5649926811 0.0000001935
126000679.6614094079 0.0000001940
126001132.1616703570 0.0000001945
126001233.2822460383 0.0000001939
126005319.9754933715 0.0000001945
126001477.7778220326 0.0000001940
126006077.3257275224 0.0000001935
126001518.6101207584 0.0000001940
126002472.4935524017 0.0000001945
126000726.5832045078 0.0000001941
126169419.3726488501 0.0000001939
126177434.4143620282 0.0000001940
126000660.8558722436 0.0000001939
126002972.6131847650 0.0000001937
126000985.9030433446 0.0000001938
126002450.7013522685 0.0000001944
126000734.5521492064 0.0000001939
126002084.2445554286 0.0000001943
126001173.4423878640 0.0000001939
126002585.1163311601 0.0000001939
126000780.4241474718 0.0000001939
126001911.9196844250 0.0000001940
126001377.0020431280 0.0000001939
126002886.1192927510 0.0000001936
126000734.1443474591 0.0000001940
126002666.7549536377 0.0000001936
126001101.3699298203 0.0000001940
126178140.2240630537 0.0000001938
126000678.4876009375 0.0000001938
126003096.1726824939 0.0000001939
126000764.9394464046 0.0000001939
126002672.9373733103 0.0000001942
126000653.7342568785 0.0000001939
126002288.9448263198 0.0000001938
126000717.6885354072 0.0000001938
126002813.4493992776 0.0000001939
126001452.2442686111 0.0000001938
126179408.5939531028 0.0000001940
126001419.4492986500 0.0000001938
126001584.1174984723 0.0000001936
126001386.2136532813 0.0000001938
126179849.5325406492 0.0000001939
126000966.2979626060 0.0000001939
126182019.8876059204 0.0000001939
126000760.5586261898 0.0000001938
126001832.8030628115 0.0000001939
126000785.6666602939 0.0000001940
126001382.2226910591 0.0000001941
126000645.3092916459 0.0000001938
126000749.6204114407 0.0000001940
126001356.8244235367 0.0000001939
126001356.4210125953 0.0000001938
126001591.0901456326 0.0000001938
126001972.2134569585 0.0000001938
126000810.9967934042 0.0000001938
126001503.3411643356 0.0000001939
126000773.5843738616 0.0000001938
126001381.0809920132 0.0000001938
126000933.8604353219 0.0000001939
126183691.7331108153 0.0000001939
126000801.9681705385 0.0000001938
126001467.2290006727 0.0000001939
126000920.3359687626 0.0000001938
126000728.4558702707 0.0000001937
126001469.4126157314 0.0000001939
126001556.8370868862 0.0000001937
126000673.3560196161 0.0000001938
126183324.4546841830 0.0000001937
126001376.5658590645 0.0000001939
126001244.7530557960 0.0000001940
126000715.7519339472 0.0000001938
126002247.1906482577 0.0000001940
126000900.6199475378 0.0000001939
126183154.0917732567 0.0000001938
126001245.9559106827 0.0000001939
126000843.3419425339 0.0000001939
100133726.0000000000 0.0000001939 1 0 0 0 0 0 0 0 0 0 0 0 0 0 0 