858490210.3408501148 0.0005510867
859835633.8113244772 0.0010496245
869336002.6861264706 0.0007685808
873882764.1486605406 0.0005730559
833717871.3333519697 0.0002867188
919125916.3066356182 0.0000187802
898035065.2621115446 0.0000828463
846257115.8022389412 0.0002563581
931184260.5632559061 0.0000753616
963184914.9672943354 0.0000550470
900532516.7885690928 0.0001315586
801544103.4860241413 0.0001075934
955804141.5587358475 0.0000967857
794269829.3973561525 0.0000472650
807833323.3588373661 0.0000847477
849090102.6734409332 0.0000251936
805335940.7235997915 0.0000062013
665649458.2361572981 0.0001360939
648630577.6276378632 0.0001759995
651888052.9371216297 0.0003203979
630506730.8298119307 0.0003901973
615401863.8367495537 0.0005418783
655496859.9773199558 0.0007783952
547355309.7997554541 0.0008596268
529871834.4771194458 0.0014246842
592159040.9555220604 0.0005370678
582623274.9880499840 0.0004084820
643073202.1217746735 0.0006950767
564628465.0450165272 0.0041691566
569154751.2191071510 0.0005774323
572616060.9991360903 0.0007593978
538058683.6378159523 0.0000280852
530070959.2946409583 0.0015392755
649820760.5988172293 0.0007434303
539434405.1160656214 0.0013654495
476032762.6894332170 0.0021838890
480319496.4004628658 0.0020329047
599450314.9824775457 0.0013206739
502654557.1470569968 0.0018528947
559679444.2406585217 0.0012821433
475996299.2523470521 0.0029185495
510516570.1490529776 0.0020200721
478706364.3709123731 0.0028698685
546699269.4558162689 0.0021369777
475680895.6206446886 0.0028910791
503664963.6869502664 0.0027234476
478154700.4763343334 0.0018492115
516702853.2519937754 0.0010695988
473925057.7798502445 0.0029156053
477896021.4486284256 0.0028075383
468229309.7716978788 0.0053351069
506809005.3880127668 0.0015431871
509120197.4681521058 0.0020837589
537559963.3002351522 0.0008159665
468209031.8981216550 0.0050502255
487653679.9679300189 0.0041475280
457574899.4931786656 0.0051739331
415736163.4484853745 0.0098628697
423447175.5422578454 0.0090456292
557028844.6052963734 0.0080555059
453247907.1093818545 0.0082656401
458390550.4929057956 0.0062741539
428610493.3127842546 0.0083741522
470885358.0735285282 0.0042402363
417004419.9193240404 0.0088338244
534648376.3234241009 0.0038852272
418514285.9715500474 0.0090112616
437653642.1746528149 0.0040803980
415351559.5318059325 0.0090636659
387077764.0821343064 0.0130261387
432201371.3724427819 0.0111348537
390363334.3372415900 0.0290521790
384366802.7642374039 0.0153947669
450044801.1617744565 0.0150196456
368562746.5026661754 0.0190761279
403986153.3445443511 0.0072928607
373483623.7185322642 0.0225020148
495172279.7376003265 0.0043087299
380579517.1514869928 0.0184058655
380988506.9153853059 0.0217751665
363028904.0238612890 0.0218309150
440323349.2064311504 0.0090212407
360578537.6458969712 0.0222104214
414614711.5102134347 0.0122100920
365532628.1552950144 0.0173698106
471669117.4446582794 0.0154453875
356441678.1696051955 0.0228380208
374493887.2206377983 0.0421174806
351897930.0774874687 0.0242171877
346691866.7719311118 0.0077798434
332562656.1965722442 0.0082691238
372346838.2095894814 0.0014486241
336161293.1757462621 0.0069235766
380137412.9845960140 0.0074994521
340575696.7329900861 0.0079639743
475255614.0763456821 0.0030016650
324542610.8596901298 0.0099862187
354255596.7490556836 0.0020926849
340596482.5840610862 0.0065217224
357864743.4489882588 0.0133305279
348069592.8444060087 0.0063073654
381353981.6165217161 0.0031465419
321259102.6776819229 0.0066831189
338786192.6985056996 0.0147151602
313312800.3644481897 0.0078018990
433059053.6720589995 0.0044384583
324796606.2831144333 0.0067052585
382105855.9468925595 0.0035210823
312457620.6657039523 0.0057018241
385729711.2536871433 0.0074305736
314809542.0608409643 0.0056512791
438541404.8772423863 0.0032817838
312845429.1236715317 0.0030770546
435912533.8177826405 0.0059102346
312906227.2200409174 0.0050096502
363634818.8722982407 0.0000037880
295004178.3363858461 0.0062166014
348215091.3626801968 0.0022516002
304618407.2740505338 0.0076849376
321899395.9840411544 0.0062218841
303780235.6780564785 0.0076112894
363249567.9920825958 0.0032382000
301206426.2285143137 0.0058034371
314962679.4867981672 0.0011432690
302156228.8956459761 0.0078539136
348136374.1586284637 0.0043505566
344874402.0418015122 0.0012932027
298583383.7567740083 0.0057009976
305441093.5045418143 0.0054988359
294750870.0520765185 0.0058439906
314680547.9119703174 0.0042111376
283273588.0242214799 0.0057290960
280833696.7293173671 0.0076784292
284078964.8474553823 0.0092254147
279367863.1398141980 0.0179297112
285543817.6265199780 0.0182983913
278558572.2573176622 0.0149203814
310125988.5207294822 0.0114758084
289059620.0150870681 0.0157843521
281301641.8826750517 0.0129568113
275819522.9014505148 0.0218148441
276745676.4992302656 0.0243734453
301400897.0102698207 0.0172922719
277465720.9460263848 0.0242785934
246604160.6890662909 0.0428693232
248328052.5178013146 0.0390266611
231397589.4711710811 0.0488166482
231318336.4769916534 0.0452965347
242230437.4689009786 0.0366952480
237132962.8620084524 0.0518358003
236932740.0452070534 0.0575567567
231417464.9628905058 0.0469813435
234180233.9118652344 0.0648835538
235155200.1589813232 0.0432696897
247372471.3448219895 0.0341208471
223540663.5285556912 0.0367411300
242425087.5470914245 0.0348590149
225867117.2323789001 0.0323810236
233831681.8780694604 0.0307270495
221668798.9411399961 0.0381302826
216523992.4068231285 0.0300220782
216516141.3979548514 0.0278216740
224518685.4792066813 0.0367893893
219397668.5368765593 0.0265221761
273019135.7850859761 0.0251415989
211544780.3398388326 0.0244003775
212539097.2014414072 0.0179023033
214575273.2163208127 0.0296928026
236252300.2678748965 0.0248687276
220388299.8895115554 0.0235476847
213500741.1721473038 0.0119591206
211290603.2750226855 0.0220839164
226873808.8354648650 0.0107021195
212705832.1154321730 0.0261855585
238233819.9589918554 0.0331774222
213523893.6735110879 0.0245717508
239697832.7234166265 0.0203926862
214578175.1902629435 0.0220729857
235974782.6941830814 0.0091770203
210466487.2705755234 0.0234255320
231140200.6301237047 0.0194230944
209946841.1099456251 0.0225313373
210000994.5508113205 0.0197824630
210890421.1257513762 0.0234245465
221021217.1645258963 0.0121881428
209619946.1816626489 0.0246555971
228911445.9602331221 0.0144111989
212347559.9539623857 0.0221946262
203356166.8330872655 0.0366769326
207728529.2340462208 0.0420355675
223407313.2979839146 0.0169717528
203080662.3342875540 0.0351418868
216900926.5327369273 0.0221249590
205887895.7646043599 0.0371987893
237622014.1914455593 0.0257262478
207378371.8684089780 0.0360212215
206041795.4618829489 0.0547451486
206157820.0699290931 0.0343188182
225612536.3711452186 0.0222441011
211699295.1833890676 0.0293935014
212914225.5654614866 0.0193461381
208370219.7374393344 0.0356182880
214374560.2692869604 0.0473233747
209487068.5568271279 0.0339388957
237461089.4845390022 0.0647960438
207988717.6915980279 0.0329039491
236317245.7448141575 0.0427928896
205631153.0686893463 0.0366745517
216883035.4592802525 0.0177127096
201521559.8132995069 0.0362392292
194191831.5375144482 0.0245052056
188725699.2368177176 0.0218553456
213084205.2766926289 0.0213184642
195079588.4260305464 0.0201133219
178895083.1519317031 0.0070869213
182177711.9412923753 0.0064595430
186148473.8782508969 0.0031331060
180530754.7102618814 0.0075139676
213248541.1771834493 0.0038761545
180027392.5655433238 0.0078354618
193622119.2137836516 0.0045766436
184969669.6448242068 0.0051117224
187470943.8656754494 0.0063510522
179804787.5702677667 0.0089320815
209216216.0086465776 0.0086136997
180789565.4622708857 0.0053967918
202857195.8093368113 0.0118234742
182411574.6985186636 0.0050588360
185453923.4966830015 0.0090015605
192041912.2366266847 0.0065445655
181506742.7450552881 0.0074326765
190235785.2919872403 0.0073092908
180057482.8942945898 0.0073963742
170588352.8018478155 0.0032587185
175221807.6978924870 0.0032845559
179981403.9017396867 0.0020856347
169818258.9908784330 0.0028282475
168082407.4414732158 0.0033687884
170859188.9602208436 0.0032880892
178634778.9836005569 0.0020770096
172313507.2852154970 0.0034794672
169207078.0917477608 0.0029981340
167273417.8829261661 0.0037696609
175170562.1333504915 0.0071394708
168909359.2149404585 0.0036410179
169517905.9109924138 0.0036690873
165774594.1870732903 0.0033903857
150720914.8411469758 0.0040307026
150435137.0738880038 0.0018700202
151033080.4827552736 0.0017783307
151665782.6822761595 0.0016165240
150874104.0017182231 0.0019431206
146530176.2294100225 0.0017084654
147372039.1359753609 0.0017739396
145136268.9771232903 0.0012209460
146705822.2660102844 0.0012095795
145719520.3243640661 0.0003441373
146166191.0056926906 0.0014912377
162977961.9429486394 0.0033163414
147229118.3267569840 0.0015450174
146586868.6615683138 0.0014706393
143987319.5117812157 0.0013060226
148580787.3362274170 0.0005887692
145466686.2426303923 0.0012308169
147836220.2941562235 0.0029752313
143824556.4420038760 0.0019553182
145397858.7224103808 0.0025482984
143718435.1343105137 0.0019529969
146009157.6079407632 0.0019042421
145426833.2798399031 0.0016982988
148575225.0438392460 0.0013590894
144758526.9539681375 0.0018987251
145883500.3804222047 0.0016112303
144313883.4684448838 0.0017863637
141259874.0409637690 0.0012207824
146792054.4479372203 0.0012950209
141702387.0101454854 0.0005108611
142714543.6832298040 0.0015416413
143028884.2506517172 0.0006273248
140873405.9644472897 0.0012638828
148876961.6493528485 0.0018622424
140415010.9467121363 0.0013627479
143028793.1170677543 0.0003696105
141322155.0347553492 0.0013421528
147647743.9885547757 0.0024476881
142858561.8137171865 0.0017101743
143751310.5796924829 0.0015599354
140780750.9347014129 0.0013237547
154406818.2623368800 0.0008018841
143164175.4714465439 0.0010619491
140801755.4296162724 0.0011613619
144335936.4143921137 0.0010868811
145604736.2528537214 0.0016827726
138061364.6561740339 0.0010559372
143943631.9238155782 0.0007539036
139025864.0192456841 0.0010093227
140777598.4463046193 0.0003548141
139984602.1846999526 0.0010955806
153281932.0857932866 0.0018267298
138396277.9099597931 0.0010007874
143025852.3077660799 0.0002294834
138126845.0540890396 0.0012072291
137110408.4340654910 0.0008198721
140111183.5489988923 0.0005476683
136993949.0882158279 0.0007580811
141189995.3232048154 0.0008367013
147731361.5717864633 0.0010141828
140680440.3298785686 0.0008371890
140223022.1542989612 0.0002612184
140136517.5292899907 0.0006783400
142678072.3723886013 0.0004789306
140240855.4206550419 0.0009524551
143056885.5182305276 0.0008694812
137065807.9068838060 0.0006972164
141444763.2314458489 0.0008310078
139661273.3512443900 0.0008403451
144834689.9972467124 0.0012105319
141172401.8507874012 0.0007380539
145333636.4976429343 0.0011058559
136375963.8045845926 0.0008564649
139447816.3450160325 0.0001158610
137159690.4248553216 0.0009609807
141642995.7860183716 0.0010308749
138527427.0890271068 0.0009482553
141607498.3816181719 0.0009490211
138909416.7640627027 0.0008325671
139711611.9342574775 0.0003921622
136323077.5387966037 0.0006527710
143505162.4661968946 0.0010953495
136074370.5161216855 0.0006774008
150033646.6614660323 0.0002452830
136955110.3797859550 0.0008391717
136993300.7288248539 0.0002388111
136554892.8100063801 0.0008611196
142382127.9655942917 0.0017166594
137093649.3128344417 0.0004956626
133530040.9061515778 0.0005376314
136865072.9424878061 0.0005770919
137380742.7329634130 0.0006974858
136900314.9756842256 0.0007508187
142745671.1654253900 0.0002168024
135614575.9752128422 0.0007315824
136063152.1049388647 0.0013739007
137443437.4815963507 0.0007876352
141965345.1157123744 0.0003063301
138271124.8886327446 0.0007928097
136024071.6841379106 0.0001851604
137929287.9907700121 0.0005632010
144801685.7922398150 0.0002658934
133418656.3013849705 0.0005012068
137913588.5436578691 0.0004158982
132481527.9437558502 0.0004508366
137143150.5940443575 0.0003281795
132733696.8441882282 0.0006089881
136514972.8429552019 0.0005824573
132574525.7688891143 0.0003690370
133915858.0937912315 0.0001048657
136814702.0004396439 0.0005751638
142483864.0512694120 0.0012737212
133262856.3303027153 0.0004354815
144783876.8585732579 0.0015268763
133194965.5893151611 0.0004425885
134837909.0563436449 0.0006003281
132109152.8888095468 0.0004783466
138761416.8261820376 0.0004767220
131632432.3999446929 0.0005834660
135119112.2643858492 0.0005808152
131714796.9986648411 0.0004522077
133154614.5010246783 0.0002845856
131867094.4645502120 0.0004899580
133789409.0988320261 0.0009929511
133280649.3573787510 0.0007726706
139383650.4938661456 0.0010349562
132339675.7381801903 0.0006609636
139082381.6477302611 0.0007034949
131962693.7452330887 0.0004326728
137889432.2596996725 0.0004339738
131699789.4049436748 0.0004839754
139914406.7792845070 0.0003832319
135355379.0090303719 0.0008086962
140781027.2098141313 0.0005146791
132442800.6947059780 0.0005541446
133020528.7466240972 0.0001696511
135538170.4721085429 0.0008232979
137744772.7348970771 0.0001321735
133031836.1285095364 0.0007496670
138230918.6315555573 0.0001960311
133920401.6318421364 0.0004993230
142590735.7875842452 0.0007792159
131245371.5700360537 0.0005783105
143861905.8986176550 0.0014003378
131369934.2867035121 0.0005859004
131311338.3193975240 0.0003369972
134019248.5415967703 0.0005980069
139356007.4742752612 0.0012621918
131187326.4379632026 0.0005236163
138832349.4467629492 0.0004352069
131916302.4186711758 0.0006109206
133195334.6685670614 0.0003044203
131758265.0373274535 0.0004256534
132014063.7526660115 0.0003663445
131321596.4853619188 0.0005368602
132929404.7664456815 0.0001334443
132435231.2536912560 0.0006380535
137160302.0908781886 0.0003168789
131407278.7173262537 0.0005843002
132840406.2963231802 0.0002780223
132799259.3784979582 0.0005197282
133635965.4193138629 0.0003605703
131873801.9345490187 0.0004808708
132955891.3750442117 0.0004257356
133739190.6432858258 0.0006036834
131540552.7717247754 0.0005475355
132492332.6391606331 0.0001927984
131190102.9938146919 0.0005015861
133450313.1734696925 0.0002167493
131954972.6687707752 0.0005591613
132240178.3043466359 0.0005908760
130896636.6363875121 0.0005377299
133364635.2159461379 0.0006317808
131273998.7674410641 0.0004820609
134893048.4496065378 0.0004976705
130514017.3663945049 0.0006104079
134747651.1127563119 0.0008638775
129650688.2677801400 0.0005749115
127883046.7231154591 0.0003990211
127224317.0828168094 0.0004082491
129535919.3085156679 0.0005247655
127132792.2373646051 0.0004521840
128025164.8307615072 0.0002316718
128544680.8378713876 0.0004350392
128059990.6830219477 0.0004702181
127325668.3397883326 0.0004568463
127151800.2554653883 0.0004413925
127633536.0937118530 0.0004605724
129657111.7575940788 0.0003920289
127484320.3171494007 0.0004056480
127425373.1599207222 0.0004079785
127991974.4827126712 0.0003977875
128852394.6027007997 0.0005282209
128148031.4974283129 0.0004835755
129063738.1125559360 0.0005068765
127192588.6738947928 0.0004402120
126354652.0430184454 0.0001479450
126607050.5730930418 0.0001639533
124976057.9046236426 0.0000500496
125892547.9337936193 0.0000539429
126271414.9793305397 0.0000441195
124847412.6163518280 0.0000534402
127503868.6537737399 0.0001135864
125766612.8007686585 0.0000623927
127313622.2254498005 0.0000665885
124924903.7407499403 0.0000425386
124706057.6743931472 0.0000354885
124535550.7608079463 0.0000310121
126676330.3555117548 0.0000108538
124550250.7922607064 0.0000316475
124393183.4184782356 0.0000226602
125437071.0752817988 0.0000582340
125715952.3956408203 0.0000131882
124227258.0626759529 0.0000268866
125315214.4701479673 0.0000223299
124179634.0828663111 0.0000269414
123849958.9608857483 0.0000084329
125398815.7399416417 0.0000086638
124208821.5931975096 0.0000088182
124746931.5803043544 0.0000079562
122513588.2300017774 0.0000083622
122433373.2606853843 0.0000073313
122345541.5925439447 0.0000000435
121935482.7463759035 0.0000007199
123691864.7696748972 0.0000005339
120804340.9921635538 0.0000006171
123263962.4758125395 0.0000094316
120579473.5130776316 0.0000013486
121177007.5701859891 0.0000040497
120340695.4490023553 0.0000003910
121949558.2284454703 0.0000000001
120998459.7300487906 0.0000012862
122756341.4421589375 0.0000054555
120756141.3059875369 0.0000001135
120769213.1644798666 0.0000127186
120386976.4791887850 0.0000007743
121452745.1783946306 0.0000041842
120707875.8634899855 0.0000001593
121277803.7673971206 0.0000013580
120748091.5486003757 0.0000005197
122416409.3019763380 0.0000062169
120592957.0419364870 0.0000009703
120436035.8092664480 0.0000000166
120705372.9066401422 0.0000030257
121996379.6952612400 0.0000001055
120696918.1292835474 0.0000004739
122271178.1752091646 0.0000004197
120702830.8593220711 0.0000006641
123842739.9394176304 0.0000006256
120435931.0547150671 0.0000000819
121535404.5055805594 0.0000008513
120457183.3329678476 0.0000000181
122081390.9486850947 0.0000011833
120651579.0746578425 0.0000000197
121425422.6357381344 0.0000004859
120960162.8927123994 0.0000003050
121309713.2832754850 0.0000028101
120464985.0039059222 0.0000003500
124115271.2027628273 0.0000002076
120805754.3866422027 0.0000001699
128621046.6757554710 0.0000037533
120308800.7382616997 0.0000003392
120722369.5740884542 0.0000047869
120277544.4187887907 0.0000012053
119449300.5142281651 0.0000000066
120449623.3676228076 0.0000000712
121403858.3668282181 0.0000022521
119457138.9204383045 0.0000000017
120569884.7277151644 0.0000021507
119566818.2086724937 0.0000000000
120917454.6691025198 0.0000008630
119607312.6847908795 0.0000000549
120783129.0408511162 0.0000005627
120440770.9285967946 0.0000000290
120424147.7922784239 0.0000016571
120565853.7817238271 0.0000000001
119450899.7320944816 0.0000000503
119644247.9456044436 0.0000000006
120537358.1347870529 0.0000000006
121175177.3376967907 0.0000000021
120623504.3333643228 0.0000000008
119575592.0030729324 0.0000000549
120518838.1096682400 0.0000000016
119764927.2364133298 0.0000000416
119491293.7346731871 0.0000000370
119748231.4216556549 0.0000002512
120386350.1998659372 0.0000000120
120375098.1023298651 0.0000010620
120656897.5717745721 0.0000000850
119451662.8381855935 0.0000000111
119517440.2042005360 0.0000000003
119760795.6113702208 0.0000001286
120515727.9819068462 0.0000003130
120432150.0096290261 0.0000011738
120546579.8019829243 0.0000000462
120463301.4649306387 0.0000010728
119481541.3395109326 0.0000000357
120943988.7205684930 0.0000000734
120740791.8910559863 0.0000002008
120348925.7398747206 0.0000022525
119595488.5386149883 0.0000000166
120593212.5007595122 0.0000008713
120567704.8443463296 0.0000000058
119415034.6377559304 0.0000000097
119320878.3318554014 0.0000001183
120720769.1412645280 0.0000000452
119360050.2625368834 0.0000003145
120505715.4231523722 0.0000011756
120409779.6550122499 0.0000002665
120681030.5263409615 0.0000000158
119321743.7355245501 0.0000001032
119410868.3591503203 0.0000002826
120495129.0197035372 0.0000000881
119383119.6639480591 0.0000000131
119403115.1809498519 0.0000000128
120403701.1082529426 0.0000000924
120492893.7680100799 0.0000000151
119917353.2192251682 0.0000013283
120371335.8650372028 0.0000001030
121098721.4353664219 0.0000004976
120387731.3020553142 0.0000001119
119815053.2677213550 0.0000020311
120315466.3284800798 0.0000001354
119375662.6448559165 0.0000000675
119480591.5866452008 0.0000000786
119364496.3092903644 0.0000007481
120292035.7827617973 0.0000001233
120279050.0740345716 0.0000003900
119385098.3765859902 0.0000001867
120002778.5891849548 0.0000003957
120500130.6763791293 0.0000001722
120191282.1109238863 0.0000006102
120446947.9383551329 0.0000000591
120423694.0789150596 0.0000008230
120444970.6093185097 0.0000001793
119390767.6042512208 0.0000000000
119332401.7875844836 0.0000000785
120054231.8903213441 0.0000003221
120380170.3298639655 0.0000000812
120227176.8256853521 0.0000000135
119414511.2108606994 0.0000001155
119380362.1764844507 0.0000000026
119380530.6896313429 0.0000002359
120202460.0346207321 0.0000000000
119311761.6493800730 0.0000001489
121005875.2951782942 0.0000007421
119366953.2764671147 0.0000000774
119238178.6530081034 0.0000008696
119236239.3773242533 0.0000013175
119234902.3052203208 0.0000015725
119240131.7173216641 0.0000012079
119234547.7009610832 0.0000018057
119233833.6703882515 0.0000036331
119234536.4377236813 0.0000028413
119313829.2026628256 0.0000042860
119234427.0641474128 0.0000037175
119234635.2697645128 0.0000025962
119233429.1440490782 0.0000034739
119329104.0046154559 0.0000040037
119233919.0866831690 0.0000035011
119280322.0705341399 0.0000031767
119363824.5684803277 0.0000034295
119490493.5023190379 0.0000049649
119378605.5858634412 0.0000033280
119235529.9094112813 0.0000020974
119233526.1853102595 0.0000033566
119413087.4295181334 0.0000024606
119233196.8688638657 0.0000036564
119326891.2973672003 0.0000053163
119232542.9510994405 0.0000032581
119676122.7562528402 0.0000023582
119233017.4423525631 0.0000037381
119236922.5445216894 0.0000035487
119232963.4895521849 0.0000021740
119234963.6553538293 0.0000024599
119346896.7934296876 0.0000026231
119236965.2539586872 0.0000034781
119403370.9818661958 0.0000045775
119234647.0767166764 0.0000020209
119402985.0009755492 0.0000034006
119397134.9179629385 0.0000023781
119232482.8059117645 0.0000027663
119235198.8501409739 0.0000034309
119233173.4333932549 0.0000028642
119237027.1059258580 0.0000025379
119234593.9495337456 0.0000028341
119302922.6451786458 0.0000013642
119346506.1159490496 0.0000029490
119370341.7856485099 0.0000030354
119233321.9648770690 0.0000022438
119285575.3493671566 0.0000006084
119232845.7574547529 0.0000031921
119553293.9656902701 0.0000045567
119348759.1406845003 0.0000025491
119396846.4724146724 0.0000006908
119364214.5903108567 0.0000025880
119398244.5051716417 0.0000027932
119363653.9120027274 0.0000030909
119233616.1242483109 0.0000027169
119421294.4176133275 0.0000022136
119361789.6859280765 0.0000030825
119234653.1883418113 0.0000022686
119232878.3882183880 0.0000024536
119234601.5422303975 0.0000023742
119399310.8797044754 0.0000028503
119235291.4947413802 0.0000023353
119232572.3234636039 0.0000028289
119308306.7285604775 0.0000033631
119232726.5429119170 0.0000025411
119232998.7466131002 0.0000016209
119232998.2186422497 0.0000028441
119232536.7499702871 0.0000023755
119404014.7141415626 0.0000028864
119233793.8775852323 0.0000021120
119389194.5808293074 0.0000028180
119302824.1797637343 0.0000026128
119233307.1986944973 0.0000027053
119232678.4398155510 0.0000028383
119232715.5743687451 0.0000026975
119234582.5605026335 0.0000024779
119232905.5993708074 0.0000027070
119322659.0445737392 0.0000020318
119233864.6292797625 0.0000029522
119234302.8690164089 0.0000033936
119232696.4355087578 0.0000029480
119411590.7934557050 0.0000033355
119405781.7332988381 0.0000027846
119232572.1579406112 0.0000034113
119233010.4084894061 0.0000029876
119407598.7135448158 0.0000024661
119339797.4179206192 0.0000023721
119348491.4543897510 0.0000028705
119232921.4108318835 0.0000024242
119232595.9314903617 0.0000027399
119233695.9105625749 0.0000027551
119232468.6453343481 0.0000028146
119233328.9180366844 0.0000028971
119232566.3404222578 0.0000028706
119234367.6141384095 0.0000027755
119232629.8655589819 0.0000028118
119232925.3916882575 0.0000025806
119232568.1381145865 0.0000028164
119232628.6108316332 0.0000027529
119232477.2009273171 0.0000028194
119233468.6924165487 0.0000025643
119234707.0873501301 0.0000028051
119402676.5221734196 0.0000026902
119399483.2021239549 0.0000028299
119232866.9535828978 0.0000026968
119405711.9797226936 0.0000028698
119233356.5734564513 0.0000029983
119235502.4521563053 0.0000027404
119398249.5792388618 0.0000026411
119232782.1639796644 0.0000027971
119232498.8383955806 0.0000028891
119232544.1467493623 0.0000027146
119232551.9879377335 0.0000030605
119404340.4632344097 0.0000027987
119233093.2639298439 0.0000029614
119403716.0474918634 0.0000028046
119233082.4832729846 0.0000029489
119233278.1243543029 0.0000028464
119403244.4353285134 0.0000030039
119232522.5610008538 0.0000027804
119403053.9005409926 0.0000030066
119232693.5768538117 0.0000029143
119404123.6809668243 0.0000030168
119232464.3560872227 0.0000028864
119400864.4266829044 0.0000030777
119233830.9914059490 0.0000026664
119234313.8171754777 0.0000029679
119233429.9924108088 0.0000029040
119232750.3740381598 0.0000029653
119232515.6281414926 0.0000028890
119232684.6913003474 0.0000029839
119233301.2381378859 0.0000028607
119232471.0004041642 0.0000030172
119232501.9557881504 0.0000028686
119232597.1706058532 0.0000028994
119232460.7811768949 0.0000028734
119232690.2380062789 0.0000028827
119232504.5769010782 0.0000028690
119235619.8178200275 0.0000029047
119234671.5234711766 0.0000028633
119232782.1162950993 0.0000029698
119234973.4143665433 0.0000028721
119398168.4563654214 0.0000027752
119232489.9532474279 0.0000028651
119232650.9106700122 0.0000028310
119235310.5452925116 0.0000028969
119232615.1157921702 0.0000030291
119232473.2635347396 0.0000028812
119234474.7509011179 0.0000029637
119232538.1930990070 0.0000028423
119232582.9003125280 0.0000027732
119232470.3346637189 0.0000029284
119232497.8853498697 0.0000028856
119232575.0174890012 0.0000028857
119232470.5544838756 0.0000027806
119232496.2066712528 0.0000028972
119232469.0074539483 0.0000027781
119232491.8442565650 0.0000028087
119391610.4705101848 0.0000029374
119234179.3635053933 0.0000028961
119232535.8641374856 0.0000027500
119233399.7079037875 0.0000028723
119232511.2551510185 0.0000028266
119233499.9884088635 0.0000028274
119391160.2381467521 0.0000029424
119233834.2208576500 0.0000028211
119232475.3356387466 0.0000028752
119232884.2460461259 0.0000028089
119232456.6158062518 0.0000028747
119232571.7498028129 0.0000028902
119232559.9274605364 0.0000028664
119401178.2760255188 0.0000029118
119232461.5302214622 0.0000028999
119232516.8636370003 0.0000028301
119234667.3073278666 0.0000028834
119232566.9854225367 0.0000028788
119232503.6911352277 0.0000028878
119232595.7014429867 0.0000028315
119232480.2329834402 0.0000028790
119232483.1159466803 0.0000028674
119235063.7019541562 0.0000028641
119232514.3748813123 0.0000029146
119232471.3313632458 0.0000028791
119402693.9111344069 0.0000028967
119232453.6842566729 0.0000028720
119232469.5220011324 0.0000029028
119232456.5172369182 0.0000028843
119232624.0189246088 0.0000028662
119232523.4410791397 0.0000028712
119400863.4942266643 0.0000029191
119235496.9216639698 0.0000028644
119232487.1955541521 0.0000029355
119400867.2873807698 0.0000029161
119233396.9776523560 0.0000028940
119232522.6770207584 0.0000028616
119233163.3474832922 0.0000028699
119232454.1683907211 0.0000028557
119232640.2393720150 0.0000028569
119232464.3914613128 0.0000028779
119232485.9446532279 0.0000028531
119235554.0412805080 0.0000028708
119232532.3936119676 0.0000028930
119232510.7946368009 0.0000028732
119232465.8373079598 0.0000028758
119232464.5354058146 0.0000028673
119232513.9170348644 0.0000028085
119235655.1292174160 0.0000028764
119232464.1243611723 0.0000028686
119232579.2808231115 0.0000028771
119233643.8678621054 0.0000028406
119232457.7894317806 0.0000028717
119232527.9813293815 0.0000028497
119232460.7840668112 0.0000028707
119232525.0840589702 0.0000028710
119232468.2098497599 0.0000028704
119235160.6854942888 0.0000029046
119232577.3083165586 0.0000028778
119232538.1126151383 0.0000028851
119235378.3058987409 0.0000028693
119232521.7720729262 0.0000028949
119232455.5704636723 0.0000028686
119235672.1080266237 0.0000029066
119232500.0991985798 0.0000028892
119232498.0109266192 0.0000028729
119234734.4122585207 0.0000028699
119232455.1664547771 0.0000028680
119235249.3260773122 0.0000028782
119232458.4658839554 0.0000028742
119232480.2414136827 0.0000028665
119232464.2828583866 0.0000028747
119232548.7378372699 0.0000028627
119232455.5077716261 0.0000028731
119232472.5058551282 0.0000028587
119232455.8269001245 0.0000028762
119232464.1385802180 0.0000028593
119232535.3550212234 0.0000028720
119235663.0751843154 0.0000028674
119232458.0654841363 0.0000028749
119235610.7892253250 0.0000028775
119232457.0359821916 0.0000028760
119235694.5921506882 0.0000028677
119232507.8704020232 0.0000028773
119235566.6012973487 0.0000028751
119232461.4602912217 0.0000028760
119235611.5337226391 0.0000028741
119232460.8814472109 0.0000028656
119235657.0069675446 0.0000028730
99275961.0000000000 0.0000028730 0 0 1 0 0 0 0 0 0 0 0 0 0 0 0 