744653699.3188821077 0.0006814274
720578802.5609070063 0.0001095268
726181233.6999307871 0.0009914531
754368735.6933046579 0.0000431960
773093975.3996316195 0.0001527213
802062790.7471777201 0.0000037491
745015696.6361068487 0.0000181959
727537120.4102966785 0.0008611349
755216357.3487122059 0.0000440220
792504909.5178171396 0.0000261348
773107335.7919440269 0.0003115215
693616568.2271022797 0.0001787284
732230251.6035921574 0.0000068065
692211552.0565397739 0.0001403058
702898543.4656374454 0.0013069361
734365195.8317769766 0.0000747870
735402093.0512291193 0.0003909265
624127487.9049139023 0.0000360403
589526238.2567418814 0.0000476374
584570363.2778434753 0.0000309292
553742674.5481197834 0.0000004447
546623820.3964812756 0.0000017773
574562652.2726117373 0.0000354066
510066722.4896787405 0.0000054028
498429533.1593118310 0.0000219252
581227914.8630278111 0.0000210579
591547775.2691890001 0.0000081937
552765086.8526383638 0.0000239772
529424361.5975474715 0.0000263731
477903504.0055865645 0.0000248835
522046891.2363340259 0.0000132636
426238217.8344951272 0.0000571250
396275836.0068243146 0.0000846344
392337234.7183519006 0.0000725189
451631330.0310956240 0.0000999795
417534994.6226757169 0.0001090611
438814729.5099666119 0.0000070001
401764182.6812527776 0.0001003261
419965532.1522442102 0.0000027191
388659680.6199690104 0.0001769348
423294444.6545757651 0.0000257693
403417702.1422036290 0.0000001445
453541045.7458888292 0.0002354886
388581258.4240625501 0.0001867651
442849505.1785440445 0.0000385490
387733096.3191924095 0.0001888806
389518957.7702275515 0.0012283871
391300903.0748643279 0.0000644914
385928152.2309808731 0.0003957841
388399238.2613155842 0.0003702832
356123046.6717335582 0.0002075637
351337452.9919912219 0.0002360136
395450270.1708452702 0.0000259617
362548351.4371417761 0.0001964989
309199769.2809948325 0.0001538813
319039238.9330965877 0.0001364797
373251812.2877044678 0.0000029234
310931240.7797294855 0.0001894973
395289964.1912458539 0.0000233271
368509398.1881244779 0.0001110328
270410478.7422156930 0.0000871047
281088463.7825727463 0.0004717094
286543838.3484562635 0.0040252314
269678710.5039168000 0.0000719354
290472523.2179892659 0.0000000002
261956579.1081809402 0.0000215705
357354510.3045805693 0.0000001108
261825565.6317202449 0.0000177031
292893061.1508807540 0.0000039580
273041466.6380485892 0.0000234563
309602517.0961385965 0.0000033507
265074280.6722949743 0.0000137737
305251010.5109089017 0.0000021661
258849042.3989428878 0.0000324629
335470032.0166234970 0.0001160264
262087663.4327069223 0.0000304290
367524995.4800004363 0.0000022972
260519946.2535964251 0.0000002381
286447762.5480154753 0.0004175985
283369815.3814303279 0.0000124302
286010401.6992530227 0.0000000451
260003962.5264698267 0.0000299680
324803874.3874940276 0.0000011166
269798653.9454683065 0.0000341232
291025756.4968581200 0.0000405877
257814891.8740862608 0.0000167221
279053720.5117264390 0.0000068488
268089522.9414277971 0.0000199898
281690103.4674357176 0.0000102661
246909587.5996826589 0.0000213288
294559893.9629791975 0.0000060392
228670402.5531054139 0.0000259845
306233382.3821833730 0.0000071095
239898452.4234358668 0.0000003018
339870218.1281513572 0.0000000003
232394140.4681550264 0.0000320233
310351352.1749582291 0.0000010963
235268442.6300265193 0.0000402536
321432683.6812142134 0.0000025635
214219111.0513150692 0.0000110951
227222228.1480842531 0.0000747272
218171503.6273487508 0.0000373479
247200591.1388451159 0.0000006325
227478959.8258137703 0.0000718333
282042974.5766511559 0.0000000158
214846202.3803445101 0.0000150572
235953349.5176072717 0.0000000192
216803655.3124344349 0.0000140583
280140879.2331600189 0.0006496673
226413969.7322622836 0.0000238585
261984630.3962570131 0.0002240762
224080124.9406238794 0.0000130005
331846468.4928720593 0.0001129542
217932347.3844250143 0.0000855820
236611340.7936810851 0.0000524346
218984506.3591407835 0.0000005911
266777028.4160536826 0.0000063157
216970511.5429408252 0.0000217984
270695364.0929360986 0.0007725325
217625775.1143966913 0.0000172243
261867608.0743972063 0.0036229289
224245429.5363636911 0.0000421201
250181003.1308120191 0.0000023867
214499188.4012264609 0.0000095420
326625222.8551841974 0.0000030744
228327468.8425599337 0.0000048891
289099453.3526703715 0.0000001243
225850495.6931479573 0.0000099101
304813676.5878877640 0.0000000152
218148673.3905227482 0.0000019417
303390227.4875226617 0.0000001289
228152114.1337186992 0.0000194180
304764778.1814727783 0.0000000186
227083470.7019820511 0.0000098110
303308424.5672906637 0.0000001355
241059271.2783990204 0.0000022680
214237123.8689771295 0.0000161939
217896513.9250368178 0.0000000024
212138391.5738269389 0.0000057372
229883537.2947562933 0.0000035772
214722173.2791941166 0.0000079926
218877703.5244685113 0.0000393086
218974139.2604288161 0.0000040681
230887602.2510935068 0.0000382492
207050414.4359108806 0.0000016648
215089204.2358819842 0.0000006135
211656151.0136545897 0.0000267088
210942391.0372228622 0.0000000032
212477783.2467950284 0.0000316625
207875327.2339678407 0.0000014915
204642583.5494276583 0.0000272046
205633413.8399600089 0.0000189461
199915435.8204678595 0.0000010668
199274013.0086623132 0.0000000001
190260368.5963752866 0.0000002815
192637112.3395627141 0.0000000224
171717192.1249381900 0.0000016992
171960919.3370144963 0.0000044133
175063664.7270562053 0.0000000238
171684686.5434098542 0.0000006102
170673896.7110376358 0.0000000112
171998128.7160927951 0.0000000081
167962259.9159145057 0.0000122297
168442378.7371070683 0.0000140903
171847633.1477818489 0.0000111542
169690197.6506948173 0.0000099407
163790273.1647219062 0.0000113421
167580149.8156012595 0.0000095233
170521154.5265350640 0.0000034887
165115162.8227515817 0.0000188450
164862646.4492191672 0.0000028646
165857783.3403308988 0.0000101831
168322264.2026026845 0.0000053243
165026266.2888024449 0.0000099836
167044226.9387140274 0.0000080190
165822042.8821541667 0.0000088792
161149257.2926281989 0.0000045623
162786969.2094469965 0.0000067339
158658485.7583701611 0.0000100814
158786318.5991300344 0.0000068749
159745493.8983069062 0.0000893396
157768769.2341465652 0.0000079562
157320532.5202470422 0.0000000155
158075518.6660235822 0.0000005494
160915938.8642439842 0.0000177130
158209829.6383469105 0.0000000120
160113757.2495824695 0.0000045699
158427828.6762413085 0.0000001564
167147116.7740171254 0.0000000099
158272948.3059811294 0.0000000655
161869813.2367198467 0.0000000012
157700773.1069200039 0.0000008910
156435086.8992667496 0.0000028144
158191624.8079967499 0.0000035809
156511440.8486163616 0.0000115475
156643115.4621742070 0.0000048837
173773136.0639129579 0.0000003583
155676427.2010063827 0.0000020803
161662609.1646628380 0.0000004359
155636667.3849790990 0.0000080153
157742111.2238341272 0.0000257066
156774153.0433934629 0.0000026260
163089864.5015245080 0.0000519282
156567634.7763968408 0.0000078707
161878441.4797761440 0.0000197754
157247780.6847162247 0.0000071491
158355377.8449658453 0.0000172277
157364164.9764074385 0.0000314521
158525552.5666822791 0.0000039411
156213944.6016535759 0.0000067947
163697327.4903556108 0.0000058319
156074659.8967602551 0.0000242158
161526219.9340230823 0.0000030843
156040182.6102541685 0.0000047283
157681526.5034369230 0.0000073060
155435287.9461422563 0.0000050923
156734141.4598089457 0.0000012461
156543345.9497911334 0.0000079116
159314877.7293607295 0.0000004762
157714066.0863964856 0.0000015768
157415941.0252438784 0.0000005376
157080095.3763896823 0.0000159227
158351984.8118942678 0.0000835201
157757216.0388810933 0.0000154977
158372577.1668539345 0.0000000581
155832968.0388027728 0.0000050541
172601319.7694723606 0.0000003504
154966328.8782505989 0.0000007129
160039448.9753373861 0.0000008996
156841069.0120488405 0.0000000792
157194212.1799131930 0.0000095402
154742415.6666497886 0.0000014198
158695851.0113883615 0.0000011057
158606432.9363490045 0.0000005785
156331078.0413079858 0.0000288737
153972021.4281980097 0.0000029227
151464773.9246881604 0.0000004564
152233097.7227106988 0.0000023209
156051638.1394417584 0.0000030339
160594739.5048363805 0.0000003078
160653019.5879394710 0.0000007122
152645001.2230813801 0.0000001687
161127967.9056965411 0.0000007276
151737406.0753723979 0.0000001908
151168119.7044758201 0.0000009242
151503241.8616735339 0.0000004057
151911012.6066937447 0.0000000606
152078256.4809363484 0.0000006091
152009523.4101800919 0.0000007382
153054180.4185201824 0.0000123470
151915981.9817895293 0.0000063772
156093250.6543166339 0.0000000052
151654436.3326236904 0.0000002609
151896868.0395892560 0.0000001733
152018787.2483835816 0.0000017315
151946667.6144678295 0.0000044904
151736458.2462366819 0.0000008137
152298580.4768734276 0.0000006603
151380794.0299411118 0.0000013189
151907861.6277529597 0.0000117858
151194040.7030765414 0.0000007527
151448418.4940841198 0.0000045280
151290914.9319092929 0.0000010238
151323114.9047843516 0.0000007272
152028889.4655592144 0.0000007461
152359373.8509483039 0.0000015414
151852762.7232426703 0.0000009342
155364736.4313896596 0.0000005475
151343348.4968459606 0.0000002382
151105274.2475355864 0.0000004204
160232917.9675441384 0.0000002345
151391913.6530130506 0.0000001423
151652187.5274690390 0.0000000981
151328354.6121281683 0.0000000955
151522887.3508024514 0.0000007401
151075097.1092664599 0.0000006377
152511351.0974143445 0.0000052324
151540633.7362336814 0.0000007186
151401063.4256205559 0.0000001500
151030414.9425792098 0.0000012401
151290516.6412009895 0.0000075040
151394490.3164910078 0.0000020332
151489714.7658589184 0.0000001149
151078381.8239332139 0.0000014095
151207823.4100463986 0.0000024995
151341451.9107391834 0.0000011693
151937159.5119896531 0.0000029334
151197605.1422501802 0.0000023924
159385320.1291135848 0.0000006956
151351821.7342194319 0.0000013041
161322298.9801534414 0.0000003590
151333359.2900616825 0.0000030832
159282572.0826077163 0.0000024669
151596312.5027700365 0.0000020582
151184500.0197036564 0.0000116806
151094455.9619428813 0.0000011455
151147110.0087554157 0.0000155594
151262909.6385942400 0.0000019205
160677077.8456911445 0.0000009863
151360749.9353720248 0.0000010003
150290615.1555517018 0.0000001016
150654749.9706720412 0.0000000167
152793385.2162660956 0.0000030588
151760159.8405397832 0.0000002396
150978238.0249804854 0.0000001018
151619223.3035347164 0.0000003006
150270363.3577490151 0.0000002368
150199966.5554412901 0.0000002146
151486803.8408714533 0.0000001341
150169277.3922161460 0.0000000597
150510383.7279403806 0.0000029758
151522581.5667798817 0.0000004380
150301475.1768705547 0.0000000001
151090469.7548958361 0.0000000011
150662566.0560762286 0.0000029044
150820246.0338124931 0.0000000398
162119347.2200641930 0.0000001505
150509313.8407723010 0.0000000575
153124254.3888820708 0.0000001158
151464024.7585601509 0.0000000167
152086862.8215377629 0.0000007719
150248801.5949338377 0.0000000639
150421700.4426181018 0.0000000033
150154802.9342926741 0.0000001605
161574895.9185340703 0.0000009229
151466664.5515161455 0.0000000002
151000300.2673004568 0.0000007730
151546624.8366495073 0.0000001561
150729883.3441016674 0.0000000000
151789416.0069724619 0.0000015132
151021521.3129468262 0.0000062452
150157381.8709580600 0.0000000002
151053776.8844939470 0.0000000268
150078896.5172557533 0.0000005577
163233546.1794454753 0.0000000724
150219883.0290194750 0.0000004295
150839650.4516942203 0.0000083401
151146766.9171735048 0.0000021630
150187626.4602940977 0.0000008675
150603455.9865388274 0.0000001241
150219818.5403490067 0.0000010267
150483335.3048399985 0.0000000053
150260652.2969821692 0.0000007683
151394617.5542489886 0.0000022348
150138489.7981468141 0.0000007010
150834462.7507438064 0.0000004084
150324023.8528314233 0.0000004750
150575870.6521158814 0.0000015728
150251548.1003482938 0.0000004845
150657650.2587574422 0.0000000153
150092075.4857528806 0.0000005403
150122065.3512359262 0.0000011905
150188520.2231267989 0.0000006965
150456702.9494973421 0.0000014679
150135536.5012623966 0.0000008065
151422519.1757188141 0.0000007745
151219215.5058964789 0.0000009014
150215939.4905488193 0.0000001091
150221335.5500138402 0.0000002872
151294885.5985069573 0.0000000564
150239881.7477240562 0.0000006825
150554441.8433198333 0.0000027502
150191259.9411348701 0.0000007960
151343903.3532272577 0.0000001549
150120025.0870337784 0.0000004452
150653226.6707512736 0.0000015908
150056935.1514925957 0.0000006062
150371228.0704713166 0.0000003604
151412259.6137763858 0.0000007712
150184385.6390972733 0.0000017350
150078247.6390410066 0.0000017188
150074667.6059917510 0.0000005672
151377827.3805580735 0.0000003639
150218702.2186481357 0.0000006047
150694979.6058909595 0.0000009194
150189063.9223995507 0.0000004270
150266984.4337472618 0.0000005753
150103225.7468914986 0.0000005930
150135389.7826556265 0.0000005316
150221574.8714334965 0.0000010017
150236862.1955353916 0.0000006022
150249040.2660322189 0.0000008315
150212461.0093984008 0.0000006455
151371032.8296917975 0.0000007698
150273871.1828444302 0.0000006128
150303031.6419343948 0.0000009373
150068703.6485250294 0.0000006245
150120889.4914214611 0.0000004405
150134296.5860010684 0.0000006920
150272370.1574592590 0.0000004127
150261309.9384003282 0.0000008014
150054288.5757924914 0.0000001564
150061451.4728271663 0.0000000998
150207554.4356003404 0.0000000759
150266534.7424656153 0.0000002413
150386978.5675715804 0.0000001227
150060365.0776255429 0.0000001824
150093815.8552747071 0.0000000443
150059239.3744520545 0.0000001456
150194324.6304644942 0.0000003684
150249876.9175370038 0.0000002025
150242600.7047408223 0.0000000983
150264090.9904654324 0.0000001625
150187845.5463749170 0.0000000796
150098383.6716827452 0.0000001401
151529497.0785016119 0.0000001928
150244973.4908573329 0.0000001606
150030678.2812823951 0.0000000902
150017163.1453729868 0.0000000941
150325051.0380489230 0.0000001778
150104626.3075571358 0.0000000857
150182864.0527996123 0.0000000405
150195375.4668565392 0.0000000917
150117205.4407444298 0.0000000267
150071785.2569837868 0.0000001524
150116996.7784508169 0.0000000461
150042382.2888387442 0.0000000897
151414451.6267322600 0.0000000485
150117867.0262494981 0.0000001258
150035588.7813954055 0.0000000810
150123212.1355844438 0.0000000728
150013531.0591682196 0.0000000886
150011709.5694969296 0.0000000345
150036957.1290910244 0.0000000304
150179822.1528271139 0.0000000201
150012749.2775096595 0.0000000369
150041767.6867462993 0.0000001156
150027477.5109467506 0.0000000400
150101959.8186105788 0.0000000275
149996990.2695195377 0.0000000392
150146293.4307693541 0.0000000551
150211968.4530327320 0.0000000233
150153404.8589414954 0.0000000882
149995892.0767773092 0.0000000468
150021946.9804189205 0.0000000712
150006802.0240795612 0.0000000318
150198815.6718870103 0.0000000810
150195229.6534201503 0.0000000419
150016315.3873251081 0.0000000324
150178520.2043673694 0.0000000414
150053302.5870526135 0.0000001013
149994852.0545841157 0.0000000550
150036609.1817975044 0.0000000397
150192109.9907351434 0.0000000473
150122450.5891636610 0.0000000839
149999390.2854911983 0.0000000548
150006920.1929300725 0.0000000436
150012780.8929564655 0.0000000495
150150887.6308980882 0.0000000401
150201196.8363426924 0.0000000459
150130235.2363090515 0.0000001226
150039733.9441536963 0.0000000746
150114355.6137181520 0.0000000970
150027188.2430004478 0.0000000354
150183336.4746662974 0.0000000617
150005936.8307404220 0.0000000478
150126235.4999331534 0.0000000284
150203975.0786781907 0.0000000584
150184827.3417742252 0.0000000354
150004487.5185719430 0.0000000551
150071152.6920388937 0.0000000306
150010839.9489545226 0.0000000406
150150917.9658237696 0.0000000551
150007071.2921957970 0.0000000549
150046690.3253928423 0.0000000472
150055168.8847484589 0.0000000271
150135954.5382226706 0.0000000399
149997732.2928639352 0.0000000584
150059495.2103314102 0.0000000673
149998547.5638361573 0.0000000543
150032740.3664428294 0.0000000548
149992959.2825763524 0.0000000500
150175838.9524668157 0.0000000789
150201248.9192799926 0.0000000696
150024924.3239971101 0.0000000163
149991887.5352599621 0.0000000502
150205166.9253154099 0.0000000277
150209059.4176452756 0.0000000504
149996774.8027392924 0.0000000650
149994990.9106576741 0.0000000504
149999467.5909555256 0.0000000571
150009638.3835374117 0.0000000450
150049083.5859805644 0.0000000538
149991651.2263650596 0.0000000495
150200089.4905553162 0.0000000609
150201742.9092789590 0.0000000466
150180037.0644972622 0.0000000595
150205507.9530834854 0.0000000463
150059315.0586369038 0.0000000585
150203271.3624076247 0.0000000586
149995362.8254874051 0.0000000554
150206268.9929178059 0.0000000566
150197143.4227661490 0.0000000304
150001452.1851181984 0.0000000436
149997928.2465736568 0.0000000496
150030162.7189762294 0.0000000621
150000828.4692631662 0.0000000514
149991436.5877445638 0.0000000394
149991566.0887550116 0.0000000391
150196167.9525072277 0.0000000472
149993693.8448517323 0.0000000409
150005304.1483518183 0.0000000347
150207397.1224449575 0.0000000394
150027825.5830636024 0.0000000424
149995387.3699612319 0.0000000317
150001140.6493439376 0.0000000389
149988937.6749733090 0.0000000382
150207868.9039542675 0.0000000339
149991104.7061780989 0.0000000367
150009227.0088970065 0.0000000334
150204699.7875984013 0.0000000422
150209462.2761246562 0.0000000418
149999802.9618543088 0.0000000406
150013024.9041855037 0.0000000363
150208832.2511479259 0.0000000387
150208118.4569373727 0.0000000279
149989482.8183765113 0.0000000403
150048384.0892125368 0.0000000416
150209018.1425031126 0.0000000396
149996976.2585418224 0.0000000322
150209279.3131158948 0.0000000386
150210055.0072265863 0.0000000458
149991114.6557560563 0.0000000379
149993657.3667612374 0.0000000328
149990843.3134540915 0.0000000386
150208081.9222972393 0.0000000420
149990287.8571119905 0.0000000393
150184776.0143037736 0.0000000390
149989833.3407023549 0.0000000377
150184494.0291266143 0.0000000387
149996262.4144683182 0.0000000423
150183600.8848147392 0.0000000381
150202561.2927747965 0.0000000387
150206892.1268196106 0.0000000359
149992721.8294488490 0.0000000403
150179040.0551899076 0.0000000399
150207322.7533201873 0.0000000384
150205035.9561235905 0.0000000334
149988925.8833493292 0.0000000373
149990325.3316972852 0.0000000414
149991728.4780844450 0.0000000411
150033655.8574294448 0.0000000308
150202147.1958766878 0.0000000347
150205933.0514281988 0.0000000341
149997733.2280223966 0.0000000349
149990598.3114569187 0.0000000363
149990532.8357979953 0.0000000377
149989236.8479455113 0.0000000373
149994851.3343247175 0.0000000352
150206774.5441498756 0.0000000368
149999355.4231559038 0.0000000349
150209401.7258523703 0.0000000366
149992483.9901629984 0.0000000457
149989359.9167235196 0.0000000388
149991302.9160726070 0.0000000348
150208508.4695482850 0.0000000366
150203568.9306792617 0.0000000417
150208890.8544949591 0.0000000373
150203763.5297462344 0.0000000379
149990076.9413558245 0.0000000378
149995407.2103876770 0.0000000349
149995246.1711663902 0.0000000378
149994591.3960911334 0.0000000396
149989450.9120572805 0.0000000389
149995206.7803166807 0.0000000406
149996717.2621981800 0.0000000380
150001751.2972111106 0.0000000388
149989910.9228800535 0.0000000373
149991758.2949419618 0.0000000397
149991151.2664831281 0.0000000377
150205790.0397428870 0.0000000338
149988533.7972224951 0.0000000354
149990613.1918409467 0.0000000323
150206174.2577461302 0.0000000358
149995960.8442156315 0.0000000327
150014931.0505785942 0.0000000376
149988609.4454596639 0.0000000364
150209703.8142225146 0.0000000355
150001453.3087019026 0.0000000349
149988271.8662283421 0.0000000354
149988781.4988476038 0.0000000323
150208558.0547904074 0.0000000363
149987969.0763385892 0.0000000343
149988374.1563595533 0.0000000340
150209988.1757177711 0.0000000360
149988611.8267620504 0.0000000340
149987514.0573301613 0.0000000346
149986928.0244544148 0.0000000351
149990203.3213379979 0.0000000360
149987276.0032901764 0.0000000351
150206944.4124598205 0.0000000338
150207877.9731935859 0.0000000351
149991914.1053720415 0.0000000328
150208161.9908330142 0.0000000352
150000617.8992902935 0.0000000366
149987640.8140977621 0.0000000350
149989213.4169715345 0.0000000320
149988005.1293700635 0.0000000351
150200079.7018572688 0.0000000337
150207568.9770121574 0.0000000353
149989648.8489406705 0.0000000363
149990109.0079190731 0.0000000350
149988721.6584691107 0.0000000356
149988503.1782642603 0.0000000345
149986240.3874909878 0.0000000363
149986306.1873102486 0.0000000351
149999482.4564878345 0.0000000347
150205685.3699384332 0.0000000364
149994233.9148916304 0.0000000359
149986869.7837842703 0.0000000363
149987272.8580297232 0.0000000354
149986736.4593356252 0.0000000380
150207601.4163849354 0.0000000366
150207234.1497938931 0.0000000362
149987741.7468888462 0.0000000377
149986616.0020147562 0.0000000367
149989319.9257195592 0.0000000376
150206559.3463777900 0.0000000363
149990885.0290026367 0.0000000355
149986342.0395965874 0.0000000364
150201054.1615874767 0.0000000353
149986007.7477404177 0.0000000357
149988059.5633968413 0.0000000371
150206186.6286254823 0.0000000365
149990223.1588038206 0.0000000341
149988062.9269923270 0.0000000358
149992343.4673867226 0.0000000370
149986577.8315089941 0.0000000357
150182001.4708989263 0.0000000357
149986800.4578958452 0.0000000356
149995269.3145999610 0.0000000364
149985994.7769531310 0.0000000350
149994134.1767379642 0.0000000350
149987365.4388837516 0.0000000347
149992272.0266066492 0.0000000350
149986838.4067978859 0.0000000355
149993599.3172952831 0.0000000354
149986422.7278847098 0.0000000343
150182000.8345084190 0.0000000350
150206652.1372894943 0.0000000352
149987933.2602008581 0.0000000346
149985911.2776036561 0.0000000345
150181905.4544806182 0.0000000346
149985646.3125840425 0.0000000346
149991527.9026990533 0.0000000342
149986196.3091010749 0.0000000344
149987629.0575110614 0.0000000351
149985985.7939114273 0.0000000341
149992456.6833738089 0.0000000335
150207302.2968331873 0.0000000342
149985991.8148025572 0.0000000365
149986558.4314192533 0.0000000343
149993387.0212415159 0.0000000345
150207742.7238118649 0.0000000340
150205031.1220874190 0.0000000360
149985778.0024949908 0.0000000348
150206066.8791056871 0.0000000333
149986339.9244094789 0.0000000346
150203021.4632897377 0.0000000359
150206897.2801353931 0.0000000348
149987104.5033701956 0.0000000336
150206651.8199645579 0.0000000340
149986019.0437149405 0.0000000346
150206140.0971060097 0.0000000352
149985747.5261022449 0.0000000347
150207366.4629003108 0.0000000340
149985490.9868454337 0.0000000345
150206139.3293477595 0.0000000352
150206846.1973914504 0.0000000345
149986479.1201164424 0.0000000343
150207359.6567996442 0.0000000344
149987318.6051946878 0.0000000351
149985984.2531495690 0.0000000343
149990536.6673129201 0.0000000351
149985622.5571397543 0.0000000345
149988589.7817903757 0.0000000348
149985465.6265681088 0.0000000345
149986590.6019867063 0.0000000335
149986341.3553252220 0.0000000348
150207209.2086649835 0.0000000352
149985675.7316107750 0.0000000344
149993670.3658005595 0.0000000341
149986180.8292197883 0.0000000345
149988825.8801892996 0.0000000349
149986397.0329581499 0.0000000343
150206625.9482139945 0.0000000344
150205923.1344380975 0.0000000345
149986990.3770443499 0.0000000345
116902219.0000000000 0.0000000345 0 0 0 0 0 0 0 0 0 0 0 0 0 1 0 