736361347.3053239584 0.0000009890
712862771.2126510143 0.0000003415
717720308.6795156002 0.0000000584
765100358.1468119621 0.0000000015
725987799.6338459253 0.0000000969
737608646.5028530359 0.0000000164
771076456.4923522472 0.0000000007
715967776.7717686892 0.0000012535
771420610.0685722828 0.0000000025
769240561.8023167849 0.0000000007
727779269.8955118656 0.0000004952
684876615.2845096588 0.0000000479
681481004.1305656433 0.0000000568
679765837.1294209957 0.0000004094
669107078.7676585913 0.0000006179
748385805.9709028006 0.0002737773
702619154.5678007603 0.0000001647
636033374.3512520790 0.0000011690
592715717.8618267775 0.0000015432
587791611.9142435789 0.0000008313
567010585.8551509380 0.0000000940
555672162.2317814827 0.0000001908
592704464.7541176081 0.0000012641
507643107.3392145634 0.0000004086
502148347.2608746290 0.0000011156
585094973.9320597649 0.0000007834
555262457.4661397934 0.0000003777
491417379.9925035834 0.0000095229
538842528.4066431522 0.0000011427
461747756.3005406857 0.0000149010
531595233.6963170171 0.0066024200
475259012.7508573532 0.0054127404
460729051.2989923954 0.0000150298
517007709.9137793183 0.0002286217
464104805.8892906904 0.0000144062
520537398.2126576304 0.0002582309
476148673.9648336768 0.0000108442
479377658.1150994897 0.0000527293
458857977.4654807448 0.0000145485
550597139.2286955118 0.0003041994
458047465.5113829374 0.0000138070
510293449.9021432400 0.0002033442
456262502.2894061804 0.0000160603
472945702.4954493046 0.0000851050
456759353.2953082323 0.0000160310
551008388.1663517952 0.0000047573
445306500.8020555973 0.0000033939
464778159.0870404243 0.0087610875
446347394.2098762393 0.0000033890
450696650.9848412275 0.0000792758
452348181.2626405358 0.0000032525
457048691.7575328350 0.0000050263
470694747.2509042621 0.0000022598
419058791.1168880463 0.0000019841
409611857.9773420095 0.0000021155
433550373.2647921443 0.0000325583
436089081.1826876998 0.0000026564
429772626.6519677043 0.0000148931
399600047.6491043568 0.0000013248
434060794.4433724880 0.0000047713
386806668.4652899504 0.0000000015
409188491.5074797273 0.0000108165
394478337.1978922486 0.0000000017
515637554.7395389080 0.0000010335
391517764.0072857738 0.0000000665
399839289.0109596848 0.0000002154
391334394.0993515849 0.0000003837
426841216.7275399566 0.0000129322
398684343.3891704679 0.0000000185
428551116.8371406198 0.0000146203
362535557.5356431007 0.0000003277
389870783.5169014931 0.0000563510
374532316.7004777193 0.0000013862
376950386.1660116315 0.0001072474
368123649.1548054814 0.0000069033
377850198.2888550162 0.0000484280
370578914.3140369058 0.0000000252
374779633.0501877069 0.0002431726
383164314.2552346587 0.0000053365
391042872.2003663182 0.0000093255
375431842.7868168950 0.0000037441
338567291.8240534663 0.0000244779
331746212.8525969982 0.0000080241
384986899.8437950015 0.0002044340
330092059.7538675070 0.0000001625
376701982.8239988685 0.0002985756
323396486.9198828936 0.0000000276
367172951.2568916082 0.0004134649
320220175.2536866665 0.0000087353
365850762.9308268428 0.0006962704
356321677.5869244933 0.0000047601
373250421.0444210172 0.0000389136
309946588.4312497377 0.0000070590
325486281.4098282456 0.0031372340
307296831.7777764797 0.0000311231
342138685.1787891388 0.0000537362
297978450.3171602488 0.0000035648
350445152.4173553586 0.0000227352
290503154.9253809452 0.0000016623
324570998.2361785173 0.0000004708
288409820.7893503904 0.0000012281
343045635.4189215899 0.0000020755
280777888.3263651133 0.0000008416
302892204.3245694041 0.0003037746
287530820.2432545424 0.0000010001
272355544.4490985870 0.0000001968
285852635.3997131586 0.0000036198
262634412.3563526869 0.0000007594
257169390.7647867501 0.0002741492
260469069.1696950495 0.0003284785
251422715.8016167879 0.0006808948
264640960.6921947598 0.0013677690
235574171.6094319224 0.0000071638
232639469.6021434963 0.0000372305
250003828.6771627963 0.0001116401
240118902.8858429790 0.0000483242
250007376.8559812009 0.0000004225
233524035.1087816656 0.0000138073
236374155.5615756512 0.0001128877
235869116.0351362824 0.0000114787
243866372.1103818119 0.0000044395
234421963.9333695471 0.0000499134
240782825.6887578666 0.0001033759
232872959.2564194798 0.0000177968
246452218.6105755270 0.0000056681
239650424.7783541977 0.0000431872
249125672.8460080326 0.0024861547
229158273.1672761738 0.0000313433
232496226.2298499048 0.0000346015
231868708.9399632514 0.0000379057
216697467.8034256399 0.0000956958
217972390.5505134761 0.0000855936
220253697.6239161789 0.0001507424
220362664.0462193787 0.0000295270
199078729.9408522546 0.0001189888
227118393.3758993447 0.0000840841
199190303.5667738318 0.0000886979
213298146.5330884755 0.0000359110
199987403.1385454237 0.0000017690
192760642.7336292565 0.0000133009
196079025.2284569144 0.0000095928
226508863.1320253909 0.0001961272
197282143.0413058400 0.0000036503
214521949.0814924240 0.0006144531
195394742.9923320711 0.0000360209
192655069.7050299942 0.0000000140
197246871.5385541916 0.0000000129
191074432.2619669139 0.0000786917
188823648.6469958425 0.0000279907
192615637.9967741370 0.0004015609
188470966.5821011364 0.0000250592
187291170.9086716771 0.0000492971
188252591.3753577769 0.0000733281
198056104.5538460314 0.0000006417
190234409.9341928959 0.0000421223
195298443.8717941642 0.0002361594
191721719.6842902303 0.0000290988
211218482.3550237715 0.0001073952
187410307.2725271285 0.0000472672
197535350.1653083861 0.0000001437
185696232.2714125216 0.0000239314
209714704.3628621995 0.0001185299
182722308.0593845844 0.0000150129
192936244.2520689070 0.0000447696
181537497.7765042186 0.0000097772
182340438.6023930311 0.0001850562
184475876.7199920416 0.0000055343
178735857.3485731483 0.0000411259
181205964.2782584429 0.0000244687
205092967.4928382635 0.0017158145
181955367.6575178206 0.0003256928
189255431.3034708202 0.0008168006
178787466.9709338248 0.0000653514
204676897.8190784752 0.0000820153
180061728.2483839989 0.0000565153
186929706.5322203338 0.0000606709
178456719.8917135894 0.0000618401
187834145.5901471674 0.0000000872
179137470.1347209811 0.0000686299
184747221.6416891515 0.0003053712
179701436.8884856701 0.0000319315
189494359.0439461172 0.0000013011
181411485.4005438983 0.0000207469
198560919.6523894072 0.0000472799
180074485.6411630809 0.0000661362
192168770.4684520066 0.0000819686
179378406.5843550563 0.0000362050
184635977.8321594596 0.0000133826
181991270.3661543429 0.0001039408
181415734.1225467920 0.0000614452
178649100.7122446299 0.0000312386
201843908.1520761251 0.0005064462
184259804.6047861278 0.0000617889
193643185.2723722756 0.0000000429
180190256.5919356346 0.0000565905
190143145.0520909429 0.0000055689
180801135.7017898560 0.0000153037
187870578.1492859125 0.0000000628
181764531.1927364767 0.0000813459
197201483.7679849267 0.0000040635
183012913.8057352901 0.0001519485
191269566.3558743596 0.0000048638
179071430.6097959578 0.0000592025
200974910.0713675916 0.0000721262
181816622.9529393613 0.0000402233
175959295.6276425123 0.0000023829
178090248.4972886741 0.0000000018
186927401.5222799182 0.0000130289
174542348.2258272469 0.0000163764
180115275.2801137567 0.0000000251
177758484.9135461450 0.0000194389
181179216.5365603566 0.0003018861
172642126.4445775747 0.0000013850
177847455.6472104192 0.0000587641
171983059.0504720509 0.0000004912
194004207.2833417654 0.0000077825
173086572.8019349575 0.0000002808
182595768.5693658292 0.0000653064
171953980.3861874044 0.0000002184
198930396.6928392649 0.0000000222
172298800.2983650267 0.0000040311
180091825.1950134039 0.0002252182
174756979.5792918503 0.0000024877
180414605.6070117652 0.0000145966
175213488.1515022814 0.0000013251
177730119.6845572889 0.0003071038
173768492.8433302045 0.0000009524
191898475.5014148653 0.0000276743
175183826.1720627546 0.0000000000
189718828.1713601649 0.0000417322
174113643.2212054133 0.0000150724
174436268.0260598660 0.0000715684
173092852.0915881097 0.0000004466
172636541.0248711407 0.0000082525
176150875.2451455295 0.0000000361
179443114.7491692603 0.0000190413
173141753.7150416374 0.0000006864
187758604.9980832636 0.0000021395
172191233.5267622173 0.0000524668
181366756.0303942263 0.0000000485
172575576.3751123846 0.0000483846
189363314.2804691494 0.0013779430
177943704.9376600087 0.0000339803
171582385.7804923952 0.0000003808
173444035.5111780763 0.0000089309
172572644.9260809720 0.0000035699
172643323.4488230944 0.0000005081
170988954.7614961863 0.0000018241
173200343.3347409070 0.0001105420
172931062.9719967842 0.0000024676
172217198.5423562527 0.0001161089
171134811.2353683710 0.0000026024
173673889.8824542463 0.0000318949
172767307.0515387654 0.0000001657
176874616.5369241536 0.0000047522
171021450.3198336065 0.0000186966
174606073.9879791439 0.0001257679
172871832.5286298990 0.0000085209
173974795.0168307424 0.0000177484
172596646.4035770893 0.0000047689
173578552.5707291067 0.0000018051
174057885.3151708841 0.0000006734
170882726.8596987128 0.0000069850
171165616.2264203727 0.0000171118
171921018.9072010815 0.0000739704
170971034.5930580795 0.0000048864
171686828.3613699377 0.0000847791
171193622.4777062535 0.0000095718
171630424.6711887419 0.0001077294
172101828.3458244205 0.0000057588
170942849.5986198783 0.0000000025
172074916.7528271675 0.0000177435
174417384.1861889064 0.0000819008
171198586.4584829807 0.0000129701
173310947.8302208781 0.0000321567
171424881.0696562529 0.0000039596
174260278.7415697575 0.0000267914
171338902.7910541892 0.0000155001
173710119.0816127360 0.0000012001
170852910.0875639319 0.0000048794
172054419.6421070397 0.0000001156
169467215.2537887990 0.0000019649
172618335.8234817982 0.0000002008
170887687.4150541425 0.0000000325
175190891.6269317567 0.0002346249
170368864.4655779302 0.0000020513
173874535.2236499786 0.0002606453
171448054.2260168195 0.0000002226
170387311.5818705857 0.0000141400
170124527.9573152065 0.0000065799
171123939.4782328904 0.0001065781
171757876.9915091693 0.0000023712
169291439.1027500331 0.0000032924
169594902.8264515698 0.0000017699
171731086.5063271523 0.0000299113
171661173.2757599354 0.0000117682
176307324.2705909908 0.0000001125
171480036.3225524127 0.0000057913
173623350.6525621414 0.0001348869
169652538.9983481765 0.0000051344
172165852.4484678805 0.0000040569
168988273.2590407133 0.0000018083
168706478.0943972766 0.0000527935
170431089.4595488608 0.0000283279
173021385.3792823255 0.0000176059
170545202.2853472233 0.0000476772
172188695.7533529103 0.0000203449
169669308.9217517972 0.0000990191
174377576.5166163146 0.0001041531
170377036.4130049646 0.0000690192
170115322.1740901172 0.0000072378
169766222.5561376512 0.0000300281
175770200.0142905712 0.0002448594
168150335.7353314757 0.0000357846
169434982.5420195758 0.0000093067
168968752.1970353723 0.0000428517
171546151.8537149429 0.0000228313
170427403.4201637506 0.0000433547
173870790.4851263762 0.0000000223
168466654.8692758083 0.0000650712
171863688.2378624082 0.0000259280
168729792.3577948511 0.0000442637
167997052.2275725007 0.0004387895
168382433.2344340682 0.0004072709
169671183.5963099003 0.0013796567
168663082.1671689153 0.0004420314
170554911.7829953432 0.0001622912
169749592.7138774991 0.0005731707
169797021.3123030066 0.0008408112
167694223.2389829755 0.0005347830
172048007.4439899325 0.0008884323
168670811.5767890513 0.0004254153
171567006.4890204668 0.0000107633
168410247.7048139274 0.0005074959
179225434.8830900192 0.0015077662
169333014.3236383796 0.0003590186
170417907.9476469755 0.0009617159
170009675.7669655681 0.0006704158
167304924.2848402262 0.0004567641
165999950.9294210970 0.0006657354
170865208.0718683898 0.0012624796
167243260.8370485306 0.0007243399
166181763.8801879287 0.0004756621
167872424.8580643833 0.0007329377
170468256.5976296961 0.0005468773
166762437.5982858837 0.0006545829
166461891.4658317864 0.0001699747
167274697.4184824228 0.0006308552
169738574.0013683438 0.0001293658
165859897.6772758067 0.0006483710
162225013.5906008482 0.0001121911
165533321.9251803756 0.0002317927
162494031.6921082735 0.0001033090
164835584.3557667732 0.0000465245
162393728.9000004828 0.0000992298
161035139.9205989838 0.0001046626
161103023.7147980034 0.0000760571
161650775.2000729442 0.0001226913
161432076.8677217066 0.0001415235
162039216.3113660216 0.0000622360
160846885.2762756646 0.0001614825
161313087.3030838966 0.0000987859
159979525.1992632449 0.0002250740
162944700.7570594549 0.0005558270
161464364.8773368299 0.0002947453
162421117.7162992358 0.0000877527
161857243.9450679123 0.0001570621
159741744.2289399505 0.0000002074
159958150.3231658340 0.0000003992
159701549.6831201017 0.0002287347
160491050.1828297377 0.0001458615
165450758.7437268496 0.0004619614
160486661.4302758873 0.0002628779
163997965.9648388326 0.0000711963
162423591.6613485515 0.0001610464
168963473.0634785295 0.0000042175
162136438.0921398997 0.0003564131
161926767.0899881124 0.0002050352
160071905.0866369307 0.0002310727
162702614.0179775059 0.0007875138
160591036.0743114352 0.0001597098
161410334.3783237040 0.0009864409
160402840.5327204168 0.0004167108
163339935.3995106220 0.0014455639
160905343.6427180767 0.0002249552
163616006.9925721288 0.0000760157
160113561.9522158504 0.0002118834
159891704.5476704836 0.0001241606
160060967.0040370822 0.0003254065
162293150.2029975355 0.0003056186
160387819.6517353356 0.0003377598
163263683.4660372734 0.0001535356
159933067.0287697017 0.0002293690
169889227.1273504198 0.0004505330
160458610.2735927701 0.0002531683
161303335.6380884945 0.0004180802
161607397.9530941844 0.0001837009
160054609.5515680909 0.0000645344
159668598.9222768843 0.0002599481
159796778.2786074579 0.0001084705
161739484.0123822093 0.0002030467
164015898.7822164297 0.0002465251
159527871.5004245341 0.0002934612
163680362.2129057348 0.0001769839
160303496.2852683067 0.0003440757
159161831.3211453855 0.0000386525
163508362.4546529055 0.0000541854
164029146.2552803159 0.0001034412
162994653.5716690719 0.0000879449
160642343.4876696467 0.0001502588
159407372.0105927289 0.0000271523
163247872.6833841801 0.0000003860
159408259.9069164395 0.0000236692
165858873.0322040021 0.0000427638
159627431.8452976048 0.0000395411
164229988.3079502881 0.0000012840
161364328.1916340888 0.0000609612
159878544.3340938091 0.0000963213
160492164.9099268615 0.0000186188
162387192.4881141484 0.0001725788
162529731.0570726097 0.0000618934
160907393.0094892681 0.0000343354
163099088.4165620506 0.0000637531
165493273.0856173933 0.0000158826
160067405.9972918332 0.0001276237
159458398.2868354023 0.0000484147
160648200.1085154116 0.0000300115
162753162.5905667841 0.0002496568
160029290.9236303568 0.0000273748
163294822.8128747940 0.0000834847
160285705.2984529138 0.0000334559
163066388.5759105384 0.0000750897
159918395.9649700820 0.0000417328
163469400.1816737354 0.0003568217
159546328.3683320284 0.0000413033
160621258.5355132222 0.0000443221
159272422.1057502627 0.0000507685
161106462.6280211806 0.0000242647
159745138.7059069276 0.0000234844
164201415.9607030749 0.0001130063
160140844.1083592772 0.0000125718
164151853.5813739598 0.0000599381
159643900.7210849822 0.0000097690
158376211.9185818136 0.0000154074
158587752.2287658453 0.0000002179
159563104.3931407630 0.0000131732
159738213.8784889877 0.0000222810
161677544.4174139500 0.0000033704
158505334.3196693659 0.0000145125
162145735.7607084811 0.0000140798
159066707.3069587052 0.0000320673
158600753.2357768416 0.0000342444
161201191.2373636067 0.0000076908
159309646.6862107813 0.0000597601
159227599.1854340732 0.0000001271
159535802.1136182249 0.0000010779
163573730.6229832470 0.0000137663
159526731.3136089444 0.0000403616
158955107.2317973375 0.0000308355
161507697.3901171982 0.0000349611
158734829.2795036137 0.0000020610
160041051.8068348765 0.0000102378
158981052.3766742051 0.0000107473
158772452.2772241831 0.0000491014
158296482.7051514983 0.0000290919
158895896.2283279300 0.0000404745
158277007.3150350451 0.0000205545
157334025.9272302091 0.0000598207
157222406.6763664782 0.0000799407
159082997.2050000727 0.0000637795
157476718.3937625289 0.0000676450
157123804.2595767379 0.0000431392
158124167.2476487756 0.0000316687
157110974.0806959569 0.0000566886
159118900.0200644732 0.0000240451
156372850.7404057980 0.0002121645
156532301.4080483913 0.0002190233
157291556.2114993930 0.0002069733
155731507.2478056550 0.0002519811
156268023.0913040340 0.0001640304
157795214.5535414219 0.0002391419
156227784.3225156963 0.0002055899
157572256.6109781563 0.0002987574
157413779.4210179448 0.0004428683
155791422.3371640444 0.0002383227
157657304.6430945694 0.0003825662
157728393.9004850686 0.0002031604
156287452.4367847443 0.0005552174
157451311.8256869614 0.0002936918
155034735.6095102429 0.0001011556
154641158.1907317042 0.0000496859
153716362.3598001301 0.0000018573
153733553.4745269418 0.0000013396
154144181.5453269780 0.0000610188
153669488.8989761174 0.0000033123
156334348.7860951126 0.0001508047
153594553.9619082510 0.0000006047
154688624.0047661960 0.0000359241
153627955.0481421053 0.0000009472
156203200.3117716014 0.0000045134
153674265.0833906531 0.0000000000
155023494.4626208544 0.0000013974
153548725.4499357343 0.0000000037
155390195.3179500997 0.0000191164
153365835.2847948968 0.0000000025
154851925.2166597843 0.0000016653
153501019.9207004011 0.0000001595
154903901.2395786643 0.0000020292
153421901.3690275550 0.0000001581
152851821.0048456192 0.0000030089
156360284.0151234567 0.0000004686
155190119.3845623434 0.0000036182
157457500.6684139073 0.0000047410
156470359.5077079833 0.0000071229
152826045.3170271516 0.0000062570
152127459.8050256670 0.0000009949
152289559.8565934896 0.0000010941
152595252.4488387108 0.0000024519
151902553.0197219849 0.0000016799
152607446.8730607629 0.0000121110
152293673.4867422879 0.0000003824
152709827.1175774932 0.0000192680
152159867.0239172578 0.0000004776
152215308.9358551800 0.0000019567
153218610.6962292790 0.0000000640
152579629.7625757754 0.0000038928
152210510.1666790843 0.0000046155
153935244.3436727524 0.0001139904
151810137.5544058383 0.0000087477
152314224.2859729528 0.0000021168
151675602.1643511057 0.0000049359
155432396.9453687370 0.0000048880
152039281.3346423805 0.0000000341
151797248.8895900249 0.0000392428
151673631.4078303277 0.0000387106
153005470.4611386657 0.0000182823
151378889.4653414786 0.0000260978
151676229.1084810495 0.0000293726
151366847.6422213018 0.0000263301
149682146.7817148864 0.0000066048
150628693.6209260821 0.0000017831
150049279.5083539784 0.0000049861
149839370.6714577377 0.0000347725
150705880.6699890792 0.0000073265
149710197.2965009511 0.0001144852
150536103.0051674843 0.0000057103
150624358.0951184332 0.0000336979
149497413.6127434373 0.0000000258
149763837.2856405675 0.0000006782
149500807.3881679773 0.0000003842
149500034.3483959436 0.0000021087
150697173.2865875065 0.0000017593
150517822.8023630977 0.0000300289
150660400.1938157380 0.0000000176
149316589.7602809370 0.0000092937
150260963.0751573741 0.0000052071
148121526.4114503264 0.0000000305
150559828.2117151618 0.0000087234
149007185.4926979244 0.0000371122
151061163.7257902920 0.0000000519
150367501.4265570641 0.0000115568
150478148.8877086043 0.0000003801
149673101.4392374158 0.0000128582
148642984.7660161257 0.0000007559
151809294.6463170350 0.0000463878
148033887.8534327149 0.0000001343
148302871.8967335820 0.0000436902
151825634.3773593903 0.0000001175
147332446.9760800302 0.0000301437
147874584.7074246109 0.0000384812
148308555.8994336724 0.0000154708
147631698.9365222752 0.0000200153
148081631.5744157732 0.0000436154
148077039.6812427342 0.0000462500
149413435.0615684092 0.0000297516
147339235.1650791466 0.0000431448
146676702.7869067490 0.0000435069
146996082.0128239691 0.0001220342
147530353.9810186028 0.0000103549
147232308.8694216609 0.0000353234
147265263.7876040339 0.0001865132
147393689.2090258598 0.0000421419
149398275.1562226713 0.0000111565
146559096.6462340057 0.0000439698
148147696.8940993547 0.0000185156
146548376.5771125555 0.0000392956
146236006.4719927609 0.0001344898
146285209.3918138444 0.0000962738
146694644.6518640518 0.0002159886
146037888.1453818083 0.0001715348
146384609.5218142271 0.0003711895
146626950.3422487378 0.0001877071
144447293.0560389459 0.0001968246
144945089.1356222928 0.0001792267
142534518.6902968287 0.0002426248
142409441.6685021520 0.0002679753
141470397.1959038973 0.0004902233
140893924.8822298050 0.0005129727
137597140.6247333288 0.0003485974
137238478.3583884239 0.0003674058
137075919.6663152575 0.0003490430
137449540.7216272652 0.0003099565
137512296.9571047127 0.0003062133
135363681.5603221953 0.0003532684
136011662.0774232745 0.0004827818
136833210.2606499493 0.0003842931
134120982.1510454267 0.0004205443
134130820.5539018065 0.0003540351
133643356.4912656993 0.0002886755
133752459.0711155534 0.0002997829
164169386.3159959614 0.0002522761
133674738.9080529362 0.0002147587
132409794.1810849160 0.0003914375
133820962.6751637757 0.0005213140
130970602.0520413667 0.0002610441
131828872.3339735568 0.0002504649
134666154.8182469308 0.0003442819
132806261.5497772396 0.0001824574
133985727.1413303465 0.0001444697
131681563.1037522107 0.0002739329
135858094.3685482442 0.0004276325
132423373.5962204933 0.0002901213
129458843.2646568120 0.0001402826
129370572.5550096184 0.0001527525
128721671.2983955443 0.0000739959
128762296.3240122646 0.0000807154
137077227.9065817297 0.0000332391
128013026.1417901665 0.0001082708
127904592.3971673548 0.0001766527
127556121.2669340372 0.0001432825
130061627.6894068271 0.0002802466
128605964.3563396782 0.0001869854
127430403.4728790820 0.0000278827
127249877.9946198910 0.0000209157
128198445.8417252302 0.0000054523
126707133.1367824376 0.0000115749
126170886.6001959294 0.0000160239
125104981.2931149304 0.0000180780
126328082.3129559606 0.0000335015
124812311.6960652769 0.0000107820
126848712.9612503052 0.0001847880
125018184.6763183922 0.0000148704
125038388.5700259954 0.0001588317
125189200.4157870114 0.0000045415
124639438.8185431808 0.0000062620
124872231.4867385030 0.0000012505
129738876.4333866984 0.0001040965
124701254.8396771401 0.0000142699
127083706.0430093408 0.0000101247
125789467.9039431363 0.0000037054
126466696.0740602314 0.0000482166
124776768.1364717335 0.0000122235
124182250.2191487253 0.0000048343
124769012.6400634646 0.0000001782
124977661.6093585938 0.0000092532
124609356.0853175819 0.0000033474
127112860.2379354239 0.0000059984
125733417.8798212707 0.0000033079
125175659.5797119439 0.0000194688
124009164.2005233914 0.0000035283
125418859.2735961080 0.0000061412
124902124.9408730567 0.0000030398
123154478.0050189644 0.0000228899
122937465.3905257434 0.0000070141
124955044.7249860168 0.0000008223
122961988.0038458556 0.0000113633
125632588.8324567676 0.0000560230
122710435.8379979730 0.0000313535
122657622.6364608109 0.0000730228
122478830.2180067897 0.0000711521
125252535.3832959980 0.0002856270
122863053.7668138295 0.0000704464
127918646.1545812190 0.0002048558
122429044.0651510954 0.0000975968
125813933.1678064764 0.0000647253
122694427.1935139149 0.0000993781
123367844.4114809036 0.0000472687
123030738.6182833016 0.0000887695
122043826.9091892391 0.0000891554
122125506.2243321985 0.0000779818
123990941.9443935454 0.0000292280
121588394.3994691223 0.0000885724
120238218.0395120084 0.0000712197
120347872.9713048488 0.0000885029
122130839.1661279500 0.0000710387
120444771.3417766541 0.0001051124
123072197.1341397166 0.0001755143
120389205.9643613696 0.0000391027
122128291.8121197522 0.0000523354
120347111.3759981990 0.0000640272
121765947.9469246119 0.0000045184
120007825.1928700358 0.0000668037
122314928.4740497321 0.0001981793
120373401.8724963814 0.0000828656
122340516.0634281635 0.0000177143
120734882.5491870344 0.0000734160
121123689.4434987158 0.0000179359
120236323.0409230739 0.0000848832
123697522.0362232327 0.0002024597
121387037.9480839521 0.0000929198
122563402.5433082432 0.0001955024
120168799.2827732712 0.0000677393
124161310.2906993479 0.0000024428
120137568.1341462731 0.0000628451
120734325.3188432902 0.0000209029
120435133.3467068821 0.0000492255
119386867.1457286477 0.0000110312
119305280.6909212768 0.0000132729
120380657.0806484073 0.0000287011
119419519.2248450816 0.0000047257
121249495.2445228249 0.0000740152
119396181.5415475816 0.0000151238
119295136.6523081809 0.0000020101
119617996.3803576082 0.0000006457
119076674.7759571820 0.0000000820
118887146.9043244272 0.0000002062
118838950.9984275103 0.0000001981
119226011.0493687093 0.0000007220
120746760.1213777810 0.0000000360
119071174.8407545686 0.0000007834
121529760.1032563597 0.0000005926
118759352.7070563436 0.0000000045
119990965.2960370034 0.0000006264
118557621.6359681487 0.0000000049
120598297.1997107863 0.0000316140
118336361.9665817022 0.0000001557
120736214.9079413861 0.0000044087
118319220.9954672009 0.0000071215
122730282.0932236165 0.0000408569
118339395.7322435677 0.0000047092
120655417.8477180898 0.0000269509
118065568.9487920851 0.0000078866
118596135.0626600832 0.0000011625
117946024.6950560063 0.0000047123
120798704.3047988564 0.0000088249
118063025.5952118933 0.0000000911
117774764.5496148318 0.0000005997
117620433.7165595889 0.0000022444
120859511.9726721495 0.0000000621
118069066.8328348547 0.0000004433
118486481.6987869591 0.0000511666
117838381.8717828095 0.0000033890
120803764.4719845504 0.0000489943
117689210.3673428446 0.0000056401
117401016.0847013593 0.0000210926
117344395.1314108670 0.0000191518
119668390.8487657309 0.0000221033
117327759.7986768633 0.0000201848
120725909.5812212378 0.0000352102
118482053.1114804596 0.0000196276
117846089.2274681628 0.0000413336
116872137.4106440544 0.0000170365
119328864.8140955716 0.0000190574
118160769.5603563190 0.0000223202
120022784.7604813129 0.0000161904
117022972.8635324985 0.0000111036
121890129.4767213613 0.0000011099
117064268.7902873456 0.0000134559
116164101.5775100589 0.0000226709
116285962.3721871972 0.0000181210
118504489.7154137343 0.0000765802
116788890.1601244658 0.0000212999
120003432.8182624727 0.0000141051
116195822.7100635916 0.0000229824
116073820.9627398551 0.0000065762
115928361.6193838567 0.0000069782
116003553.3879005611 0.0000033905
115922787.5896047056 0.0000064576
119166706.4559432715 0.0000017360
115832260.9473847300 0.0000030596
116557305.6951179355 0.0000012014
115775915.5822194666 0.0000015659
117092041.0927796215 0.0000103961
115936434.9171310961 0.0000007922
116368220.1702389866 0.0000046550
115716781.8156133890 0.0000000364
118630965.1430382282 0.0000139558
116144740.5213433951 0.0000000700
119814750.5439158082 0.0000001546
116258838.0693123043 0.0000001224
113705442.3059548736 0.0000000071
113591533.5570831299 0.0000001596
116772246.5499432087 0.0000047671
113487843.5852373987 0.0000043167
115841058.3173526675 0.0000078536
117268173.8874879181 0.0000011416
113423040.6431225240 0.0000157791
113441300.3313738555 0.0000129099
113988070.9034104198 0.0000022341
113342828.0331590921 0.0000180906
113452843.3578452468 0.0000103245
113316334.7492055744 0.0000236037
118431319.8326316476 0.0000145401
113303036.6077864170 0.0000255897
116054999.6601860672 0.0000682219
113557480.5921235383 0.0000455709
116427762.6671620011 0.0000008020
117276104.1711739898 0.0000211748
113755848.3413518518 0.0000373234
113362533.0556868315 0.0000343496
113389987.7817147821 0.0000627515
113552679.3614204973 0.0000243651
113460340.3047287762 0.0000090698
118176732.3184939921 0.0000330586
113316828.4448721707 0.0000088783
113359417.7879873663 0.0000206817
113413740.1257981956 0.0000228432
113312304.6134955287 0.0000239779
115622070.4240057617 0.0000328871
113664866.4238936901 0.0000258816
117480268.5700121075 0.0000990810
113721117.7012879997 0.0000255146
113682614.3028548509 0.0000256456
113387383.1128888279 0.0000188119
113477599.8034130782 0.0000185848
113311363.8598187715 0.0000251538
113542541.3813211471 0.0000114430
113309776.1214859784 0.0000247389
115648892.7427983880 0.0000388310
113323954.0309992880 0.0000259611
117033384.6096940637 0.0000436016
113325739.0926312953 0.0000292753
113572772.2074736506 0.0000082646
113494751.3710163683 0.0000380459
116530520.9339036942 0.0000253731
117606980.6387742758 0.0000277177
115370383.2808058709 0.0000539195
117167165.0459039509 0.0000151002
113878122.2231996208 0.0000195130
113557179.4084171802 0.0000209979
117665406.2606602907 0.0000303912
113307932.4293052852 0.0000333033
117381748.8574270457 0.0000008504
113641111.2452714443 0.0000257257
115922794.2367349416 0.0000347968
113331186.6210329980 0.0000188660
113470746.4651465118 0.0000016098
113565922.7540246695 0.0000283141
117913141.0996294469 0.0000144801
113324871.9984420538 0.0000329109
113303870.5610348731 0.0000777059
113606777.4062750638 0.0000306685
117632080.1881215423 0.0000195678
113555797.1776144803 0.0000331989
113731947.3284373283 0.0000291977
113375970.9164384454 0.0000246983
113663352.9517814666 0.0000247595
113430516.7664020807 0.0000267501
113770329.8247068375 0.0000263692
113553845.9452315271 0.0000254511
113339078.7325857729 0.0000259671
113480726.3282799274 0.0000396640
113322393.6608566195 0.0000260614
113349940.4264287204 0.0000344844
113312310.0362337828 0.0000260001
113336865.4605260193 0.0000265243
113315404.8635390103 0.0000254078
113773861.5938965529 0.0000264720
113666051.2228078693 0.0000309838
113492752.5618366599 0.0000213545
113765746.2184865475 0.0000264085
113356096.9652315825 0.0000150374
113302519.0333559066 0.0000259144
113718064.0491426140 0.0000244652
113682443.7088084966 0.0000246105
113709929.2733257413 0.0000171860
113328288.4927800447 0.0000237281
117793603.0264299512 0.0000248668
113758918.2660650313 0.0000273081
113505848.5988686532 0.0000256797
113319770.4311136156 0.0000250644
113812191.7385531068 0.0000305165
113736826.9899163544 0.0000258735
113354994.3107183427 0.0000301798
113745133.1221118867 0.0000255029
113714004.3384088278 0.0000231741
113629552.8224765062 0.0000268382
113386461.3919702321 0.0000246191
113713542.2182453573 0.0000268089
113652242.1069989651 0.0000267475
113313700.3571181744 0.0000271608
113445734.2669599354 0.0000199295
113312853.5578953475 0.0000234869
113438051.7327921242 0.0000272200
113308563.8701241910 0.0000264399
113583221.2244697809 0.0000318093
113789520.8334756047 0.0000263971
113716502.8805617243 0.0000249972
113316184.7807644159 0.0000236281
113573661.9415783882 0.0000330202
113706461.2517585903 0.0000265973
113545850.0339629650 0.0000218036
113624843.0310297906 0.0000299522
113535575.2583860159 0.0000356197
113316488.7267235816 0.0000247850
113502341.5167463273 0.0000385007
113332446.3141717762 0.0000238748
113605165.1402431428 0.0000209594
113711646.1871831864 0.0000234026
113760660.9772592634 0.0000270078
113307692.1129362732 0.0000247776
113314082.5052649975 0.0000257688
113383150.3142782301 0.0000235805
113302878.4670408964 0.0000261014
113653867.9858774096 0.0000293076
113304978.0592168868 0.0000256059
113782647.3897131234 0.0000264836
113768125.6964608133 0.0000262022
113645820.6213954091 0.0000307921
113763955.4795195013 0.0000249590
113719219.0197645873 0.0000266067
113335590.6000640392 0.0000259462
113303190.0030453205 0.0000269037
113319528.4334547222 0.0000260644
113307923.9196278900 0.0000256641
113311245.1488556713 0.0000263205
113773003.5157149136 0.0000254274
113304723.6317118704 0.0000272815
113304667.2022887170 0.0000252522
113315900.9034449905 0.0000244916
113767735.4369494766 0.0000261466
113307675.0650862306 0.0000270091
113310791.7505371869 0.0000257995
113352342.0979542732 0.0000267634
113305374.9763056189 0.0000255706
113736153.4609092772 0.0000285655
113764538.2602539062 0.0000256164
113737502.5876773745 0.0000253587
113304305.9794551879 0.0000257586
113303722.3573948741 0.0000281108
113304312.7864011079 0.0000254511
113714447.2321033478 0.0000246069
113755562.6639092118 0.0000265394
113308514.2731402367 0.0000265496
113757144.9273109287 0.0000267437
113324665.6390445977 0.0000223306
113305257.5865779519 0.0000260486
113742067.7063418031 0.0000267608
113775028.8301115632 0.0000257126
113315447.1933299005 0.0000254691
113774673.8433366418 0.0000260561
113780942.6600106359 0.0000264118
113764778.5655750036 0.0000261590
113783910.4154465199 0.0000259449
113306770.2319046855 0.0000261751
113302255.4673060179 0.0000257811
113324815.6655444801 0.0000252546
113302369.0705380738 0.0000258501
113306289.5058802813 0.0000256425
113305127.7507643998 0.0000258901
113317683.9539256394 0.0000250962
113767170.1550202519 0.0000257255
113322223.7061584294 0.0000254812
113303912.6502721906 0.0000259684
113758099.9013995528 0.0000256312
113780497.6299395114 0.0000261838
113304010.0885777175 0.0000250304
113304055.6163339317 0.0000257244
113781626.1079569608 0.0000262527
113780229.3145388663 0.0000257936
113309337.0483597964 0.0000254858
113778341.3520999849 0.0000257692
113771430.7518557906 0.0000259977
113304501.2506560832 0.0000256148
113774415.1071673632 0.0000262055
113762230.0649849176 0.0000259723
113314357.8655629605 0.0000258309
113776958.7241858095 0.0000258759
113778235.9533135444 0.0000254585
113302915.6862528175 0.0000261124
113734418.6579388976 0.0000263685
113305529.5692461878 0.0000258727
113303932.8315773159 0.0000258268
113302437.7966722101 0.0000257509
113783075.5949173123 0.0000256395
113770202.8209787905 0.0000256221
113313009.1939913779 0.0000257363
113303328.0073847026 0.0000257270
113308870.8435791582 0.0000260438
113778511.4627361000 0.0000256910
113762975.7716638893 0.0000261644
113302153.9116451889 0.0000259025
113773538.0849075317 0.0000263531
113302527.0282350481 0.0000257267
113304648.6855812967 0.0000259977
113780519.2213404328 0.0000258510
113306257.3618686795 0.0000260101
113302130.0278728306 0.0000258514
113310225.8831230402 0.0000256824
113767788.6018035412 0.0000259053
113307004.3840944767 0.0000259165
113773451.3144180179 0.0000259787
113307504.0810241401 0.0000260820
113303276.7707727849 0.0000259330
113311036.7133070678 0.0000251518
113302684.7906125039 0.0000259045
113310177.4018662125 0.0000257588
113302538.2852450460 0.0000260486
113304613.0433327556 0.0000253632
113302208.6588039845 0.0000258934
113768824.3456181586 0.0000259983
113302988.7220325023 0.0000258147
113762802.2289983481 0.0000258580
113779358.1179065257 0.0000259510
113306093.8342418820 0.0000254001
113303064.8882229030 0.0000259092
113781137.8353677541 0.0000255719
113778925.9277425408 0.0000257132
113303028.8364171088 0.0000262780
113779921.2552943081 0.0000258721
113303570.7845628560 0.0000256093
113781521.6687696278 0.0000259176
113303584.5099678487 0.0000253078
113773565.0568990856 0.0000258571
113781305.0218318254 0.0000258469
113303999.4239989668 0.0000258773
113775731.8434632123 0.0000259444
113304629.5182695091 0.0000259306
113783092.1448790431 0.0000258459
113302780.5027326941 0.0000260080
113782381.0524612516 0.0000259976
113770783.7242062986 0.0000258023
113781571.5813377202 0.0000258819
113781408.0978386402 0.0000258065
113303286.4454786628 0.0000258494
113305185.3051770627 0.0000257014
113778102.3340611905 0.0000257975
113305822.2585979104 0.0000256119
113782201.8844376653 0.0000257453
113782782.2888877839 0.0000258756
113304442.7480352670 0.0000258197
113781668.0522484481 0.0000258430
113303412.6008516252 0.0000258634
113782735.1960935146 0.0000258577
113773470.5311696827 0.0000258693
113302408.0379616767 0.0000258426
113303147.1373333186 0.0000257274
113780581.7092323154 0.0000258850
113303044.2716847509 0.0000257086
113782025.5024016351 0.0000259117
113777766.9788222611 0.0000258048
113781367.2966882586 0.0000258542
113304075.1772952676 0.0000257610
113781485.9607062787 0.0000257959
113302116.5516771078 0.0000259511
113302281.9281549007 0.0000259398
113782362.9259486049 0.0000259266
113781908.3972830325 0.0000259525
113304504.8427178115 0.0000259332
113782233.7260629833 0.0000259657
113303179.4391040653 0.0000258261
113302193.0155556500 0.0000259341
113303662.3102857471 0.0000259990
113302202.9923074245 0.0000259898
113305330.2707659602 0.0000258882
113782650.6483755559 0.0000259456
113302807.2404165119 0.0000260034
113302106.4259514362 0.0000259228
113302128.1568374485 0.0000259269
113782743.1985778511 0.0000259180
113303516.8891146034 0.0000258730
113302167.3255434781 0.0000258995
113303194.6875924170 0.0000259116
113781973.7762217820 0.0000259918
113304113.4512061477 0.0000257755
113782619.3775133044 0.0000259216
113303455.6198786497 0.0000259931
113783459.2568446696 0.0000259440
113783291.8382197767 0.0000259592
113782558.0195129067 0.0000259099
113781792.9540957510 0.0000260656
113302093.2288746536 0.0000259213
113774359.5541422218 0.0000259006
113781868.8695116192 0.0000259763
113303263.1008789241 0.0000259039
113303168.2728731632 0.0000258873
113302839.1564399302 0.0000260365
113783614.2163816690 0.0000259572
113302643.8042465746 0.0000259384
113302394.9426112026 0.0000259024
113776468.2317830771 0.0000258433
113783171.5245433003 0.0000259638
113302167.8818454146 0.0000259265
113302463.3577730358 0.0000259151
113302138.4361225367 0.0000259211
113302126.6214720458 0.0000259502
113302144.0374794453 0.0000259311
113780631.5428179353 0.0000258783
113302191.6660571992 0.0000258798
113302291.6650083512 0.0000259872
113302190.0395653099 0.0000259184
113302258.4751549661 0.0000259894
113302102.2477439195 0.0000259147
113302255.8731456697 0.0000259899
113302309.5434867740 0.0000259417
113302253.1051344872 0.0000259779
113783007.4102060944 0.0000259322
113302587.2813143283 0.0000258903
113302203.2476877719 0.0000259221
113302098.4510656446 0.0000259884
113302313.8794443458 0.0000259192
113302685.0915624499 0.0000258963
113781761.2024583817 0.0000259308
113303416.7627936751 0.0000258883
113781544.6730172783 0.0000259396
113302934.2154058665 0.0000258443
113782958.5009943247 0.0000259028
113302363.8244910985 0.0000259502
113782884.8086278290 0.0000259193
113302264.4735551029 0.0000259788
113302157.9268635213 0.0000259186
113766007.7227231860 0.0000259875
113302155.9636400491 0.0000259130
113304185.2849173248 0.0000258725
113782761.2105462253 0.0000259009
113302750.3701183200 0.0000259984
113782963.3969955444 0.0000259235
113302219.0439056903 0.0000258862
113782691.0097026378 0.0000259305
113302132.1949821860 0.0000259392
113782422.2273273617 0.0000259226
113302586.1768021137 0.0000259170
113774768.9354497641 0.0000259544
113783432.4038814306 0.0000259204
113302512.0758615285 0.0000259125
113783318.6895460635 0.0000259221
113302235.4203611761 0.0000259175
113783478.6142389178 0.0000259233
113302133.6142674834 0.0000259078
113302121.2392946780 0.0000259201
113302118.3564494103 0.0000259526
113783335.0731740892 0.0000259314
113302113.5240935832 0.0000259442
113783486.7083956003 0.0000259286
113302289.2558226138 0.0000258851
113783417.9538244307 0.0000259206
113302293.4623972327 0.0000259075
113302106.1611643434 0.0000259152
113302317.3551738709 0.0000259207
113783371.1038478166 0.0000259191
113302342.4359195530 0.0000259194
113302096.4640966654 0.0000259272
113302358.1926598549 0.0000259082
113302099.4704183042 0.0000259387
113303332.2975608706 0.0000259142
113302304.5588599443 0.0000259042
113783454.8663502932 0.0000259194
113302153.7977547646 0.0000259318
113783347.4170068055 0.0000259226
113302137.9335556626 0.0000259218
113783452.9991283268 0.0000259229
113302116.0643811673 0.0000259089
113783468.9654706717 0.0000259209
113302105.2114220858 0.0000259115
113783254.2689116597 0.0000259221
113302235.0517186671 0.0000259136
113783483.3455377370 0.0000259202
113302188.8897743225 0.0000259229
113783386.1027525365 0.0000259218
113302102.1299041212 0.0000259159
113302129.0534233898 0.0000259203
113779151.1846726984 0.0000259382
113302196.1467961520 0.0000259187
113783470.2498367131 0.0000259219
113302132.4588891417 0.0000259209
113302098.0074707866 0.0000259195
113302108.5719466507 0.0000259221
113302095.0575111955 0.0000259225
113302114.8970489949 0.0000259217
113302093.3450169861 0.0000259210
113302105.4248640686 0.0000259139
113302099.4043357968 0.0000259222
113302112.8296979219 0.0000259263
113302107.9978756905 0.0000259203
113302099.5915707350 0.0000259158
113302108.9850865752 0.0000259217
113302094.8922094852 0.0000259214
113302119.3972406238 0.0000259165
113302095.5096109360 0.0000259178
113302100.5298893601 0.0000259213
113302097.0118582249 0.0000259237
113783383.7732487172 0.0000259211
113302104.0235485137 0.0000259194
113783392.8639197499 0.0000259202
113302130.9696849138 0.0000259234
113302098.5150020868 0.0000259221
113302134.7452657223 0.0000259243
113302093.2180349976 0.0000259219
113302449.2811139971 0.0000259166
113783421.2020084858 0.0000259222
113302175.5411868542 0.0000259181
113302097.9473570585 0.0000259226
113781336.5108389109 0.0000259303
113302096.4516874850 0.0000259228
113781336.7627949268 0.0000259303
113783369.6321626455 0.0000259236
113302114.8442302197 0.0000259154
113302095.6164319366 0.0000259221
113781336.5605692863 0.0000259303
113302093.5823786855 0.0000259232
113781336.6002978683 0.0000259303
113782431.2010356635 0.0000259261
113302132.6163278669 0.0000259221
113302272.2684227526 0.0000259190
113302095.1695829779 0.0000259205
113302144.0596372187 0.0000259223
113302092.5629300475 0.0000259214
113302109.6085677743 0.0000259239
113302098.0488113314 0.0000259212
113302103.4187643677 0.0000259216
113302123.8897647411 0.0000259205
113302097.0205649734 0.0000259156
113302109.6438279897 0.0000259215
113302105.0274734497 0.0000259228
113302115.1366483867 0.0000259212
113302101.8315802217 0.0000259235
113302097.9144094288 0.0000259219
113302098.0425629765 0.0000259209
113302095.6935195327 0.0000259221
113302132.6539111733 0.0000259177
113302095.2907583714 0.0000259217
113302137.5812807232 0.0000259200
113302099.8976901174 0.0000259213
113782877.9768046290 0.0000259266
113302094.3372920156 0.0000259203
113302096.6899273843 0.0000259170
113302123.5755683780 0.0000259222
113782837.5910011232 0.0000259231
113302134.5898034275 0.0000259222
113302097.4368842840 0.0000259230
113783178.0185502619 0.0000259220
113302100.5914583206 0.0000259215
113302164.1479328275 0.0000259202
113302096.6936609596 0.0000259215
113302117.1034453064 0.0000259213
113302140.2363269478 0.0000259212
113302112.9035261869 0.0000259225
113302094.3153832406 0.0000259212
113302093.7107774913 0.0000259224
113302095.2751940936 0.0000259215
113302119.3827231675 0.0000259193
113302096.7901145816 0.0000259215
113783225.8574383706 0.0000259233
113302093.2002710402 0.0000259210
113302100.0278947949 0.0000259202
113302130.7472152859 0.0000259210
113783230.3051604182 0.0000259237
113783466.8866533041 0.0000259214
113302127.1400688440 0.0000259207
113302139.5481290221 0.0000259214
113302113.4421031922 0.0000259198
113302092.7614896446 0.0000259216
113783098.6673300862 0.0000259233
113302096.4109416604 0.0000259214
113783098.0924383998 0.0000259233
113783311.7525372654 0.0000259224
113302137.6414748430 0.0000259216
113302110.9848007560 0.0000259211
113302093.1247640401 0.0000259216
113302103.3176244497 0.0000259209
113302133.5368701816 0.0000259218
113302096.3953417838 0.0000259208
113302092.9479977638 0.0000259215
113302098.1968609691 0.0000259223
113302131.6831008494 0.0000259216
113302096.9489754140 0.0000259214
113302094.3359258473 0.0000259213
113302099.1693479121 0.0000259203
113302136.9135437906 0.0000259213
113302134.7970858812 0.0000259218
113302129.9581149817 0.0000259214
113302118.7158627212 0.0000259209
113302093.5953786820 0.0000259210
113783483.7183328569 0.0000259208
113302095.2551428080 0.0000259210
113302098.8801596761 0.0000259222
113302093.0404337794 0.0000259214
113302095.0736091584 0.0000259206
113302092.9024188519 0.0000259212
113783453.2187943757 0.0000259215
113302133.5904188305 0.0000259216
113302095.3664545864 0.0000259214
113302108.6668840200 0.0000259210
113302135.4216817468 0.0000259215
113302098.6386000961 0.0000259215
113302134.0123934448 0.0000259215
113302099.8117071986 0.0000259213
113302136.3510269374 0.0000259215
113302138.5216763169 0.0000259219
113302134.6308792531 0.0000259216
113302131.7477430552 0.0000259212
113302132.9750588685 0.0000259214
113302096.4792257696 0.0000259215
113302093.6097606272 0.0000259212
113302131.1261729598 0.0000259217
113302093.5929864496 0.0000259214
113302092.7213187218 0.0000259210
113302134.1051224470 0.0000259213
113302137.2226624936 0.0000259217
113302136.7079785913 0.0000259213
113302129.4042912424 0.0000259217
113302093.0284588188 0.0000259216
113302134.3255082518 0.0000259211
113302093.8898702860 0.0000259215
113302118.3505808115 0.0000259211
113302133.2820378244 0.0000259213
113302094.0806175023 0.0000259218
113302093.1135271043 0.0000259214
113302133.8563873917 0.0000259214
113302138.4733991623 0.0000259213
113302122.2321837842 0.0000259211
113302133.3962481320 0.0000259212
113302135.1088657379 0.0000259214
113302093.9126819670 0.0000259216
113302092.7079314291 0.0000259214
113302096.5573806614 0.0000259214
113302137.1959005594 0.0000259214
113302095.4623816460 0.0000259212
113302139.5955003053 0.0000259214
113302093.9871491492 0.0000259214
113302093.0344449580 0.0000259214
113302136.5186988264 0.0000259214
113302139.2091329694 0.0000259214
113302093.0752879381 0.0000259214
113302093.3391267657 0.0000259215
113302092.7580480278 0.0000259214
113302092.5535124242 0.0000259214
113302092.5415398479 0.0000259214
113302137.5286393315 0.0000259215
113302092.7916191369 0.0000259215
113302096.3750865310 0.0000259213
113302092.6538866311 0.0000259214
113302094.3482306153 0.0000259215
113302092.6885768324 0.0000259214
113302136.9838959426 0.0000259214
113302138.8341367841 0.0000259215
113302092.9789538831 0.0000259214
113302092.7746829093 0.0000259215
113302139.0231256932 0.0000259215
113302138.1975250989 0.0000259214
113302093.6053979099 0.0000259212
113302093.0061372966 0.0000259214
113302094.0021160096 0.0000259214
113302139.1223655045 0.0000259214
113302093.6675964445 0.0000259215
113302138.5683656186 0.0000259215
113302093.1764508188 0.0000259216
113302138.9184442610 0.0000259214
113302094.6967970729 0.0000259213
113302140.2624007314 0.0000259214
113302092.7582159191 0.0000259214
113302139.8675854504 0.0000259214
113302093.0244492888 0.0000259215
113302139.7950281799 0.0000259215
113302093.1502165347 0.0000259214
113302139.9557796568 0.0000259214
113302137.0123968720 0.0000259214
113302140.1499905139 0.0000259214
113302137.9876756221 0.0000259214
113302092.6579518467 0.0000259214
113302140.1147062182 0.0000259215
113302093.3028776199 0.0000259214
113302137.0952800363 0.0000259215
113302140.2766649127 0.0000259214
113302137.5646161586 0.0000259215
113302139.6444101483 0.0000259214
113302139.8953437954 0.0000259214
113302093.3010459095 0.0000259215
113302092.5370593518 0.0000259215
113302092.7604226768 0.0000259215
113302092.5469979942 0.0000259215
113302138.5912400931 0.0000259215
113302092.5792155713 0.0000259215
113302138.8010899574 0.0000259215
113302092.6255940795 0.0000259215
113302093.7840102017 0.0000259215
113302092.6569586992 0.0000259215
113302139.8849954903 0.0000259214
113302139.3147185147 0.0000259215
113302139.5818549544 0.0000259215
113302139.5081790239 0.0000259215
113302092.6802672744 0.0000259214
109083800.0000000000 0.0000259214 1 0 0 0 0 0 0 0 0 0 0 0 0 0 0 