798173560.2113103867 0.0000009890
777675616.4739452600 0.0000003415
781785723.1532658339 0.0000000584
779108847.2369688749 0.0000000015
794286558.3648562431 0.0000000969
763118342.1302907467 0.0000000164
791664165.1084643602 0.0000000003
770799933.2830920219 0.0000000836
790490095.4948954582 0.0000000015
866973349.6396479607 0.0000000008
771571257.7274594307 0.0000000317
742082771.4412860870 0.0000000086
956885860.6684528589 0.0000000020
729027348.2905896902 0.0000000209
749454241.4206134081 0.0000001267
820480087.9298695326 0.0000092787
755754906.2607384920 0.0000000407
680323787.4517976046 0.0000000233
679531987.0628851652 0.0000000318
677446407.4213626385 0.0000002143
702705925.9366909266 0.0000023352
665525769.3042993546 0.0000002631
730987710.6166330576 0.0000001265
634556433.3302702904 0.0000003692
619420452.9297561646 0.0000004646
604838525.4931566715 0.0000001002
640067676.1276413202 0.0000000220
827623733.8950966597 0.0000000154
728205133.1596348286 0.0000000005
679097978.6607267857 0.0000000067
709429088.8513205051 0.0000443769
502558377.6898953319 0.0000252764
658331033.8029762506 0.0000319872
500966861.2938609123 0.0000249698
583811144.8877118826 0.0000261149
515654895.5331224799 0.0000229675
597741268.3153948784 0.0000074850
505250254.6371863484 0.0000229714
597054791.7064088583 0.0000204151
499456461.5490716696 0.0000104227
573660027.8360183239 0.0009573293
509791858.4007019401 0.0000131618
619111481.4742523432 0.0000416326
493595127.4125372767 0.0000081666
505112436.8629014492 0.0000013132
501875270.2174919844 0.0000083524
574270622.0254758596 0.0000266519
482981528.6327229142 0.0000043998
512733654.9797039032 0.0000000419
483722521.9986222386 0.0000052194
509753062.0824623704 0.0002907382
495337177.3482193351 0.0000127402
561974807.2382366657 0.0000096862
499322141.9593875408 0.0000039716
531275187.4009305239 0.0000497607
494159045.8691137433 0.0000042230
614635247.3642913103 0.0000000000
482534645.0446548462 0.0000001152
472682190.9869636893 0.0000002371
530203934.0682278872 0.0000001330
517656844.7030204535 0.0000002876
471905898.5229131579 0.0000002361
530300651.2340057492 0.0000035543
467939329.6103144884 0.0000011175
572024755.2945250273 0.0000000234
471091776.3567151427 0.0000013835
474837613.4054518342 0.0000000000
475900619.9787552357 0.0000036080
540755239.0378544331 0.0000053878
460700888.2412312031 0.0000012775
545916169.9214098454 0.0000359461
490064982.7613578439 0.0000010725
508851971.4520844817 0.0000281263
445680326.5245870948 0.0000010733
508134603.8280254602 0.0000048470
450033383.4792540073 0.0000001748
510174113.9558107257 0.0000087282
446817921.1878437996 0.0000002439
481780816.0869138241 0.0001635110
444741084.1825335622 0.0000006177
517575604.2355219126 0.0000013521
449596039.6822559834 0.0000334556
549785766.6405215263 0.0000120302
424842603.5965208411 0.0000039518
458552890.1288435459 0.0000018681
432841891.4424392581 0.0000000055
400513450.8669744134 0.0000020250
408697600.3536403179 0.0000014876
514871494.2716782689 0.0000001377
417925963.7899416089 0.0000398705
364588931.9830341935 0.0000320512
345831118.9828612804 0.0000386069
418885775.5498641133 0.0000085637
315711440.3752909303 0.0000491269
327982257.2808545828 0.0000256419
299416618.5511081219 0.0000331365
366061647.4307230711 0.0000388688
302017792.6994995475 0.0000033841
317702738.9668080211 0.0000001701
317096806.6114422679 0.0000154511
322311066.1001594663 0.0000392229
334300942.9318023324 0.0000205362
333546657.8158762455 0.0000118730
297597461.6047435403 0.0000326273
333544582.3015626073 0.0000019581
312418458.9065714478 0.0000180712
434855249.5984478593 0.0001887057
293436396.9967674017 0.0000463060
345087096.9593794942 0.0004676054
285836371.0708059072 0.0000393707
344249512.5768771172 0.0000000001
317429566.3803633451 0.0001097055
427626639.2968069315 0.0000160715
279577964.0041136742 0.0000488523
339998839.0096818209 0.0000014210
281085713.7202757001 0.0000384070
310487785.6471025944 0.0000106250
288886733.0481964946 0.0000240505
352177220.2631613016 0.0000065287
294955909.1898053288 0.0000875582
339417595.3529140353 0.0000112968
277749476.0181854367 0.0000548621
263480838.0927839279 0.0000674927
303439595.0875275135 0.0001445569
267065310.8350900710 0.0000436403
296873751.1838662624 0.0000624494
272707163.3045309186 0.0000567629
283424186.9921199679 0.0000005188
266324887.3048570454 0.0000385059
266681343.3682384193 0.0003161270
243072953.7735067606 0.0000461907
237822728.8868174255 0.0000088560
239752768.2523126304 0.0000073335
240903450.5020976663 0.0002195365
239841508.2971096039 0.0000095070
251626721.8907961249 0.0000056505
249828546.3455712795 0.0000257306
231506578.5893509388 0.0000034580
235498413.8438374698 0.0000036783
272282850.9577527642 0.0000004735
230620542.0066677630 0.0000026304
228936562.7556910217 0.0000108516
229951849.7757347822 0.0000048822
244564770.0480183065 0.0000770682
237075464.5460509360 0.0000200986
230236094.8394011855 0.0000547174
227215106.3802316189 0.0000079594
230555615.8267627656 0.0000039145
228600506.0846815407 0.0000113609
244524115.5845711231 0.0000820112
234090544.8858879507 0.0000066842
228016209.4506784379 0.0000129280
223355519.4913277328 0.0000071427
242585364.8643047214 0.0000002919
222336534.3493314981 0.0000105962
230754337.0200936496 0.0001706671
224764577.2501878142 0.0000006972
235661956.2579336166 0.0001346513
224482827.7660570145 0.0000100821
257974269.1423174143 0.0000183296
219680196.5352526605 0.0000482047
253823377.0359701216 0.0000327666
223497018.4556689560 0.0000561869
238505395.8936640024 0.0002503218
219730364.0816482306 0.0000449600
233560965.7662876546 0.0000145907
217731693.2810851038 0.0000498088
244431332.1701071858 0.0000731799
222238625.1628802419 0.0000500789
248527424.8908469081 0.0000109525
216780836.3164069653 0.0000567543
256053573.7928791046 0.0000359949
219374496.2248004079 0.0000233456
228736645.8606480062 0.0000218693
210032794.6513550878 0.0000537784
221350762.9825831056 0.0001993446
215315732.2246528864 0.0000617405
217372894.5781516433 0.0000249219
209841262.8226739764 0.0000540155
230717193.4539957345 0.0000052409
206664567.9426583052 0.0000729972
228034114.5679765344 0.0000080028
206444479.9235762656 0.0000645696
236920503.4667597413 0.0001303742
203289788.3292279840 0.0000227646
215932069.7956463695 0.0001721187
204124416.6076946855 0.0001169170
223834584.3052899539 0.0000144142
206038313.4505504370 0.0000163579
202477937.7840362489 0.0001172555
201321347.0150558054 0.0000523976
200909565.2727850974 0.0000596960
205434662.6230596602 0.0000253400
202369512.4737311602 0.0000534987
200805375.8507821262 0.0000299622
199877630.1174521148 0.0000209469
196753076.7563272417 0.0000038748
196119813.1722674072 0.0000063961
193753252.8743288517 0.0000045750
193207387.4971086979 0.0000069646
201657511.8247927725 0.0000007291
191080490.5449242294 0.0000047205
201503477.5650427341 0.0000003133
193799232.3244757056 0.0000140835
197063830.5995314121 0.0000050368
192822951.7307743728 0.0000141681
209899797.2973505259 0.0000055168
193077236.8145289421 0.0000051130
185713982.6682268083 0.0000003926
190153339.4228432775 0.0000010738
193215674.2974143326 0.0000016949
190207801.0858860612 0.0000008430
190511901.9863045216 0.0000079703
188886301.8962069750 0.0000002114
192385032.1661924422 0.0000006479
190904300.4825322032 0.0000000311
192835801.4159676731 0.0000000516
186382223.0250013471 0.0000004850
191974829.0831106901 0.0000031700
185672385.0696337819 0.0000007993
191306126.1741829216 0.0000031984
191692279.0498326421 0.0000000487
190842391.5877630413 0.0000093373
190412406.9517974257 0.0000002732
184295740.3438494205 0.0000181534
186321910.4937007725 0.0000219829
183176979.8158421814 0.0000095251
186197865.5071890950 0.0000113885
183617438.2080271840 0.0000049447
183279023.9066959023 0.0000062828
197607545.5068060160 0.0000410794
186127142.8226149380 0.0000038879
184766049.0539191067 0.0000085284
186633738.0732257068 0.0000083256
185979173.9356302619 0.0000325297
185971629.0444037318 0.0000052538
186415239.0099326074 0.0000113876
186150621.4929525554 0.0000137090
179801462.1950558722 0.0000038903
178067624.3144667447 0.0000036296
187980188.2788414955 0.0000065402
183143918.9283794165 0.0000123205
182552205.5519686639 0.0000017220
179362310.5579300523 0.0000028932
180485467.2184426188 0.0000006288
177788158.7838183045 0.0000039053
181436922.4670733213 0.0000000156
177857353.5186641812 0.0000047290
184660443.6712469459 0.0000134591
178334833.7793281972 0.0000009860
182331095.3147573471 0.0000130279
178983830.0108137727 0.0000048043
176997334.5178847611 0.0000000847
175659423.6862102151 0.0000000406
179973327.3480500579 0.0000000774
176131121.7765312195 0.0000000183
181623768.7920252085 0.0000005543
176254737.2324747443 0.0000000031
177722264.6211923063 0.0000006252
174514277.9896523058 0.0000002265
184629974.8323591053 0.0000032714
175977388.9597828984 0.0000002742
190966812.2206356823 0.0000000022
174319279.1879160404 0.0000012098
184410482.3594488204 0.0000263038
174932832.1688759029 0.0000047163
181565477.8887365758 0.0000022289
174125597.8808580935 0.0000000004
177646059.8491771519 0.0000005950
174291950.2686105072 0.0000002560
186714071.6066902876 0.0000005592
174544141.2145619988 0.0000002685
192273020.5207684934 0.0000006649
174781174.8437762856 0.0000000394
176074288.0281407237 0.0000012648
174029982.4407300353 0.0000004981
182185575.9475023150 0.0000051285
174658597.4304029644 0.0000004300
177623690.1357032061 0.0000002029
174084826.2521474361 0.0000005027
182560987.9526144266 0.0000001135
177494338.3865279257 0.0000024815
175153987.8596720695 0.0000005233
175575038.1385466754 0.0000010416
175017125.1545641720 0.0000001904
175650913.4563636780 0.0000007614
174277859.8728121817 0.0000004019
175006419.9448173940 0.0000027163
174102883.7679668963 0.0000009864
177784900.0246703923 0.0000076891
174538684.8420821428 0.0000005278
179438208.4124327898 0.0000005372
174080150.4665153027 0.0000000570
175646874.2986013889 0.0000000002
174162139.1867773235 0.0000008351
182032015.9468121231 0.0000002170
174606784.5168957412 0.0000009977
179000474.6000879109 0.0000005307
174199365.7870117426 0.0000007183
175746380.4288198054 0.0000016582
175333937.9433780611 0.0000001358
173951391.3568172157 0.0000000158
176495922.2735003531 0.0000000292
180199802.1993620694 0.0000000225
174249103.6133716404 0.0000000071
175699425.4623203874 0.0000000062
175113113.5526951849 0.0000000138
174793650.3253155053 0.0000011279
173696225.1867784858 0.0000000034
179022885.3548988700 0.0000005963
174216198.1531883478 0.0000000053
179009961.1988397241 0.0000000165
173987069.9607957900 0.0000000283
181086187.9176774323 0.0000001530
173795342.4183014333 0.0000000020
173816252.9503328800 0.0000010684
173688401.8485195339 0.0000000088
175854489.8898481727 0.0000000073
174317692.2243101895 0.0000000001
176541475.5375978053 0.0000003864
174682781.8274232149 0.0000000755
180799684.5410692394 0.0000000575
173956588.2792685628 0.0000000506
180005433.4892418683 0.0000000131
175469638.0219224691 0.0000000142
176535646.5239874125 0.0000000005
173638024.2017661333 0.0000000179
179943544.1214844286 0.0000002379
173575157.1742056608 0.0000003135
175148162.9227306247 0.0000016452
173936679.1227577627 0.0000001998
174652387.7786511779 0.0000011612
173671548.8709262609 0.0000000021
177758805.9063521624 0.0000000486
176613333.3650462329 0.0000005414
175410309.8439384699 0.0000000625
176589985.9041424990 0.0000001538
176214611.3827517331 0.0000000239
176158818.7448017895 0.0000003108
175687532.9923741221 0.0000021330
176486898.5779821575 0.0000002229
175108760.7041453421 0.0000009702
174065190.3601082861 0.0000005075
175456480.5546123087 0.0000008283
173613863.4543077946 0.0000003755
179511149.0222478211 0.0000066716
176106358.0136911869 0.0000005441
178568872.6727126241 0.0000005842
175481840.6334489286 0.0000004646
177494456.7187729776 0.0000000277
174273457.9330482185 0.0000003447
174801111.4702320993 0.0000000003
174223551.8666085601 0.0000004379
176325605.1034607589 0.0000006700
176743280.7851549089 0.0000003346
178023363.6703369915 0.0000013690
173760651.2626581490 0.0000002185
175741293.4412296116 0.0000000024
176477577.4591502845 0.0000003986
176251255.8283995688 0.0000003881
174666397.5527098179 0.0000002054
174973159.3420155942 0.0000002788
175728130.8374113142 0.0000003970
176601376.0231154263 0.0000004693
176417731.7138601243 0.0000001259
176348932.2484858334 0.0000007296
179985279.5046577454 0.0000000694
175624792.0710253417 0.0000000176
173577803.9191485643 0.0000003912
176895256.5836621821 0.0000004575
176364711.5891325474 0.0000002854
172894801.8454587162 0.0000000208
172630349.8154142201 0.0000001204
174390214.2778531611 0.0000000184
174531165.0975518227 0.0000000860
172540561.5550718606 0.0000017489
173343078.4652130604 0.0000020546
173773616.9571714103 0.0000027190
172794470.3718214631 0.0000015181
173121555.0874008536 0.0000010755
172646430.7540146112 0.0000015848
173175731.6584656835 0.0000024611
172651833.4928867519 0.0000016970
173614334.9830999374 0.0000031525
173761376.7134138942 0.0000019868
172519971.5571383536 0.0000017638
172520144.4781716764 0.0000013836
174318962.5914264619 0.0000006423
172498741.8969161808 0.0000012859
173481841.5750285983 0.0000006620
172457059.0698713064 0.0000011075
173688993.9074949622 0.0000014880
172735294.9876195490 0.0000007688
172668929.3900848925 0.0000014774
173619884.2011633515 0.0000006578
172155036.9230648875 0.0000007478
172324201.2575513721 0.0000006749
178601487.0322206318 0.0000014110
174542507.7503613830 0.0000007365
173340924.1255130768 0.0000012798
172131477.2056933343 0.0000006943
171995568.0096899867 0.0000000170
171916394.0175068974 0.0000000052
175006259.7240785360 0.0000002345
172118082.5455834866 0.0000000023
172579784.2125340402 0.0000000179
173416418.2620912492 0.0000000246
172113332.1412743628 0.0000001263
171765583.6816338003 0.0000000051
172348075.3757774532 0.0000000028
173521486.4578980505 0.0000000050
172756749.9095655084 0.0000004041
171810102.7668818831 0.0000000940
172526910.1817477345 0.0000000268
171921137.1021743417 0.0000000116
172347349.8018419147 0.0000005827
171964893.3791334331 0.0000000048
172897880.4019026458 0.0000000010
171868898.0955848992 0.0000000125
172836304.7541835904 0.0000001153
172166417.6689359248 0.0000000011
174206095.7279202342 0.0000000345
171716031.1846180558 0.0000000018
172364286.9467891753 0.0000000142
173171881.4663909078 0.0000000042
172257656.7158359885 0.0000000625
173618379.9314714074 0.0000000020
172069539.0702072382 0.0000000507
171941404.1691624224 0.0000000016
173642335.5663978457 0.0000000000
173785668.9023554027 0.0000000104
177001906.5724675953 0.0000000096
171890533.7005359828 0.0000000010
172897224.8630894721 0.0000000542
171651824.6491231322 0.0000000221
172524305.1457897425 0.0000005266
171743303.2509039640 0.0000000100
173288910.0087794960 0.0000000712
171879131.5840460360 0.0000000212
172528554.5543407500 0.0000000000
172008651.6633465588 0.0000000108
171937606.8837783635 0.0000005198
171798343.1391486824 0.0000000219
172098756.2409538329 0.0000000079
171670439.5454004407 0.0000000224
172029402.1666034758 0.0000005128
171871541.0498159230 0.0000000029
177159815.9793893397 0.0000001783
171744461.7413049936 0.0000000096
171785659.2413532138 0.0000000001
173847637.9374627471 0.0000000514
176774160.5042220354 0.0000000415
173816784.7076007426 0.0000000004
172822536.4695629776 0.0000005488
180464218.8866484165 0.0000000259
173223125.8143404126 0.0000000758
171746279.5561149120 0.0000000288
171969192.9600411952 0.0000000205
171711175.0239191949 0.0000000069
173228316.2776965201 0.0000001876
171760514.9531694651 0.0000000532
171835378.5147348344 0.0000002774
171703059.3024559319 0.0000000035
172168750.0481766760 0.0000000226
173781487.4368409216 0.0000000001
172401718.6200761795 0.0000000497
171717307.4283967912 0.0000000133
172430562.7944252491 0.0000001328
171650947.9794456959 0.0000000060
173528794.7008343935 0.0000000019
171727597.9174034595 0.0000000108
172126105.6291408539 0.0000000003
173310327.7518813610 0.0000000165
172199084.9635622203 0.0000000140
171736123.9610944390 0.0000000024
173557275.8958236873 0.0000000017
171743884.7872079909 0.0000000032
173340665.3174335957 0.0000000725
171694856.5258950293 0.0000000128
171622841.1310895979 0.0000000046
171616556.0688532591 0.0000000075
171496707.6258643866 0.0000000062
171546334.8504468203 0.0000000075
173525458.0589922071 0.0000000469
171509415.6492717862 0.0000000044
171501135.5511251390 0.0000000437
171622203.3188302815 0.0000000062
171631474.6709803641 0.0000000507
173574991.4203095734 0.0000000061
171914524.0997439623 0.0000000106
171491666.2067712545 0.0000000047
173803778.5049112439 0.0000000073
171496244.2889930606 0.0000000027
171925892.4154105186 0.0000000013
171577201.0974172354 0.0000000011
171774937.4814506173 0.0000000031
171606915.8328257203 0.0000000000
171795939.9366621673 0.0000000080
173634587.0237857401 0.0000000175
173749784.2217030227 0.0000000007
171527920.6639373302 0.0000000034
171596182.7418241799 0.0000000005
171626363.6338755190 0.0000000048
173184381.9928925037 0.0000000704
171481366.2935755253 0.0000000054
171994137.7101852894 0.0000000137
171527028.9759506583 0.0000000070
171619855.1678383648 0.0000000203
171572979.6048562825 0.0000000055
171725593.6197838485 0.0000000009
171575090.0340547860 0.0000000038
171630766.4739167988 0.0000000002
171565149.5257541835 0.0000000123
171593799.5381118953 0.0000000325
171510670.9391727746 0.0000000001
171533831.4432164729 0.0000000226
171526444.1972675025 0.0000000034
173607634.0598033369 0.0000000000
171563592.1311365664 0.0000000087
171506537.4079471231 0.0000000128
171517903.0262313187 0.0000000044
171744603.8735771179 0.0000000003
171450411.1753078997 0.0000000204
171454042.5953108668 0.0000000003
171572492.1459642649 0.0000000297
171426031.1802784503 0.0000000354
171397260.5995301604 0.0000000472
171390196.9076642394 0.0000000461
171378541.5608922839 0.0000000362
171393033.2488476038 0.0000000334
173580935.8572597504 0.0000000182
173554679.7066158950 0.0000000328
173623989.9982272685 0.0000000712
171396771.0287752450 0.0000000360
171571491.2316732705 0.0000000309
173571204.7403408885 0.0000000345
171466237.3284806311 0.0000000430
171381932.0991742909 0.0000000327
171468625.4194775224 0.0000000239
173583491.4367672801 0.0000000311
171365806.8334138989 0.0000000637
171346156.2155827880 0.0000000636
173370979.1900140643 0.0000000657
171392763.7748198807 0.0000000630
171439754.9321960807 0.0000000507
171390727.1421023011 0.0000000613
171391837.3076404929 0.0000000392
171305543.7162812948 0.0000000696
171407714.3890195489 0.0000000413
171283859.5958080888 0.0000000848
171402565.9492805898 0.0000001104
171354563.0225817561 0.0000000794
171482421.8842728436 0.0000000827
171300030.1257247031 0.0000000903
171385187.4577609897 0.0000000101
171283831.7228519619 0.0000000799
171467960.0087043345 0.0000000633
171369867.3944369853 0.0000000893
171480028.9674855471 0.0000000684
171357517.5257235169 0.0000000732
171340168.2595860660 0.0000001220
171354485.0774796307 0.0000000848
171341520.9418502450 0.0000000820
171281141.4810093641 0.0000000817
171295686.8196056783 0.0000001356
171324329.6662994921 0.0000000811
173578780.5975715816 0.0000000728
171345447.9372923970 0.0000000927
171396775.2787683010 0.0000000865
171324201.1286761761 0.0000000819
171303096.5513745546 0.0000000896
171339441.2405704558 0.0000000881
171303880.8852018118 0.0000000757
171277887.0909555554 0.0000000820
173477109.5875457227 0.0000001419
171354410.6303641200 0.0000000848
171260050.9030141532 0.0000000633
173387435.6455941200 0.0000000864
171266972.1075403094 0.0000000635
171252143.6064530909 0.0000000624
171258610.7855370343 0.0000000650
171289573.4232094288 0.0000000556
171245815.2833985388 0.0000000572
171279366.2533489764 0.0000000644
171227426.2482236922 0.0000000558
171263636.8673847616 0.0000000387
171222068.1526427567 0.0000000456
171271312.9484854639 0.0000000254
171234452.9811338484 0.0000000483
171304797.0244632363 0.0000000323
171233782.6918892264 0.0000000451
171282094.4345332682 0.0000000420
171220090.0669944584 0.0000000412
171227404.3772796690 0.0000000303
171225715.0608085096 0.0000000403
171187503.3900752962 0.0000000384
171196215.0459139943 0.0000000391
171266707.6751803160 0.0000000354
171270821.2544296086 0.0000000415
171268200.3581312895 0.0000000277
171289184.2003162503 0.0000000383
171198660.0616243184 0.0000000429
171196617.0547542572 0.0000000398
171294123.0915817320 0.0000000392
171292107.0596995354 0.0000000400
171248242.0411046147 0.0000000382
171188230.8889761865 0.0000000361
171354458.7845607102 0.0000000438
171279831.8912571967 0.0000000360
171180371.2786085308 0.0000000339
171223050.0925958753 0.0000000348
171248557.9891271293 0.0000000353
171202964.6093169153 0.0000000259
171262213.1497140229 0.0000000404
171194104.8223711550 0.0000000358
171215759.3102973104 0.0000000323
171214060.5007259548 0.0000000321
173359572.4996495247 0.0000000312
171180867.7918324172 0.0000000334
171345359.9133779109 0.0000000421
171181980.1600837409 0.0000000318
171263501.4298366308 0.0000000208
171180190.8545509577 0.0000000331
171218089.1885251999 0.0000000443
171195617.9472360611 0.0000000337
171278461.1245501041 0.0000000215
171188745.3853337169 0.0000000330
171223599.3887224495 0.0000000258
171188079.4540675282 0.0000000354
173428680.7691591382 0.0000000290
171191284.7134365439 0.0000000355
171246831.3276432753 0.0000000297
171183638.9787154794 0.0000000350
171259536.2679412067 0.0000000582
171267111.3153735101 0.0000000388
171213577.8884588480 0.0000000215
171284556.0279257298 0.0000000326
171207948.6916326284 0.0000000402
171211663.2941688299 0.0000000282
171220931.6187577546 0.0000000320
171179616.5055195689 0.0000000334
171195713.7903533578 0.0000000299
171176187.6811781228 0.0000000363
171223871.0278536975 0.0000000435
171177377.1591812372 0.0000000360
171273887.8908056915 0.0000000477
171170813.9980991185 0.0000000384
171270264.1166076660 0.0000000253
171249669.4923233092 0.0000000367
171177377.1107559800 0.0000000446
171289996.9166553319 0.0000000373
171261570.2915377915 0.0000000344
171274907.2720910609 0.0000000353
171253279.4054795802 0.0000000392
171271423.1703521311 0.0000000437
171216957.6259405911 0.0000000301
171261287.3905403912 0.0000000356
171269663.2194616199 0.0000000493
171262678.0808890164 0.0000000395
171188417.2324179411 0.0000000390
171191674.9146182835 0.0000000415
171272677.3918197453 0.0000000468
171186298.0383464694 0.0000000360
171174310.3097572923 0.0000000241
171269289.2407203019 0.0000000389
171260254.2351247370 0.0000000461
171176819.8306068182 0.0000000331
171228446.7990360856 0.0000000301
171182951.0075786412 0.0000000410
173483546.9980562627 0.0000000438
171249959.5050060153 0.0000000340
171268799.8093349636 0.0000000425
171192090.7310214639 0.0000000375
171241026.8809013367 0.0000000497
171245570.9326971769 0.0000000389
171256491.9449286163 0.0000000274
171282187.3212437928 0.0000000371
171247273.0710563064 0.0000000292
171273094.4287543595 0.0000000548
171279258.2078851461 0.0000000370
171184442.0890562534 0.0000000381
171240937.7937712371 0.0000000390
171174636.0697593689 0.0000000403
171270336.5403172076 0.0000000404
171182383.6866337359 0.0000000381
171209913.1905938685 0.0000000495
171280155.8114015460 0.0000000369
171234836.4082351327 0.0000000420
171174525.6794322133 0.0000000372
171220048.9842238128 0.0000000423
171175358.5439587533 0.0000000385
171248127.7395212352 0.0000000336
171274695.1481094658 0.0000000373
171233402.3146632910 0.0000000455
171267350.9659044147 0.0000000388
171173524.4940463006 0.0000000337
171282394.7289671302 0.0000000379
171257828.9649596512 0.0000000397
171273841.7962574661 0.0000000375
171227654.9634560347 0.0000000357
171268293.0528964996 0.0000000382
171175627.9853195846 0.0000000462
171173777.4658081234 0.0000000372
171248494.9556576610 0.0000000352
171175174.6933226287 0.0000000387
171194887.9115370512 0.0000000327
171269108.3362374306 0.0000000385
171193490.5322059393 0.0000000391
171178933.8603945673 0.0000000374
171263168.8061134815 0.0000000338
171275932.2924589813 0.0000000391
171173407.5597153306 0.0000000401
171177307.6854173541 0.0000000346
171277887.7557736039 0.0000000382
171171537.1702854335 0.0000000405
171280812.2550668418 0.0000000400
171179725.6567110121 0.0000000404
171170856.0405538082 0.0000000382
171189172.9300871491 0.0000000330
171169509.0787368119 0.0000000384
171176858.8164387047 0.0000000337
171276157.2180718780 0.0000000385
171179441.9802394509 0.0000000363
171174707.8347753286 0.0000000391
171170714.7609122992 0.0000000384
171272960.6646555662 0.0000000389
171276435.3778648973 0.0000000377
171270835.9212741852 0.0000000397
171275816.1480399668 0.0000000382
171177284.3205694854 0.0000000372
171168524.9329365492 0.0000000381
171276039.3505827785 0.0000000369
171167766.4133236706 0.0000000380
171171005.2057777941 0.0000000395
171274208.5982777178 0.0000000382
171177549.7940559685 0.0000000389
171272304.0720391572 0.0000000386
171171003.5755877793 0.0000000364
171169941.5737855136 0.0000000381
171190713.6441177130 0.0000000400
171168315.7650542557 0.0000000381
171273143.4275470376 0.0000000366
171275528.1308531761 0.0000000385
171175397.1410506070 0.0000000349
171169859.4382286370 0.0000000383
171179607.2257064879 0.0000000367
171276527.9020635188 0.0000000384
171172816.9392976463 0.0000000373
171274396.1326381266 0.0000000384
171170996.5032904744 0.0000000379
171275337.3169544935 0.0000000374
171277358.8848876357 0.0000000375
171168771.9698765874 0.0000000380
171268507.1881723702 0.0000000398
171171173.6724152565 0.0000000386
171271518.9679387808 0.0000000377
171171320.0478606224 0.0000000379
171276049.3111847937 0.0000000373
171276298.3623779714 0.0000000381
171172523.6029671729 0.0000000371
171171903.1417902708 0.0000000381
171167050.9800897539 0.0000000375
171169246.0372549295 0.0000000368
171271289.6227429509 0.0000000396
171270960.0945198536 0.0000000375
171188813.5905868411 0.0000000379
171275334.8027430177 0.0000000369
171166850.6251264811 0.0000000376
171167422.1807115972 0.0000000379
171166232.0573341846 0.0000000376
171171083.1382443905 0.0000000372
171274871.0523487628 0.0000000377
171274697.8074561656 0.0000000372
171274223.1663401425 0.0000000377
171274202.4777088761 0.0000000374
171166054.1451253295 0.0000000377
171273080.3507874608 0.0000000381
171274912.1482931972 0.0000000375
171170523.2143892050 0.0000000366
171166739.4033788443 0.0000000377
171169175.1819886863 0.0000000382
171274733.8654305637 0.0000000377
171165048.6537043154 0.0000000389
171272869.3772712946 0.0000000385
171176402.5492650867 0.0000000393
171165299.4970194101 0.0000000391
171165623.9817316532 0.0000000395
171165542.4075326622 0.0000000391
171271530.9208119214 0.0000000386
171273713.2141372561 0.0000000388
171168421.2762947381 0.0000000386
171273215.3484822214 0.0000000387
171270946.6139588356 0.0000000388
171167473.2602204978 0.0000000387
171169152.2352088690 0.0000000403
171273541.3771538138 0.0000000390
171169321.8893044591 0.0000000399
171272907.9259606898 0.0000000390
171172921.9265042841 0.0000000393
171165065.4563321471 0.0000000390
171166216.3459265828 0.0000000386
171272645.1551320553 0.0000000387
171167082.8489337862 0.0000000389
171273087.0284487605 0.0000000393
171165903.8090275526 0.0000000382
171273274.0145944655 0.0000000389
171166432.1878842413 0.0000000394
171165281.9376113415 0.0000000391
171272720.3010732532 0.0000000382
171272590.0752286911 0.0000000394
171165988.0622544885 0.0000000382
171165128.9282816947 0.0000000391
171164350.5443131924 0.0000000395
171165270.9343575835 0.0000000395
171172624.4495072663 0.0000000398
171165631.7913857400 0.0000000393
171168082.9559961259 0.0000000391
171164423.8103760779 0.0000000394
171270267.6503808200 0.0000000388
171165389.3567563295 0.0000000392
171272027.4183522165 0.0000000402
171271793.3743773401 0.0000000395
171167481.1102296114 0.0000000395
171272198.9338477552 0.0000000395
171273097.2866142094 0.0000000397
171272808.5099387765 0.0000000399
171166327.4762165248 0.0000000386
171165510.8266109526 0.0000000390
171271913.5871219635 0.0000000397
171272640.1648073792 0.0000000396
171273274.6633472443 0.0000000395
171272910.8366645873 0.0000000394
171164781.2720370889 0.0000000395
171165195.6852029562 0.0000000399
171271992.0441547334 0.0000000395
171167346.8167502582 0.0000000401
171272548.8640236259 0.0000000393
171164124.7063581944 0.0000000398
171272487.2850832343 0.0000000397
171165655.3371021450 0.0000000396
171165018.9889327288 0.0000000398
171165882.6814737320 0.0000000403
171163858.3120540977 0.0000000398
171164092.7644607723 0.0000000396
171163930.9255464971 0.0000000399
171272518.9619958997 0.0000000400
171164593.8746303022 0.0000000396
171166369.1327119470 0.0000000397
171164037.5426865816 0.0000000398
171165411.5085974634 0.0000000400
171165130.0229060054 0.0000000398
171270502.3685315549 0.0000000395
171163948.6189219654 0.0000000398
171165137.2736402750 0.0000000399
171164008.7249244452 0.0000000398
171166149.0626629591 0.0000000396
171163800.6493721604 0.0000000399
171166952.6235019267 0.0000000404
171271756.7340033650 0.0000000398
171167070.6326422989 0.0000000398
171163677.7533926070 0.0000000400
171165658.3313556612 0.0000000400
171163674.0630581677 0.0000000400
171163643.9522983730 0.0000000399
171163865.8006297052 0.0000000400
171164613.3162073791 0.0000000397
171163557.0773673654 0.0000000400
171165731.9510422647 0.0000000404
171272142.4015058577 0.0000000399
171164842.7655551434 0.0000000398
171163658.3204836249 0.0000000399
171164628.5358791351 0.0000000399
171163647.9843186736 0.0000000402
171270123.4223114252 0.0000000400
171163711.0118443072 0.0000000402
171165213.4530605674 0.0000000403
171164588.8644185364 0.0000000397
171167319.6151783168 0.0000000403
171272073.6015789807 0.0000000399
171166463.6635905206 0.0000000400
171163763.5180805027 0.0000000401
171271512.1969951093 0.0000000398
171163531.4217916727 0.0000000400
171271858.1391411126 0.0000000402
171164195.9602513909 0.0000000401
171163301.0499178171 0.0000000403
171267266.0517299771 0.0000000403
171272175.8772061765 0.0000000402
171164304.5413159132 0.0000000404
171163349.1701348722 0.0000000402
171163604.8902384937 0.0000000402
171272162.5899947286 0.0000000403
171163649.9147185981 0.0000000402
171163616.0676396489 0.0000000403
171163490.9552063644 0.0000000401
171163253.3784695268 0.0000000403
171163573.4615153670 0.0000000403
171163204.7352506220 0.0000000403
171163303.6358423531 0.0000000400
171163226.5007831454 0.0000000404
171163409.0477742553 0.0000000403
171163256.6453229189 0.0000000403
171163365.7797547579 0.0000000402
171163263.7182222605 0.0000000403
171163358.7981644869 0.0000000404
171163296.1127837598 0.0000000403
171163385.3657399416 0.0000000404
171163160.5430827737 0.0000000403
171272343.3696159720 0.0000000404
171163184.3665710688 0.0000000403
171163269.0770845711 0.0000000402
171272155.9887003601 0.0000000402
171163193.0347856283 0.0000000405
171272090.2447337806 0.0000000403
171163262.5626144409 0.0000000406
171163324.3215390742 0.0000000403
171163289.9056306481 0.0000000406
171272191.9297128022 0.0000000403
171163331.7766734660 0.0000000404
171163238.9294540584 0.0000000403
171164330.4567079246 0.0000000406
171272168.0373443663 0.0000000404
171163719.4216662943 0.0000000400
171163248.1752985716 0.0000000403
171166111.6276568472 0.0000000401
171163420.3155130148 0.0000000403
171166135.7870718837 0.0000000401
171163433.9741271436 0.0000000403
171166124.6165612340 0.0000000401
171272227.9122876823 0.0000000403
171164352.0931294858 0.0000000403
171164522.4175398946 0.0000000402
171163132.1195699275 0.0000000403
171270362.8205780387 0.0000000403
171163093.8859244585 0.0000000403
171164033.4078227878 0.0000000403
171163109.5452418029 0.0000000403
171163277.0399921238 0.0000000404
171163104.9231858253 0.0000000403
171164569.3582980335 0.0000000403
171163197.8315720260 0.0000000403
171269589.8021541238 0.0000000403
171272019.3798390031 0.0000000402
171163548.4928259850 0.0000000403
171163136.0641173720 0.0000000403
171163380.5478327870 0.0000000404
171272063.8148470819 0.0000000402
171163184.9392752945 0.0000000402
171163188.0019509494 0.0000000403
171163533.3460161984 0.0000000403
171272076.9617897272 0.0000000403
171163441.4084091187 0.0000000403
171163095.2043123841 0.0000000402
171163326.1837097704 0.0000000404
171272072.8603010178 0.0000000402
171271643.4469284415 0.0000000405
171271988.1186490357 0.0000000402
171163403.2679620981 0.0000000404
171163141.6153027415 0.0000000403
171272064.7262833118 0.0000000403
171272066.3360518217 0.0000000403
171272126.5865207016 0.0000000401
171271984.3485862613 0.0000000402
171163228.0244436562 0.0000000403
171271990.9128535390 0.0000000403
171163436.1279761493 0.0000000402
171163197.5951843858 0.0000000402
144676370.0000000000 0.0000000402 1 0 0 0 0 0 0 0 0 0 0 0 0 0 0 