362101508.3683564067 0.0000009890
361293392.3909388781 0.0000003415
363028793.0728471279 0.0000000584
369962716.2471406460 0.0000000015
363954946.6544645429 0.0000000969
390984347.5842065215 0.0000000164
393099271.5779986382 0.0000000007
361889289.4206491113 0.0000012535
395627972.5022789240 0.0000000025
423354084.7280335426 0.0000000007
384514541.2660202980 0.0000004952
357357824.0065686107 0.0000000479
370383019.1349302530 0.0000000568
358987296.1999396682 0.0000004368
355844998.7396936417 0.0000006892
398672443.8649563789 0.0003053651
361588314.7894929051 0.0000008197
322820154.1240152121 0.0000009373
313123255.9057740569 0.0000012615
314167349.6612464190 0.0000042838
305681945.4189152718 0.0000073915
299016346.2898486257 0.0000083419
336459504.4767879844 0.0000009053
278803533.7740592957 0.0000106643
273295481.5610656142 0.0000104290
318330778.1920646429 0.0000009887
274281066.8064706326 0.0000023237
291023350.9570752978 0.0000017369
275902523.5120511055 0.0000021467
252484966.3463863730 0.0000103819
283555661.0576086640 0.0046000555
247721237.2248479128 0.0054394213
256947574.6256544888 0.0046531071
287787401.3920660615 0.0105002470
247334030.0504825711 0.0054881282
263917223.6669807732 0.0090326432
248711112.0888028145 0.0052195969
295421897.4435952306 0.0031364911
240619650.0649894178 0.0064378420
267765723.1420762241 0.0019895275
246641610.4806290269 0.0057516074
228971245.0581750572 0.0006321195
225617426.0317142606 0.0006633094
204168721.9763663411 0.0006952752
183569817.8361751139 0.0007314956
212794835.9600650668 0.0001458651
191238352.9881877899 0.0007551102
217360420.5707306862 0.0000251214
184423969.0076606870 0.0005199232
177416019.4006920159 0.0000850232
186597290.3081457317 0.0000801220
208875654.8555878103 0.0000149020
187786419.9928976595 0.0000493200
174524151.2029160261 0.0000539040
177546559.7275878489 0.0000483028
179519932.0212051570 0.0000030460
188933147.3227522373 0.0000335858
150769609.1557054222 0.0000109322
152305224.3352616429 0.0000413277
156848698.6794914603 0.0062039259
151588717.7981379926 0.0000115695
164927249.7959676385 0.0003305515
164135476.5639376640 0.0000153096
171368352.5785555243 0.0006432560
150684832.1827081442 0.0000867649
176117551.4819254875 0.0031994783
147688858.3160989881 0.0012486095
202141827.5841938555 0.0002614866
149710198.0363318026 0.0010863298
202438198.8078213632 0.0012122838
150649149.8212615252 0.0009655223
182602950.9649224877 0.0008424412
155074517.6314388216 0.0015091256
174696128.8800752759 0.0006257337
170623236.6725907624 0.0009149925
157873818.0887797475 0.0000387889
147596361.9272541106 0.0008559009
150939604.3026607335 0.0019988776
153557256.1967892647 0.0008697343
184932778.9481190741 0.0000786533
149323530.3743360341 0.0008219918
160299116.3383795619 0.0234648278
148336271.5484536886 0.0006681140
178738414.9654317498 0.0022574025
146841294.8990430534 0.0008972602
203650976.8148989975 0.0002733815
147517744.1798714995 0.0011046802
220288172.5771394670 0.0034832981
153718255.0456880033 0.0008883963
162152082.8109979928 0.0002072502
138342641.5085448325 0.0004728482
139295485.2278345525 0.0044042790
151219217.1148612499 0.0004457733
166529066.6817677319 0.0069330536
139586017.4916031361 0.0011695393
154518567.5330525041 0.0007107435
142907422.8266446292 0.0003007721
166246024.3994835615 0.0052385615
138442083.3700465262 0.0002357602
144164736.9360324144 0.0058865294
141794379.8736776710 0.0000034449
159843177.9491679370 0.0099164605
141052154.6895114183 0.0006203057
155566275.8744548559 0.0010903928
135608015.9228818119 0.0008490025
156111122.3222382069 0.0000061548
146810416.8289875388 0.0011330047
153451708.2017468214 0.0011921054
140867195.9297013283 0.0010245776
166451689.0724378526 0.0000160218
138934374.2996811867 0.0011737591
147174300.8002731204 0.0000109777
145462373.1811815202 0.0012042763
143181285.5157691538 0.0027708125
139759093.3756473958 0.0017559298
150413092.0431964993 0.0051472460
138346305.2684876025 0.0006352937
174641138.9351057708 0.0023172948
139153209.6351749897 0.0004750709
168400800.7783008218 0.0001970229
139667380.8461814225 0.0012932725
150081575.6488797069 0.0005816973
145037442.2535810769 0.0031213500
135857038.2659595311 0.0002792446
137140045.0411914587 0.0012211293
140133874.1445629895 0.0000054546
132958855.1910144687 0.0000450791
143693938.6989693940 0.0000640526
133668160.0736340284 0.0000887738
130648107.9901944995 0.0000959791
129765099.8330484629 0.0000085365
136667477.7939482331 0.0008707968
132840423.9209406227 0.0004035392
149056516.2889847159 0.0000311747
131576622.7579089701 0.0000540244
124673078.6890954971 0.0013938125
123345643.1253348589 0.0032911162
132409579.2353910208 0.0020728655
124104295.6493749470 0.0026384468
119520732.8787606508 0.0005066921
120329917.3257461190 0.0006192378
122136365.9104649723 0.0019965055
124983811.6980797350 0.0002736925
119700565.3089574575 0.0000198600
120680028.5387592465 0.0001383182
128604931.3423315287 0.0013401252
123655996.7454919815 0.0005779559
123349020.0258283168 0.0012817779
123838243.6046570987 0.0003170964
134466216.6267673671 0.0009594241
121513982.2504559457 0.0009259277
122675471.7531548291 0.0000096625
119998975.6344866455 0.0002013345
121682339.0430840254 0.0002883486
120838968.6072236896 0.0009016313
124028127.0252895057 0.0018261314
121232810.5101498216 0.0015379161
127644700.5892677605 0.0000223112
125822354.5444859266 0.0003361342
124307901.8830345720 0.0075529345
119198757.1094311625 0.0009685280
118851808.3694024682 0.0054612617
120488566.1474084556 0.0041973674
122301292.8867130578 0.0026282039
118733090.6234976500 0.0045147333
118612929.8184700906 0.0005230916
120791414.7771596313 0.0004062248
129486493.2975426018 0.0085072645
120067480.2591878027 0.0006536826
117815231.9358861744 0.0056687553
119165149.3137073368 0.0046626301
122230527.4840547740 0.0002238014
118676481.7305220068 0.0052810808
113895134.0411132127 0.0031831257
121247205.7160042077 0.0039774977
114406740.1516242921 0.0090628987
122997393.2823639959 0.0033792773
120970414.1965653896 0.0006119075
123798264.2481261343 0.0044153433
121671346.5442817211 0.0032587357
114622562.1594427973 0.0019426742
118113145.1378878206 0.0003481074
124164563.4793051779 0.0025420077
118214962.8597882688 0.0003055365
114983618.2345983237 0.0030982325
125362184.6570550948 0.0020988423
123718817.5987378955 0.0036673871
124349314.0884081125 0.0040488342
126715428.7674684674 0.0026475541
124362591.0658406466 0.0000473204
127297398.5548665076 0.0026572746
118951193.7539567649 0.0072355430
130604713.7359781563 0.0027015080
130842145.1621391475 0.0003458482
113260954.9293954521 0.0046793251
119771181.4823052287 0.0048823755
113065342.1927146614 0.0057667358
116879462.2367454469 0.0054527925
123983748.9939410985 0.0065551674
117042650.7496717274 0.0048733328
114343405.7727241367 0.0040625946
123942611.4328942597 0.0160953621
122717267.7655599117 0.0081988193
117861290.8184856474 0.0051461732
114066391.9791839868 0.0032195725
120629942.8025622368 0.0073150390
122392601.7722324282 0.0078056686
125864546.2079494894 0.0130154529
126757593.5287656635 0.0041980360
132962738.2492340654 0.0039018455
123600013.0680870563 0.0123500243
116343964.6568993181 0.0080304216
122743914.7182073742 0.0082959806
121702422.8276795000 0.0000004046
125413489.9774613678 0.0068259364
119290245.5758738369 0.0001854146
114187068.7186133862 0.0055585290
124236039.8320625424 0.0214850456
124896707.8542619348 0.0056130856
115100021.9417185038 0.0044571627
115662772.0818213075 0.0059255743
124290716.1515140831 0.0170867060
114932339.4117280841 0.0068542916
127572803.4731807262 0.0317721891
125353840.5321749300 0.0049095721
117886027.0356893837 0.0024846694
116116986.3317576945 0.0070687395
114890276.1796871573 0.0000000741
114386197.2465182245 0.0064589223
120011305.2775682658 0.0031511803
124689126.3177027255 0.0071260071
125683052.1740508080 0.0071941077
116926686.7818203568 0.0076634366
113252750.8575229645 0.0058369664
117060632.7247357666 0.0063964618
113713566.4605761170 0.0059103987
131461906.8949027061 0.0058273145
115584453.6685909778 0.0066052348
115020990.3638753444 0.0054623636
127313019.8237181455 0.0059158096
115725848.0444605500 0.0024582924
126874722.1465115994 0.0052011945
120658085.5452998281 0.0035371379
125610497.2343506068 0.0047793030
117639103.1533838958 0.0136188498
125479608.5079567283 0.0058624321
114019782.1146798581 0.0052274527
126840543.7966381907 0.0029051032
113675934.6284755617 0.0063207850
127502079.4776612222 0.0083472664
126686559.2168840319 0.0056944848
123712213.7139925659 0.0083444930
126858460.9761638641 0.0055779201
115244358.3680410534 0.0028540230
126616134.3393898606 0.0059116790
115274727.7336291075 0.0058071750
127660996.9263054878 0.0057966502
115804343.1929578930 0.0064836579
113106392.6697665453 0.0053231589
124234888.4861696661 0.0066009270
127008416.9096902013 0.0060076245
123273985.3179624528 0.0094242536
126785911.5194542110 0.0055153478
113394707.7176232934 0.0057569457
113679676.8839909732 0.0055588698
114619555.4221580476 0.0050311024
127591227.4394206703 0.0051594559
128291574.1087884456 0.0070863348
113705726.6172976941 0.0061556731
114107761.7010862976 0.0047037274
113024696.7095662653 0.0058181346
113001325.8244276941 0.0050000397
126084445.7494643629 0.0056571882
113693859.8605948389 0.0056954723
126786036.5378516465 0.0051319565
116580392.2130560726 0.0042698177
114518420.9928346276 0.0044725083
116097311.5408110172 0.0042690295
127534450.5173209012 0.0050177770
112630978.5676648170 0.0059216588
128187684.2643388361 0.0054594742
116751704.6931551248 0.0056110496
127305318.7024789304 0.0063305950
116454112.8646847606 0.0068715611
112588403.1355537027 0.0067023916
113736541.3640622646 0.0049719917
128455077.3029728681 0.0064796235
126298917.5529098362 0.0127600862
113182552.6416926682 0.0067313859
114164149.5012468845 0.0071797928
113288683.8962063789 0.0067766862
113126724.3827961683 0.0059872578
112339251.2313831747 0.0066962715
127730582.2286528051 0.0099222459
113031179.9294322431 0.0061015373
115062738.6925126910 0.0064900549
113271838.0165106356 0.0056181270
114173603.7676973492 0.0050305313
127636671.7027719319 0.0070676853
116064742.5961491168 0.0028315295
129671059.8185079247 0.0067681247
127133363.5122064203 0.0072636138
128848941.4921998531 0.0060662606
123496644.7902025580 0.0071336244
128098264.6153174192 0.0063748418
112148330.9288898110 0.0062211555
131382396.6503702849 0.0061711011
129348246.3820858896 0.0079445286
112365897.8775502890 0.0058381721
117857105.8609136194 0.0048374264
129425583.5757542551 0.0068601412
112420456.6967884898 0.0063457041
113283296.7236256897 0.0061899288
131621451.6803265512 0.0063387272
129824057.0142933577 0.0067852883
112156314.4660577476 0.0062707021
112911000.5984517038 0.0072831569
112167499.6284634620 0.0060739592
132176129.7533326447 0.0052479330
131922964.0851498842 0.0063377374
112704735.2014781237 0.0059603306
131403592.1747490913 0.0071792962
131931238.3169910014 0.0076922609
131797494.5151761621 0.0062414862
114509521.1253981590 0.0055318442
112227282.2773156464 0.0062624381
113670565.7347511649 0.0047310059
112118105.8433306664 0.0062012393
131099543.0945974588 0.0054427595
112312722.5397424698 0.0060649760
132045829.6549391299 0.0069012716
112091963.5289480835 0.0063449084
132311910.5168732703 0.0055392215
112104473.8177331984 0.0061497831
112781094.1203966886 0.0056175973
112295429.0879392177 0.0063346053
131877911.2226047516 0.0053781997
112819595.6398102790 0.0059984599
113388830.6201854348 0.0068844982
112940070.4455619156 0.0062767108
114850436.5102429092 0.0057200512
112426714.1358029842 0.0061826069
130388489.0918697864 0.0060195430
111961962.1226075888 0.0063220089
112165676.5921767503 0.0054046329
112008206.6852580607 0.0062909467
113473454.7696541101 0.0045798070
131782569.4933475256 0.0066961890
113243841.8771329224 0.0071868194
132159112.6504062414 0.0058582130
111940442.5349326730 0.0081419028
130893160.8016193956 0.0082227001
113766917.3078840822 0.0065814370
112388462.1313832849 0.0082433585
112374624.2330987751 0.0097970636
112066209.7407082766 0.0081415002
131370972.9854903072 0.0087806299
131468487.2652701735 0.0080369383
112940507.7007302791 0.0092556065
131384296.4671823680 0.0080927739
130961105.6632880569 0.0076402440
131124112.1439868361 0.0083796761
130855186.4000524729 0.0080910650
112051902.2338179201 0.0079130240
129272808.6180105656 0.0086396048
131177786.8862619102 0.0083203125
112656618.1957644522 0.0072254770
112115666.5845770240 0.0084250357
112143455.5532748401 0.0076783554
131126063.0619038492 0.0079870954
112811280.3410689980 0.0090717243
112846352.1068778634 0.0078412507
131289566.1513653547 0.0081918064
131922228.9766578972 0.0081851517
130803807.5256415159 0.0083504459
132335085.3094020933 0.0088452995
112458156.8209218830 0.0080039172
131527199.7955513746 0.0081719951
112627599.9041175991 0.0084489056
131391621.3169579506 0.0080522460
113247023.3966980129 0.0079584855
111909812.5477760881 0.0079618889
112629947.7683873475 0.0072702110
131330360.2481317818 0.0080097184
112710726.0005182326 0.0070204692
111947485.1115456074 0.0081990504
112294354.1097629666 0.0085322114
111980172.0800760388 0.0078624906
112151465.5177140832 0.0077497759
131572844.3494112045 0.0080182897
112024494.2817500532 0.0081446527
131648888.4559819996 0.0080261509
131037040.1402298659 0.0082371197
111977258.4711144269 0.0081180869
112699838.8528287113 0.0078658288
111945981.0924457759 0.0075725713
131147059.3240563422 0.0082736837
111947945.1573694944 0.0079175566
112732716.3569097817 0.0074805207
131546901.1700698733 0.0081306797
112561161.6815301627 0.0073980049
112066334.2358771265 0.0077777182
112578224.0598055273 0.0079497600
131589156.5503527671 0.0079199608
112317342.3380543441 0.0079876763
111939698.5205015689 0.0079800240
112222717.0767472684 0.0077793625
131401263.9935392290 0.0081036008
131992025.2447473109 0.0073481175
131861791.7035380006 0.0080035835
131400000.1317832917 0.0079811583
111901026.7401834875 0.0079759525
131450189.9985119402 0.0083955187
131467430.8448804915 0.0080180814
112901988.7249878049 0.0078467010
112009389.3634158969 0.0080797769
112450303.4082097411 0.0079529434
111949118.6782884449 0.0079816497
131467787.5180039555 0.0079732823
112095213.2867654562 0.0076118220
131284115.2911309898 0.0084167985
131370691.5386533290 0.0078907712
112648394.9894405752 0.0078922724
131401683.6922470331 0.0080231154
131377385.7384764403 0.0080823099
131255036.7234287858 0.0079461603
131735639.9043859541 0.0084046670
131255940.8376657516 0.0082252625
112187694.5921016484 0.0071969238
112375098.9902620912 0.0076168243
111944446.4915463328 0.0079273502
111968487.1139294505 0.0075257926
111997895.8960010260 0.0079149749
131449355.1679163277 0.0077131139
131253311.8010614365 0.0080529456
112198830.3339090198 0.0078598992
111967304.7364117056 0.0079895492
112092502.5414301306 0.0079195328
131404306.2014757544 0.0079673028
112125886.4378861040 0.0077829925
111871331.3470873535 0.0079182894
112012301.2884743214 0.0082390492
131389635.0093062073 0.0079402016
112506552.3841342777 0.0074084651
111870092.7175927907 0.0079256477
131286196.0445868671 0.0077897383
131566621.3899329901 0.0078762053
131408423.8267344534 0.0079577676
131279719.1081262231 0.0079922123
112604007.5732868165 0.0078223879
111880837.6721027046 0.0079534552
112094134.9900716394 0.0077020022
131410619.7250456661 0.0078852645
111962665.1002848595 0.0077866595
131385378.9599386454 0.0079820648
131709738.8587320149 0.0078552763
111926706.5824001133 0.0078685008
131240931.3482618928 0.0077982411
111873487.7186271250 0.0079616546
111941827.0156136602 0.0083862492
131434051.9590130299 0.0079553968
111954277.0965654105 0.0080614731
131420142.9904200584 0.0080420162
112066270.3000593483 0.0079349474
131223297.4848211855 0.0084968050
111897169.7799131274 0.0078106940
131560936.0826632380 0.0079211641
111877971.6488686651 0.0078694668
131511588.5559528917 0.0079304452
111981789.7681784779 0.0081364193
111889002.3786982149 0.0079121318
131279950.7273780107 0.0081001723
111896417.4116556793 0.0078837047
112014036.6330545247 0.0079187753
131468065.3960853666 0.0079672985
112099894.8443682492 0.0080189587
111880891.2920210958 0.0079265342
112027722.5055128038 0.0079199359
111881012.8175731301 0.0079105086
112061114.5287655443 0.0078685565
111943015.0061440170 0.0079440069
112134130.6570015401 0.0075927946
131506603.1800550967 0.0078824094
112038558.3085248321 0.0078788821
131479768.4605335444 0.0079000159
112094730.9359830916 0.0079666029
131473974.6803493202 0.0079186018
131441755.4265988320 0.0080708261
111943282.2864504308 0.0079243408
111887578.7334831059 0.0079101800
111936288.5944988579 0.0079026559
111897123.0982965231 0.0079232140
131436147.2296144962 0.0079573747
111863648.9607473761 0.0079343140
111915038.6083549261 0.0079382290
131464346.7659117579 0.0079466826
111871688.2245507389 0.0079593579
111860653.4795027077 0.0079178929
111922701.5619320720 0.0077472412
111870607.3500882834 0.0079089673
112055178.9544556141 0.0078960088
131508289.7525451332 0.0079369793
111982419.5775469989 0.0078548858
111868424.1089550555 0.0079190922
111865647.8944854736 0.0079529114
111884469.4843368828 0.0079166814
111936352.3158639073 0.0079296000
111884569.7331783026 0.0078892464
111972483.7973294407 0.0079347717
111865986.2316377312 0.0079317952
111921926.1174224168 0.0078482724
111867935.6445318013 0.0079173803
131454507.5670394152 0.0079597936
111866615.6207244843 0.0079108828
111903068.3876236081 0.0078788073
131397516.0296082497 0.0079702650
111862715.7674693316 0.0078955131
111927992.5792246163 0.0078519036
111865114.8923502713 0.0079193810
111903040.8525668383 0.0079055999
111867906.4337783605 0.0079126534
111914678.9635678083 0.0079408863
111858553.9652951807 0.0079168847
111873441.9040569365 0.0079088538
111859694.1887365729 0.0079186315
111883053.4648958743 0.0079087035
111858045.6937575191 0.0079135282
111905808.1964146197 0.0078612371
111863608.9543885440 0.0078945432
111902503.8574199229 0.0078389906
131514140.8632721156 0.0079185530
111873867.2782040685 0.0078960842
111863527.7725576460 0.0079133791
111940341.4478664994 0.0079111183
111872776.8447981924 0.0079163190
131397410.3478182107 0.0079659040
111857239.3413210362 0.0079033603
111928020.1958947927 0.0078728783
111856897.2766539007 0.0079087371
111908121.9225444198 0.0079075024
111862431.7280691266 0.0079125059
111924458.0999261886 0.0078491398
131527272.0837322474 0.0079072762
111895606.7531182319 0.0079212243
111861083.1438419372 0.0079079463
111906638.6908578873 0.0079285809
111864409.0869967043 0.0079077042
111906257.1303589493 0.0078997918
111867237.2247564644 0.0079160477
131392645.4651877731 0.0079625566
111862234.9296836853 0.0079122070
111910842.2847697884 0.0078610928
111865171.1926699877 0.0078931509
111858129.4368565828 0.0079069654
111863981.3959510922 0.0079065540
111856385.9083776772 0.0079083968
111892002.7646168172 0.0079159551
111856060.5334249586 0.0079102598
111880293.3428292274 0.0079194242
131512061.8540808558 0.0079077837
111867470.5636296868 0.0079065524
111854410.4082474709 0.0079099780
111857130.5968714654 0.0079050536
111854923.3852694184 0.0079147862
111863904.7148274779 0.0079025163
131498878.0709131807 0.0079188863
111898156.5683474988 0.0078844918
111854896.5825248510 0.0079077739
131448583.9203661829 0.0079354430
111854120.9344167709 0.0079125303
111883212.4959228784 0.0079170710
111857009.5826808214 0.0079135820
111881675.9753765762 0.0079038222
111855318.9016770571 0.0078991390
111881902.7994547635 0.0078935825
111862157.4991626889 0.0079160163
111853433.7126819789 0.0079118774
111870757.9475178421 0.0078940168
111853215.4582692534 0.0079121039
111863419.0789639801 0.0079137955
111854409.7346543819 0.0079104859
111855839.3351553977 0.0079234618
111853713.5922327340 0.0079139360
111854491.7122611105 0.0079227973
111853427.8379127234 0.0079138896
111866474.6865211576 0.0079157208
111854146.8128868937 0.0079085680
111861823.0210409909 0.0079184299
111853889.1958433092 0.0079112532
111853997.1302721649 0.0079117190
111853623.0504064262 0.0079113415
111856470.3199856877 0.0079056100
111854500.2211998254 0.0079122179
111871819.2906120569 0.0079018547
111852661.2765987366 0.0079126177
131484493.5204292983 0.0079266343
111852694.4037980139 0.0079110844
111860891.8427789062 0.0079028695
131517510.0312049687 0.0079126101
111860835.0174203515 0.0079066914
111852819.0684763044 0.0079127037
111870821.4499033988 0.0079097147
131510740.7251929492 0.0079138833
131517477.3753668964 0.0079082957
111853089.6914619654 0.0079121476
111853796.2450324297 0.0079169592
131508198.1975047737 0.0079132605
111852567.9280454069 0.0079103496
111852848.9045691043 0.0079094460
131493539.9469497800 0.0079248000
111851883.7322712839 0.0079096228
111868671.1490350366 0.0078919221
111852037.2334401906 0.0079113066
111871349.7892332673 0.0079068080
111853611.7435663790 0.0079114211
111856467.3823075742 0.0079091097
111852839.8594637513 0.0079109768
111873956.6369409710 0.0078978028
111857006.5469656289 0.0079120509
111852204.7967990786 0.0079101433
111854162.6423469037 0.0079061347
111851249.9429393411 0.0079098373
111855925.2871439010 0.0079107751
111852147.3452858925 0.0079084727
111861112.5621287227 0.0079075851
111851878.6343452334 0.0079091227
111855956.4131633192 0.0079075908
111851383.9434634894 0.0079094434
111858281.6118736565 0.0079124410
111852407.3836226910 0.0079099058
111854682.2873109281 0.0079138680
111852074.4740911573 0.0079097419
111854047.4866494983 0.0079021067
111852362.4859279990 0.0079078296
111855427.3074741066 0.0079113458
111852977.4916704744 0.0079104866
111851973.0869864225 0.0079065530
111861597.1334654391 0.0079042943
131517671.3009226918 0.0079137212
111851647.3874932677 0.0079108645
111855728.5439227074 0.0079098265
111851219.6875119209 0.0079098959
111852406.9539703131 0.0079092839
111851637.3691494763 0.0079094753
111855289.4331628382 0.0079050701
111851521.1338123828 0.0079099798
111853722.3649684489 0.0079110177
111851504.4229768515 0.0079099688
111851867.7232361734 0.0079077701
111852826.1046101302 0.0079102096
111853431.0879903883 0.0079110887
111851968.1955668926 0.0079101416
111854144.9533213377 0.0079100666
111852552.7428829819 0.0079101305
111855698.3778911531 0.0079073821
111852875.9856020957 0.0079102854
111855953.5735537112 0.0079076892
111852006.9729939550 0.0079082427
111851287.4286700040 0.0079102664
111852131.8870341033 0.0079108180
111852691.8321407139 0.0079102445
111853503.6308645904 0.0079098712
111851503.5273677558 0.0079102858
111851655.3719676137 0.0079108985
111852842.8006005436 0.0079100841
111851979.3003590256 0.0079097618
111851443.0796847790 0.0079098028
111852530.0908301920 0.0079102936
111851424.6651050895 0.0079094970
111851805.2891148031 0.0079108012
111852715.2631611675 0.0079098975
111851482.2923621535 0.0079105368
111852595.7198216021 0.0079104822
111853511.9012945741 0.0079087050
111851457.8485492021 0.0079100129
111851865.1268154830 0.0079108573
111851390.6059259176 0.0079102534
111852680.7429143488 0.0079098077
111852625.5290047824 0.0079098180
111852025.1928624660 0.0079101243
111851430.8916239738 0.0079099273
111851897.6664421856 0.0079077381
111851776.2249951065 0.0079095206
111852078.1875041127 0.0079096441
111851253.4466970861 0.0079098885
111852110.9356595725 0.0079108465
111851254.7402499169 0.0079099564
111852777.0756450146 0.0079107054
111852664.1443193108 0.0079099550
111852304.4809724092 0.0079096710
111852487.5740303993 0.0079099439
111851970.8648704737 0.0079082228
111852837.9667137712 0.0079096812
111851654.2440446019 0.0079092305
111852862.0657957196 0.0079100885
111852633.6526731998 0.0079097792
111852676.9106722623 0.0079096233
111852717.0519639105 0.0079100023
111851589.1471269131 0.0079100941
111851395.6001282483 0.0079099412
111851346.7639237195 0.0079095769
111851396.1937472671 0.0079097244
111851494.5718803704 0.0079099781
111851398.8732345998 0.0079097427
111851499.3405318260 0.0079099556
111851544.9724844545 0.0079102315
92982348.0000000000 0.0079102315 1 0 0 0 0 0 0 0 0 0 0 0 0 0 0 