657007935.2880327702 0.0005043286
646901146.3400779963 0.0000101401
654571680.5853369236 0.0007657114
705646379.0382703543 0.0003817366
746162047.2669624090 0.0004453344
686387273.6895327568 0.0000035690
721937552.7386469841 0.0002568905
652665017.4118702412 0.0006319553
651257004.5530521870 0.0003610485
741373673.4550776482 0.0002381295
701605424.9862767458 0.0001723505
641959770.7138179541 0.0009350828
768369277.2834392786 0.0000472609
641996183.6430375576 0.0000127691
624392801.2893748283 0.0016835348
674579942.5476506948 0.0008973726
638593712.2593142986 0.0005889278
542456814.2224789858 0.0030594758
491917085.4295563102 0.0040478080
491083355.9760268331 0.0029977197
464843808.1496350169 0.0000013043
449486776.7823815942 0.0000211255
452806246.8033916354 0.0027841213
444796539.6351377368 0.0001637119
434387099.9029272795 0.0012125186
516751594.2575491071 0.0015990604
472031881.9029918313 0.0005063358
546980536.2687546015 0.0017620032
442578561.0632349849 0.0013480118
408425113.1749759316 0.0038824731
449968563.6202803254 0.0020694701
348446917.3636960983 0.0015216055
490925610.4185625315 0.0008799834
352410837.7611706853 0.0014832327
391756056.1223272681 0.0021448852
344762334.7811835408 0.0014687089
385057090.3243052959 0.0022684260
345913641.0678569078 0.0006610525
337719631.0109533072 0.0052611204
361304768.9108311534 0.0036606227
396616776.5869266391 0.0016130009
339381846.6484230161 0.0046593753
342848885.0880547166 0.0051273075
338762061.7449268103 0.0051390013
337482389.2488363981 0.0055523640
337533758.3730010390 0.0055387435
374625623.1503611803 0.0023784137
347964577.3913354278 0.0058487990
385548707.9055555463 0.0268381539
345332766.0278123021 0.0053052669
320145112.2409164310 0.0041637506
366010045.4127128720 0.0027840809
365147000.9978519678 0.0000894831
319820093.4765153527 0.0045180004
301727332.9822917581 0.0008218913
304397419.8130438328 0.0007971389
342621258.1326320767 0.0000015343
347102738.7577116489 0.0004824366
325447109.2176791430 0.0001565582
299991530.7327728868 0.0008624760
287993868.4043208957 0.0000281617
295591233.8150113821 0.0002203829
289009597.9239222407 0.0000071744
297169943.6104463935 0.0000892322
283620262.0870679617 0.0001566555
285545442.2070542574 0.0000785887
262527699.1665824056 0.0000008034
245820875.4943356812 0.0000000677
314695470.1820715070 0.0000004782
240073840.9639451504 0.0000005627
309685323.3091769218 0.0000006643
241331038.2562467456 0.0000234358
322952089.1507343054 0.0151190671
240305297.9636785686 0.0000004889
288523479.1402614713 0.0000008896
249367829.6758162975 0.0000000732
269257166.2244787812 0.0000130393
240544526.4157258868 0.0000064297
331075454.5467175841 0.0000000139
256263731.3512873054 0.0004101233
295282365.4948880672 0.0000232610
242422786.3480650485 0.0000044867
262728762.1042491496 0.0002647873
258841248.8805565238 0.0000199683
251154575.2379460633 0.0000000846
251214565.6533838809 0.0000028971
296963338.7633066773 0.0000005167
256453694.2602801323 0.0000037570
289181233.6028408408 0.0000001986
240274114.4625726044 0.0000096794
283758883.9970736504 0.0000017852
260658132.3081390262 0.0001185094
305033693.8676996827 0.0000005554
217219907.4687442780 0.0000488583
265443674.2996861637 0.0000160695
217155562.9591698647 0.0000146791
249896200.8236323893 0.0000412359
221732019.3593491614 0.0003632108
248774213.0567215979 0.0003555109
217185338.5380284190 0.0000020786
243213719.9520078897 0.0000001208
217658275.2379885316 0.0000060292
269655146.8064414859 0.0009882295
225454426.7630823553 0.0000155098
249586306.2834646404 0.0000000000
236563891.9179557264 0.0003386947
256548205.5956486166 0.0006152403
221676169.8514515162 0.0000019134
233513249.9309513867 0.0001527239
228905632.9083181918 0.0000210577
242173341.0693669617 0.0001801859
230711342.8039090931 0.0000000183
266054594.3727438450 0.0001789530
234485628.3796673119 0.0000196233
195925612.8108665645 0.0009142265
196352717.6353358626 0.0008501435
183069085.0493726730 0.0000248331
183799747.1594937742 0.0000245710
207219339.5101251006 0.0000070071
186479236.9865229130 0.0000278716
196915161.7771377265 0.0000164151
181556697.2873342037 0.0000394320
192487301.8473151922 0.0000188545
181884844.4545771182 0.0000970789
195985218.3319766819 0.0000146394
195591461.7559965849 0.0001903073
175702495.2143331468 0.0000012408
175198031.4636191726 0.0029955718
203448060.2124986649 0.0000000433
180493282.6598134041 0.0031266676
180212038.3398934603 0.0045436506
177308996.1353618503 0.0025157738
166180813.3747558296 0.0051404380
169055320.7265307009 0.0046426043
153781491.4084713757 0.0069820344
153194367.8244822025 0.0071721222
164377884.1056405604 0.0072730559
149512212.5063938498 0.0074329182
149894528.9255861342 0.0079266116
153432348.5699942112 0.0085052930
174365321.9204350114 0.0057499191
149363995.9402868450 0.0074645315
169509964.0443140268 0.0146975563
152234648.3521576226 0.0064156980
159585496.9657167494 0.0065580268
149946701.4916163385 0.0072338239
168627143.2937131226 0.0093454513
146196079.9149713814 0.0075373929
147579881.5465733409 0.0130755218
146536423.9955752492 0.0075555572
152849552.5527410507 0.0069234583
148374240.6070014536 0.0080829887
155748180.2838694453 0.0095866317
153657850.7072881162 0.0086480685
151671698.6974219680 0.0002045887
146595297.2319745421 0.0036501375
162656821.4827481210 0.0008694600
145895420.4667767882 0.0085580097
145993065.5123591423 0.0090238033
148981875.0440416336 0.0137483044
155586004.9641814232 0.0078077399
152419041.0642852485 0.0087044147
163699066.8693885505 0.0050705484
146717588.8762286007 0.0073914891
153676433.7094472945 0.0007241436
146932304.4686264396 0.0088562520
156899653.1307289600 0.0104762515
146500548.1210327446 0.0063647979
152588556.2675126195 0.0037961075
151666167.4685677290 0.0087645529
152976426.6319464743 0.0083227121
148494628.1488501728 0.0086380162
152574088.9656525254 0.0039368600
152521866.5912528932 0.0085619522
166754587.2339720130 0.0079584053
151791264.5402764976 0.0084833123
157532813.7831530273 0.0056081298
149005699.5714258254 0.0085281925
158272876.1257578731 0.0041493787
146489262.8292453885 0.0080714834
152767040.2073313892 0.0211147668
145460389.8266916275 0.0065744750
165637783.6057723165 0.0103646579
151133617.9863393009 0.0138874590
142392553.5835320652 0.0000610261
142085544.0947289467 0.0001225925
173498233.5947342515 0.0000980071
141370183.3085906208 0.0001162811
147648345.6284066141 0.0000085975
145238537.0587252378 0.0009182021
153291224.4712103605 0.0007821758
144676055.4238438606 0.0010245299
157989300.0648925602 0.0091145727
143538307.7550622523 0.0005517651
141677119.1746149361 0.0000147271
144148065.1489674151 0.0000542572
144613851.3586890996 0.0000255477
140532322.9713594317 0.0001373445
149508162.3760368824 0.0000002572
141271971.9077007174 0.0001462871
155125856.6887614429 0.0000982048
141134142.0717409849 0.0001321723
156361461.4943761826 0.0011610870
143759300.8996248841 0.0008458837
151280154.8178834319 0.0001198815
142181056.6676028669 0.0001362811
156721726.7254900932 0.0000130062
140587583.5888479054 0.0012507882
152243357.6635391712 0.0000000000
141426558.6766185164 0.0000950969
154659517.8040304482 0.0000994823
140704442.0494864285 0.0001508693
148563622.5264247954 0.0001430882
147487398.7208282650 0.0001064831
154327086.7355235219 0.0000451176
142631953.8993098438 0.0000574478
147594719.7125793695 0.0000001464
153568027.4133406579 0.0001392623
141660834.5770544708 0.0001693476
140164215.8864022195 0.0000301139
140294981.3265331984 0.0000459849
148777375.8399252892 0.0001578705
141951419.0017414391 0.0001576669
139785136.9186699986 0.0003835014
137858091.4574860930 0.0002130034
138837454.8626366854 0.0060098670
139170291.6577149034 0.0007318841
137308679.8503467441 0.0000465632
136600090.8845174909 0.0000305130
134597340.6185588241 0.0001322918
134451006.5215741396 0.0002835430
131925607.9592290074 0.0007327896
132313680.7798607647 0.0006519737
132524594.0634641647 0.0000169422
132496013.1423944533 0.0008250710
132912410.6300877631 0.0002188129
131286608.9168028980 0.0008077927
130234934.1463703513 0.0004032397
134852150.4178898036 0.0004311324
132019972.5893998593 0.0001208185
129904220.7035017908 0.0002963951
128762511.5794502050 0.0002888327
128372404.6497824341 0.0002302971
127774090.9900282323 0.0003559248
127810442.4903166890 0.0009378011
126156076.2040329278 0.0002585062
127065969.5309172273 0.0003828136
130718846.4240443558 0.0004150412
133305056.8004863560 0.0003435042
123321931.5232140124 0.0005250620
127013795.4272714555 0.0006806977
132421706.1893583387 0.0004844108
126975860.1274169981 0.0006250298
125518691.5983796865 0.0037345232
124859622.1266317219 0.0007142871
128925249.5193283558 0.0007732720
123767415.5989659429 0.0020786730
130716829.3718232810 0.0005075284
124259913.8888911456 0.0006109775
129907076.9994961172 0.0002058556
123118795.2382103354 0.0008342231
125219429.9099189192 0.0002320112
122209098.1533262432 0.0008189667
122837139.3455425203 0.0000434954
123015910.9171964377 0.0008077445
119620489.6289636493 0.0002339355
120136400.3109315187 0.0002210843
125392184.4497744143 0.0002702748
121231440.0105520040 0.0001980165
122647052.1499700993 0.0002654431
119841294.7818685919 0.0002436214
121211638.3460321128 0.0003011535
118058157.6262568086 0.0001811471
117302291.7531778514 0.0016329655
119451928.1909431219 0.0014969949
120840802.1547627300 0.0013955665
116537975.4136085212 0.0012076373
120047429.6486437619 0.0001327804
116403040.6361776441 0.0014932390
119131017.1656513363 0.0018010738
117289095.8587672710 0.0009999877
123791401.7187059522 0.0022484181
115817903.1573213935 0.0013759782
117549884.0419070721 0.0006714450
115762243.8151102811 0.0012803544
118421744.7486644536 0.0100023078
115731510.5525000542 0.0012838145
121399558.1442886144 0.0006977080
117417465.4193854481 0.0015020289
119583791.6202226430 0.0017519231
115967505.4223282337 0.0007979330
122300978.7550364584 0.0006299156
115606284.6843428761 0.0013103445
117531882.9462241679 0.0011236918
115548051.6068318486 0.0014482665
122780939.0789396316 0.0010782818
118379392.6673635393 0.0013890714
123786327.9689803869 0.0004059143
115814747.0844167322 0.0006262087
118376576.4891213924 0.0000463397
115723836.9979531914 0.0014844573
119122982.1331143677 0.0034624832
115620178.3973832577 0.0011597420
120239403.9287906438 0.0022516278
116180199.7556897700 0.0013561689
117334141.9416217804 0.0012046645
118061611.8079530448 0.0012589421
121051500.6240751296 0.0010064183
115732164.3914696574 0.0013518341
126166877.2210696936 0.0052753541
118562812.8559960723 0.0014435872
119849065.3318819553 0.0007490300
116522757.3133811206 0.0012738308
118044329.0553407669 0.0001286195
114983482.6658682525 0.0014814401
124782529.6604377925 0.0011941535
115219653.5353204459 0.0015043119
115235021.4306932092 0.0004458252
118138454.7199044377 0.0016268942
114339153.7594700754 0.0017237900
113880351.1268609911 0.0014655344
119438672.4425453097 0.0003742029
114952849.2414749414 0.0015694396
118687876.9289665818 0.0016406380
114249755.9871909171 0.0014246958
116582904.5696109384 0.0009424482
113306986.2197860777 0.0016604341
119605274.9517966062 0.0002218928
116999185.3946833313 0.0015562254
116567037.0914746672 0.0004630372
113189294.9270138741 0.0008225163
123495465.7486471385 0.0023616713
114864618.6068168730 0.0008188248
117288920.4238979220 0.0001176822
118811457.3989409208 0.0000270714
115898451.8558803797 0.0014044157
113264860.1013014019 0.0007721509
114048353.6208272874 0.0005758387
114476925.8407308906 0.0006950788
116655518.4146380574 0.0017102840
113627116.3690986931 0.0005444516
114712948.7380879521 0.0002386696
113798179.0014348775 0.0008726471
117132342.1005509496 0.0007217784
112973952.7298894972 0.0006145521
112662637.8889552653 0.0016439603
113714084.5532227755 0.0016780835
114293145.4521335214 0.0005222907
112630302.6615088880 0.0015521868
113953400.5753412098 0.0013247780
112940577.2865765393 0.0016490222
112839777.0283602923 0.0018447160
112538927.2948643118 0.0016209891
117032499.5401795954 0.0016923539
112426144.4061876237 0.0015456032
113306473.2991267294 0.0010194088
112484841.2195659280 0.0016895037
116255962.3733429164 0.0011309467
112458018.4169791341 0.0015348629
119046505.2094078660 0.0008083378
112491832.4727378190 0.0019485392
115811949.7138162553 0.0024925784
117722224.2364826649 0.0017851125
116645503.8392633349 0.0006511675
112474075.6156172156 0.0015595155
115685575.3100546151 0.0010168926
112663109.4668703079 0.0014711225
117918914.3691543192 0.0014364137
112264795.2878041118 0.0016733913
116915046.3522841483 0.0018875399
112781973.9501981288 0.0018454894
115912180.2415912449 0.0026326893
112291240.5343038291 0.0018414229
116861774.0524252057 0.0020722055
112446741.1307607889 0.0016059568
115501087.3053504378 0.0029938317
112354093.4409096539 0.0016975147
113782654.0462736487 0.0019018268
112225335.5747990459 0.0016044727
115800057.4598444402 0.0018619364
116633114.5243862122 0.0017035987
113986154.7925742418 0.0025890480
112539075.6535023451 0.0014714036
114762438.2659435719 0.0002138996
112674655.2934646755 0.0017902286
115377594.4600225240 0.0012271672
112690695.1821371913 0.0018123144
115473409.9171212465 0.0032642130
112173935.0681015104 0.0015698033
112993741.3591999859 0.0006820076
112707007.7631871849 0.0015329171
113027526.9565466642 0.0017173797
112397203.1993179619 0.0015715568
120237904.6067425758 0.0011678334
117282748.8133526444 0.0014687269
112374338.0373872966 0.0023698973
112304553.9238688946 0.0017260691
111969911.0141412616 0.0016605418
112158777.9518323541 0.0015575938
111833612.1518992186 0.0014893604
111998403.6282494217 0.0012990915
115798467.7023449391 0.0016186116
112260178.4983724803 0.0014846746
112887115.6662694663 0.0013321473
117321985.1563660204 0.0016156914
111664988.9392892867 0.0016113133
117242011.2706675828 0.0011347148
112358668.3193242103 0.0016293865
112702214.1972971261 0.0019875326
111709216.1802689284 0.0016844466
115940619.4265052974 0.0021660699
112035608.4563721418 0.0014532137
116859205.0845566988 0.0023091318
111833750.0846897662 0.0012814421
112350571.2300243080 0.0010129595
117122749.2597787380 0.0016015822
117215576.1376480758 0.0020904481
111869513.0259124339 0.0015301880
112729751.5328327715 0.0017879194
111623640.1228599250 0.0016894212
111589643.0283169895 0.0018853153
112248827.8115542233 0.0019162029
111465325.5670348704 0.0014892201
111855982.0209712833 0.0014611153
111131320.4998799264 0.0016246682
111332663.0827740729 0.0015830514
118672225.2305521667 0.0018651774
110926723.8196721226 0.0016250234
118620223.1111235768 0.0014180410
118546754.3611718714 0.0016272463
110769589.3889397681 0.0018437999
111017878.9164107591 0.0018511867
111149149.0936887264 0.0020553752
110693494.0483083427 0.0018307676
110718679.0803564638 0.0025311477
110579846.1362939775 0.0017349696
111181892.9389075637 0.0018755886
110591953.1639893055 0.0016364078
110795070.4815277606 0.0015155157
110587453.0166122168 0.0020841070
111671737.1831408739 0.0016344603
111375455.0516653955 0.0017673332
117195182.4385942072 0.0018218818
110735398.1331002563 0.0016847447
112940517.8050376624 0.0010864883
110778191.5251584202 0.0017876160
111187045.7184345275 0.0025587672
110713933.0787533224 0.0017695407
118131339.9129005522 0.0018055265
110591012.7749661505 0.0017747426
118056732.8783373237 0.0017519528
110889849.7726755440 0.0017269015
118979502.3072169870 0.0018761211
110708283.4311384410 0.0017381426
118443890.7032913864 0.0016924890
110727060.0092371404 0.0017208424
112369792.4399908334 0.0015945983
110639428.0862956196 0.0016307998
110979595.6746312678 0.0018419014
110762122.3760654330 0.0018357719
111050490.0755338520 0.0018219084
110592161.1857494265 0.0017364834
110972674.5640427321 0.0018200127
111017552.8687570095 0.0018767238
110516593.9575403184 0.0017114052
110559351.3165628910 0.0016767620
119800405.6144627333 0.0017074020
110577291.6719057113 0.0017313084
118589558.4674780667 0.0017846435
110869288.4143817425 0.0017019135
111548706.4643331468 0.0016739473
110490756.0827589184 0.0018877062
110437706.3172859401 0.0020181367
110501406.3498856425 0.0018602672
111936630.5679126382 0.0014396715
110608709.5931030214 0.0019876522
110908338.1443005800 0.0025837402
110622680.8947664648 0.0018825238
110717994.4327716380 0.0023155190
110397061.5341452658 0.0020699731
110976046.1182197034 0.0016993544
110632114.8534934074 0.0023101149
110373180.9117707163 0.0018948865
110289204.1679206342 0.0019692998
119344813.6786804199 0.0019999107
110043549.8856596649 0.0018947635
111151485.2024910599 0.0022313057
110214564.2572412491 0.0017402962
118481055.0374998897 0.0021453812
110643490.3318134695 0.0020561936
112147867.9116625786 0.0014183858
110201704.6811311543 0.0018831193
118296781.7150931358 0.0016872913
110153098.7474059016 0.0019163506
116620997.9798453450 0.0022600852
110149361.3791639805 0.0018145517
110536239.1165728569 0.0021455788
110116192.1878367960 0.0018790510
110283522.5448878855 0.0017381895
110007110.1706328839 0.0016393774
110313857.4829190075 0.0013379730
110138067.3924320936 0.0014874458
110661343.0865256190 0.0014167525
111090791.4636821151 0.0013568400
110044253.9167913496 0.0016277056
110184356.8192119449 0.0015371930
110161497.8072748780 0.0016402588
110120603.8821220696 0.0015580774
110119149.1325042099 0.0016292298
110543228.9513808191 0.0016332705
110105301.8378326744 0.0016476340
111115827.1218039244 0.0014118272
110181573.4350773841 0.0016445533
119103344.2883163840 0.0016713644
110135732.4251778722 0.0015592296
110408691.2465460300 0.0015125033
110132699.4676922858 0.0016173274
111146333.0720457882 0.0014987940
110180722.9351903200 0.0015855868
110293502.8392540514 0.0015957468
110185291.2007196993 0.0017152550
110456235.0444655865 0.0018792429
110126236.7165368199 0.0016634617
119388553.4095919877 0.0016075969
110106718.7404971868 0.0016965252
110384563.4052439183 0.0017881011
110090474.9818831980 0.0016264619
118629154.6925532520 0.0017842848
110065736.1974907666 0.0016306043
118652708.5371715575 0.0017670463
110144883.7986669540 0.0016313931
118591256.2926775664 0.0017720189
118740757.0969343334 0.0017058927
110053077.2107561231 0.0016296862
110549155.5535290688 0.0015948950
110164973.4368969053 0.0016442851
110088272.2025867254 0.0015735062
109987618.9139411002 0.0016282193
118848451.0444526821 0.0016740305
110129947.1369825155 0.0016149486
110441193.5179734826 0.0015103879
109984268.6879328191 0.0015975196
110060028.9300973117 0.0017115466
110024533.5938191861 0.0015913725
110298709.1482451409 0.0015271969
109984643.7172296941 0.0016061096
110036210.9697847664 0.0014543564
110120005.4011022747 0.0016250774
110562674.6776816994 0.0016058550
110046234.6921486109 0.0015774532
110475714.0722120404 0.0015406063
109955012.0934747905 0.0016154525
110272907.5331518352 0.0017604505
109961744.1657320559 0.0016100783
110574623.0961603224 0.0017127274
109942867.6243072450 0.0016140490
110113975.3487819731 0.0016712385
109994016.8924210072 0.0016078894
110164681.1707144827 0.0014903887
110048459.0821086615 0.0016083069
110150835.1926118881 0.0015633638
110721941.5927848667 0.0016244184
110340817.0789118856 0.0015095912
110078774.3922350407 0.0015772917
109976010.2552980930 0.0016178552
110047292.8235459030 0.0015852844
109951991.6499825120 0.0016155157
110119696.1308322996 0.0017055611
109952093.6002115011 0.0016003028
109913681.7984349579 0.0015838162
109937602.5562139452 0.0015761736
109908785.9186201841 0.0016554773
109917067.1909101754 0.0016507293
109971305.0625710338 0.0016740196
110038497.7873064131 0.0016479040
110136226.4600040317 0.0016150297
109938901.6459091902 0.0016441270
110074537.5618371367 0.0016197123
110024817.7381856740 0.0016472528
110154524.3645931780 0.0016061476
109897502.8459339291 0.0016507805
110017191.5915015340 0.0017108324
109905617.8480135053 0.0016512186
110059069.1425024122 0.0017072659
110043443.9033389390 0.0016508510
110014600.4554584920 0.0016644010
109911484.5603311956 0.0016130296
109981692.5489034355 0.0016645171
109896467.1482786685 0.0016588996
109956473.4552248269 0.0016591359
110037895.0055750161 0.0016552867
110043676.1997537017 0.0016636010
109925937.9513521045 0.0016556253
110028266.9313245565 0.0016819451
109922112.8063516021 0.0016683409
109956080.3643275350 0.0015716032
109929502.6920933276 0.0016619505
109951188.9413351417 0.0016557435
109904546.4873488098 0.0016615243
110564450.4540788531 0.0017052194
109903328.8505766839 0.0016656617
109852151.1923037916 0.0016053112
109854942.5373951644 0.0016026011
109954599.7426912934 0.0015908940
109880785.2938036621 0.0016043561
109908317.6580565125 0.0016164271
109840960.1033645570 0.0016131473
109990900.2368909121 0.0015528620
109863567.4065839946 0.0015930896
110133059.7119977921 0.0015854921
109848006.0261241049 0.0016203819
110498907.6213254780 0.0016189866
109925246.0684985518 0.0016065851
110484527.9145332575 0.0016124493
109840209.1799097806 0.0016070126
109904956.6980234087 0.0016132911
109834300.3522907197 0.0016065774
109989388.2706130594 0.0015621446
109940911.1201028228 0.0016574790
109966179.0331395566 0.0015639279
109928675.3930281699 0.0016234288
109810474.9865537137 0.0016081181
109842455.4321824759 0.0016184584
109887984.4241026044 0.0016790380
109946419.0686881095 0.0015959197
109987532.5047264993 0.0016042281
109813441.8308013678 0.0016036705
109805827.1112463176 0.0016534245
109822940.6708690375 0.0016534892
109937218.4699171335 0.0017023785
109939543.9592574537 0.0016866465
109915733.9264128804 0.0016182395
109824978.3242341131 0.0016524970
109835851.1893944889 0.0016393477
109806591.4180270284 0.0016504394
110545952.0989343971 0.0016332473
109927471.6981922686 0.0016530380
109855946.4874115884 0.0016216591
109852389.5479103178 0.0016365816
109940245.3258795589 0.0017015846
109835139.4324529320 0.0016561767
109855622.1070784628 0.0016930307
109876367.6601748317 0.0016262985
109789761.4378063083 0.0016661249
109910772.1476017237 0.0016571608
109824329.6621131003 0.0017370489
109795275.2217311561 0.0016655594
109853757.2483934015 0.0016495751
109788296.3383853287 0.0016473399
109924728.0796392858 0.0016664051
109784565.7997219414 0.0016420048
109931961.6985724866 0.0016645444
109880607.9036378562 0.0016406880
109924507.4709475785 0.0016124419
109807084.8417710662 0.0016213601
110154224.8385250419 0.0016160269
109789496.4000172615 0.0016652243
109818553.6494788378 0.0016693446
109828464.8041258454 0.0016446154
109771237.9633089006 0.0016245902
109821167.5669516921 0.0016096250
109845438.9867316037 0.0015992879
109796943.4027376324 0.0016324061
109808425.2116101533 0.0016271724
109825270.6858661026 0.0016264248
110461759.5173613876 0.0017086760
109764021.2322164923 0.0016253706
109907536.4604125172 0.0016190521
109776051.7644626498 0.0016066013
109887716.4443220943 0.0016418515
109770815.4222660512 0.0016266364
109853535.6314716190 0.0015369793
109763516.3767763674 0.0016474559
109827255.7391746193 0.0016067653
109751125.7079542279 0.0016372170
109827757.3389106393 0.0016016575
109745778.8656675816 0.0016438738
109921138.1960698515 0.0016993466
109742757.4249077886 0.0016467105
109862014.1191033721 0.0015917405
109740708.0401472896 0.0016434399
110004179.2935384214 0.0016255504
109875412.2670297176 0.0016403694
109809551.3657318354 0.0015881163
109854479.6435737163 0.0016441990
109834798.0362373739 0.0016038898
109870674.3737571239 0.0016540977
109757801.6286478639 0.0015673827
109868871.0238522738 0.0016446318
109813838.7784078419 0.0016202005
109733274.7741761804 0.0016507523
109822969.2715440094 0.0016492639
109749598.9471280575 0.0016496344
109831414.7091786861 0.0016560577
109738024.8740935773 0.0016443056
109735460.5965032578 0.0016307520
109771021.1980023533 0.0016093653
109872026.3051719815 0.0016266817
109747595.8277604580 0.0016499178
109809772.4792383909 0.0016998568
109786324.8878288716 0.0016677260
110474651.2568100393 0.0017311087
109741544.0850668252 0.0016519933
109906145.4403074980 0.0017169334
109745506.6612270921 0.0016337675
109753926.9262709916 0.0016260724
109873551.0602682382 0.0016583220
109719065.0566431135 0.0016642372
109722608.9413214326 0.0016652946
109733727.0715023130 0.0015481516
109819850.1540657729 0.0016632235
109868012.6071917266 0.0016707826
109853530.9239096940 0.0016592316
109783861.2567829341 0.0016068750
109723247.4303243756 0.0016603991
109782274.0776910931 0.0017016855
109751187.5053019375 0.0016632702
109843237.0141941160 0.0016244755
109710684.9991049320 0.0016807029
109839108.0716513693 0.0017660307
109787929.9786454886 0.0016884936
109808326.7199269831 0.0016959754
109819109.2741559595 0.0016815978
109865081.9443815649 0.0016556339
109782515.7911495864 0.0017122269
109712421.0094498545 0.0016781263
109798822.5732962340 0.0016665316
109714063.2175397575 0.0016814440
109820345.7517163754 0.0016754775
109848008.7663294673 0.0016807901
109802065.6216323078 0.0016674941
109715144.8567425013 0.0016820875
109742373.0595836192 0.0016798067
109708221.2179971486 0.0016803155
109777784.3910183907 0.0016910576
109841309.8027167022 0.0016802078
109827224.7194965333 0.0016724162
109757362.4768949896 0.0016750117
109753675.3964341432 0.0016908932
109712815.9721771330 0.0016734193
109795923.4066232145 0.0016801186
109725376.3532528728 0.0016729544
109787541.3401207775 0.0016603751
109711251.9092036188 0.0016576034
109822008.7812160254 0.0017030719
109719435.0003525168 0.0016659771
109718532.3586948067 0.0016823437
109739072.0139040649 0.0016806065
109807318.4417803586 0.0016883343
109734480.7348432243 0.0016810848
109842216.6246382296 0.0016853109
109838189.3431622684 0.0017026618
109769926.7056022733 0.0016798070
109713894.5800997466 0.0016653076
109844891.2500424385 0.0016906183
109724541.3059144467 0.0016988493
109830648.1207273751 0.0016630540
109828122.4552496970 0.0016860051
109816695.7151458710 0.0016744560
109766269.5120822787 0.0016729606
109738710.2562587112 0.0016874118
109714015.4608196467 0.0016708277
109841615.3421177417 0.0016811985
109710781.3026787937 0.0016790174
109727640.8926243633 0.0016782919
109714202.2518518269 0.0016802901
109837505.9634199589 0.0016780164
109713799.0985558480 0.0016803895
109713593.7291546762 0.0016826140
109714809.8478588015 0.0016798156
109729182.5369810760 0.0016749943
109715392.0597413629 0.0016806784
109840912.9277590066 0.0016873466
109712636.8944417834 0.0016800816
109717601.2573876381 0.0016838941
109708737.0988026559 0.0016809442
109729152.7197710872 0.0016772850
109707885.1417181641 0.0016804268
109841193.2884314209 0.0016814819
109708753.4836378694 0.0016796264
109848957.4213561267 0.0016797988
109707569.1058484465 0.0016825730
109715531.6755134612 0.0016839688
109709702.2678381652 0.0016834764
109720933.6437782347 0.0016821238
109716500.5291772932 0.0016805589
109741295.0394468755 0.0016760270
109714125.1769491583 0.0016802286
109842574.0774870515 0.0016819420
109712813.7406053096 0.0016818967
109715135.7484439462 0.0016843115
109710671.1865825057 0.0016817815
109712346.3350231797 0.0016847977
109709046.5378257483 0.0016833499
109707385.8691931069 0.0016846355
109714543.7845833898 0.0016835680
109707115.7677334398 0.0016841554
109706715.8474742919 0.0016839518
109835164.6262643486 0.0016856390
109704340.6076542884 0.0016839586
109842593.1341245323 0.0016826833
109834034.8255935907 0.0016852615
109716978.0674548298 0.0016740260
109703552.9116618633 0.0016849941
109819238.8436241299 0.0016905341
109708204.5808362663 0.0016842257
109707353.3901551813 0.0016867405
109703213.8791529834 0.0016792098
109726706.6626789123 0.0016867185
109712260.9419331849 0.0016785015
109720083.5832443982 0.0016710257
109707599.7681397051 0.0016791423
109724306.3497947752 0.0016737362
109699858.6047056466 0.0016792128
109709022.9849036336 0.0016746483
109703234.9705089778 0.0016787447
109715218.0204456598 0.0016746651
109702696.8047969043 0.0016788929
109714141.2913157195 0.0016714691
109703233.3879058659 0.0016790491
109708026.4629343450 0.0016801836
109703873.8708042353 0.0016741000
109727316.4374347329 0.0016662444
109705502.0722328871 0.0016786715
109832718.7920204252 0.0016788655
109704114.5253443867 0.0016792055
109826316.9028716981 0.0016876081
109705508.8035789430 0.0016803405
109698146.0444233418 0.0016799874
109697933.6671577096 0.0016775548
109704520.7676035166 0.0016770076
109701593.5829295963 0.0016781428
109698945.1698357463 0.0016847270
109699595.9598679096 0.0016776774
109787411.5804461986 0.0016850615
109700763.5156677216 0.0016762164
109697938.4328297824 0.0016810210
109702392.2771630585 0.0016780663
109781674.2157855779 0.0016861600
109702257.5349280238 0.0016781818
109708070.2995398045 0.0016753395
109701531.6459538043 0.0016771657
109717423.8756512254 0.0016814397
109697920.0499272645 0.0016792120
109791853.4399467260 0.0016849633
109696467.6778135598 0.0016770982
109695542.2641670257 0.0016822285
109696718.5312833041 0.0016820271
109716632.4644231647 0.0016869704
109693843.8716374636 0.0016818175
109829756.4284113944 0.0016829693
109699562.4666749388 0.0016819915
109692401.6177291721 0.0016727760
109691229.7488938570 0.0016703688
109720917.7311411947 0.0016593998
109690164.3910248876 0.0016689708
109712700.4939579219 0.0016631091
109695890.3032934368 0.0016695675
109703035.7552520484 0.0016661789
109696539.6079365611 0.0016693423
109708112.8936598897 0.0016674706
109694725.9213693738 0.0016692671
109801722.6573261172 0.0016786903
109696102.6172351986 0.0016697562
109699018.4644804001 0.0016725951
109696473.8572322875 0.0016694229
109698775.3152401745 0.0016629332
109691633.6343663037 0.0016677285
109817091.2501122057 0.0016672265
109697167.9842694402 0.0016717911
109689783.7602706105 0.0016707972
109691790.7639519572 0.0016696543
109721439.6110958308 0.0016732056
109695222.3654097915 0.0016674756
109692655.7115752548 0.0016633742
109694642.5570374727 0.0016705916
109697438.5694179982 0.0016713054
109693063.5266546160 0.0016704175
109703505.6381068975 0.0016668691
109688043.5154664069 0.0016704632
109708529.2211646289 0.0016765611
109692971.0400470793 0.0016724061
109698583.6920756996 0.0016647440
109691102.0158090591 0.0016745909
109710629.1093929261 0.0016695691
109693877.9247208387 0.0016702025
109701359.8248810172 0.0016745627
109688889.8939811587 0.0016664370
109800420.7246392518 0.0016748784
109692504.1983350068 0.0016684680
109814840.3919344544 0.0016717151
109686587.1837237477 0.0016710965
109715158.7676719278 0.0016601258
109689773.2858209312 0.0016705443
109698809.4320488870 0.0016672624
109691042.3019798696 0.0016720947
109682661.2569328547 0.0016716769
109684352.1500603855 0.0016713459
109692293.5476921052 0.0016719071
109685593.5004653037 0.0016704444
109690258.1763733774 0.0016696094
109683526.5456128567 0.0016723212
109686888.7035406828 0.0016707815
109688924.6844425052 0.0016734318
109800531.3416161686 0.0016728510
109683621.6798342019 0.0016707581
109691546.3735884726 0.0016748995
109689822.1209811121 0.0016733431
109816751.1683848351 0.0016715835
109694028.5191121548 0.0016700388
109695816.3031169921 0.0016757223
109688396.1963780671 0.0016705609
109689792.2344152331 0.0016719610
109687860.7384255528 0.0016648123
109682443.5723514557 0.0016714129
109685593.7412195057 0.0016728018
109688583.1575157493 0.0016713856
109686896.7785309404 0.0016742395
109689518.0752088726 0.0016710803
109692864.4192107320 0.0016735532
109682539.0352192819 0.0016727212
109687171.7983909994 0.0016681889
109689932.6558508277 0.0016715440
109700332.8764551580 0.0016666193
109684546.7400055677 0.0016711350
109686942.8918552548 0.0016670221
109689082.6825019419 0.0016711246
109687794.5358868241 0.0016717933
109689005.7519437820 0.0016715697
109684229.9424746931 0.0016772501
109687314.3359297067 0.0016704600
109691914.0352107882 0.0016700284
109682972.9922798425 0.0016710269
109696322.5296148211 0.0016685399
109688562.5434051752 0.0016714111
109687916.2651235312 0.0016731487
109685770.3606493920 0.0016714618
109686238.6995923668 0.0016728510
109690563.7402615994 0.0016702479
109819913.3791923672 0.0016742844
109689529.4201373011 0.0016704377
109817749.4151997566 0.0016735001
109683308.2924888879 0.0016715069
109684275.8470453620 0.0016710650
109689538.6404700130 0.0016708348
109684220.4570831805 0.0016663215
109688157.7545914203 0.0016712450
109684948.3109936565 0.0016712349
109690645.6182439327 0.0016719452
109687356.4035597742 0.0016732024
109682902.4646587074 0.0016716617
109688089.4505360574 0.0016723026
109689090.1512848586 0.0016711743
109681683.1679252684 0.0016695894
109683506.8472088128 0.0016694446
109803417.2061512023 0.0016735575
109683864.8886118233 0.0016689889
109699239.8913831711 0.0016660651
109681686.3651706129 0.0016690814
109693504.0705090910 0.0016673178
109687834.0535221845 0.0016690765
109692618.1210278720 0.0016715012
109683671.1866255552 0.0016711025
109800974.7669417262 0.0016719435
109688954.8870518804 0.0016695538
109698044.7434136569 0.0016680355
109684265.3869881928 0.0016696703
109694969.6884181947 0.0016657175
109687736.3880725354 0.0016700701
109807815.7493105531 0.0016706946
109688022.6435830891 0.0016697846
109690298.6068308502 0.0016693193
109686692.3154005110 0.0016713208
109688674.2694822848 0.0016698411
109681908.3474780172 0.0016665207
109681273.6102150977 0.0016696178
109686822.9348682612 0.0016713357
109682148.8937759548 0.0016696912
109688541.6497260630 0.0016684324
109681825.1532977223 0.0016704745
109688399.2325164825 0.0016709008
109689281.7184862196 0.0016698033
109683529.2492732555 0.0016718475
109687917.1521375626 0.0016696682
109680886.8565092832 0.0016690343
109681260.3313698769 0.0016690649
109687463.3495498598 0.0016686138
109681108.5437339246 0.0016690371
109680787.3206548393 0.0016699557
109687175.2911557555 0.0016704333
109680599.1242048442 0.0016687486
109686488.7394601107 0.0016691910
109685874.1236248165 0.0016671142
109681278.3692389727 0.0016687500
109686172.4434385896 0.0016677814
109687248.6884598881 0.0016690203
109688064.5453090966 0.0016682099
109679829.6423868537 0.0016688486
109687381.5251310021 0.0016683952
109685198.3936931789 0.0016690350
109687458.2876941264 0.0016666582
109679834.2302650511 0.0016689066
109684598.7806060165 0.0016693135
109680482.5570998490 0.0016692255
109681553.4440418631 0.0016720268
109679764.8930416554 0.0016689152
109678998.1318384260 0.0016692499
109679136.2213478684 0.0016690947
109683714.2180515677 0.0016704321
109678955.0573985279 0.0016699699
109678246.6500709206 0.0016688336
109685486.3971752822 0.0016698203
109683752.6182512492 0.0016678569
109679449.2106141150 0.0016686884
109677608.8921885341 0.0016665321
109677784.8857839406 0.0016666200
109678510.5762050152 0.0016647733
109677150.1296686828 0.0016657109
109677831.8858859390 0.0016662046
109677742.1097949445 0.0016658710
109683155.0818494111 0.0016659626
109677285.6707744449 0.0016654418
109684014.7589690536 0.0016650621
109677512.0628703982 0.0016657908
109684616.7223585397 0.0016633791
109682849.5474969000 0.0016660792
109685185.9946373552 0.0016648758
109676629.3852047622 0.0016655836
109679612.9721508920 0.0016649408
109676626.7551809400 0.0016666891
109683829.1785872132 0.0016681033
109683418.3596441448 0.0016669102
109678269.8144304454 0.0016667852
109683537.6721151173 0.0016667757
109682297.9022579491 0.0016664323
109677492.4269175082 0.0016664484
109679461.5212882012 0.0016663214
109676510.9012081921 0.0016668048
109679209.6517007947 0.0016676742
109678607.9649045765 0.0016666328
109808635.5126843005 0.0016675612
109676473.0952333659 0.0016667424
109679981.2341131270 0.0016659390
109683403.0482766628 0.0016668270
109680201.4576929063 0.0016656413
109677270.6496903002 0.0016659018
109685925.1911620349 0.0016683200
109684622.4717991799 0.0016669843
109679201.6107397527 0.0016664460
109683933.9907692671 0.0016662995
109679472.1278094053 0.0016656273
109677329.0612169802 0.0016667834
109680791.5958446562 0.0016660936
109677539.9656048566 0.0016665992
109678892.0464136899 0.0016680653
109677982.1513873488 0.0016659122
109681913.5269899368 0.0016674028
109683981.4264268428 0.0016669297
109679904.4476758838 0.0016655845
109676695.3534978628 0.0016663740
109810781.1723307073 0.0016685258
109676665.4997172207 0.0016669432
109686699.3982171118 0.0016648913
109684176.0453409851 0.0016666074
109680057.7575834543 0.0016684003
109677348.5696707368 0.0016669124
109682300.7257912606 0.0016676401
109676770.6751463562 0.0016667820
109683729.6682146639 0.0016643569
109684433.8915273100 0.0016669733
109682712.5083792359 0.0016664970
109684393.4237552732 0.0016656675
109679240.1096740365 0.0016669699
109684427.8513554037 0.0016671294
109678220.1603921950 0.0016693530
109676347.8912543803 0.0016666128
109677310.0780297667 0.0016660921
109676557.6640765369 0.0016666119
109683569.4006493092 0.0016663862
109676671.7810099423 0.0016653608
109676562.9417826682 0.0016665835
109678639.6795017421 0.0016675301
109676482.5157607198 0.0016666792
109680544.3108966947 0.0016656843
109677246.0891551822 0.0016665919
109677298.2253152132 0.0016660819
109683993.4697760940 0.0016667324
109682654.7301144153 0.0016668902
109676937.3185028732 0.0016667737
109680510.3891872317 0.0016667255
109683432.1459400356 0.0016666282
109680681.4648752809 0.0016661498
109684246.3627403975 0.0016666611
109683657.7328622341 0.0016671652
109676447.2496075332 0.0016661772
109676087.6799745113 0.0016659344
109677339.3335523009 0.0016655830
109683120.7621532530 0.0016660883
109683578.2031385154 0.0016658839
109677641.7497556955 0.0016661456
109676112.8226206005 0.0016655449
109677850.7553426623 0.0016661048
109676381.3245308548 0.0016656836
109682800.3697652817 0.0016667236
109676054.8771992326 0.0016659057
109683310.9892814159 0.0016658652
109675745.5906385034 0.0016658463
109679457.6106945276 0.0016656996
109682761.7200615853 0.0016661363
109676678.4044224620 0.0016651629
109676269.8973186165 0.0016658141
109677557.4017195255 0.0016648855
109676940.1664473563 0.0016657127
109676473.5804583877 0.0016652975
109676209.8291458338 0.0016656547
109679634.7688586861 0.0016662294
109683371.8459361196 0.0016660838
109681393.8892823458 0.0016652429
109676482.2442639023 0.0016659026
109677352.8371741772 0.0016661245
109675762.8638410568 0.0016662203
109679598.3906834126 0.0016656360
109676209.1403228045 0.0016657483
109683124.9724967480 0.0016658182
109675662.8155404329 0.0016656596
109677423.6882395297 0.0016661691
109682652.0557487160 0.0016660699
109680254.6956701428 0.0016650633
109683602.7904216647 0.0016657106
109681152.5953734517 0.0016662850
109675881.1071855128 0.0016656321
109680292.7533713430 0.0016661167
109675823.7485049516 0.0016660537
109683363.4679443687 0.0016661234
109683528.3603874445 0.0016654907
109677953.6242146045 0.0016646261
109675919.8852835298 0.0016658828
109677216.9573505521 0.0016663165
109683192.6202882528 0.0016657911
109677080.1634521335 0.0016645786
109675474.1115296036 0.0016659418
109675731.8126554936 0.0016655681
109675799.1634340733 0.0016660630
109677273.0948697627 0.0016672173
109675672.0992426872 0.0016658617
109676970.1259644926 0.0016652168
109675633.3761599362 0.0016665785
109675526.9065240324 0.0016659380
109675505.6755491346 0.0016652358
109683528.4379389733 0.0016659902
109675485.4406221211 0.0016658776
109675498.0223845989 0.0016659017
109675638.5330926329 0.0016654884
109675606.6362504363 0.0016659858
109683337.3001119047 0.0016661518
109683225.8217744231 0.0016659722
109676231.5808600187 0.0016658610
109675836.7740064114 0.0016657386
109677065.1348257363 0.0016659494
109683019.4757615626 0.0016659516
109675715.0499064177 0.0016656290
109675569.6550069749 0.0016658703
109675358.1521365941 0.0016657625
109683242.4451623857 0.0016657644
109676421.5272842497 0.0016660929
109675762.9112722129 0.0016656518
109682602.8746482879 0.0016655706
109675564.5456798077 0.0016654977
109682123.7376619130 0.0016663609
109683156.9822765738 0.0016657931
109675258.3462793380 0.0016659438
109675258.8349173069 0.0016660629
109676925.2036739141 0.0016660059
109675600.2526326627 0.0016660380
109677053.5093026459 0.0016654366
109675236.8687985837 0.0016659893
109677489.7090160251 0.0016655996
109682586.1922841966 0.0016660222
109675232.0318281502 0.0016661319
109675599.7431164086 0.0016660245
109677287.2922882140 0.0016661739
109682817.5731292814 0.0016661712
109676951.4301593453 0.0016659342
109683166.8061921000 0.0016661719
109675547.8890791684 0.0016659058
109675300.2991632521 0.0016661439
109675516.3999324292 0.0016661668
109675269.4338865429 0.0016661583
109682596.7980031520 0.0016662460
109683156.9303535223 0.0016660277
109675428.4971464276 0.0016663370
109675261.6706470102 0.0016660849
109676289.3547375351 0.0016669128
109675422.6958755106 0.0016660581
109683089.2564437538 0.0016660373
109675726.6982678473 0.0016660856
109681832.6171123981 0.0016661966
109683171.4176398963 0.0016661618
109675194.4149306267 0.0016656489
109675135.6484145820 0.0016653872
109682356.5790266991 0.0016656997
109675176.8369273841 0.0016654001
109676816.0110614300 0.0016648005
109682935.0895716101 0.0016653850
109675770.4653683603 0.0016652881
109682796.3151098490 0.0016654517
109683273.6407526135 0.0016645902
109682670.1378331780 0.0016654100
109676788.3248917609 0.0016652415
109683087.8386142999 0.0016653494
109682203.4450504631 0.0016657527
109683130.8349646479 0.0016653939
109682960.2833059281 0.0016655136
109675645.7234439999 0.0016652718
109675850.0338635892 0.0016653383
109675769.9116701186 0.0016653767
109675874.2020403147 0.0016655603
109683028.6254700124 0.0016655058
109675009.8302786052 0.0016652178
109675100.4741505980 0.0016651383
109675566.0060247332 0.0016644345
109682997.7325574160 0.0016652128
109677239.1567946523 0.0016653300
109682694.2590738535 0.0016651846
109674624.8103577942 0.0016652372
109682425.7555183768 0.0016652422
109676675.0746470839 0.0016651614
109674687.2367204130 0.0016652129
109675313.0423206985 0.0016648892
109682646.1937949061 0.0016653274
109674593.7165505886 0.0016648605
109674493.9473803937 0.0016648519
109682422.0940151811 0.0016653796
109682402.1261942834 0.0016648041
109674423.6248202026 0.0016649701
109674573.3592391908 0.0016650600
109674778.0703057051 0.0016650110
109674377.2389878035 0.0016650046
109674772.8660884947 0.0016652756
109674409.0680497885 0.0016650137
109674949.3769356310 0.0016648294
109682040.1263261437 0.0016650108
109674556.3712115288 0.0016647194
109674529.1939116567 0.0016650084
109675830.0452077091 0.0016647093
109674417.2701981664 0.0016652000
109674082.4975850731 0.0016656312
109674047.9549850672 0.0016657119
109674663.0094425678 0.0016659686
109673999.0847687423 0.0016655626
109676254.0599659085 0.0016648498
109674747.5808920264 0.0016654806
109680182.1172463149 0.0016650907
109673934.9930406958 0.0016655273
109674408.4110919237 0.0016653711
109674250.1166564226 0.0016655287
109673894.3095685095 0.0016654443
109673768.9180597663 0.0016656952
109681756.1195357740 0.0016662229
109681245.4147669375 0.0016658043
109674788.3261496276 0.0016660476
109673869.7972349077 0.0016656475
109675224.1144945472 0.0016654944
109681583.8907404393 0.0016657907
109673884.4390519112 0.0016653415
109674108.9339615852 0.0016657215
109674147.0046833754 0.0016657136
109681558.5784705132 0.0016655505
109673875.6960127056 0.0016661293
109681664.1907624155 0.0016656956
109674726.3238329887 0.0016656434
109681306.1516618878 0.0016657145
109681491.6645261049 0.0016658524
109681629.3469662517 0.0016657890
109681088.9940491319 0.0016652042
109674550.3728803247 0.0016656690
109679821.8732968420 0.0016656412
109673880.1692936271 0.0016656017
109676408.7122607976 0.0016652460
109674085.4815243036 0.0016656095
109681437.6344295144 0.0016663588
109681265.1525596976 0.0016657620
109675663.7199740708 0.0016658279
109673836.4261710942 0.0016657961
109680480.1710330099 0.0016663131
109681629.3849940002 0.0016656981
109674046.2008261979 0.0016658438
109681607.3678427339 0.0016657853
109673942.4933578819 0.0016656890
109675169.2811316401 0.0016654649
109673779.3233482540 0.0016656799
109674254.0617838502 0.0016656940
109673731.4719089717 0.0016657222
109673928.6126904637 0.0016657684
109673704.6245963871 0.0016657530
109673977.1421880424 0.0016655243
109681678.0723986328 0.0016656702
109673850.5701862574 0.0016656814
109681651.2847117186 0.0016656897
109674026.5341876596 0.0016658537
109673686.5543322712 0.0016657651
109681466.7993318290 0.0016660225
109673789.6576564014 0.0016657508
109673826.6202478558 0.0016659274
109673914.9031508267 0.0016657750
109673819.9794514775 0.0016656014
109681454.5165838450 0.0016658178
109674148.5810059905 0.0016658573
109673795.9705041796 0.0016657561
109673997.7749786228 0.0016656331
109681526.7818179429 0.0016658736
109674279.8826824278 0.0016653997
109673821.3757833987 0.0016657754
109673763.6563341171 0.0016655613
109673654.5118275136 0.0016657630
109681233.1850193143 0.0016658024
109673674.5880412012 0.0016657607
109681059.0537499040 0.0016656521
109681632.4962970614 0.0016657373
109674489.7848117948 0.0016658703
109673724.1717998236 0.0016658112
109674721.0416492373 0.0016657288
109673713.1176701784 0.0016657592
109675051.2359664291 0.0016654259
109673766.2778026015 0.0016657590
109681433.9090726078 0.0016659615
109681444.9524898380 0.0016657651
109674225.9979447722 0.0016658348
109681423.0322578549 0.0016658541
109673644.3612332195 0.0016657494
109673988.9742630720 0.0016657690
109673622.4785395563 0.0016657405
109681450.9450322688 0.0016656735
109673690.0444169194 0.0016657489
109674170.3764459640 0.0016656950
109681589.5782205611 0.0016657014
109673855.2710989118 0.0016655619
109681601.2909639925 0.0016657380
109673812.0814323276 0.0016657929
109673636.2827473879 0.0016657605
109674041.0996677279 0.0016658098
109673654.0538424551 0.0016657126
109673776.4905721098 0.0016656647
109673733.8545099944 0.0016657225
109674034.9270887524 0.0016657033
109681591.5178302974 0.0016657330
109681509.6699566841 0.0016658710
109673679.9609549940 0.0016657618
109673930.4638287127 0.0016657454
109673612.3809398860 0.0016657641
109673658.7352386266 0.0016656549
109681434.3930271119 0.0016657866
109674201.3770171553 0.0016657075
100745673.0000000000 0.0016657075 0 1 0 0 0 0 0 0 0 0 0 0 0 0 0 