230314959.2709750235 0.0000009890
220863089.1926342249 0.0000003415
220258677.0682567656 0.0000000584
239010056.2906345725 0.0000004382
264571293.1150062382 0.0000004277
236982801.5419320166 0.0000000088
255504442.2316282988 0.0000003092
220864673.2570081651 0.0000003715
243888025.4790557325 0.0000004108
241254647.1821417511 0.0000002743
248825392.7941450775 0.0000000849
216087215.3452153504 0.0000010006
258604035.2988703251 0.0000000841
213560118.6265601814 0.0000000742
213261878.2176058590 0.0000005737
241894407.1644258201 0.0002542028
234827877.4950479865 0.0000007479
210817353.8182846308 0.0000020265
197663753.5653519928 0.0000026883
195132260.5382331610 0.0000027706
186215641.0430205464 0.0000003129
179566052.7849568427 0.0000001944
204281213.6161952019 0.0000014597
159744741.8027060032 0.0000000887
158312849.0295872092 0.0000000846
210304010.6352166235 0.0000007438
203454760.7176552117 0.0000000885
215677517.7329029739 0.0000007258
200456887.7539519072 0.0000013974
172396269.7280712128 0.0000020734
188817778.4414003491 0.0000374892
123265402.9623986483 0.0014350280
151205216.5082850456 0.0005142845
121408698.7443775535 0.0015537776
128952610.6981320679 0.0008589976
123702808.0712108910 0.0015594332
173482604.7013903856 0.0015671488
121601606.6105859578 0.0016016136
153867152.9737893641 0.0006012833
121885689.1679554284 0.0022317523
128016620.3154951632 0.0008871701
192162461.3744606376 0.0008736636
127659612.7990669608 0.0048301296
120653312.1294619590 0.0013592680
114103682.0201996714 0.0000176737
113530218.6105029583 0.0000167397
132773344.6972624809 0.0000167468
114213605.7429723442 0.0000148391
117460597.5564227998 0.0000107864
125169223.0625949949 0.0000149117
134848568.0087068081 0.0000166621
113391039.1492958665 0.0000194423
149575763.9468480349 0.0000196332
124141271.2711803168 0.0000176025
115808410.1812642962 0.0000014467
113977209.4955254793 0.0000088754
129797831.3968136013 0.0019309236
111563195.4991228431 0.0000222609
121286780.9361785948 0.0000019575
115876073.8720687628 0.0001065772
120302212.8571693152 0.0000017475
111882656.7998947948 0.0001073447
116729732.2967579514 0.0000006492
123000729.2163878679 0.0000069260
114780474.7941232324 0.0000399606
116543343.0509403348 0.0011711792
144102162.2132328451 0.0001807094
112615090.5733067989 0.0000068848
143636438.3227640092 0.0003089354
116181475.8494553119 0.0000190555
148928345.3180011809 0.0000000966
117783311.0277110487 0.0000011590
121259160.6174002588 0.0000000907
109441830.0990111083 0.0000051560
136069191.8706360459 0.0002362392
121440175.4895750731 0.0000037712
116826918.4763902873 0.0000269588
119846496.9797703773 0.0000004310
146736776.7459215224 0.0000047255
112280694.9262860566 0.0000600895
127017475.9297634065 0.0000146553
113518376.1694481820 0.0000000234
129007186.9714061469 0.0000009513
122791130.8216809779 0.0000027529
111863083.2072674632 0.0000820599
116271633.5518702865 0.0000035173
110018407.2108182311 0.0000005159
112729070.4654756337 0.0001237612
129469352.9671005905 0.0000053774
114593400.5784903616 0.0000334118
114814693.6391782314 0.0000018222
111280393.8511487842 0.0000274232
122368544.6705572754 0.0000006713
128029876.9263292998 0.0000079553
130232140.0549809635 0.0000048437
144093421.6657425165 0.0000006258
112763389.3697655797 0.0000028717
119884171.8148722947 0.0000000108
110487058.6401939988 0.0000116615
116401909.3210877925 0.0000060210
118312090.2078580856 0.0000016752
118648471.3309466839 0.0000562234
109312010.3239835203 0.0000005449
122953781.7038231045 0.0000081073
107958263.5744886696 0.0000003218
119529010.6132182777 0.0000015561
119044271.8809621781 0.0000001383
120355054.7731827348 0.0000000000
132839454.9493089914 0.0000021870
115650140.3507198840 0.0000046463
122870408.7435939908 0.0000029461
111963326.6111697108 0.0000433324
112629197.4052876085 0.0000197958
119951316.1472661346 0.0000005683
124679525.2972169220 0.0000023144
111001158.7348960042 0.0000217864
109360989.5417116582 0.0000067369
111137304.1816465706 0.0000000650
121992150.5442881137 0.0000000014
108649781.9722665697 0.0000012449
116404919.4835792482 0.0000159402
107892554.2441320270 0.0000133858
108792121.5288445354 0.0000026149
108363298.0799470395 0.0000146847
127315526.0168188661 0.0000045945
108645303.3271583021 0.0000179043
113744882.8683385551 0.0000599417
111061456.5575779527 0.0000178109
122173839.8367974907 0.0000181612
108529650.8222563863 0.0000114035
128809468.0714984983 0.0000123670
126278624.1458003819 0.0000165795
114267782.7389418781 0.0000670173
130233281.5006169379 0.0000128347
109002217.0892594904 0.0000034076
110033228.0345884264 0.0000121146
123594931.5687251687 0.0000679421
108836360.1388599277 0.0000098175
108562034.0351126641 0.0000137182
108666346.5373408794 0.0000093573
110446498.0016407669 0.0000047381
108053908.8138270527 0.0000104336
121464722.7670888752 0.0000032950
130748641.8751720637 0.0000114287
123716327.9035153091 0.0003945921
109215356.0559661984 0.0000119044
111983663.1528000683 0.0000072197
126192242.0330329686 0.0000132891
129874228.2415010631 0.0000046689
108520080.6125755310 0.0000114905
117145459.8514214903 0.0000012550
129951729.4224788845 0.0000124330
116997030.1168040037 0.0000181018
129709085.2700289339 0.0000106320
116573554.9252399951 0.0000163123
125039883.6174463928 0.0000101808
110086629.1076486856 0.0000158104
121251130.1783032417 0.0000062656
108619378.9947469831 0.0000123837
113548084.7377368808 0.0000025489
129528552.2180887163 0.0000168505
108384198.2985187620 0.0000133509
131303778.9674728066 0.0000138945
108881995.7126213163 0.0000140333
111313183.1654424816 0.0000151870
108332611.3003335744 0.0000111983
111066738.1366553754 0.0000174856
107825176.0634091049 0.0000137548
110178721.4820878059 0.0000107064
130494170.3539801985 0.0000136658
109094323.4571585804 0.0000118293
108236468.8137301952 0.0000146220
113962177.3880332410 0.0000027236
107842389.2866414338 0.0000145535
110608950.5413063169 0.0000170347
108179821.8758959174 0.0000170209
108131574.5103927106 0.0000569421
129608952.7433543056 0.0000150678
111621357.3510227948 0.0000185852
108069728.8757576495 0.0000145951
109564429.1395569146 0.0000200360
107497722.9743454456 0.0000131183
111853189.9046289474 0.0000072739
129625758.6090649068 0.0000111383
110961918.5823440552 0.0000173598
130648622.7178026438 0.0000131514
110877305.7762794346 0.0000131849
107357734.4256791323 0.0000134401
127250061.3984309733 0.0000138137
130924570.6693305373 0.0000132099
111106420.4943923950 0.0000212113
130604226.0323486179 0.0000131448
107903050.9330040365 0.0000136182
107235829.5876194686 0.0000127003
129361649.4302592427 0.0000100489
107778913.7709449977 0.0000148996
111223275.0299645960 0.0000145630
108203685.7337331921 0.0000134424
107338479.4051575214 0.0000159780
109320550.2528983206 0.0000094196
127378627.0611976683 0.0000145272
129083838.5008918941 0.0000150743
113026045.5997976959 0.0000023728
108096429.2226074636 0.0000136227
127099822.3691102713 0.0000212531
129695628.2521195114 0.0000126367
130440982.7691606879 0.0000133188
107461594.8192623109 0.0000118225
107392522.5083815157 0.0000127570
107668173.2947677225 0.0000105636
107921120.6967290789 0.0000128509
108044663.4487507194 0.0000128743
130347788.6220051050 0.0000136421
108601445.4528513104 0.0000116142
107484998.4330093116 0.0000158529
108584055.8989259154 0.0000102363
130627734.8605844826 0.0000121003
107675202.9369717836 0.0000088584
107636400.8523023874 0.0000129936
108539959.0222036690 0.0000124804
130324254.4549080431 0.0000126337
110187497.4414124340 0.0000173121
107764028.2541042268 0.0000122622
108128225.5809466541 0.0000075710
129973548.9637348801 0.0000148627
107973276.7881607711 0.0000131899
130353383.6343931705 0.0000135717
109046978.5585970283 0.0000081662
107533062.9800105840 0.0000126385
108926837.0696840584 0.0000065459
130475422.1359469593 0.0000134639
107729174.9249805361 0.0000118664
130538664.4748750478 0.0000125394
107475297.1410229355 0.0000125371
129454277.5561104715 0.0000139391
107281040.6356840879 0.0000123144
107722939.1960028261 0.0000120918
107296008.1661730409 0.0000123681
108346048.7275227755 0.0000130852
107225325.9884664565 0.0000128317
107795899.1962898970 0.0000130600
107197880.8077010959 0.0000128968
107440897.9844890535 0.0000119628
130564769.2542010248 0.0000121519
107654001.7391928285 0.0000148236
107198506.8392757177 0.0000128528
108137725.6478259116 0.0000145335
130343407.7377645522 0.0000126907
107913185.1160966009 0.0000131433
130639215.3927524835 0.0000130259
107631263.2097258568 0.0000119297
130307202.7847182155 0.0000125647
130495118.3140819967 0.0000128499
107474873.9231775552 0.0000130801
130580153.3522891551 0.0000129021
107196920.0500821620 0.0000130433
130538159.7563498616 0.0000132234
107216977.7564477175 0.0000127655
107321797.4269045740 0.0000134888
130030225.2923891097 0.0000137646
130391677.4436494410 0.0000134607
107474194.2212754041 0.0000123915
107352683.4597814828 0.0000125172
130445382.2311422825 0.0000121360
130547759.0763744265 0.0000130336
107179914.2449909151 0.0000127427
107223711.8178277910 0.0000126072
107203281.0568316579 0.0000121666
107181181.2997942120 0.0000123595
107200818.3340636790 0.0000130135
107212426.9008577913 0.0000127105
107619149.2257694900 0.0000129539
107437467.8373428434 0.0000126830
130388193.4108624905 0.0000118887
130366959.3172479421 0.0000128536
107673554.9590990245 0.0000123697
107280275.2572893500 0.0000127496
107616511.3866099566 0.0000121296
107212905.3737672120 0.0000126581
107809260.6323999465 0.0000127241
107220971.9712480307 0.0000128174
107694037.8757789582 0.0000131904
107191836.9062918723 0.0000127515
130297014.2884981930 0.0000104214
107208230.7960479409 0.0000125927
130203555.4543188065 0.0000142472
130399788.7411586940 0.0000126306
130296403.0604188591 0.0000131983
107321708.4302034229 0.0000129511
107257047.4282261282 0.0000134367
107232440.2330926806 0.0000126795
130313777.3515450805 0.0000146744
107330782.9813309610 0.0000130476
130190792.4301874489 0.0000143182
107211378.9604781568 0.0000125808
130178159.0852520764 0.0000142141
130230230.6506620049 0.0000125110
107364320.6470780969 0.0000148378
130418064.9016339630 0.0000126569
130062639.5868038535 0.0000130306
107187812.7003311962 0.0000129183
130194728.8887017071 0.0000128568
130359352.9348764718 0.0000128143
130377594.2348416746 0.0000128868
107188405.2458108962 0.0000122598
107408436.3268846422 0.0000104558
130386719.8893394917 0.0000128593
130317304.4617274106 0.0000120229
107242492.2729825079 0.0000128881
107200373.0620731562 0.0000132816
130345504.6704231054 0.0000126848
130210309.7109781802 0.0000133362
107200072.3121574223 0.0000128734
130440805.6736594290 0.0000134744
107202311.5563625842 0.0000126095
130443228.8709850907 0.0000135351
130445035.5028424561 0.0000131350
107211652.1165653169 0.0000128783
107285053.7707998157 0.0000130684
107266638.9006218165 0.0000127231
130288436.0650094450 0.0000131454
107393279.2787924409 0.0000130072
107180297.2239298522 0.0000125343
107179901.0865428001 0.0000128081
107234430.3911410570 0.0000132192
107181664.1457218081 0.0000128539
107376033.9736678451 0.0000128980
130433050.8181958795 0.0000128269
107221263.1580315381 0.0000127413
130404418.4407542646 0.0000128372
107245471.7737480104 0.0000129172
130436877.8165901452 0.0000128381
107254423.6288227588 0.0000121993
107201259.6845997423 0.0000127383
107221457.2483061999 0.0000125784
130425069.6339082271 0.0000127274
107208962.3389323056 0.0000128781
130439255.7260319889 0.0000128236
107311927.4076290578 0.0000129489
130442415.0221453160 0.0000128669
107295492.7099827081 0.0000125632
130428402.8038144857 0.0000128116
130411572.8751001954 0.0000128514
130441040.3801010400 0.0000128703
130380879.6150168478 0.0000125521
107209810.5726572871 0.0000128021
130475693.1907390356 0.0000129392
130437364.4266160876 0.0000127941
107293699.9326206148 0.0000128828
107189137.7606200427 0.0000128083
107274747.9784254730 0.0000127855
107187170.0684788972 0.0000128089
130391988.2447964251 0.0000128447
130430613.3041405529 0.0000127933
107229071.7189433575 0.0000128665
107186988.1143412739 0.0000127731
130376379.7631235868 0.0000128502
130435275.9006303549 0.0000128589
130430600.7627677619 0.0000126578
130413978.1752774119 0.0000128993
130448677.2805408388 0.0000127402
107207116.3734087795 0.0000129117
107182225.0990011543 0.0000128094
107195024.2579791248 0.0000128145
130439144.9199718684 0.0000128176
130365753.0124356002 0.0000128398
107190772.7355425656 0.0000128137
107184542.8690606356 0.0000130418
130442740.9006416500 0.0000127889
107184553.1148385257 0.0000128497
130445362.4115758389 0.0000128322
107205879.2150994092 0.0000128787
107195352.8116118163 0.0000127964
107208727.8349916190 0.0000126617
130431257.5179488808 0.0000127691
107221369.9839707911 0.0000127997
130438725.5921970159 0.0000127980
107181139.5045637488 0.0000129626
107185247.3581721485 0.0000128093
130440386.1282943040 0.0000127759
130434560.8905447721 0.0000128347
107243309.3230090737 0.0000127545
107183355.1259774268 0.0000127690
107224572.3899870366 0.0000126703
107182279.2985240817 0.0000128149
107198861.0283037573 0.0000127695
130433924.6567460001 0.0000128094
107217765.2475443184 0.0000127922
107186192.2152569294 0.0000127729
107183062.9294355661 0.0000127905
130438696.0457618982 0.0000128092
107210252.8938892186 0.0000127961
107183701.4631625861 0.0000128207
107188321.0097888261 0.0000127995
107184728.9245084077 0.0000128141
107210684.7150393873 0.0000128312
107186696.9835115075 0.0000128185
107211033.5991061330 0.0000127893
130441652.0095516741 0.0000127760
107198364.2444968969 0.0000128822
107181112.5253400058 0.0000127800
130439520.1643283814 0.0000129027
130436153.7297452092 0.0000128280
130393374.9835923463 0.0000128059
107180513.0394517034 0.0000128090
107221734.2418188155 0.0000128141
107185463.1568666548 0.0000128070
107199876.8476030529 0.0000126589
130443518.2721942365 0.0000128111
107209430.8975539207 0.0000127885
107181240.6854094863 0.0000128029
107187292.0725259930 0.0000127832
130444617.6258580238 0.0000128245
107190778.8379669189 0.0000126931
107179789.2984254360 0.0000128121
107187438.3513669372 0.0000128741
130430099.4964850098 0.0000128168
107246684.9302977026 0.0000128048
107194967.6764969528 0.0000128230
107179303.3157383949 0.0000128148
130436555.2046076953 0.0000127933
130438923.6868058294 0.0000128349
130441996.6890306175 0.0000128168
130437459.6459482759 0.0000128143
130435630.4147470146 0.0000127990
107178653.1704138815 0.0000128148
107181153.4319312721 0.0000127913
107182701.2604468316 0.0000128084
107190444.1451929361 0.0000127471
107179278.9975904673 0.0000128230
107180836.5658193976 0.0000128435
130440082.5181604922 0.0000128270
130423077.7402965277 0.0000128133
130434061.9700757861 0.0000128176
107187171.5352054983 0.0000128692
107178597.1543295085 0.0000128163
107179545.6825456023 0.0000128001
107185965.3691357970 0.0000128162
107211161.7403874546 0.0000127914
107180045.2012445927 0.0000128200
130436806.3724909127 0.0000127761
130435163.8157205135 0.0000128132
107193640.9347346425 0.0000128487
107180275.8227066398 0.0000128225
107182757.5940009207 0.0000128032
107181181.9314987212 0.0000128145
107180535.4385539591 0.0000128062
107179775.0201111287 0.0000128131
130436296.0467965454 0.0000128415
107180816.6649679989 0.0000128215
107180355.6237511635 0.0000128545
130436786.5799978524 0.0000128159
107184327.8512841761 0.0000127791
107179271.2202793211 0.0000128283
107194655.8127495646 0.0000128592
130435850.4525891393 0.0000128256
107178341.6768180579 0.0000128185
107180415.4376710504 0.0000128082
107178619.3131368458 0.0000128171
107178931.2471404225 0.0000128189
130438261.6986507028 0.0000128231
130434909.2838021368 0.0000128077
107179423.8499065638 0.0000128273
107182836.1456480324 0.0000128155
107178762.5966126025 0.0000128125
130436231.6256064922 0.0000128189
107178416.4211894721 0.0000128078
107181044.0605035722 0.0000128120
107178568.0440291166 0.0000128168
107183318.4320155233 0.0000128214
130438161.3768894374 0.0000128157
107179289.8829084784 0.0000128368
107178320.1524455994 0.0000128248
107178907.9945037514 0.0000128370
130436201.8202838302 0.0000128263
107189449.9039159715 0.0000128187
130438318.7031317502 0.0000128175
130438938.1339358687 0.0000128545
130437340.9042370319 0.0000128287
130438431.1200799495 0.0000127908
130434256.3097159415 0.0000128267
130438171.9744272232 0.0000128277
130438225.5544939190 0.0000128226
130438229.8118831813 0.0000128312
130437985.1955855638 0.0000128243
130437270.7071557939 0.0000128172
107178598.0364638716 0.0000128223
107178275.4186685681 0.0000128216
130437163.1536656916 0.0000128235
107180519.1409614682 0.0000128203
107178388.1138605028 0.0000128212
107182384.2989012152 0.0000128179
107179334.3082825541 0.0000128239
107185680.3179279119 0.0000128232
130438411.2484478354 0.0000128210
107179410.4263151437 0.0000128226
130438004.6349277496 0.0000128217
107178171.3085271716 0.0000128265
130438722.5536016375 0.0000128276
107178767.6497274190 0.0000128250
130438719.3449312150 0.0000128305
107178223.5035753697 0.0000128223
107178030.9358303994 0.0000128199
130437878.8271794170 0.0000128199
107179430.4794109911 0.0000128191
130437681.0269312859 0.0000128251
130438602.2783392221 0.0000128206
107180386.3484513760 0.0000128041
107178057.0547776818 0.0000128169
107180001.9134625196 0.0000128163
130438099.8729100823 0.0000128208
107180405.8511120528 0.0000128120
107178617.1847885400 0.0000128195
107183972.5753203928 0.0000128175
130438633.9411141425 0.0000128207
107181578.9741483629 0.0000128124
130438395.8563107848 0.0000128219
130437433.2562951744 0.0000128252
130438458.2566084862 0.0000128199
107179359.1099936068 0.0000128131
107178362.9108985960 0.0000128202
130438051.3490908295 0.0000128067
107178198.4027406573 0.0000128185
107179684.4473508447 0.0000128171
130437381.8683569878 0.0000128190
130437756.5203546584 0.0000128151
130436282.0651098341 0.0000128216
107179715.2848374546 0.0000128215
130437719.1475762725 0.0000128194
107185262.1176784337 0.0000128361
130438518.9196043909 0.0000128180
130438320.6472366750 0.0000128199
130438497.4077183306 0.0000128216
130439497.6046435982 0.0000128204
107178297.1126098931 0.0000128170
130436296.8256153613 0.0000128191
107178569.4807216674 0.0000128187
130437164.4670204818 0.0000128262
130437888.9811882228 0.0000128216
130437199.2745891362 0.0000128219
107178138.5057041198 0.0000128201
130437496.8288440406 0.0000128146
107178884.3812201023 0.0000128219
130436276.7870283872 0.0000128278
130438715.4129534662 0.0000128192
130438678.4345129430 0.0000128266
130436319.2159080654 0.0000128192
107178016.3190885931 0.0000128170
130437984.4164766371 0.0000128160
107178378.9383040071 0.0000128181
107178170.1992452890 0.0000128168
107178474.8715602160 0.0000128210
107178440.6846643686 0.0000128167
107178104.6020195782 0.0000128170
107178540.5124308765 0.0000128165
107178736.0172918737 0.0000128121
107178124.6086324751 0.0000128172
107178355.8047216833 0.0000128186
107178169.8312903345 0.0000128174
107178584.5800933838 0.0000128168
107178237.1926156580 0.0000128170
107178477.9796522260 0.0000128214
107177940.1963642985 0.0000128172
130436721.5182019770 0.0000128174
130437694.3823382109 0.0000128182
107178173.3611958325 0.0000128185
130437164.7940554172 0.0000128146
107178824.1422137916 0.0000128219
107178466.7872353643 0.0000128170
130435315.7458819002 0.0000128214
130437913.8797248155 0.0000128185
130437810.7559841573 0.0000128234
130438083.8664022684 0.0000128165
107180435.8724698126 0.0000128147
107178395.9764507711 0.0000128185
107178692.5407335609 0.0000128111
107178595.7027202696 0.0000128173
107180278.7474667877 0.0000128161
130437916.3549558371 0.0000128177
107179054.2018500417 0.0000128219
107178518.9194926620 0.0000128170
130436484.0927789360 0.0000128092
130437739.3217386305 0.0000128185
107180551.0189989358 0.0000128128
107178187.1262721121 0.0000128179
107178206.4012651294 0.0000128169
107178435.0932768881 0.0000128202
107177975.9150034636 0.0000128173
107179302.8295269907 0.0000128149
130438045.7459419817 0.0000128179
107178909.8606255502 0.0000128157
130437848.0331411511 0.0000128170
107178551.9508513063 0.0000128203
107178042.6122278124 0.0000128170
130437949.0881039798 0.0000128171
130437967.3509748876 0.0000128157
130437976.8361415565 0.0000128204
130438042.3554092199 0.0000128172
107178303.6508559734 0.0000128158
130438082.0919758677 0.0000128173
107178236.1605090499 0.0000128153
107178084.0940286219 0.0000128174
107178359.0922283977 0.0000128154
130437639.5067819953 0.0000128176
107179044.4267592877 0.0000128148
130437820.7938081771 0.0000128169
107178009.1733677387 0.0000128170
107178084.7395012379 0.0000128181
130438113.2244092822 0.0000128168
107178385.3167750388 0.0000128171
130438048.8459829986 0.0000128172
107178019.7597905695 0.0000128171
130438124.2267616987 0.0000128171
130437972.4607545137 0.0000128172
107177952.8463996798 0.0000128173
130437923.8518532813 0.0000128172
130437964.6469803154 0.0000128171
107177961.2661907673 0.0000128152
107178103.2042486221 0.0000128171
107178356.5707504004 0.0000128162
107177956.5434281528 0.0000128177
130438054.7505398691 0.0000128182
130438095.2677042931 0.0000128171
107177966.0105800927 0.0000128167
107177992.3592330217 0.0000128177
130437901.8208446056 0.0000128173
107178025.5074444264 0.0000128176
107178153.6800992936 0.0000128168
107178059.0742367506 0.0000128173
107178100.8626935780 0.0000128164
130438056.8230320066 0.0000128166
107178280.9743062705 0.0000128185
130438194.8379137069 0.0000128156
107178061.3756453991 0.0000128174
130438085.8371444643 0.0000128170
107178148.9625974745 0.0000128183
130438058.5865397602 0.0000128172
107177946.1743080020 0.0000128173
107178010.1944876611 0.0000128172
107178253.0779809356 0.0000128167
130438112.0886590928 0.0000128171
107178002.5444526970 0.0000128171
130438078.3763891309 0.0000128171
107177963.2371238172 0.0000128173
107177981.4267103374 0.0000128172
107177962.6720955372 0.0000128173
107177972.1595773548 0.0000128171
130437983.8247669488 0.0000128167
130438107.8752233237 0.0000128172
107178058.6360078752 0.0000128173
107177954.8899811953 0.0000128173
130437918.5026263446 0.0000128175
107177968.4714799970 0.0000128172
107178168.2019984126 0.0000128175
107177954.2129681706 0.0000128171
107177938.8281963170 0.0000128175
130438103.5409060419 0.0000128176
107178029.3476379961 0.0000128171
130438071.5660880357 0.0000128175
107178128.1050690114 0.0000128169
107177939.5481635332 0.0000128174
107178059.8816663176 0.0000128174
130438087.8743124604 0.0000128178
107178426.7856906950 0.0000128174
130438080.9196014106 0.0000128175
107177987.4760821164 0.0000128171
130438126.3377790600 0.0000128176
130438025.8257232755 0.0000128169
130438120.0224951208 0.0000128173
107178006.7716338187 0.0000128183
107177994.6266486049 0.0000128178
107178048.4134850353 0.0000128181
130438152.7116350234 0.0000128177
130438161.3741667122 0.0000128176
107177976.4168115705 0.0000128175
130437974.0910753757 0.0000128174
130438082.5200392902 0.0000128175
107178152.8112597466 0.0000128182
107177972.4753202200 0.0000128176
107178002.3713382185 0.0000128176
130438101.2800624371 0.0000128175
107178061.0603459328 0.0000128177
130438112.4037232399 0.0000128177
107178073.4116085172 0.0000128171
107177982.1212993413 0.0000128175
130438044.8032196611 0.0000128179
107177986.5597484261 0.0000128175
107177983.9277354777 0.0000128172
130438106.3599203676 0.0000128174
107177966.1203711778 0.0000128175
130438096.7785661221 0.0000128177
130438089.6797185242 0.0000128176
107178091.5440934151 0.0000128173
130438126.8225352168 0.0000128175
107178023.3056679517 0.0000128177
130438112.0595332831 0.0000128175
107177956.0388330370 0.0000128176
130438129.0709588677 0.0000128175
107177967.9692934155 0.0000128174
130438135.3481358737 0.0000128176
107177945.0860041827 0.0000128175
107177937.4319204986 0.0000128175
107177932.3493519127 0.0000128176
107177943.5569424778 0.0000128175
130438046.3231002688 0.0000128176
107177942.2317276150 0.0000128176
130438065.9448296577 0.0000128178
130438077.1931655705 0.0000128175
107177995.1504288167 0.0000128174
107177935.8192792237 0.0000128175
107177968.4987733811 0.0000128173
130438077.3997051865 0.0000128175
130438010.7646898776 0.0000128174
107177967.6653609574 0.0000128176
107178140.6510338187 0.0000128176
130438076.1267805248 0.0000128175
107177946.5874285549 0.0000128173
107177940.9795853049 0.0000128175
130437992.5576578826 0.0000128179
130438088.9116845131 0.0000128175
107178128.6128369272 0.0000128179
130438093.1334975511 0.0000128175
107177963.4622947127 0.0000128175
107177939.8331038207 0.0000128175
107177940.7973027527 0.0000128176
130438096.3112740666 0.0000128176
107177930.5773263425 0.0000128173
130438072.1273150593 0.0000128175
107178090.6069963723 0.0000128170
107177946.3812933564 0.0000128173
107178032.9005034119 0.0000128173
130438088.2046768069 0.0000128174
107178012.3820733875 0.0000128170
130438082.6234719604 0.0000128173
107177930.2981257141 0.0000128174
107177935.9492319375 0.0000128174
107178026.8952973783 0.0000128174
130438125.2068428546 0.0000128174
107178034.1299121678 0.0000128170
107177935.4262333661 0.0000128175
107177934.6222876161 0.0000128176
107177934.6347527802 0.0000128174
107178053.5704689175 0.0000128173
130438126.4029803723 0.0000128174
107177956.4194176942 0.0000128173
107177974.0037899911 0.0000128175
107177964.1059366614 0.0000128172
107177948.7014311552 0.0000128175
130438008.3216660023 0.0000128176
107177937.7619282454 0.0000128174
130438133.9422429502 0.0000128174
130438120.2361689359 0.0000128173
107177938.7477700114 0.0000128178
107177936.7334941924 0.0000128173
107178046.9979031682 0.0000128172
107177946.9766027629 0.0000128175
107178052.5425925404 0.0000128172
107177931.0067244917 0.0000128175
107178047.4577472657 0.0000128172
107177965.1250898391 0.0000128174
107178045.0895860791 0.0000128171
107177960.0297463089 0.0000128175
107178045.0083136261 0.0000128171
107177961.5351754129 0.0000128174
107178032.5843971521 0.0000128171
107177981.4413042367 0.0000128173
107177934.8505410701 0.0000128174
107177941.8155267686 0.0000128173
130438125.2068212479 0.0000128174
107177951.0877861679 0.0000128174
130438111.8491611481 0.0000128174
107177990.7976269275 0.0000128173
107177927.9626440555 0.0000128174
130437900.9629362971 0.0000128174
130438122.2119889259 0.0000128174
107177973.6910212189 0.0000128174
107177934.1936304271 0.0000128173
107177954.0905879438 0.0000128173
130438126.1582651585 0.0000128174
107177981.8831424266 0.0000128174
130438126.1292578727 0.0000128173
107177967.8879141510 0.0000128174
130438123.1266769618 0.0000128174
107177940.8132365644 0.0000128173
107177930.5337767601 0.0000128173
107177934.3910661489 0.0000128173
130438124.4493089169 0.0000128173
107177934.3495190591 0.0000128175
107177928.4498617202 0.0000128174
107177929.7647796571 0.0000128175
107177932.6972828358 0.0000128174
107177963.4114212543 0.0000128174
107177928.9006623775 0.0000128174
107177974.0712960362 0.0000128173
107177932.6294948906 0.0000128173
107178061.5013011694 0.0000128173
130438122.1925376356 0.0000128174
107177961.0978309214 0.0000128174
130438135.5843396187 0.0000128173
107177960.9124293178 0.0000128173
130438132.0541392267 0.0000128174
130438101.5662689209 0.0000128174
107177934.9039265364 0.0000128173
107177943.0179597586 0.0000128174
95913805.0000000000 0.0000128174 1 0 0 0 0 0 0 0 0 0 0 0 0 0 0 