612026314.4890508652 0.0006814274
585796177.7323189974 0.0001095268
592901960.4096636772 0.0009914531
606371759.3971310854 0.0000431960
587824268.5480124950 0.0001527213
595109013.1958438158 0.0000037491
655644178.7771204710 0.0000181959
590274674.9083794355 0.0008611349
607073820.5871090889 0.0000440220
574984068.6960680485 0.0000261348
624662307.5103689432 0.0000286759
556964763.9117501974 0.0003860085
635668275.8181148767 0.0000344430
555290666.4896003008 0.0000332110
539177132.3639664650 0.0002011004
644426052.2135292292 0.0001071923
576082039.3968542814 0.0002737534
481836200.0589671135 0.0000169268
467986670.0309563875 0.0000223154
469274815.6419550776 0.0000095872
470079697.5969740748 0.0000036587
454420321.6197348237 0.0000240796
468066377.3743315935 0.0000004024
430632581.0408503413 0.0000291890
431078021.2024621964 0.0000002190
541836506.6020288467 0.0000022164
512659958.8788943291 0.0000063202
501975511.3693018556 0.0000041578
557031526.1558998823 0.0000000556
403366593.4768260717 0.0000263226
485453830.2464802265 0.0000140307
342718834.5790029168 0.0003477160
457265403.2307705879 0.0001543166
341112709.2218852639 0.0003443559
388286438.6202347279 0.0004053963
348712416.0182641745 0.0003474298
379808948.4912899137 0.0002872322
358369613.8471161127 0.0013626836
361188392.1022737622 0.0000350276
337126363.0811366439 0.0005439490
350627119.5485321283 0.0004214129
338892235.9466723204 0.0001260471
420732070.6115546823 0.0003289609
354344758.5200366378 0.0004871322
373532531.7692429423 0.0004270420
327905391.5742644072 0.0006053547
267154839.8172384799 0.0008273924
272615791.4663751721 0.0005612213
328964542.0464388728 0.0000410778
262147831.9065693319 0.0002562632
272085275.8264086843 0.0002974120
281133776.4673322439 0.0000315402
286346359.0393420458 0.0012137021
256908633.7190844119 0.0003442098
297691734.1545786262 0.0001035074
248840644.8859257698 0.0003914034
298546145.1887795329 0.0000382836
276760859.8671610951 0.0002549562
312295786.7526165843 0.0000009199
242459344.3181018829 0.0000182166
286623907.7218289375 0.0001278545
236628842.1618742943 0.0001001539
275449444.5640208721 0.0002009629
242255796.1635147929 0.0003023046
238634706.0971787572 0.0002793082
238698040.5264971852 0.0000044904
291610443.1898304224 0.0000081798
242946104.2974365950 0.0000068030
262088318.6811544597 0.0017327524
236622266.0551739037 0.0000810386
252563282.3996983767 0.0000015229
236869071.4060454369 0.0000033982
250140315.5912854970 0.0001417441
238097345.8919036984 0.0000566397
265039088.6511130035 0.0135512452
236647289.6773329377 0.0006372521
271260672.5083552003 0.0010816086
235753752.0519395769 0.0000748024
276051285.8433997631 0.0001534363
240615279.0846406519 0.0000581070
267935145.2177771032 0.0000493306
238208657.6586523652 0.0000077956
265588155.6328188181 0.0000001456
250332377.2358315289 0.0000000301
272046415.9466556907 0.0000354682
240440410.5303473175 0.0000820222
265782032.1773051023 0.0002189942
236403609.6411417127 0.0001591472
268590124.0411671996 0.0001363538
238111426.5969612598 0.0000316881
277356151.1099657416 0.0001131714
238118667.9493317604 0.0002185342
293927517.6460675001 0.0001768348
247425748.6689261794 0.0000287424
260517903.9167925119 0.0000347467
236678564.8625931144 0.0002166679
266853791.6182053387 0.0000426763
234536807.6061432362 0.0000017383
291028936.2330050468 0.0013468524
236898886.2616170347 0.0000334078
229457922.4837323725 0.0003327911
231013603.9911737442 0.0003626396
254181387.2004269660 0.0001539715
244950483.6934890449 0.0004228519
317708429.0485892892 0.0004780323
224750424.8690058887 0.0002267009
236969265.5158617795 0.0016525896
235892006.4835100770 0.0001388599
283067056.0079588294 0.0002154338
224657514.8429870307 0.0002409854
282159007.5034151077 0.0000616916
228634868.8231765032 0.0002013352
293955004.7130501866 0.0005873821
234237593.5150268376 0.0004228121
228675658.4841905832 0.0039129984
234209717.6753852963 0.0000079457
238712745.5826906264 0.0027846939
233373523.7445701063 0.0006406446
252466876.3466245830 0.0006762196
274901122.9045512080 0.0000004771
234159748.4723204970 0.0001998272
233268572.9545593858 0.0005191738
228713067.7428239584 0.0002720987
197140734.6650508642 0.0001690555
196596505.7221703231 0.0002218973
179770995.3021917343 0.0003914852
182130407.8170849979 0.0003270632
206413032.0979999900 0.0004749002
177496097.3595933914 0.0001257663
174125867.8402005732 0.0044942493
172477669.8690334558 0.0052780349
173017260.6339641213 0.0055843642
169626373.3694021106 0.0060103039
179007474.5748734772 0.0066764228
176928945.3601281643 0.0073287230
169002514.3957762420 0.0061532680
158937420.3136752844 0.0059442546
157301598.6670054793 0.0087398876
162270179.5709374547 0.0050754762
165991425.7920607626 0.0141362154
159958219.6410316527 0.0104074714
155154065.1206730604 0.0076489906
151790934.8236935139 0.0072839358
159355227.3094386458 0.0067257752
154934564.9479447901 0.0095117085
147600103.6839231849 0.0009694250
155730229.8867656291 0.0010070617
144169606.9639337957 0.0009772964
145950061.8259200752 0.0012219317
164269668.8694318533 0.0010959434
145201672.1626146138 0.0007019191
154300655.8996922970 0.0021483828
146269399.3342801630 0.0007194119
147719680.3934011161 0.0011141620
146503275.2955150902 0.0009688505
160299548.1595999897 0.0028335604
145093041.8379147351 0.0009471258
154053847.6176368594 0.0015098141
145771366.9704965353 0.0008783162
160313738.2659625113 0.0008257846
144264158.0186251700 0.0001436687
150371087.2231473923 0.0006172821
156843399.2144103348 0.0010897784
144966611.0045228899 0.0022256991
159853433.1551442742 0.0009914213
166447786.3036795855 0.0000205877
144895521.1773017049 0.0007259993
152420460.2045484483 0.0014082567
145010883.7384835482 0.0006800215
157540811.2201228440 0.0004078116
156449580.4128403366 0.0011116322
159125256.9261927009 0.0002656980
146506089.5839171708 0.0001133606
154586663.2371386290 0.0000552924
146073973.2407326400 0.0008183902
156842120.9871039987 0.0007728963
145852524.6655085385 0.0009892650
151834355.5464990139 0.0012675206
144359807.3306485713 0.0006062414
155729166.7287608385 0.0017008162
143681504.7382073700 0.0016117624
157740959.9019857049 0.0022975956
144066773.5149949491 0.0020215694
144311033.3961917460 0.0000024134
145836536.9792671502 0.0033416458
151311435.0352010131 0.0153031824
146467910.8523742259 0.0016060001
150121230.1858183146 0.0143701771
144907013.2692311108 0.0022467936
164745827.0954816341 0.0004258827
144207888.9269500077 0.0011154313
155002722.2849381268 0.0020232259
144641839.1446820199 0.0014534038
144474835.7091211975 0.0034143199
159360962.5113362372 0.0007559687
142948533.3052600920 0.0001805693
142749551.6270578504 0.0011519401
156425282.1896443963 0.0019753528
143733266.8252937198 0.0016648948
145453101.6228970289 0.0124580354
145031950.7651694715 0.0008158849
154391686.6221622229 0.0010905920
145037063.7207065523 0.0017170543
154784626.4458414614 0.0000444862
144310578.0999302268 0.0007025964
148822571.0220661759 0.0055164675
145819558.2374418676 0.0024504984
149591334.3852778375 0.0000827797
155887783.7382130623 0.0011781195
165605636.7081709206 0.0003790704
146348303.3223804235 0.0016872082
147256866.1020520329 0.0011753835
146828783.9255041182 0.0015485284
158283367.8496409059 0.0031438372
148123267.9743463695 0.0012452234
168180056.3942180872 0.0012819215
142877103.7441279292 0.0007023609
150861370.3747333288 0.0007067007
142177491.9111486375 0.0006175861
146243856.6325356960 0.0000273528
142599032.9980716109 0.0006778952
151479004.3674165308 0.0001751471
143715086.7995643914 0.0008408480
150985942.6009487212 0.0029776668
145078363.8090374470 0.0000785056
157407863.6438299417 0.0003696227
142215554.7295239568 0.0006028561
139565754.5358120799 0.0002349448
152160335.7400286794 0.0002368182
143554478.3560073078 0.0000612209
139601093.4629779160 0.0000985119
151445603.5218962729 0.0003028465
157005890.4355373085 0.0000725649
147836699.4065320492 0.0000705321
148893577.9030125439 0.0010549522
164424633.0371918678 0.0008250224
152581217.7478447556 0.0006768968
143613495.9487359524 0.0000171334
139410899.8725434244 0.0000128871
151462454.0356799662 0.0000181107
140780600.3877026439 0.0000000082
151921651.6860596240 0.0074326012
138088115.2864382565 0.0001219005
160084398.2479377985 0.0007996068
138382043.5208670199 0.0000302392
153669969.4699310958 0.0017856534
156261040.6670710444 0.0000821483
163635319.5152488947 0.0003949837
157017409.2783402801 0.0001529544
158261643.0825926065 0.0001211669
155653399.0268158317 0.0000046189
134995562.0643574595 0.0023241476
135253699.8279428184 0.0057384305
147562588.8613483310 0.0000047546
150493079.6479503512 0.0025656588
143297573.8497639596 0.0100626929
137899602.1972756088 0.0010169183
144910248.1865048707 0.0031055268
138366566.9990318418 0.0012279930
148364115.0120545030 0.0147857118
152310453.9375186563 0.0019596874
139477586.0783011019 0.0027815299
136436014.8398309648 0.0021833298
140067014.7060236037 0.0069957248
155295434.8488154411 0.0019492868
149841525.4995634556 0.0098533202
147796287.0536563694 0.0016008673
135111990.6507828236 0.0025764451
136846640.0767036676 0.0016331756
136551508.0522455871 0.0022567221
135753379.8692784309 0.0012772196
137620864.9480356276 0.0019528419
135922467.4267001748 0.0000886395
135265976.7708286941 0.0027231780
136092063.7672254443 0.0029706132
136476550.5007715821 0.0019064049
148833135.6552597880 0.0034638259
136731789.4024553597 0.0023753240
152284016.7490872443 0.0027580764
135389726.5016799569 0.0013932197
135183790.5688210726 0.0007213134
150293372.3348562717 0.0027178491
156370271.9875688255 0.0018317302
134419002.2295140922 0.0024120016
156064779.7299779356 0.0023555395
135308538.1017095745 0.0023176043
140083537.7483084798 0.0008919403
134246753.4360549152 0.0024132626
139598296.3253775537 0.0023917304
136141747.8327695429 0.0021422293
145389594.9038782716 0.0043192801
134322420.3567532897 0.0023757583
135403313.4749715030 0.0036997529
135735189.4780411124 0.0030785446
166022306.1115188003 0.0035085818
135231134.2577716708 0.0018836670
154171256.3658674359 0.0017493277
134698187.2236174643 0.0020909607
132711188.1328310072 0.0012429824
135020100.1665695012 0.0007230868
133685200.4067098647 0.0015939164
132809376.5978366733 0.0021734663
135672412.6110966802 0.0007921747
142076850.3977743685 0.0013522438
137669935.6415627897 0.0010224648
144147886.0654894710 0.0008332900
132969036.8382309377 0.0011131926
134004147.0704508573 0.0012561204
132869385.9869210273 0.0013577905
133430380.4678992480 0.0009127498
135418206.3555934727 0.0015502165
131854314.9902381748 0.0015436739
131979408.4573566169 0.0015043894
131622985.9389743060 0.0022502086
131668347.2681042701 0.0020134442
133452755.0908819586 0.0026711856
134365191.3589472473 0.0020706496
143204485.7151697874 0.0021276639
134632132.6046885550 0.0022247528
133985501.2344594896 0.0007853271
131892760.7344353944 0.0022913881
134491585.4450442791 0.0016816773
133859218.2376817912 0.0017074320
134287076.6665648818 0.0015954153
131617356.8649536073 0.0021988914
134153739.4894661754 0.0025145177
131322661.9950704426 0.0022845498
133405956.9541695565 0.0015594465
132516939.4211701602 0.0022527878
133244367.4758798778 0.0038583161
132485136.1752158701 0.0022654605
134284212.8711477816 0.0025187230
131484933.2139267176 0.0019216059
131637560.2695412189 0.0034294646
134610016.2893957496 0.0023763223
133640734.4243480116 0.0014403011
131783556.7531432807 0.0024167365
134306369.9030767679 0.0011971528
132142044.2194229960 0.0023727317
133395869.3644691259 0.0027125043
131416897.7866156846 0.0026138284
142309755.5604233742 0.0032059893
132380069.1418336481 0.0021391939
132030222.2927666754 0.0020997241
133073654.8074145466 0.0023183187
144298015.2426733077 0.0029547007
131786000.4277154654 0.0020589613
133788896.0152410865 0.0017897127
131992109.0357731283 0.0021967334
132451947.9594249278 0.0008157722
131623407.8843780905 0.0016729848
134026317.9478088170 0.0019509117
132179600.5028454810 0.0020617437
133558050.1995683610 0.0024701160
131974345.7356145978 0.0022176421
135849673.1665021181 0.0028216352
131166485.0861507803 0.0023246239
132347910.9132359922 0.0032323030
135000437.4754175544 0.0025398882
133039651.5601209700 0.0016684494
131782168.5710282922 0.0024706533
132140977.0833650231 0.0031838356
131352779.1665332764 0.0023708525
134619211.4707460403 0.0011315492
131350437.5240742713 0.0024196857
133222913.8536646515 0.0019337208
135114018.5019958615 0.0026741865
134972209.0908443332 0.0018597551
131244800.4117882401 0.0023347594
132802083.9810923934 0.0016732044
131752675.1255037636 0.0023277289
131471574.6034879833 0.0035006234
131601371.9585323632 0.0020074695
133751507.3621233106 0.0022301067
131995992.6603034288 0.0019931270
130876444.6373070776 0.0027274892
133839441.0684140325 0.0034160707
135612445.6186566949 0.0020633832
131077870.1649747640 0.0029401489
130940683.0436748564 0.0028143369
135497869.0841883719 0.0031013890
131679570.9075101614 0.0028695442
132589701.6465005726 0.0026133920
130849853.9702271521 0.0027742048
131529289.8770964742 0.0017024884
131616759.8676597327 0.0028686636
131671626.4501969814 0.0029308401
131283706.9801770002 0.0026228244
131148363.1642668247 0.0020753132
131831409.8487237841 0.0028319640
131738881.8814407289 0.0024124796
130996573.7653913945 0.0030105307
133447933.0977947414 0.0024102345
131401164.2244539857 0.0027633816
130843227.8590664715 0.0026186341
131779626.4454121739 0.0026150890
131304332.1032998860 0.0026832293
131037213.8993511945 0.0027939688
131989636.0856620818 0.0020122936
130746789.9381307662 0.0026393644
130791370.7823195010 0.0021607176
131166650.7126622945 0.0026276779
133714049.3443782777 0.0021018658
131360288.0234528929 0.0026265162
133950079.4306467623 0.0020591752
131297271.8111912459 0.0026683239
131777269.4850862175 0.0028065519
130691523.7441872954 0.0026825495
130959876.6020531952 0.0024408312
130753005.0772798955 0.0025191017
131182056.9119758308 0.0032291733
131251826.2437020838 0.0026880042
135462234.0628643632 0.0029779148
134795347.2825156450 0.0028950046
133525417.4851983488 0.0030737026
131102688.8613254726 0.0026534320
134215887.8625993729 0.0021967444
130686188.4652945697 0.0027082865
132946637.6349177957 0.0039540298
130755357.8208735287 0.0027620507
132547394.8723417819 0.0024632061
130914402.0189747959 0.0026386886
134087966.2945411205 0.0029054066
130789269.8729093373 0.0027957092
132969276.1776315719 0.0026540177
130569648.6741068810 0.0026610550
130678765.2327920198 0.0029812811
130745647.6071709692 0.0027981915
130365273.0282213688 0.0028064636
130406751.1659532487 0.0027054025
131281722.8388734609 0.0028723416
130278965.4222799242 0.0029787954
135185655.6398018301 0.0033089869
130840459.1596155614 0.0028849526
134401845.7292089462 0.0026563650
130715509.2014461905 0.0029219799
131083394.5150825083 0.0026468692
131096679.3277367204 0.0032365904
132444661.7455458343 0.0028360409
130637563.7943947613 0.0028727455
132352615.8757027388 0.0043280363
130394032.5177783221 0.0031892378
133072747.0675397515 0.0033281962
134221875.0602250695 0.0027357535
130245751.6116107702 0.0029856108
130300140.0714052022 0.0024743551
130457346.3040988147 0.0028648525
131124326.7039090246 0.0029085241
130436860.8498550355 0.0029693224
131005099.9660848230 0.0031255075
130982988.3117740154 0.0028834602
131049822.6603060216 0.0028485840
130337249.2857371569 0.0029656739
130345916.9998227805 0.0028840008
130280603.6431841552 0.0029799897
130333306.9824379981 0.0035382838
130359383.3125291616 0.0029861403
130678938.8889527321 0.0029873626
131168940.5350898802 0.0030172292
130913853.0793216676 0.0028021356
130423046.6599116176 0.0030018752
130696920.2609160990 0.0030970144
130327708.2100037038 0.0029447196
131216678.0984974951 0.0029483492
130353069.5606239736 0.0029590849
130579313.6466025412 0.0030734799
130389722.2673541456 0.0030283738
130654958.7572185695 0.0025857602
130536451.4164218009 0.0029755222
131147665.9429651797 0.0030369773
130263449.6091483086 0.0030030047
130385934.5795683265 0.0032405651
130376815.6386423260 0.0029962131
131965879.4116612971 0.0032599509
130318209.8886172771 0.0029394825
131128021.4366175681 0.0031024550
130318472.7146154642 0.0032736549
133288579.0323753208 0.0033849267
130260959.9435618073 0.0029914078
130605181.8237308860 0.0027253171
130328598.4650288075 0.0030070618
131012949.6809687018 0.0028404465
130370105.0998698324 0.0029305857
130530053.6642004699 0.0027403973
130271076.3639221936 0.0030652140
130509893.7178151459 0.0027462026
131142080.6081122905 0.0029642163
130859246.6820744723 0.0027270949
130321938.9474039972 0.0030211042
130588811.9451980442 0.0029670787
131114465.6369426399 0.0028521769
130392134.0843959451 0.0029615092
130258317.7134189904 0.0029932290
130229639.1945270896 0.0029912485
131181459.0068307668 0.0029977499
130684439.2336969376 0.0029996298
130374448.3723116964 0.0030038441
130991881.4375847876 0.0030615396
130249664.0965351462 0.0029988411
130655200.7878238112 0.0029730693
130391880.0863371193 0.0029985354
130502068.6747407168 0.0029507436
130232648.8237490654 0.0030071607
131071423.1212921441 0.0029749405
130242315.2923258990 0.0029545111
130392200.1501253843 0.0029582488
130245258.0929639041 0.0029730761
130343609.0184948295 0.0030543809
130226956.7951439619 0.0030165099
130382253.2963077128 0.0030079933
130250280.6028624177 0.0029765232
130315619.2914579213 0.0029089841
130417519.5420275033 0.0030077876
130444014.0278709531 0.0029822086
130212830.2157547176 0.0030127186
130290613.4370603263 0.0029725332
130394931.0261519253 0.0030265254
130293838.5049739331 0.0028683265
130223428.6501435339 0.0030128558
131003564.6323669553 0.0030566774
130261039.2807665765 0.0030150067
130358275.1525209248 0.0030182083
130282718.5986327976 0.0030010377
131093787.2502435595 0.0030615269
130387539.8085348606 0.0029925498
130445274.0928749293 0.0030225345
130416576.3630558699 0.0030206464
130243232.0435467511 0.0029681093
130227135.9744744301 0.0030764036
130293096.5462816209 0.0031412027
130379890.8495793343 0.0030302570
130229492.9531184286 0.0029304472
130248062.5891240239 0.0030140165
130193449.3193775564 0.0029781576
130181361.1033234149 0.0029875369
130713405.4583553970 0.0029548738
130300746.5480583608 0.0029770055
130425671.6172595322 0.0029883941
130198700.7717521191 0.0029791514
131113873.8292243332 0.0029930373
130225884.4331858456 0.0029779035
130257499.7824632376 0.0029727736
130297040.8923769295 0.0029756135
130324808.3950306773 0.0029917305
130392477.9029401690 0.0029982026
130242822.4992264211 0.0030511667
130264922.0989872068 0.0029896816
130211934.5638540089 0.0030044282
130213918.6535877585 0.0029768054
130938503.5696927756 0.0029938723
130376289.1600850224 0.0029762942
130266146.0150200874 0.0030325843
130297628.0846946985 0.0029720005
130188064.6622533947 0.0030031745
130212724.7497724444 0.0030001341
130366848.7383812219 0.0029835686
130188970.7366341352 0.0030243009
130367419.2755310088 0.0029784204
130336463.3951071650 0.0030196153
130177917.0057650059 0.0030177191
130188668.1558244079 0.0030339032
130374784.8271247000 0.0030118041
130218720.9642346948 0.0029848372
130167697.7840915024 0.0030212292
130326629.6513037831 0.0030199463
130369165.2293874770 0.0030321785
130225292.1513177305 0.0030458908
130367448.0700316578 0.0030224393
130164136.2413811982 0.0030275974
130184202.9395521879 0.0030309273
130432167.1872108132 0.0030291865
130349804.2068461776 0.0030303241
130266632.3730119169 0.0030126967
130314814.0906140655 0.0030183444
130310682.3354321122 0.0030235392
130171594.0183678567 0.0030233851
130208665.2463015467 0.0030462716
130206823.5813984424 0.0030282598
130331760.0998706818 0.0030483694
130193103.7896141261 0.0030238615
130221214.2114044726 0.0030487817
130177803.8992525786 0.0030175339
130219457.9110830724 0.0030874431
130341564.2943968624 0.0030285882
130327943.6111557484 0.0030224819
130170232.5662889183 0.0030302244
131086347.4854211509 0.0030206462
130174521.5966329575 0.0030246773
130161752.8247812390 0.0030592042
130288925.3966055065 0.0030662034
130261481.9443218857 0.0030184185
130177568.1959216297 0.0030569545
130324446.1922095716 0.0030725054
130348237.8863581121 0.0030618046
130230482.3702171445 0.0030330762
130171327.2263515592 0.0030540344
131021028.4253711104 0.0030609570
130340661.5411846489 0.0030456497
130223703.1937328577 0.0030696470
130166368.5991493165 0.0030710855
130327869.3248585910 0.0030722968
130345678.8596095145 0.0030616156
130220607.8579686880 0.0030650557
130320816.9111797661 0.0030736390
130308447.5503965318 0.0030708848
130177152.4906282574 0.0030637083
130181788.4407065511 0.0029996578
130225104.0584117174 0.0030565103
130308044.5488780290 0.0030774836
130331356.6258451790 0.0030524986
130319155.6734744757 0.0030805731
130348078.6826259196 0.0030707948
130203491.7823467404 0.0030887389
130335321.4535019100 0.0030813925
130238434.5840173960 0.0030073410
130309197.6193298995 0.0030597585
130340882.3917848319 0.0030147280
130199456.3669881374 0.0030521144
131032839.0801817179 0.0030229694
130151491.1614611000 0.0030543519
130294608.4082179070 0.0031060612
130331962.7105442882 0.0030454683
130344064.4058243185 0.0030467379
130172557.3337790519 0.0030647715
130338872.0573139340 0.0030640709
130165463.1056829095 0.0030477238
130254107.9258101285 0.0031067300
130328187.0781093389 0.0030475754
130240426.8915262222 0.0030139934
130196698.8611913770 0.0030567588
130286276.6023463011 0.0030039926
130167221.8695193082 0.0030633873
130957276.4570609778 0.0030222374
130195379.3705021739 0.0030795913
130162415.0033466667 0.0030561393
130171543.8322564065 0.0030633086
130156852.1270751208 0.0030527040
130178150.3528346419 0.0030439299
130163731.7192853540 0.0030575205
130313056.2498974353 0.0030605713
130330562.0474670380 0.0030498552
130192394.8331748992 0.0030538137
130342778.2749520391 0.0030513673
130191908.5030889660 0.0030523625
130160893.3211677372 0.0030555475
130325775.1547691822 0.0030296124
130325622.0561676919 0.0030499591
130228390.0372807980 0.0030657149
130332887.7254428864 0.0030606977
130195639.3193885982 0.0030359452
130174452.4887032807 0.0030516317
130338469.9905258417 0.0030672796
130345432.1865117699 0.0030549671
130185179.1841544062 0.0030588122
130340895.1095263660 0.0030514067
130144675.9520905465 0.0030658876
130336741.1491172463 0.0030591406
130339444.1291976869 0.0030645636
130342054.2562420368 0.0030809014
130150586.5573106259 0.0030640259
130198932.4140977859 0.0030670812
130336838.8261672705 0.0030672273
130166487.1883382946 0.0030703988
130149442.6881100386 0.0030625943
130168810.8026075512 0.0030592789
130149299.9759216011 0.0030645057
130343559.0314708352 0.0030531549
130148760.7198441029 0.0030681783
130182583.1882338673 0.0030695692
130337584.4384002388 0.0030609759
130181547.2875152379 0.0030686115
130340125.7802677155 0.0030662705
130167758.1879035980 0.0030662753
130151634.9253385514 0.0030620846
130168005.5903093070 0.0030640267
130337728.2152666003 0.0030660351
130324723.8296974748 0.0030752558
130151397.2968365103 0.0030661747
130334761.9310466200 0.0030777099
130151806.0277336836 0.0030677234
130139148.2392173558 0.0030513741
130139309.9980170876 0.0030476139
130327504.0955455750 0.0030561328
130136922.2130486369 0.0030512452
130154679.2478137761 0.0030503377
130142150.4587507546 0.0030522689
130333536.5588066429 0.0030549981
130327476.9870945811 0.0030542706
130211804.8544311821 0.0030411786
130144463.7214913666 0.0030487985
130329048.6822335571 0.0030513696
130330227.9211256355 0.0030478336
130318909.5473488867 0.0030510393
130330044.5386641026 0.0030530843
130149039.4682386220 0.0030487892
130333548.3519289196 0.0030538377
130326034.3402255774 0.0030517698
130145657.7012514919 0.0030522192
130326411.2934537977 0.0030649914
130333030.5858382583 0.0030504815
130135924.4701070935 0.0030368979
130139125.6074421406 0.0030333013
130188335.6026325673 0.0030305782
130136642.8854100108 0.0030383349
130322963.4058553725 0.0030271583
130143000.7484643459 0.0030377629
130138924.5359098464 0.0030503025
130328774.0212625265 0.0030372392
130144522.1674222201 0.0030240438
130136969.3301158845 0.0030371520
130320422.3776000291 0.0030369107
130133965.3640060723 0.0030375224
130148303.3513954580 0.0030427699
130316715.5456050187 0.0030386943
130319247.8030554503 0.0030428196
130149674.5241118073 0.0030388896
130165841.1171905994 0.0030274683
130142202.6625605226 0.0030373267
130289560.2714174837 0.0030442651
130133472.1977970600 0.0030359938
130152649.6109009832 0.0030295079
130330570.7504740357 0.0030356200
130187049.4178697765 0.0030348039
130134372.9376852661 0.0030360723
130150968.0987009853 0.0030361240
130139745.9914035797 0.0030362250
130151176.4064640105 0.0030482296
130133017.0104309618 0.0030337724
130318475.5042373985 0.0030314157
130135857.6322065443 0.0030337232
130188022.7739108205 0.0030352191
130328306.7949911952 0.0030342104
130140253.6618437171 0.0030302157
130134306.6064909697 0.0030336001
130166804.8213062286 0.0030351760
130327660.3872749507 0.0030335251
130144832.4197736830 0.0030373430
130131710.7054053098 0.0030342211
130302619.4631958455 0.0030280586
130135169.4740329683 0.0030369195
130170262.2545037866 0.0030400290
130135068.2283587903 0.0030295270
130171107.5258279294 0.0030306000
130135382.9509585649 0.0030370475
130133646.2699093819 0.0030358733
130329181.0377813876 0.0030422275
130328412.7817300409 0.0030361963
130321076.6195079237 0.0030346355
130330977.2007276565 0.0030364997
130131569.1690904498 0.0030244936
130130392.1048806310 0.0030245616
130145213.3289048374 0.0030223354
130129338.1210213453 0.0030247789
130136589.6137903631 0.0030188760
130320253.1187917739 0.0030250521
130144255.2389893681 0.0030233912
130329418.2201048732 0.0030266454
130129425.6296701133 0.0030266271
130329022.2513003200 0.0030234283
130133978.0446835607 0.0030208257
130326420.2825747281 0.0030250791
130314743.0562116802 0.0030253914
130130749.0532687008 0.0030241675
130328800.8399516940 0.0030238972
130130526.0239351094 0.0030255036
130141968.4110757858 0.0030232766
130131225.9784286171 0.0030254489
130167325.8238958120 0.0030222004
130133343.3787346333 0.0030272061
130327837.8124063909 0.0030251386
130326851.8600747883 0.0030245114
130140416.2917519361 0.0030271639
130329429.7474652976 0.0030261220
130305605.2595672756 0.0030263421
130130272.3735068738 0.0030260985
130139893.6112682074 0.0030208448
130128923.2369807959 0.0030241689
130325680.3380811661 0.0030191959
130328764.1851176322 0.0030251130
130150118.9109836668 0.0030219693
130129184.4703810215 0.0030265616
130129619.6317581981 0.0030239143
130328357.5781064779 0.0030240031
130139620.0130769908 0.0030284709
130327885.3571325392 0.0030242370
130130254.6748927683 0.0030207721
130328080.8574140668 0.0030238025
130138019.8538088500 0.0030281317
130328040.6861544102 0.0030242000
130130165.4288103878 0.0030241763
130326765.6385929286 0.0030243972
130136531.2090189010 0.0030263540
130129623.4216395617 0.0030239390
130132037.3735906780 0.0030271379
130130483.4672051370 0.0030256532
130328848.6310873032 0.0030223564
130325099.8014859259 0.0030283967
130129476.2142027766 0.0030239394
130323060.9831348211 0.0030265497
130327220.0258852690 0.0030240751
130135078.4636357576 0.0030249144
130328978.1913815886 0.0030248318
130148554.9097499251 0.0030228745
130129530.4529397041 0.0030239190
130132041.3662741333 0.0030211027
130130613.6745266616 0.0030241568
130326558.8584718257 0.0030223084
130129456.4178795964 0.0030238638
130131442.8481987119 0.0030212275
130326994.1600086987 0.0030243163
130133042.9674230367 0.0030250571
130328293.7985329479 0.0030237393
130135003.0383279473 0.0030232437
130327726.9156603217 0.0030242435
130133461.0376588702 0.0030235701
130128939.3055558205 0.0030236908
130127999.9540432990 0.0030207322
130327362.5877225548 0.0030217041
130129757.2596078217 0.0030157421
130327158.0325222015 0.0030211466
130134077.8123212457 0.0030208639
130326949.3183749765 0.0030211632
130138544.0429760963 0.0030205666
130327303.1707444191 0.0030205208
130326046.7966616899 0.0030191260
130328091.4847878814 0.0030207453
130327410.5786621571 0.0030187094
130127807.4125141054 0.0030208070
130129558.8591655344 0.0030217330
130327244.1471892297 0.0030210286
130135360.9727487415 0.0030202691
130326764.8754854053 0.0030215683
130132644.8720827699 0.0030201824
130327523.1208071113 0.0030210609
130129843.4344982803 0.0030199632
130128409.5638098419 0.0030203199
130320266.4785406590 0.0030224363
130129582.3560488373 0.0030210382
130324783.1892609596 0.0030194421
130327960.3011120111 0.0030208978
130133309.6728902757 0.0030197730
130133841.8353256881 0.0030205800
130135084.9675633162 0.0030205884
130128436.8781513423 0.0030214978
130326024.6375676841 0.0030211677
130326865.0759396851 0.0030207681
130135010.4362103492 0.0030221385
130134043.3806384057 0.0030222278
130327501.7869113982 0.0030213872
130127521.5030584186 0.0030208460
130327947.4762630165 0.0030202472
130127843.3571819216 0.0030210748
130128708.4047242552 0.0030199559
130327713.5613862276 0.0030203219
130128991.9074543267 0.0030222555
130327543.5439974219 0.0030208834
130130751.0138079375 0.0030201397
130327656.7341891229 0.0030208877
130130933.0992326438 0.0030227214
130327587.1158668995 0.0030207814
130127826.6373173445 0.0030185042
130327781.0704710782 0.0030207403
130127510.9296093136 0.0030210018
130327912.9531860799 0.0030208068
130326944.5736464262 0.0030235267
130127507.8342006803 0.0030209986
130132151.2112340182 0.0030207559
130127401.4628729969 0.0030210137
130133376.2228775769 0.0030208126
130127521.7565812320 0.0030207217
130130596.7380812466 0.0030217394
130327604.8528883755 0.0030209973
130323792.6918480992 0.0030209600
130327546.6781322211 0.0030211228
130325913.1859955043 0.0030220384
130127947.1349335015 0.0030213124
130127398.6579242498 0.0030210068
130128337.1228542179 0.0030209539
130131231.7724904269 0.0030208769
130127157.9338443428 0.0030212464
130129476.2835669965 0.0030217694
130326944.5741935074 0.0030212489
130129537.2246870846 0.0030200273
130327424.1151777655 0.0030216671
130132801.0708767623 0.0030205485
130127984.9027908444 0.0030211255
130128370.7905069292 0.0030200998
130327013.4872931540 0.0030207086
130130805.8825759441 0.0030211834
130325620.8610719144 0.0030210954
130128284.2110081762 0.0030234793
130327093.8477215469 0.0030215880
130130396.7878262103 0.0030219091
130127657.2293321788 0.0030214408
130128243.4878138453 0.0030203730
130327019.2794590592 0.0030212202
130129572.8063525558 0.0030202651
130327341.7017684728 0.0030211556
130131327.7356386483 0.0030206476
130326787.1080005914 0.0030215492
130127060.2063954324 0.0030202862
130127271.1184412390 0.0030203180
130127586.0629635006 0.0030230581
130326604.6377158761 0.0030200196
130132773.3122786283 0.0030203364
130127711.5556208491 0.0030203559
130129173.4613414556 0.0030195169
130127174.8743359745 0.0030204149
130130732.3352706432 0.0030195124
130127276.2743701041 0.0030203347
130133387.7001594901 0.0030195434
130325646.9502157867 0.0030203693
130129808.4883829951 0.0030202732
130127484.3110666573 0.0030202575
130322005.1566660255 0.0030207689
130127845.6343852878 0.0030200213
130128729.8609784991 0.0030207232
130128075.7576003820 0.0030202684
130131802.3260572106 0.0030213940
130127224.8952376395 0.0030202537
130323711.8067697585 0.0030203283
130127127.6137410104 0.0030202056
130131358.9543452114 0.0030199639
130326935.3882121444 0.0030201293
130128809.5402474999 0.0030208559
130127687.4764515311 0.0030202964
130130322.5760008097 0.0030196973
130326894.0995431244 0.0030202749
130132767.4220832735 0.0030200850
130326814.9925887287 0.0030203033
130130912.5368614048 0.0030204127
130326722.3361591995 0.0030199820
130126996.2188205123 0.0030213131
130127184.0414975435 0.0030213007
130132952.0491715819 0.0030218841
130326219.4961517900 0.0030218160
130129300.3162337244 0.0030200503
130127456.7667568326 0.0030214758
130311842.5805490315 0.0030217999
130327014.8946518153 0.0030213492
130130495.1724418104 0.0030206881
130127170.5757876635 0.0030214443
130134965.5927096605 0.0030207019
130129414.8295362890 0.0030211887
130126963.0955246389 0.0030212934
130128281.0202137977 0.0030211144
130126627.2499069422 0.0030213595
130127049.0146433413 0.0030214902
130326630.0537901074 0.0030213394
130127017.5844437182 0.0030219900
130126730.1979808062 0.0030209073
130127139.9881395102 0.0030210192
130126682.6754773706 0.0030213009
130127056.2931409031 0.0030209072
130326821.2661984414 0.0030210076
130127036.6403668076 0.0030227528
130126522.4516706318 0.0030212813
130126808.3955629766 0.0030211252
130126457.3297370523 0.0030211168
130326964.9855950028 0.0030213702
130326570.3347638547 0.0030211220
130126560.3769794405 0.0030207170
130126577.8100540489 0.0030211548
130126517.2671226710 0.0030213951
130126516.3427187204 0.0030212022
130126906.6522210687 0.0030207213
130326759.8218425661 0.0030211425
130126673.9790950119 0.0030209196
130126563.8742991239 0.0030213983
130126861.0362754464 0.0030209943
130126786.3236535937 0.0030211715
130126917.7580896318 0.0030206971
130126696.3436388224 0.0030210060
130127095.4881765842 0.0030220675
130326471.4873418957 0.0030212173
130127427.3917708695 0.0030206891
130127785.2624218762 0.0030208995
130326658.7167363465 0.0030211084
130326097.5059631616 0.0030212651
130126735.6924114078 0.0030210771
130128933.1497544497 0.0030210680
130326780.4477967024 0.0030211267
130128338.1345361769 0.0030212132
130126473.0649679303 0.0030211207
130326785.7243111730 0.0030203021
130126448.4560695738 0.0030211845
130326463.2491276562 0.0030213384
130326720.6638132036 0.0030212056
130126623.4330274761 0.0030216985
130326699.2384901047 0.0030211982
130127993.3882806599 0.0030211487
130326724.6492535025 0.0030211393
130326677.2297246605 0.0030211962
130326769.7450244874 0.0030211954
130127108.8017810583 0.0030213091
130126544.8548623025 0.0030211658
130126692.8634789884 0.0030212313
130326820.2690231800 0.0030212605
130126206.8052683771 0.0030211242
130126177.1539040506 0.0030211052
130126239.2336747199 0.0030202411
130126244.6880381703 0.0030211620
130126404.7634969056 0.0030210948
130126206.3227173537 0.0030211488
130326195.1188256294 0.0030213042
130126212.7820654064 0.0030210593
130126425.6231997311 0.0030212639
130326313.0505154133 0.0030210918
130127365.7186015248 0.0030210230
130126346.0034551173 0.0030210419
130326446.4955435395 0.0030211505
130326605.4709618688 0.0030211075
130126575.7469964921 0.0030210419
111327372.0000000000 0.0030210419 0 0 0 0 0 0 0 0 0 0 0 0 0 1 0 