599616996.9041265249 0.0006814274
587595762.3178305626 0.0001095268
590268241.0847951174 0.0009914531
630233708.0827834606 0.0000431960
598270012.5407010317 0.0001527213
580306995.5670681000 0.0000037491
668828542.4820684195 0.0000032078
583017830.7260893583 0.0000547470
561865401.6621164083 0.0000059682
587167592.8230298758 0.0000135198
630917968.4534670115 0.0000014009
539223745.0793623924 0.0000464139
642260387.3631033897 0.0000055339
539498347.0237036943 0.0000075968
537457363.6959234476 0.0000042768
617689560.2105388641 0.0000022797
551685415.4168107510 0.0000027760
497264957.5716144443 0.0000013437
450540023.8217464089 0.0000017879
448958537.2877455950 0.0000025200
472871208.1669992208 0.0000002681
425032221.3222001195 0.0000027869
445731306.9682245255 0.0000001599
422811804.4658659101 0.0000005805
416900297.3782814145 0.0000001996
520198589.6063466072 0.0000000715
492965072.8188135624 0.0000000161
493208037.2483469844 0.0000000407
421621034.5583867431 0.0000008635
402731006.5694153905 0.0000000245
465626476.2755697966 0.0000000131
382943780.6542718410 0.0000220013
403276006.1532641649 0.0000193624
443842027.5300793052 0.0000275807
383938728.9950713515 0.0000224127
499607208.1250521541 0.0000130875
380591087.3323380947 0.0000272674
417330831.5756984353 0.0000122442
392139022.0167042017 0.0000964208
476988112.8152185082 0.0000116580
378768920.3193513751 0.0000071605
361006373.8422904015 0.0000131866
360378242.7765024304 0.0000095523
362781159.4587772489 0.0000009887
364199374.2257400155 0.0000134501
378300630.1407873631 0.0000047204
363268025.2834759355 0.0000037779
370512323.7906991839 0.0000094510
357021647.3462033868 0.0000112001
382327439.9377774596 0.0000014964
366687499.9404903650 0.0000128409
349203988.2466129065 0.0000094253
329630685.6197860241 0.0000123615
343533707.2820056081 0.0000136314
330234140.6787863970 0.0000187615
395964692.5466958284 0.0000003391
323055452.7973519564 0.0000134350
366750183.9677699208 0.0000003730
338559702.3977068663 0.0000108739
419790624.2465091348 0.0000029873
319782303.0778837800 0.0000181641
367721876.3796011209 0.0000062755
314598421.5792559981 0.0000201604
337758735.0887037516 0.0000017672
297013320.4658339024 0.0000234812
300322483.1902613640 0.0001508297
296195690.2695201635 0.0000234633
369046623.8210830688 0.0000007014
304502338.8919559121 0.0000105830
324880095.5636640191 0.0000323952
296197838.9693393111 0.0000306715
350494731.1714461446 0.0000215863
291756923.5806702971 0.0000806364
378762709.6265151501 0.0001574004
288488549.9897388816 0.0000287160
341666720.1037065387 0.0001391233
280664608.5618488193 0.0000463952
338900679.2986280918 0.0000338194
281452090.5009965897 0.0000662145
293522243.6725149751 0.0000159049
286930248.0011551380 0.0000362823
298590907.6472539902 0.0000021568
282511685.0025550127 0.0000328367
306287734.4742308259 0.0000146281
277947483.2694423795 0.0001660986
352596500.3140032887 0.0001768957
278493422.5959431529 0.0001149685
309878472.7650418282 0.0001300408
280121162.0793801546 0.0001294777
282990483.6898897886 0.0000600909
277542905.2708271146 0.0001078077
301729427.8244499564 0.0000730969
279686680.3438212276 0.0000107347
298747265.9031382799 0.0000005906
278818288.0222062469 0.0000854767
324903770.8434760571 0.0000826434
281621180.5145316720 0.0000651097
301890515.5855392218 0.0003052960
269647682.9314209223 0.0001452136
299812721.2992001772 0.0002325823
267130117.6835447550 0.0002981151
330262570.5883236527 0.0000154171
265329249.3301540017 0.0002467544
337414624.9373170137 0.0001353418
269868244.7407104373 0.0002985975
312657608.1831735969 0.0000073506
252394276.5713239014 0.0003432122
262786283.9266897738 0.0000001165
255284377.3909141719 0.0003426656
314005956.6537474990 0.0008270226
248163774.8428936005 0.0003799561
250273487.3389395177 0.0000021052
249485074.5194525421 0.0005579570
313111346.2229442000 0.0029675642
248771416.2081611753 0.0004048895
263564225.9850096405 0.0001606251
249524810.1092332304 0.0003016180
305851239.9583328366 0.0000504181
246436243.1610101163 0.0001814014
238807628.9785605371 0.0001460429
243261106.8528240621 0.0000186474
267388359.3540369868 0.0000000047
237563795.2366914153 0.0005175052
326536799.9551134706 0.0009353718
231969708.1025982797 0.0002803460
289523095.3877049088 0.0003646137
228666279.7333872914 0.0004847857
269597518.9295460582 0.0000248525
232260927.3747962415 0.0006231589
282207154.1944622993 0.0000399726
219085753.5282239914 0.0008883062
234654597.1532343030 0.0033938412
225798679.5807142556 0.0006361569
251485076.6864503622 0.0022734873
224146005.7773936093 0.0005908827
279864425.7692925334 0.0000000097
225146407.3804465830 0.0011151425
310878418.4456225634 0.0006383088
208496773.2674421966 0.0014494314
237804445.5594664216 0.0014705755
215240110.5037951767 0.0013311044
253433815.5060015321 0.0009159666
216221693.9087461531 0.0012819683
198199063.0638683438 0.0050716711
217221071.4493468702 0.0070985699
248159847.9460428357 0.0039654000
208003950.0788190067 0.0134419658
198054113.2746384144 0.0053885669
211312184.1393017769 0.0034799763
202746095.7693029046 0.0043226231
195620931.0294370651 0.0125240653
201329990.5999329984 0.0140730119
200526706.9185512960 0.0083685083
194876522.0813729763 0.0123229121
197787683.1243650913 0.0003798110
197409242.5579316020 0.0110335003
209760502.2046185136 0.0101477011
191993474.0484429300 0.0181786071
210787294.2124790847 0.0274368070
193593829.8033441603 0.0207215438
181697940.5637134314 0.0132143659
192109747.7060220242 0.0140763683
181246618.3052042127 0.0090108342
178676559.2523627281 0.0110116912
172182592.5488699675 0.0044346440
179763446.4923592210 0.0044562610
171202285.1067205071 0.0021081987
170249353.3669430315 0.0030156062
141067487.1839529276 0.0095460036
161429507.0149903297 0.0017225403
138379769.3826575279 0.0089402049
130518109.0446558744 0.0064138948
131586217.9570567459 0.0063202239
137874579.0133940279 0.0117352051
128027210.4597115815 0.0102015320
132106172.6613883972 0.0271475742
129956180.1583514065 0.0095687658
130925266.7372020483 0.0074350708
129606074.4528553188 0.0082368062
130838172.9671786427 0.0097278153
129893089.8400990516 0.0141399558
124837869.5282039940 0.0264103467
124886508.0843271315 0.0274690481
132799733.3037724048 0.0242020914
128431667.3705471754 0.0305934248
131096100.9858615994 0.0298549480
123314026.5404008329 0.0169097918
135391888.7918933630 0.0052081100
124333357.5647778511 0.0094672129
123994987.4012553990 0.0411876477
124289696.6015905291 0.0172270826
135140236.7785344124 0.0209932569
123115001.8303244710 0.0170973302
127123797.5596483648 0.0129278946
123008814.3593535572 0.0129585343
123466670.5718393475 0.0061759994
124400376.7703365982 0.0092195237
133891709.5463971347 0.0073375348
125808590.4019586295 0.0092679711
132855054.7226635069 0.0006629210
124246640.4678065926 0.0190613237
132080290.8662864864 0.0207556700
124336229.1942646205 0.0095130881
134447025.0147455037 0.0163189249
124359861.4116416126 0.0124373352
136566962.7717513442 0.0276196805
122278370.9840149581 0.0140045940
131365732.7235814333 0.0130920571
122820237.3210115135 0.0147590786
127273053.3576598912 0.0085401265
123594449.3949023932 0.0146911627
134120425.0350697935 0.0002611694
121726803.2415160835 0.0155306801
126646650.2650510520 0.0167310118
122264911.8265255988 0.0164535451
127308801.6675905436 0.0157564292
123147788.0136187226 0.0175611249
124166756.3968696147 0.0146263537
124439675.9818965793 0.0147889851
121979052.8657346368 0.0129877469
119651557.0556444377 0.0217298359
119402848.5564662814 0.0225396821
121164836.6622702628 0.0075131942
119705691.1802039146 0.0233999815
122102242.5419932604 0.0261524994
119003648.4545226991 0.0217030907
119025964.7079822719 0.0251030841
118757411.2938992083 0.0267738834
121022164.9631473720 0.0400804562
118879763.9777585566 0.0235344409
118018472.1900055557 0.0248063035
118364188.4228991568 0.0246125358
124720188.5869116932 0.0098005740
117890050.1737762243 0.0246137446
119027891.6459572911 0.0270634833
120492279.8112168014 0.0270652487
118573175.1263349950 0.0242060737
117600310.4615245014 0.0266381380
118060283.4305978268 0.0253758039
117719630.9994748235 0.0289713651
120663901.6449712962 0.0496957220
116827472.6251794547 0.0268354894
118177714.2234582603 0.0257981325
118442965.1336994320 0.0262871597
119015220.0874171257 0.0130923220
117263883.7427036762 0.0268059534
118965460.3982723504 0.0372019451
116687018.3328248858 0.0263213513
120147881.9419225454 0.0298713585
116769049.0668774992 0.0238805731
119905531.9880040586 0.0277321216
117150838.1278135329 0.0269240434
117627769.2589409947 0.0251117552
117897295.3891867697 0.0283237174
115681371.9946960211 0.0276435085
115771407.4245249629 0.0275318937
117878509.8067358434 0.0329097738
115942453.0615255237 0.0277654514
119015637.3238208443 0.0095747554
116100865.2914053351 0.0215403155
115810401.9444575012 0.0193149028
116443881.5908909291 0.0297645991
116871156.1653104573 0.0126377067
115814792.3361571729 0.0250628660
116632721.4011517167 0.0538402769
115971279.3900274932 0.0279404996
116018178.9588240236 0.0292436335
116107222.0154741406 0.0270389917
118153236.8691503555 0.0356979629
116291405.6407892108 0.0128247717
116252305.1404516399 0.0333574501
115927085.6405775547 0.0276260741
116293831.0148994625 0.0398232259
115926624.1415242404 0.0270137332
116199345.5559070557 0.0286740456
116114981.0228577703 0.0270423934
116062695.3354441375 0.0320130835
115885626.5782905072 0.0274928526
115327971.0396085382 0.0288968980
115674912.3608260602 0.0310313489
115556612.8700528741 0.0228291625
115127796.3445532471 0.0282536019
114543573.2494692802 0.0273011811
114474132.4396885931 0.0268965489
114124830.0859153420 0.0254093601
114036024.5950210989 0.0264365522
114676241.1504142731 0.0186297879
114027878.6556322277 0.0269523099
114969755.2194781005 0.0290044173
114631592.9368185997 0.0279157143
113618510.5779336095 0.0268892038
113470493.2360041887 0.0295179189
113833167.8506349772 0.0372915729
114067676.7966606766 0.0282713069
113813449.9378215522 0.0273581975
114030911.2367151529 0.0287791942
113834860.6145635843 0.0403503386
113969586.8734963387 0.0305425996
114091852.5606254041 0.0275516887
113484020.1232740134 0.0281118358
113962710.5792532563 0.0301789211
113557494.3477887958 0.0300329430
114344320.7562750429 0.0239512593
113997042.2385686040 0.0292639559
115791513.8593457788 0.0266461874
113591276.3931183666 0.0295070847
113413489.3195165992 0.0288518292
113493287.2820675820 0.0279729620
114572373.6726296395 0.0224310614
113572567.7532334477 0.0287851347
114391071.7479867935 0.0341713891
113306194.6961222887 0.0288803387
114379690.7726965547 0.0359288121
113546361.5709050447 0.0289253465
113201282.1300236881 0.0233790995
113329128.5887789726 0.0233428115
113112375.6717200130 0.0215284087
113266516.9595677704 0.0249108051
113486434.2280275971 0.0183276997
112941378.0042037517 0.0209225059
114792682.9951857626 0.0169831530
113043702.1145542562 0.0204819435
113853028.4292241931 0.0167464649
113039353.8602905422 0.0208245322
114151338.9730068445 0.0219224945
113221684.1017184407 0.0212508299
113483307.5547579229 0.0179919207
112852998.1028358638 0.0205588724
115168285.3581351191 0.0172139869
112890869.9650971293 0.0237279168
113790731.5600600988 0.0203838760
112931298.8176653981 0.0208889069
113842774.3786134571 0.0158976991
112978987.0116622001 0.0197125343
115680207.2913585305 0.0164290329
113367317.3485453874 0.0205261405
116249329.3065828234 0.0299022129
113043417.8258011192 0.0204308866
112643694.8888073266 0.0199251141
112860095.6749945730 0.0235095681
112958190.3667803556 0.0193957904
112726685.1867108494 0.0191616113
113439896.8397836685 0.0168913633
112826812.6214666814 0.0203451171
113793939.9803718030 0.0230403192
112607782.9259577394 0.0203150546
112442272.7687307298 0.0259060771
113945522.4809307456 0.0248629535
112773260.9713810086 0.0325684252
112368550.9323570728 0.0256232701
112941757.7186225653 0.0203264553
112410822.2198352367 0.0218385433
114889289.7731779069 0.0238312315
112188740.0370061994 0.0257198174
114391935.1339784712 0.0237373305
112201080.2608341724 0.0281337437
112483897.5860435218 0.0210825905
112613211.9493520260 0.0232849554
116786879.8232534230 0.0278898073
112582187.4136682451 0.0246288019
113581736.4799562544 0.0247965146
112140797.8037562072 0.0260602306
113468146.9988333136 0.0201925706
112411958.5255168676 0.0260905387
111465976.2030740231 0.0265134010
111589125.3874333203 0.0269214255
112340780.8391533792 0.0288579828
111455925.9032797068 0.0254534234
112475356.2056436092 0.0215369319
111370162.6554354876 0.0281640536
112161515.3430500627 0.0219567459
112017904.5161685646 0.0272142441
112058927.6097652018 0.0353840653
111439822.4243450761 0.0267793773
111261992.7700756341 0.0189258377
111296553.8780083656 0.0188994547
111321794.1675508320 0.0156872371
111214021.5398282707 0.0229533408
111653618.4294695258 0.0222260864
111158859.8655822873 0.0227313509
112879314.3157382011 0.0194746342
111181055.5117673278 0.0235321070
113408582.4744406641 0.0244655713
111274421.3458269984 0.0222154077
112910056.8426581174 0.0210730929
111559348.6793317646 0.0220125130
112768795.2183449268 0.0213257735
111351253.4954768270 0.0214916265
113725307.4792233109 0.0242022021
111520286.6385746747 0.0233190545
112174231.9782101512 0.0184855884
111209867.1868571341 0.0258793479
111787541.4688264132 0.0330064021
111168359.8010655195 0.0221842829
113599498.6296942681 0.0229594403
111047556.6195449829 0.0226048642
113111102.0593082011 0.0232632202
111315929.7311303318 0.0202776439
112977128.9569665939 0.0222210833
111495731.8662364930 0.0224808042
111574114.2663911730 0.0257122235
111307667.0795859694 0.0234654186
111194824.1687447876 0.0146006482
111076760.2723318189 0.0208459531
110902547.7874652743 0.0264419215
111047004.6037193686 0.0278875192
111890215.8599729240 0.0257296416
110770402.9687804729 0.0269219628
110668765.7829994410 0.0264120230
111234589.8422963470 0.0275754738
110634271.0006086677 0.0277129801
110924924.9154646695 0.0285347669
110489619.0564740002 0.0292506819
111143741.6852613240 0.0319440784
110494166.3529545814 0.0307911600
110880215.0148610622 0.0296272380
110556994.7314638048 0.0290477854
113919097.5243799537 0.0285033156
110561796.2152510881 0.0283515765
110627148.4023334235 0.0297979895
110655070.1950480491 0.0294740656
111163748.6944054961 0.0296106568
110682672.6047040969 0.0282908723
111144935.2160099447 0.0281027822
110702938.7324720472 0.0322187448
110832091.4169950038 0.0317947819
110573965.7267830670 0.0294973576
110969349.3228367418 0.0274407032
110631967.8058325797 0.0301587746
110682905.6591242552 0.0278321911
110707450.0713548511 0.0290915053
110724018.4429238588 0.0272517776
110505787.7255293280 0.0297729930
111334318.2850938141 0.0290868911
110531068.0018128306 0.0301912406
110647932.7357318997 0.0280643637
110652996.7205241024 0.0288220704
110906629.9058288336 0.0315318648
110611704.1153933555 0.0303937083
110602801.2915382385 0.0317656696
110581888.5550267100 0.0289957579
114259117.6719448417 0.0275369802
110565270.2930943519 0.0289338770
115200624.0352379233 0.0305789670
110526568.7875869125 0.0291400973
111027789.8331594914 0.0302569939
110614739.0474372506 0.0293334247
110822630.9181756526 0.0264278235
110465771.7358395755 0.0305384743
110537857.7063052356 0.0319546617
110448266.1767136604 0.0310279851
111015002.6553352177 0.0332686912
110467071.8351653516 0.0318569419
110782644.9907288700 0.0279276021
114579338.5726031661 0.0318557236
110467216.3509346098 0.0308158503
110862743.9621988088 0.0304778499
110606910.3171126992 0.0309411253
110550171.7884087861 0.0311962182
110401171.1179755032 0.0308808025
110480883.5132741034 0.0323181697
110399159.7838124037 0.0306970482
110656866.2449301779 0.0311058059
110430130.6132053882 0.0309671360
110856780.4723136127 0.0306692370
110446291.9203459024 0.0307328885
110796275.1664258391 0.0308543180
110471368.2188266069 0.0306918482
110564370.4634051919 0.0289927732
110444009.9021811634 0.0307980847
110534198.0117765963 0.0296648232
110404584.2084035128 0.0306821694
110563416.5634111017 0.0290133545
110401603.3219280988 0.0307207681
110709837.9581952095 0.0318840550
110410011.4414460063 0.0296391745
114501974.6724257469 0.0313421871
110552330.4098824412 0.0307680915
110443951.9528027326 0.0311105412
110562609.1811328828 0.0325972637
110573110.1120980531 0.0314989383
110477534.9892104864 0.0305402603
110587875.0000188649 0.0297350456
110402440.3790393323 0.0306781199
114583557.8622465283 0.0307513285
110615594.6484734714 0.0309614519
110604634.4480100721 0.0290418503
110492692.6211308986 0.0304386845
110489168.8513510525 0.0349108767
110604243.3238928914 0.0305777295
110456724.9385850579 0.0292324187
110376255.7034912407 0.0307688258
114508172.9492880553 0.0315764410
110802590.5496207476 0.0311308909
110582160.4064339846 0.0297269870
110385699.8818310201 0.0309429827
110520400.7273341566 0.0305797298
110374308.8799903840 0.0307281745
110519267.0842447579 0.0303635987
110353511.3475669622 0.0306836047
110386915.3651524484 0.0305988558
110394287.7000923455 0.0309828454
110490236.4979469627 0.0303921620
110348452.6229339689 0.0305482174
110502712.7778607458 0.0304117056
110352146.3918738663 0.0300012781
110577316.3289112300 0.0304941945
110348086.3967244774 0.0308486190
110566021.4242897332 0.0305154481
110559078.1520963907 0.0308266422
110430867.4893535376 0.0311836220
110399446.2247971743 0.0308180271
110528684.0907736719 0.0311840536
110563954.2478623539 0.0309088237
110407888.7635063976 0.0308523957
110507443.2677086145 0.0306076116
110380070.7534016371 0.0312112230
110538302.7086106390 0.0308798364
110397576.5566020459 0.0308304090
110569335.2255484015 0.0310116429
110377521.7064706087 0.0306054832
110531150.6951431036 0.0311667187
110561856.2173184156 0.0312733134
110568303.9770491421 0.0306995773
110437761.2482715696 0.0309656241
110548748.0352873504 0.0310864474
110495292.0099052042 0.0300529292
110382795.6627669036 0.0305896191
110538281.8526531011 0.0298650238
110375436.1078286767 0.0308084963
110399014.2500348687 0.0307414657
110553315.9983678162 0.0308205098
110419739.7521204203 0.0322137366
110365579.0704462081 0.0308414540
110522150.7893731892 0.0306776584
110535175.7423398495 0.0308747056
110608366.8065267205 0.0303177565
110545675.5450117737 0.0308816227
110450490.7038287073 0.0318994628
110361290.6794145703 0.0308024271
110440514.4619770050 0.0302669014
110498918.1356609464 0.0309017524
110360140.8386941403 0.0308746495
110498499.6118004918 0.0306502107
110584014.7497937828 0.0308315982
110611069.5060399473 0.0308123256
110568972.0104171783 0.0308490538
110350383.3623227477 0.0307602560
110571282.5235242397 0.0308177284
110536166.8271561265 0.0308121735
110386193.2655354589 0.0308121739
110349435.8196646422 0.0308217691
110391668.2198746353 0.0309303404
110556464.4761758149 0.0308613410
110560437.3619015813 0.0306396778
110572575.8151012659 0.0308524526
110362509.5652731955 0.0308476882
110566219.0147908777 0.0308609389
110530970.9207116663 0.0307143043
110358315.8270282298 0.0308569140
110568166.0497030616 0.0311636960
110568514.4302339852 0.0308871779
110384385.3571672738 0.0307483215
110364369.7457867563 0.0308107088
110370558.6841470599 0.0306611787
110357329.7963066995 0.0308618650
110359177.3852169514 0.0306956760
110350528.7784578204 0.0308320626
110384290.1673183888 0.0307566134
110350646.4574574530 0.0308831021
110416763.5362705290 0.0307265209
110359880.4194211215 0.0308332387
110592524.1028348655 0.0309104372
110347734.7158505470 0.0308439952
110537846.5122997314 0.0308383213
110563425.8404715657 0.0308231635
110430423.8695627302 0.0306146239
110352014.8821507245 0.0309916257
110367417.7849807143 0.0311975940
110568665.9198190868 0.0308298226
110542798.5212994069 0.0309161658
110570427.2687294036 0.0308433071
110362356.5219129473 0.0307975659
110360247.4124741256 0.0308853247
110348420.5658341348 0.0308466683
110557603.5466169566 0.0308658460
110347400.8007396460 0.0308435610
110355047.0283372551 0.0307827250
110348408.6199504435 0.0308635116
110360318.1699230969 0.0307614924
110347445.0437725782 0.0308605408
110385231.1677946150 0.0308145311
110575009.2890139222 0.0308245116
110575398.6135098338 0.0309959192
110351743.4106729478 0.0308220630
110365202.1932830811 0.0309000418
110350403.8156019896 0.0308010586
110354836.2925568670 0.0308732381
110350437.2759606838 0.0308486685
110353867.9813174009 0.0309612551
110347461.4252987951 0.0308339680
110569372.0686117560 0.0308262168
110348793.6310094446 0.0308109745
110555747.0929845423 0.0307800341
110353432.7042591274 0.0308634027
110353833.8017081022 0.0307789167
110571757.4325967878 0.0308816701
110366996.2987784743 0.0308035014
110574080.7583429068 0.0308076839
110569456.0464609861 0.0309314512
110360340.9041517377 0.0308115048
110360118.1480236351 0.0308382121
110572422.0018962771 0.0308271282
110347195.3864790648 0.0308500268
110350012.5705394447 0.0308478333
110347597.4044751078 0.0308506452
110359106.1588462293 0.0308525573
103621801.0000000000 0.0308525573 0 0 0 0 0 0 0 0 0 0 0 0 0 1 0 