680913519.1244205236 0.0002566230
673407831.1884301901 0.0001465884
676131270.4545398951 0.0000000564
686728667.8419075012 0.0000059674
720100243.0703341961 0.0000072871
669055374.5330963135 0.0000081021
677681286.0182504654 0.0000637321
674578320.2611917257 0.0000226971
717361162.8737962246 0.0000000326
716120327.5712605715 0.0000000457
717793325.3399970531 0.0000093241
663673732.0110336542 0.0000001327
782795997.6363698244 0.0000016482
662506736.6847996712 0.0000103602
639444372.1888917685 0.0000342562
653082739.7757649422 0.0000182596
644359663.5871164799 0.0000147883
615549918.2609865665 0.0000600660
597453319.3824924231 0.0000796279
596497135.0115534067 0.0000757109
575796120.9806885719 0.0002400030
573362467.7615410089 0.0000011066
644315026.5835939646 0.0003273917
543956394.5393890142 0.0000023855
540269887.6098912954 0.0000903206
585591229.8945397139 0.0001810826
592993988.3174780607 0.0000444673
674465200.1495786905 0.0001923445
600138152.7976828814 0.0002761026
505766281.1113353372 0.0006323926
559389287.3171045780 0.0003370835
402236263.6337457895 0.0000135771
402211719.4527364373 0.0020165740
423689257.1291887760 0.0022400061
479187686.8960421085 0.0000698434
400903549.0253082514 0.0025410263
430215189.0861521363 0.0007888845
413578615.9607406259 0.0024572499
420294592.1474151015 0.0009999447
405827382.5702487230 0.0014088434
411091844.5300114751 0.0034881114
400077056.5673218369 0.0025743351
564037410.8577275276 0.0000570687
402629106.4361691475 0.0031562589
452691865.4313788414 0.0001762227
405241105.2206729054 0.0024635643
463881058.9494267702 0.0031670013
391373411.3156653643 0.0037603058
409052631.5111333728 0.0024279593
396308122.1551482081 0.0032997798
390397846.6474946737 0.0045926174
389831523.5086063147 0.0048011789
402291435.4100953341 0.0006677362
393980531.1273086071 0.0117525133
329989568.6937273741 0.0171790512
278108250.3927342892 0.0053427383
269213374.1804230213 0.0055034917
302636250.9432141185 0.0023233812
320350073.9669599533 0.0046939077
299951677.6601597071 0.0046886743
266741636.4969392717 0.0056962342
264433393.0524017811 0.0053050180
256887409.6359720230 0.0057195162
263963369.7077226937 0.0002756065
252952797.2761571109 0.0064698395
307547236.3423115015 0.0047898400
283771986.4474665523 0.0055340889
313444657.8016734719 0.0055250788
254003606.1082194448 0.0043427768
304046620.6777967811 0.0025617303
271609849.0314767361 0.0045035103
274746220.4505586028 0.0054851618
254596071.4159076512 0.0040377115
264863095.0032346249 0.0023574624
253322753.5980376601 0.0033935843
225237983.5910184383 0.0039673029
235521044.8234771192 0.0035042647
311577022.5739306211 0.0015097756
220477620.8370361328 0.0024959819
232254227.4032544196 0.0075879255
233619359.6859515011 0.0019499900
264887947.5458360910 0.0010500815
224160305.4489535689 0.0023884701
375041513.5183122158 0.0006015367
228059368.6053213477 0.0115939392
265046140.3140117228 0.0278716459
219484596.8749257326 0.0081935015
278736347.6851838231 0.0007822613
238167980.1930177808 0.0133537909
438832517.9828397632 0.0155530071
227700817.5808075070 0.0095251196
271658313.5851839781 0.0004976674
231262469.3826959133 0.0065419332
266863948.8394923806 0.0001521060
214640832.0822932422 0.0012599491
238917908.6911000907 0.0006774355
209941330.7923732102 0.0016251386
271889503.2972798347 0.0002494206
212633195.3513827920 0.0013253442
333209041.5349190235 0.0026427012
196839129.8263081610 0.0010425171
210442137.0804605484 0.0064359718
204347356.0258553326 0.0014256137
220347755.5179414451 0.0024462126
207221381.3386382461 0.0012718699
314385308.3661753535 0.0070518988
203348147.4156226814 0.0010857926
295790027.4693691730 0.0000663626
216378371.5434672534 0.0005542142
287530011.4941020012 0.0009803760
209220933.1080235541 0.0004203490
289239054.7320665121 0.0000821526
211147012.9622915089 0.0031972864
239991379.6479145885 0.0000624462
196040287.0839083195 0.0008949213
261951347.7956666648 0.0000270157
200154737.2344904840 0.0007896185
300003167.5006508231 0.0005529738
211656510.7073908150 0.0008703153
352411524.1008864641 0.0000010328
214714047.5825785995 0.0005463268
293230033.5635921955 0.0007474952
194875984.9750198126 0.0011383731
273812515.9486511350 0.0000872691
206711764.7803799808 0.0007252839
277873047.9620537162 0.0019809871
217527167.8340480924 0.0008363715
208331503.4305367172 0.0000561404
198199299.4187870622 0.0007153142
313262046.2453066111 0.0001208828
206480766.3324357271 0.0012278121
279760711.8788416982 0.0030425441
196909225.4605406821 0.0004506041
257580276.9526955485 0.0032043022
196913435.6379494965 0.0002816062
299771122.3398037553 0.0010404042
229607614.7604363859 0.0020738510
257448364.2174682915 0.0001325666
198954397.5964798927 0.0003763360
195530981.8216384649 0.0015073678
229394068.5921037793 0.0003481847
194593008.0699629486 0.0005833175
210849991.6684082747 0.0000329379
199523227.9721887410 0.0003463016
245106016.1547969580 0.0010455008
198423998.0006235540 0.0010608046
198867216.5683737695 0.0000810149
188150698.5775905550 0.0007676912
205562097.8856976628 0.0000201263
186738297.9707648754 0.0007842663
201205420.4596172571 0.0022257232
191582282.9133801460 0.0009558788
211175857.6264464557 0.0000442383
189761443.4553675354 0.0006408837
185021622.9581744671 0.0015533978
185439684.3786098659 0.0012468689
200570452.3703567684 0.0000315837
183339287.6769157648 0.0029703606
179610544.5000993907 0.0010301370
187267978.9332287908 0.0009150106
178409968.8659597933 0.0008207969
191847348.8189838529 0.0011697514
185927598.2129390538 0.0108722241
181359075.6025515795 0.0002398358
181809458.9298737347 0.0006093446
180447795.6237827837 0.0005840775
203423520.0171209872 0.0003525300
178270040.0634701550 0.0002879533
202647772.7893635631 0.0004295974
179371944.6824664176 0.0011242537
170200859.1678162515 0.0005111311
183959704.2390427291 0.0004053828
173935981.9415489435 0.0000654090
169538150.0120055079 0.0010181481
173776942.8573101759 0.0024946512
171933772.9464696348 0.0002991144
193854663.8364518583 0.0015127062
172889378.3137167096 0.0017983351
180588678.2927224040 0.0012781212
168254671.5890960693 0.0006748499
170034101.7008968592 0.0034038054
166916064.7792020440 0.0006230782
178271645.4694149792 0.0003168899
165691383.1521282494 0.0003768056
184871631.3693625629 0.0000016066
170119350.3978008330 0.0001501906
160497614.8176265061 0.0001729295
166983365.6225441992 0.0001900517
163634141.0052507222 0.0016320868
167200224.6411216259 0.0002360953
170540700.5039433539 0.0027618734
160621987.8569301963 0.0002715450
173149499.2412954271 0.0000535484
169555313.2165463269 0.0001880632
179699699.3759372532 0.0009718709
160079771.2545963824 0.0005377865
173728203.8339263201 0.0021022564
167486041.5856957138 0.0002650768
180105458.2062184811 0.0023031563
157735774.2076190710 0.0000006219
177218694.2791241407 0.0000466584
159049175.3114275634 0.0001483193
166357490.9729814827 0.0009082968
169192475.6097106934 0.0000220507
198576513.1755650938 0.0010384138
160758635.0333914757 0.0000090116
178310083.8922469318 0.0006384259
161735452.1728319824 0.0000067936
165536605.6679950356 0.0001883977
157362021.0483920276 0.0000007304
183649134.6982272565 0.0004875693
151929022.6928381324 0.0000056795
159205873.1209730208 0.0013530511
158689392.1726706326 0.0006771212
153892370.8038356006 0.0005469192
151392259.7770178616 0.0000012675
145233049.7308462262 0.0004789898
147732730.6656669676 0.0004764646
162464985.9131947160 0.0008368603
145164044.5186018646 0.0000932356
161274227.2893049419 0.0000115962
154295431.7016362548 0.0000877260
161491451.1029834747 0.0034208386
146397844.8120632470 0.0001416467
171572448.4316722155 0.0006986783
147616931.4059523344 0.0000106812
166198326.4635957181 0.0001471859
155159594.7808361053 0.0000038493
151947559.5140577853 0.0001209019
147002847.8428002596 0.0007338222
147820759.3528657854 0.0000701918
147229100.6684123278 0.0013287194
144697564.6298544407 0.0004058935
147653380.0824597478 0.0003228310
155180345.4412794411 0.0004201509
147143633.4778805971 0.0042523589
146206878.0437706113 0.0005813823
150187072.5645912290 0.0000150526
145439975.2547732890 0.0003170728
145549001.5595546365 0.0000892376
145838075.8128854632 0.0002853243
144338946.7610288858 0.0001760353
144437759.5772039890 0.0001272725
150147022.4329368472 0.0000062553
144763110.2049915195 0.0000161300
150941627.7385478020 0.0014093557
144771812.0822851062 0.0001751127
148911430.6269620359 0.0000077867
145569208.6416050196 0.0001011216
147855798.4454897940 0.0027477893
145781159.8011796176 0.0001321241
147436477.3695713580 0.0000644010
144984146.1201551259 0.0001337018
143343705.8148094416 0.0000482743
144320354.5380196869 0.0002049309
151743347.4835801125 0.0003317183
144798564.9905510247 0.0000908415
146135353.7821238339 0.0000045476
143152365.4394785464 0.0000576966
147038844.9384297132 0.0003022205
143959997.8426371515 0.0003003376
148022243.4425149858 0.0006410526
143189272.5784752071 0.0000258275
150359329.0507023633 0.0002072095
143635291.2815991044 0.0000796378
147136119.9781892598 0.0004705694
145218366.8131614327 0.0000363893
144666824.5172930956 0.0000001241
144195171.1736916602 0.0001005587
142517527.4962881207 0.0002848041
142223817.1116779149 0.0006100827
149982635.6225888431 0.0026696841
141926246.9545458257 0.0002831150
151185346.3707561195 0.0000831848
142892078.9676152170 0.0005326603
149240226.5159947276 0.0000619299
142483884.4450909793 0.0004591968
143108292.8495016992 0.0015501372
144010134.3481282294 0.0001748996
144197904.7569433451 0.0000199968
141852965.8934791982 0.0006887851
145502202.5400699973 0.0049150272
141824079.1142137647 0.0003696443
146883502.7006570399 0.0032856386
144215090.9112602472 0.0003255462
144577266.1575924158 0.0000139347
142683634.9067506194 0.0006508620
143913006.6983751059 0.0003547873
141707639.3106267154 0.0005097675
148283573.3104092181 0.0007386756
142508760.3041040897 0.0002950959
140355395.5262106657 0.0006538047
139948546.5621790886 0.0006727841
140136437.1939045489 0.0007140035
140480714.4237728119 0.0004668966
139241942.4354884326 0.0009167934
139952413.3853868246 0.0011432239
144300374.0189539790 0.0001412747
140017040.6259473264 0.0016374411
139552745.2088403106 0.0016293818
139379935.7636790276 0.0008819448
142080071.0711430907 0.0004890348
140406978.7656607330 0.0011515445
145417607.4815760255 0.0004414449
146005862.0213833451 0.0011775107
142072573.7238436341 0.0001159344
139447958.8018949330 0.0005553653
144654287.1132913828 0.0000000007
139419156.8265145421 0.0022586986
142049040.8804818094 0.0029646920
139488397.8428204954 0.0008640382
143163679.3223239779 0.0075532251
139617535.6207359433 0.0009493216
143504017.3891483247 0.0001444490
139373365.6982412040 0.0004969303
142146962.2537705302 0.0009872865
140349915.5032736957 0.0011713027
142272398.6713365018 0.0028146338
139462269.0084303916 0.0012049973
140609959.0013013780 0.0011247392
139834344.8462178707 0.0013481424
139365748.4577568769 0.0006552011
140397097.0145282149 0.0012922432
141290313.0086988807 0.0030362452
140470139.9650072157 0.0006382088
142853350.7737014890 0.0047591324
140174721.1385964453 0.0006883968
144704331.7960431278 0.0002058040
140277645.3767078817 0.0011101280
145281505.0430925786 0.0004575964
139406750.5264569521 0.0007868214
139492815.9661459327 0.0016273188
139533048.6472113431 0.0011967883
141884536.7335995734 0.0008268820
140323063.0260302722 0.0007636736
142744236.6938710511 0.0010138123
140790286.2492997646 0.0008297096
141236631.0636323094 0.0010329992
140516036.2982586622 0.0006978769
143487482.2833487093 0.0022511094
139847141.5853124261 0.0008186233
142197544.0450254083 0.0047585759
140447567.3629360497 0.0011441328
140413161.1798819900 0.0011562402
139624101.0853259265 0.0008871167
139536851.2798423767 0.0005005012
140476479.1022236943 0.0014663370
142269585.8458026946 0.0060841874
140072076.8031586707 0.0014898365
141827631.7761318088 0.0002820187
139369628.5287005305 0.0013485575
139337763.2884121537 0.0010627317
140781558.6319931448 0.0011042992
140592530.3871196210 0.0009136888
140268404.7835302651 0.0009095949
139313844.6858173907 0.0006324820
139620860.3614719808 0.0008389560
140930126.6616528332 0.0012871834
140428913.3128199577 0.0006968932
140804545.3704868853 0.0009278158
139400226.3256250620 0.0003448628
139332005.9959116578 0.0008941890
139983149.6418228447 0.0007007548
139323387.6403308213 0.0008064206
139658890.3727978766 0.0010443004
140871488.6144415438 0.0010316252
139624018.6269140840 0.0009686463
139488364.6041306257 0.0008986078
139822500.6115981638 0.0005479769
139354299.1953557134 0.0008548910
139425887.5034728050 0.0006850107
140600553.2118823230 0.0009023820
139270976.8089150786 0.0006587439
139497969.8256480396 0.0008220775
139299741.3799248040 0.0007083726
140635879.2802436650 0.0009521567
139871461.4053243697 0.0007176364
140620277.3403934836 0.0008761105
140424664.3045684993 0.0007203506
140853454.4393654764 0.0007597949
139544077.8456048369 0.0019101371
140709322.6837104857 0.0009325460
140265667.4770676792 0.0007702615
140629125.6817623973 0.0009587949
139826372.8132837713 0.0012968483
140831695.1113040447 0.0009161916
140556913.3228055835 0.0006476879
139355946.0461746156 0.0009668408
140692216.0789561272 0.0012629605
139467937.2558860779 0.0010296200
140735914.5778604448 0.0013640432
140552057.8873122036 0.0009238883
139781725.5977435410 0.0012882300
140570317.5477817357 0.0009152241
140148366.4087502062 0.0009447258
140252648.6380233169 0.0009240172
140374244.5050026774 0.0008922186
139609752.5269419849 0.0008319866
140823281.0175584853 0.0009034047
139482074.2442148924 0.0009727244
140830830.4369615018 0.0009200014
141053966.5585884154 0.0008409705
139262317.9706898928 0.0009396950
139315705.3403486311 0.0009644072
140812583.6170804799 0.0009226862
139308448.7750316858 0.0010156628
139282882.9885208905 0.0009295031
140769484.3592137396 0.0011661783
139388134.0551753640 0.0008986369
140045599.9516188502 0.0008758705
139261252.3764436543 0.0008493241
140689178.7077171504 0.0008896429
139307150.1964999735 0.0008564143
140724778.9885762036 0.0006506577
139257308.3123656213 0.0008384626
140617055.3469899297 0.0011806456
140717048.3758390546 0.0009769805
139568635.7582319081 0.0008365962
140723341.1993398368 0.0009019596
140215153.7486103475 0.0011137050
139324585.3827685118 0.0008905347
139472601.1359748542 0.0011227886
139339383.0830271840 0.0008925583
140149108.3413552642 0.0010089385
139357781.8975409567 0.0009222734
139364481.1458655298 0.0009272994
140598784.8214545846 0.0009142785
139773246.2461593449 0.0008330343
139321742.1671889424 0.0010287018
140848249.5150900483 0.0009166211
139367545.9805718362 0.0009760149
139288167.4174825847 0.0009196068
140808497.0869193375 0.0009064620
140882797.3814668059 0.0009933154
140692309.4447463155 0.0009165056
140863243.1055197418 0.0009089989
140755452.1841133535 0.0007697832
140848501.0759696662 0.0009014417
139389103.7419105470 0.0011169881
140851612.0855081677 0.0009263111
139251354.7164869010 0.0008669826
140832574.2789577842 0.0009180616
139264842.6994608045 0.0008308388
139282646.8813855648 0.0009294456
140874167.9026626945 0.0008519882
139366358.7450132370 0.0008830687
140870267.7182274461 0.0010344107
140809425.3584285378 0.0009222164
139641187.1283785701 0.0008601729
139247918.7161590457 0.0009171243
140718747.5645473599 0.0009558200
139280704.9233955145 0.0009142466
140685430.1766970456 0.0009795195
140833220.4465928674 0.0009143681
139358204.2418672442 0.0009976612
140731866.1171357036 0.0009154632
140806068.2697213888 0.0009850360
140719355.0490397215 0.0009340168
140862905.4727906585 0.0009160847
139381106.6628940403 0.0009348183
140872996.7601487935 0.0009228234
139246346.6233643591 0.0009449779
139245581.5634957254 0.0009180308
139319980.7464889288 0.0008821197
140868351.0309629142 0.0009208678
139309213.8169330359 0.0009006673
139242152.4495841563 0.0009013770
139351201.9191292226 0.0008109944
139249704.5204538703 0.0009107830
139257973.0795938373 0.0009293428
140846849.3260636926 0.0009154733
139343670.8950194716 0.0009546443
140857032.4760226309 0.0009175434
139285269.2874623537 0.0009306184
139254988.5027027428 0.0009150927
139287746.9763518572 0.0008782967
139257428.7854092121 0.0009278671
140875233.5662449002 0.0009435960
140862915.1593220830 0.0009189443
140882247.6350827813 0.0008611042
139276294.4192770422 0.0009232653
139250391.4734220803 0.0008666057
139244360.1384528577 0.0009257821
140853107.3490795791 0.0009342073
140864032.1580829024 0.0009223991
140841315.0860293806 0.0009098436
139329452.4954035878 0.0008986385
139331494.6917040348 0.0009539830
140859926.5504066348 0.0009091108
140865301.1826722622 0.0009490239
140768415.8495036662 0.0009203560
140884953.2969392836 0.0008828288
139260698.0834404826 0.0009152842
140851685.4058220387 0.0009201755
140866063.2257238626 0.0009145339
139319125.5484816134 0.0009418829
139271577.0692010820 0.0009184119
139250010.6363798380 0.0009294641
139259530.9414533079 0.0009342762
140781799.2873756886 0.0008890500
139243260.8999275267 0.0009172799
139272747.5323160291 0.0009105057
139246329.6438048482 0.0009009188
139245756.7510195076 0.0009240743
139257236.4964165986 0.0009003780
139271457.7586534023 0.0009239624
139244372.8548983634 0.0009170291
139252683.9202364385 0.0009512204
139245937.9158101082 0.0009175267
140856141.3197118044 0.0009341243
140880416.1926985085 0.0009170932
139275991.8971006274 0.0009130342
139241319.2642748058 0.0009300653
139279623.3034521639 0.0009168988
139388808.4017350376 0.0009398016
140876222.5077598095 0.0009262426
140878671.2173642814 0.0009313386
140852154.2922192216 0.0009237383
139251843.8281346560 0.0009301797
139253623.9606485963 0.0009258786
139245062.0906960666 0.0009342670
140869821.7711641192 0.0009327924
139248196.8628689349 0.0009250071
139283566.3889859915 0.0009259986
140871542.2873099446 0.0009302352
140844915.4929891527 0.0009242189
139241256.9548225701 0.0009297808
139270834.0698163211 0.0009322112
140876830.8643189073 0.0009299603
140880532.5938073993 0.0009302777
139248270.2106430233 0.0009320355
139308640.6467125714 0.0009216761
139248754.5206905603 0.0009307782
139251481.6612701118 0.0009357298
140876361.9923433065 0.0009299681
139261465.3836516738 0.0009315023
140880802.5911748409 0.0009279939
140877603.0127903819 0.0009366967
139244485.5726265609 0.0009286348
139255321.3010153174 0.0009392788
139257549.7815568447 0.0009317700
139248155.5674702823 0.0009243003
140871412.9299328625 0.0009265649
139254116.4562842250 0.0009337317
140869381.0585229993 0.0009297865
139292838.7640040219 0.0009313034
139241312.1927428246 0.0009298361
140862034.2160134912 0.0009202972
140878287.3344007134 0.0009301170
140841072.3322519660 0.0009255631
139252007.1893345416 0.0009307894
139241494.9233615100 0.0009283072
139249365.9334849715 0.0009351852
139241861.7603943944 0.0009307217
139241821.9770618081 0.0009283178
139241207.2279557586 0.0009282553
139243022.9221803248 0.0009274903
140879715.1533761919 0.0009288324
139268106.3000360429 0.0009271480
139242798.2160776854 0.0009300992
139267901.9863831997 0.0009252369
139244481.9571503401 0.0009299767
139241483.6763875782 0.0009311406
139247465.1158736050 0.0009276648
139260538.1672726274 0.0009219920
139250331.7074132562 0.0009280783
140869631.8132488728 0.0009335005
140872026.8023735881 0.0009279498
139263521.8516127765 0.0009281771
139245207.9754168093 0.0009292559
140876519.8159420192 0.0009269117
140879704.8730165660 0.0009280114
139257097.5348821878 0.0009245627
139247143.1851832569 0.0009294418
139243346.0724643171 0.0009293339
139242212.2302747369 0.0009301980
139242000.2349031270 0.0009237937
140878351.8341496587 0.0009303733
140876518.1804352999 0.0009285028
139248969.5050923824 0.0009278159
139242051.6286911964 0.0009283540
139250965.8044078350 0.0009257822
139241823.0029757917 0.0009278377
139251130.3522785008 0.0009289178
139241999.4657910168 0.0009283079
140878220.4233528376 0.0009293353
140879984.6879832447 0.0009286691
139248069.5875021815 0.0009286976
139242690.6875778139 0.0009290940
139243761.4073694348 0.0009214176
140879174.3671350777 0.0009290605
139241480.0036793351 0.0009283924
139242622.2833409607 0.0009280630
139251942.6592321694 0.0009246015
139244502.3244868815 0.0009273155
139246451.6765647531 0.0009260058
140879503.9645163715 0.0009255937
139242877.6908775270 0.0009298317
139243404.8922162950 0.0009290432
139243608.0115694106 0.0009246165
139242209.0255890191 0.0009284615
140880756.5418689251 0.0009302748
139241997.5901013315 0.0009265240
139241315.9067988098 0.0009280255
139241328.3582144976 0.0009281905
139241802.8140334785 0.0009277980
139243019.5146681368 0.0009265255
140880478.8721992671 0.0009283679
139242869.5621532500 0.0009266862
139242777.3540799618 0.0009281044
140880535.0045343041 0.0009291398
139241374.6400551200 0.0009287201
140880414.5498172343 0.0009272502
140880207.6392333210 0.0009278036
139245431.0897617042 0.0009292902
139241946.0772936344 0.0009283442
140880017.3508051932 0.0009279654
140880388.7944217920 0.0009279249
139243365.3044498563 0.0009312813
139241377.8545817733 0.0009286165
139241819.4212157130 0.0009279927
140879508.3798172474 0.0009283002
139247298.2175083756 0.0009280522
140878701.9893547893 0.0009280582
140879826.7185466588 0.0009281568
140880563.6573716998 0.0009285598
139245318.1049664021 0.0009272590
139241770.7976225019 0.0009282702
139243131.5732670724 0.0009286453
139241825.4300667346 0.0009280297
139242368.7745776772 0.0009284413
139241941.1690542400 0.0009281544
139240933.4437164962 0.0009266484
139241060.6692208648 0.0009267709
140878026.6927065849 0.0009265389
140880303.0504714847 0.0009266446
139242276.6509788036 0.0009271302
140880165.4979751110 0.0009266524
140879376.7491328418 0.0009260376
139242298.2656543851 0.0009265667
139241503.8602025211 0.0009259700
140880278.3648302257 0.0009268657
140880615.6849120557 0.0009269885
139240921.4501781166 0.0009265624
139241660.9695864916 0.0009264588
140880256.2976061702 0.0009265133
139243622.0500277877 0.0009277033
139241015.6743454933 0.0009267521
139241130.7954736948 0.0009261896
139241481.9486193359 0.0009265526
139242113.4623195231 0.0009260014
140880350.0621638000 0.0009265354
139247056.9359889925 0.0009261120
139240898.9695968926 0.0009261516
140878848.0960232317 0.0009270664
139241312.6351946592 0.0009261649
139245432.8232967257 0.0009252408
139241016.4722650349 0.0009262063
139242323.3672685325 0.0009270540
139240978.6354711056 0.0009260619
140879798.0964169502 0.0009254519
139241202.5764109492 0.0009261978
140880762.2696647942 0.0009261778
140880129.3165607452 0.0009261372
139242546.6753562987 0.0009254417
140880539.1383849382 0.0009261472
139242450.5750476420 0.0009268888
140880223.5672418475 0.0009258204
139240914.0128438473 0.0009261467
139240992.5504872799 0.0009257341
140880388.5744720101 0.0009261295
140880358.0592938364 0.0009261265
139241019.6199459434 0.0009261533
139240997.0689015090 0.0009264193
139241200.1610817909 0.0009261131
140879345.2492674291 0.0009260195
140880305.4226812124 0.0009261134
139241158.3758996725 0.0009264176
140880065.9097715020 0.0009260711
140880061.1762265861 0.0009263427
139240975.7767717838 0.0009260679
139240996.1457504034 0.0009262461
140880059.3868567646 0.0009258585
140880289.1043317914 0.0009262311
140880345.4369168878 0.0009261615
139241120.2850126624 0.0009266292
140880306.7336952388 0.0009262140
139242661.5313511491 0.0009262514
139240903.3115684390 0.0009260954
139241711.2720967829 0.0009268365
139241460.6527479887 0.0009259247
139240979.5062929392 0.0009261688
140880315.9631027281 0.0009261890
139241892.1106583774 0.0009266354
139240939.1150698960 0.0009261749
139241393.6295439601 0.0009255205
140880372.7946892977 0.0009261358
140879682.0470813215 0.0009262418
139241253.5882458687 0.0009261482
139241948.8420589566 0.0009263039
139241260.2641418278 0.0009261069
139241200.3260825872 0.0009256914
139240989.7992167473 0.0009261535
139241304.9732311368 0.0009261998
140880256.2193937004 0.0009261506
139241402.2048156261 0.0009261564
139241188.8294652700 0.0009261733
140880170.0419339836 0.0009261462
140880415.4497718513 0.0009262413
139241002.1428358257 0.0009261280
139241618.8628162444 0.0009263869
134878935.0000000000 0.0009263869 0 0 0 0 0 0 0 0 0 1 0 0 0 0 0 