560711041.7672225237 0.0000009890
538739562.7551966906 0.0000003415
539728133.7290834188 0.0000000584
589370582.7774347067 0.0000000015
575183844.2763843536 0.0000000969
615173682.5924302340 0.0000000164
547852713.0994907618 0.0000000007
540085316.4481836557 0.0000012535
587418206.3340307474 0.0000000025
581617306.7476116419 0.0000000007
545774772.5351742506 0.0000004952
524983917.4662231207 0.0000000479
621306968.1616451740 0.0000000568
521781134.0666623116 0.0000004368
525222700.6112390757 0.0000018952
586924685.6120523214 0.0001935371
581327212.6162360907 0.0000006503
469187014.2387640476 0.0000005469
426738341.1241605878 0.0000007400
442116069.3842509389 0.0000034095
416410018.5650221705 0.0000063798
413998480.8588782549 0.0000073057
490702553.5418087840 0.0000011308
391144636.2447343469 0.0000094971
384800851.9166626930 0.0000097491
415512238.9665254354 0.0000011239
417076089.8398972750 0.0000022330
453705567.3832292557 0.0000018713
477194940.8845732212 0.0000001892
443317973.2346751094 0.0000009687
448320933.4043363929 0.0043196814
332853676.1932612062 0.0029204325
304032122.6956673265 0.0084373972
305055245.2602969408 0.0079182634
315907984.8446868062 0.0170476232
302975544.9811421037 0.0097685937
374154312.9117100835 0.0029355358
305041074.5526864529 0.0081090121
335400327.0291562080 0.0071668994
302110079.1229160428 0.0095693569
359508264.4744042158 0.0045372942
304062174.9429879189 0.0077651754
324225866.1835317612 0.0084150740
308633647.3502408266 0.0087192685
268128662.8952864408 0.0006438915
268083357.4311656654 0.0006296656
290409064.8276671767 0.0002171123
282271091.6479499340 0.0005755493
269345545.3264564872 0.0002689141
270530004.4656553864 0.0005478065
233679638.9161666930 0.0005718163
233971006.8207437098 0.0005764981
297430740.4561826587 0.0000003299
255471162.3551563919 0.0004743819
221559616.3682952225 0.0004688245
232439302.4375276566 0.0004694480
197037498.1371769905 0.0002490557
197121862.4712022543 0.0000847241
199399883.3700929582 0.0178797910
199865842.0072428882 0.0002172620
228687417.5240229666 0.0007775246
206658402.2999774814 0.0000889543
203264541.2285055816 0.0079614751
192236648.3342079520 0.0002881625
201613768.2379455566 0.0015628402
208349471.2193486392 0.0000001781
175191532.6406884193 0.0023155073
177901881.7413928211 0.0063650763
208131296.1114323437 0.0003698058
178621639.2308090031 0.0024431840
242303677.8444828093 0.0025494147
181348205.8211417496 0.0024472033
174819520.0070431530 0.0014088259
178983205.0995475352 0.0014350417
206198691.3701085746 0.0003800746
179735368.0284276605 0.0016832008
243764273.7520829439 0.0358208047
169492149.6082322598 0.0021553663
309593285.7929781675 0.0000516328
181987694.7334238589 0.0025083353
260715473.2850729823 0.0005097379
183760675.5494407415 0.0021047937
172494388.7591630816 0.0003691444
168816840.5819688439 0.0019768471
182975633.7880412936 0.0001808939
172802897.3320325017 0.0008633961
192796308.9122150838 0.0009563330
191538265.7703797519 0.0024849770
219088971.2440355122 0.0004583312
176503174.7325085998 0.0012854161
220762570.5727676153 0.0055118784
174168588.3695470691 0.0019400686
171973991.0319008529 0.0016363777
171557247.7141394615 0.0025531208
252400188.8133658767 0.0027401957
172165848.4160996079 0.0002267905
189126373.2582761049 0.0001942248
174111727.1681726277 0.0035675136
216424742.8867971301 0.0000246871
188641923.9874072969 0.0043363625
230479384.1643941402 0.0000050207
172240174.5657397509 0.0000511431
176758399.0465075076 0.0001380112
175627282.7218471467 0.0023860591
239030674.3480628431 0.0000572668
170679366.4583981335 0.0027406092
225065438.8092458546 0.0002404570
175287501.6393120289 0.0020288364
223516718.5904158652 0.0003082263
170812865.0715428889 0.0053389348
241605876.7150182128 0.0000377141
177834787.8252643049 0.0002108425
224110323.2678796351 0.0003261723
173016433.1902518272 0.0013947662
222757577.2085447013 0.0002747977
180136051.8401866257 0.0036701897
208793903.6078904271 0.0003591234
170795315.7321953475 0.0011023490
169823768.0337199271 0.0019236484
175720896.1632306874 0.0103028118
178421675.6489562392 0.0013975972
171836713.1339789331 0.0002200056
169656278.8023500443 0.0019605934
171965278.5971095264 0.0023828959
168930463.7574640214 0.0014840448
171039953.1824282110 0.0010608917
177046175.9035944343 0.0012983461
173633936.2649484873 0.0020791906
173409829.8769479990 0.0015058192
171272847.8307985365 0.0022003418
174915668.1663464010 0.0006890098
170144204.3681859076 0.0019127850
170430574.5685860217 0.0021543591
174072866.6041218340 0.0021356536
172839711.4284557104 0.0004968521
168250231.5790715814 0.0015775849
173733143.1537217200 0.0020598179
169424524.2836019397 0.0015301660
175121520.7833631635 0.0010061505
171584174.4662758708 0.0016577365
187444506.2786984146 0.0011523399
171888833.9279449284 0.0015574237
172642359.2221867740 0.0013626350
171987378.6406316459 0.0030915944
175885453.5559653938 0.0028788733
171387951.6901635826 0.0012004169
173446607.4890406132 0.0012369449
170692796.3107781112 0.0018745043
175898637.7297651768 0.0003940742
173253719.5535640717 0.0017246636
177805212.1835447848 0.0009382999
170633300.7317257226 0.0021960257
182502575.4340584874 0.0027944817
170289752.1668491364 0.0018152693
176941027.8717644215 0.0022757396
172353547.2338677347 0.0013116997
172652244.2950575948 0.0004435527
169247805.7062081695 0.0012832292
175924601.9285452068 0.0018669531
169689713.3801436722 0.0018136259
170805940.8820229769 0.0018257437
169388582.3247779906 0.0015899483
180812958.5402034521 0.0011612388
167869040.3151644170 0.0016050083
174840826.9063467383 0.0007345114
169080079.2049939334 0.0016091887
174841989.8178600371 0.0011124328
169350744.1604506671 0.0021310997
170890516.3989320993 0.0024017304
171646160.2519285083 0.0014096073
174529118.8219912648 0.0021210100
167610079.8449194729 0.0010271236
171833675.1569697857 0.0005579757
168891485.9994525015 0.0011818363
183906449.9715196788 0.0005588729
168862050.7785720527 0.0011483212
171339885.9700441360 0.0006767384
172602733.0021941960 0.0013057731
168097210.4580131769 0.0010775268
171867710.0826383829 0.0015966196
167589222.8094698489 0.0011716736
170229634.5627498925 0.0009619682
169724893.8615888655 0.0011185688
167448882.8865820765 0.0014529077
166666466.9524107575 0.0013233665
172951222.3708654642 0.0015903330
166667354.0879639983 0.0012878002
172686373.8066094220 0.0014647137
167173670.5606751144 0.0013040593
170286351.0347759724 0.0009058527
171104990.1319932342 0.0013061829
167936219.6043174565 0.0020209196
166794723.0996377766 0.0013079866
169489756.6197032332 0.0012555949
167094685.8110200167 0.0011604904
177870385.9528559446 0.0008756212
166514863.0678122342 0.0012455826
168963785.4621371627 0.0012487186
166652142.1768040061 0.0013123973
169251908.6985401213 0.0009687121
167204070.5428844094 0.0013643293
171258692.1021234989 0.0007656725
170480529.8201858699 0.0012050450
167320727.4189341664 0.0021489647
167273826.9323554039 0.0012976872
169495428.5202309191 0.0027336326
168002436.2690437734 0.0013428247
171614210.1581718326 0.0008959887
170410384.8468661904 0.0016149602
175690765.8609049320 0.0008248778
167075496.7205166817 0.0011590629
167927214.7138454318 0.0013111150
168662696.4892706275 0.0012094196
167101758.2593306303 0.0010039882
167564664.1215374172 0.0012290739
170586180.2565505207 0.0014315185
167070422.8052699864 0.0012713054
175852278.6472575665 0.0007236606
167302229.6128339171 0.0012427212
169783789.0447740555 0.0021294498
167803058.6518144011 0.0012690929
175981345.4317821562 0.0008376345
167601675.0855071545 0.0010136424
169901670.7737211585 0.0014930941
172651484.7553367317 0.0012736417
176522872.3199553192 0.0008572499
166443186.5152962208 0.0014118976
173183462.4008446336 0.0011626306
166680548.5710048974 0.0014286302
169613713.7280978560 0.0018414394
167147208.0541686714 0.0014294183
175667245.7494756281 0.0010910537
167418696.0892198086 0.0014140836
168551006.3173877895 0.0015457402
170624309.8427593410 0.0016457701
165799609.8432180285 0.0015715635
166452291.8671617806 0.0015821142
173692648.0015081763 0.0017330549
166001431.3155924678 0.0015913091
168295124.6622750461 0.0012807030
166429079.7079411149 0.0016377456
168962027.0570456386 0.0017617690
168929574.9894916117 0.0013368980
169582390.6394382715 0.0025246152
169901973.2828911543 0.0015809677
167194949.1907433569 0.0017898605
166599958.2827949524 0.0013683333
167747323.4243820012 0.0013680698
171088958.2005907595 0.0014139368
166100478.8920911252 0.0017395143
166786973.4023795724 0.0016683119
166190350.5413864851 0.0015575508
168017970.8315996230 0.0013999626
166289231.9003566802 0.0015969437
168207399.9101341963 0.0018249915
166176477.8850390315 0.0015376838
167409990.9680050611 0.0021414899
166208670.8004955649 0.0014502732
170971644.8200426996 0.0014134918
166043389.2934642136 0.0015102267
171110262.3852204680 0.0014790618
166085717.8920595050 0.0015715222
166234844.6812033057 0.0013798078
166232656.0474884510 0.0015507685
166267205.3883393705 0.0016116499
166307076.5487843454 0.0015525909
168036800.7384752035 0.0017077058
166791175.4645318985 0.0014446770
165311262.7056443393 0.0018580911
164419944.2763163447 0.0017879128
167734541.8142516911 0.0018467156
165406197.3422963023 0.0017795527
164728133.5564929545 0.0017888941
165521308.1034819186 0.0018629451
167963924.3195306659 0.0021126989
164893357.0364785194 0.0018368997
166919429.7502436042 0.0015265401
164873521.5741480589 0.0017055692
168289893.3422387838 0.0017594153
164456678.4505356550 0.0018346063
168581987.7593819499 0.0016956163
164986970.1050545871 0.0018428009
167751477.2336188257 0.0016991489
164596995.9966460168 0.0018062581
166131005.1967296600 0.0019027197
164521242.3247297704 0.0018749888
169997448.8993883729 0.0021791331
165051582.2128591537 0.0017553496
166621233.5165565908 0.0019726217
165193177.5679675043 0.0018063941
165976203.2041108012 0.0013801548
164617038.0650053322 0.0018203072
166037714.0542842746 0.0018349434
164978137.1478713453 0.0017252467
167767520.0791659951 0.0013775340
165005440.8184706867 0.0016773727
166482393.8470477462 0.0020980762
164880123.1660320461 0.0017735016
166285235.1626285315 0.0017288081
164704739.7638303936 0.0018205507
166834989.7661127150 0.0021035493
164307443.8069213033 0.0017766369
166829268.7505081296 0.0020980652
164937539.0514558852 0.0017900668
166215463.1460012197 0.0018475563
164932329.3351385891 0.0018624017
164311474.7500568628 0.0017165464
164537291.0071381927 0.0017169022
167832625.5805726051 0.0014142816
165312057.4042796195 0.0018093650
164661894.1315624118 0.0014666829
164906369.6572237909 0.0017723037
164471470.0501804948 0.0014441406
164567036.1288938224 0.0018040293
165819773.4057633579 0.0017933176
164565174.1000607014 0.0016813628
165820777.6582247019 0.0016571628
165119378.3965786099 0.0017256670
166045548.8141337931 0.0022369502
164627832.7992026210 0.0018212538
166993161.5613398552 0.0015530936
164967425.4455127418 0.0018653346
164635040.0253837705 0.0022168825
164769982.1006825864 0.0017343638
169463848.9446543455 0.0021734278
164458254.8896060288 0.0017786107
169523478.5948240161 0.0021681176
166972466.3035361171 0.0019656980
165378274.0051912069 0.0017972081
165766369.8308247626 0.0015809903
165136562.4907778502 0.0017410323
168796743.0636617541 0.0015887165
165173362.1014779806 0.0017789097
164753313.1330269873 0.0019086625
164489696.6606496871 0.0017337644
169166910.6312049627 0.0019176728
164293178.0678964853 0.0017602808
166689533.8603668511 0.0017876595
164646480.0466910303 0.0017444285
165150890.4894289076 0.0015888156
164522178.3512469232 0.0017781087
164879616.3112781942 0.0018495148
164728285.7474794984 0.0017774958
165870348.2654722035 0.0017465444
164960305.1239754856 0.0017244364
165032084.5062365830 0.0018251408
164508353.6480272114 0.0017682439
165080192.7521523237 0.0018178131
164772940.5055307448 0.0018074286
164241916.4507681429 0.0017555808
164734670.5906805694 0.0017617686
164375713.4331427515 0.0017472805
164518893.4483563900 0.0017550662
164207462.2395811677 0.0017344315
164702220.8334408402 0.0017647889
165148615.8928024471 0.0017628539
164614932.5528517663 0.0018141378
164896609.5792286694 0.0017368214
164832995.9161631763 0.0016184373
164856140.1127304733 0.0017277552
165270944.5015636683 0.0016667382
164276360.2332833707 0.0017390006
165947250.2935069203 0.0017976577
164942670.2600667775 0.0017332675
164701935.7019509971 0.0015811003
164351102.1856652498 0.0017356665
165199154.1118922532 0.0018340199
164398748.2457631528 0.0017455917
165512624.8805747926 0.0017110425
164261137.2661649585 0.0017418627
164606530.4066251814 0.0017583817
164257601.6762332022 0.0017470650
164742792.1507149935 0.0017444109
165229515.5666847527 0.0017091009
169028452.0837680101 0.0017316134
164202102.5271469057 0.0017321075
165134568.5390753746 0.0017705269
164929063.1676837802 0.0017150898
165132923.8740457594 0.0017996071
165037825.4587442279 0.0017210022
165148871.2171631753 0.0016463214
165129087.2225479484 0.0017529941
164829578.6559877992 0.0017003022
165048435.5582433641 0.0017482683
165097075.3970296383 0.0017583662
164390488.1042912900 0.0017557295
164933223.7150163054 0.0017005369
164987649.8661171794 0.0017342472
165004511.2462046146 0.0016671042
165156438.9127270281 0.0017274382
164621450.6029786468 0.0017092703
165110856.7745228112 0.0017144654
164497417.3528138995 0.0017422016
164246803.4222646952 0.0017456746
164491624.9385031164 0.0017129801
165215485.0511622727 0.0017508902
169322694.1245259643 0.0017503856
165075611.1473254263 0.0017261281
164201426.7389872074 0.0017230858
164946008.9010730982 0.0017346774
164350012.9746509492 0.0017235004
164992288.2944065630 0.0017098769
164205887.8181812763 0.0017286161
164685988.0133146048 0.0016968007
165182594.0642702281 0.0017156414
164267593.8799455166 0.0017669580
165140784.3650879860 0.0017137628
164269069.3355397582 0.0017315394
164333721.4975094497 0.0017405690
164664860.7074442208 0.0017025390
164346189.8830585778 0.0017233651
164583432.2287687063 0.0016751503
165070301.0760268569 0.0017328250
164299356.6929802597 0.0017061072
164342381.5279540420 0.0017089013
164528511.0198772252 0.0017246519
164281876.5855327547 0.0017311603
164647070.7896522284 0.0017369688
164262286.9679895043 0.0017282668
164321454.9591163397 0.0017740933
164208274.6699070632 0.0017372181
165063837.5259247720 0.0016968152
164995248.9399957061 0.0017239265
164688225.5110387504 0.0017939958
164260359.5077742040 0.0017128786
164430102.6470050514 0.0016560836
165070025.6523955464 0.0017206037
165182211.8218812644 0.0017416119
164297778.3628339171 0.0017264471
164811683.7079231143 0.0016953991
165023297.1112383008 0.0017340190
164453945.4664715230 0.0017100408
164232388.0719911456 0.0017262754
164171408.5209054947 0.0017327692
165205629.3008773327 0.0017291218
164955762.6359859705 0.0017198851
164221642.5758323371 0.0017350581
164759599.8250555992 0.0017481562
165088609.9105501175 0.0017298655
164423727.3222542107 0.0017342536
164176747.4597359598 0.0017300216
164727643.6944873631 0.0017309192
164316723.1420935988 0.0017418508
164894515.2757324874 0.0017346899
165154538.9035488665 0.0017306042
165081480.5501447022 0.0017520954
164124325.7511628568 0.0017245749
164123164.1408494413 0.0017195923
165110132.6249511540 0.0017070615
165016041.7239484191 0.0017185512
164224416.7734237313 0.0017199090
164633740.2997412682 0.0017474799
165073066.4099845290 0.0017086231
164832076.7996558845 0.0017589498
164116649.0829857588 0.0017172899
164976285.5273249149 0.0017252182
164248012.0084477067 0.0017128581
164150515.0247029662 0.0017122523
164253312.5702095032 0.0017020616
164706447.1791021824 0.0016674222
164209963.9514839351 0.0017058450
164474271.8519162536 0.0017433102
165024367.7049500048 0.0017111241
164272027.9783027172 0.0017705495
164156331.1148490310 0.0017040821
164769718.4022724628 0.0017142617
164259647.8005786538 0.0017223355
164975630.5974076092 0.0016988370
165042353.6661971807 0.0017133513
165137211.3756011426 0.0017075081
164284820.4321358800 0.0017204486
165069721.9053839147 0.0016755581
164123438.8134218454 0.0017196942
164550035.1447116733 0.0016944341
164134157.0365416706 0.0017211049
164483574.0614533424 0.0016643972
164218786.3663397729 0.0016974240
164875344.8339880705 0.0017583308
165103132.5835360289 0.0017241759
164538669.1054336429 0.0017321193
164117871.8256018460 0.0017150234
164981319.0406063497 0.0017210198
164146384.9810169637 0.0017226487
164873557.0505795479 0.0017352797
164835627.9721677005 0.0017360361
164255750.1961468160 0.0017221866
164114439.4971425831 0.0017200554
164182133.5833636224 0.0017375346
165149379.2259542942 0.0017199540
164145872.9916365445 0.0017068313
165138063.0518276393 0.0017181576
164170870.0946611166 0.0017101203
164116596.7770968378 0.0017203337
165155040.3922480941 0.0017406285
165108549.9969399273 0.0017253882
165055114.7833250165 0.0017109427
164168168.4329154193 0.0017213168
164352527.8887682855 0.0017213041
164147660.2250174880 0.0017230882
164187650.7708798945 0.0017171227
164136022.6557880938 0.0017183340
165086276.4639117122 0.0017309433
164143726.5702592134 0.0017226922
164977840.9147086442 0.0017218355
164147289.7448981106 0.0017170818
165011700.4489911199 0.0017247080
165150125.7829855680 0.0017128826
164116738.0826861560 0.0017186692
165072645.1238399446 0.0017113958
164118185.1965020299 0.0017163214
164381193.3467754424 0.0017166515
164123311.4330320954 0.0017172910
165152936.5104904175 0.0017251651
164159985.9277740121 0.0017227767
164138430.7711893320 0.0017268710
165138491.6955202222 0.0017197759
164235873.8135750294 0.0017232972
164118243.3285067379 0.0017177947
164192197.3996676505 0.0017158164
164157445.9997165203 0.0017219142
165167001.2600051761 0.0017351193
164133008.2758569717 0.0017212273
165067578.6165604591 0.0017200667
164128405.9216145873 0.0017173775
165156644.8506115377 0.0017149608
164127428.2637967467 0.0017236083
165142037.5208992064 0.0017224264
164111666.2879101932 0.0017239703
165127839.5092163682 0.0017231933
164156357.4542498887 0.0017233985
164371581.1451964080 0.0017237829
164136513.1586986780 0.0017262254
165155439.2941884100 0.0017347871
165155703.4107782841 0.0017196772
164119506.8740001619 0.0017237359
164122032.3732926250 0.0017257459
164116744.9774037004 0.0017235187
164142655.5641072690 0.0017287770
164127933.2268822193 0.0017236310
164118365.5376897454 0.0017211580
164106091.7604770064 0.0017230981
164102148.0417402983 0.0017299182
165128923.1702691615 0.0017328637
164162854.9422562122 0.0017252064
165158063.6544753909 0.0017302410
164165034.6335098445 0.0017298379
164105695.4120906591 0.0017292563
164110814.6156118214 0.0017223273
165147830.8294405341 0.0017293501
164152055.1119771302 0.0017281571
164123620.0203679800 0.0017293593
164132242.4756048918 0.0017346127
164113373.9265940487 0.0017319625
164114594.3328387737 0.0017312251
165123397.5003342927 0.0017293525
164175826.9472076297 0.0017250700
164107790.2339992821 0.0017301773
164116607.4177380502 0.0017308963
165161104.6719958782 0.0017311068
165151799.2048454583 0.0017334626
164117864.4507174790 0.0017289330
164129254.8935778141 0.0017288765
164116366.5055536926 0.0017285692
164191637.8235253990 0.0017283787
165142239.4774325788 0.0017308565
165133765.6884789467 0.0017248004
164138674.7786182463 0.0017294925
164102811.6451239884 0.0017299703
165153094.8038029373 0.0017270172
165161788.7501940429 0.0017304811
164119304.7123786807 0.0017308052
165158344.1403722167 0.0017297394
164106879.2973517179 0.0017311539
165158669.6752498746 0.0017284136
164100789.2508040071 0.0017325893
165156845.4065399468 0.0017320088
165141118.4012199342 0.0017331188
165155007.4264118671 0.0017323651
164115536.5486523807 0.0017340522
165155787.6076595187 0.0017327365
164140963.6552986503 0.0017332637
165154069.1442633569 0.0017327510
164163589.3784160316 0.0017311294
165149853.6209771335 0.0017334779
164126421.6061881781 0.0017328016
165153057.1030749083 0.0017330309
164112895.3964042962 0.0017348399
165154004.3122240901 0.0017327965
165157110.0637604296 0.0017317662
164101041.6535979211 0.0017326968
164110390.9831983149 0.0017313180
164110757.0881732702 0.0017332016
164135893.1620171666 0.0017307783
165153750.3289663494 0.0017317163
164118738.7509735525 0.0017348051
165157547.7519769371 0.0017332879
164130871.4347586334 0.0017321307
165157386.3922001719 0.0017327512
164108008.4930188060 0.0017332720
165151667.8295388818 0.0017314141
165139072.5088737011 0.0017324575
164099272.8317973316 0.0017327193
164114792.0740907788 0.0017332107
165147200.6313504875 0.0017327565
164157861.3510144353 0.0017342835
165149386.5798289180 0.0017327859
164117341.2270471752 0.0017343601
164108183.8433951139 0.0017304078
164104084.3138788939 0.0017317241
165157082.3837985992 0.0017323131
164099032.2904377878 0.0017332468
164098579.4352387190 0.0017330539
165131903.8837998211 0.0017352160
164096707.5193498731 0.0017331004
165149018.0912054181 0.0017345013
164097896.8628401458 0.0017327388
164109011.2136727273 0.0017323871
164098342.9123266339 0.0017333586
164129154.3083228767 0.0017338939
164099679.4317490757 0.0017331583
164100900.0929614007 0.0017330815
164096332.6190617085 0.0017330061
164097710.9131427109 0.0017321997
164097594.6521041095 0.0017330814
165144831.9022794068 0.0017318684
164103178.6224140525 0.0017329630
165134751.8645761311 0.0017331251
165152112.0298858881 0.0017330134
164105862.9647864401 0.0017341307
164097771.8073627055 0.0017329997
164111121.4155325890 0.0017322965
165149850.8652915955 0.0017330121
164119149.3511967659 0.0017323324
165151006.6365533173 0.0017334123
164104049.6852850318 0.0017320365
165153792.8868027329 0.0017328738
165147097.2103721499 0.0017343576
164099376.0520145893 0.0017327266
165149676.7731949687 0.0017327693
165152579.7458271980 0.0017327903
164100857.0878486037 0.0017344237
164096412.3333381414 0.0017329278
164108935.3446347117 0.0017341285
165153230.1432148516 0.0017330809
165152516.4434638917 0.0017334309
164099201.7486336529 0.0017329835
165146464.8053172231 0.0017336936
164100082.4214483202 0.0017331634
165152602.9628893435 0.0017336584
164098125.2317506969 0.0017331985
164101976.8936640918 0.0017314187
165151683.7486069202 0.0017335939
164101490.9263889790 0.0017318582
165152086.0820116997 0.0017328222
165148982.6593389213 0.0017338257
164100157.7300066948 0.0017326086
165142546.4233591855 0.0017325268
165153863.2768518031 0.0017339483
165154228.5255665481 0.0017330561
164100547.2736063600 0.0017331291
164098366.8406166136 0.0017329516
164097098.1186177433 0.0017320034
165153784.4607631862 0.0017331308
164103551.9825350940 0.0017324035
165154078.9302179217 0.0017329905
164097839.3652833998 0.0017327943
164097718.0806632638 0.0017331811
164098082.2509846389 0.0017324821
165153792.1664853394 0.0017329416
164096093.2218458652 0.0017334790
164095823.6167588830 0.0017334022
164096446.0711148381 0.0017330505
165150171.5668095052 0.0017333067
164101766.5296642780 0.0017335084
164098354.7309559882 0.0017333228
164098832.9742827117 0.0017329564
164094802.4426024258 0.0017333160
165147296.0360572338 0.0017337741
164096815.0374938548 0.0017333392
164106613.9087111652 0.0017331973
165151691.4161702991 0.0017335203
164097641.7779713273 0.0017339704
165151434.2559256256 0.0017335801
164104756.0640639365 0.0017335513
165152451.4199048579 0.0017330963
164095175.8481394649 0.0017328783
164095428.6770162880 0.0017332599
164107599.8239246607 0.0017334137
164095409.2585953772 0.0017334071
164094913.3653460741 0.0017326448
164096076.1542993486 0.0017332915
164098317.7287403047 0.0017341128
164096059.0183274150 0.0017332792
164098561.9940460324 0.0017324279
165151881.8677819967 0.0017331899
164102150.6757541597 0.0017336672
164097255.5847922564 0.0017332932
164096427.9749589860 0.0017326238
164095857.4757851064 0.0017334790
165123974.6189152598 0.0017335821
165152338.3423022330 0.0017331902
164101370.0534320474 0.0017333000
164095286.0144412518 0.0017332421
164103914.8067604303 0.0017325605
164096176.2558521330 0.0017333009
165123974.6166068614 0.0017335821
164096976.2153660655 0.0017332878
165123974.6248824000 0.0017335821
164094343.3663039505 0.0017334947
165123507.5573970973 0.0017337607
164108036.5429554582 0.0017335513
165138260.3465098143 0.0017336277
165152729.6923647225 0.0017334600
164097194.2244545817 0.0017334629
164094468.0050711930 0.0017335058
164095311.5388573706 0.0017335709
164094283.7220014334 0.0017334462
164094876.1884684265 0.0017330667
165152529.5934066176 0.0017334411
164094694.8247754574 0.0017338499
164094541.9363402724 0.0017335553
164094721.2322089672 0.0017334316
164094970.3031536937 0.0017334480
164095205.8621855378 0.0017332321
164094342.1603448987 0.0017335024
164095040.2754830122 0.0017336504
164094479.8022132218 0.0017333529
164095022.1710674167 0.0017336042
164094818.6701685190 0.0017333900
164094545.6761093140 0.0017334432
164094529.2621126175 0.0017334168
164094396.5929911733 0.0017330662
164094403.2767645121 0.0017333747
164094514.5175069869 0.0017332242
165152281.1634466350 0.0017335132
164097914.3103978932 0.0017333000
165152202.0975824893 0.0017335233
164096344.2512143552 0.0017329008
164094262.0011093020 0.0017334595
164096884.0164233446 0.0017336098
164094272.3758885860 0.0017334474
164095459.1127793193 0.0017334992
164094360.0694566667 0.0017334612
164106259.3376079500 0.0017334012
165145582.8373778462 0.0017335260
164094400.8599480391 0.0017334024
164100293.8863667846 0.0017334678
164094236.2882250845 0.0017334362
164095903.0384892523 0.0017333730
164094060.6320766807 0.0017333838
164095388.6354332268 0.0017334012
165152423.5824111700 0.0017333137
164095315.2339671254 0.0017334736
164094298.3606548607 0.0017333965
164094436.4335068464 0.0017334089
164094389.6484303772 0.0017333448
165152905.7078733444 0.0017333442
164094106.1501242816 0.0017333571
164094307.0806413293 0.0017333599
164094139.5564503670 0.0017333693
165152615.0659590364 0.0017334528
164094680.5397076309 0.0017334210
164096092.7427034676 0.0017331087
164094106.2632415295 0.0017334312
164094908.1715199649 0.0017332738
165152579.1189944744 0.0017333721
165152329.9130890965 0.0017334699
165151945.9650798440 0.0017334330
164094234.5936052501 0.0017333632
165152583.5771503448 0.0017334255
164094148.9388418794 0.0017333723
164094625.9753594100 0.0017332858
164094100.5991239250 0.0017333811
164094559.6438285708 0.0017333625
165152579.7156102955 0.0017333874
165152700.6357610226 0.0017333807
164094108.8923974335 0.0017333740
164094413.7035658658 0.0017333870
164094141.2387820184 0.0017333647
165152506.9297411740 0.0017333887
165152122.5313387513 0.0017333706
164096771.4732505679 0.0017334318
164094248.7458340228 0.0017333920
165152291.2975364625 0.0017333751
164094054.0880509019 0.0017333975
164094473.7504871786 0.0017334062
164094289.3591952920 0.0017333803
164094560.0091499388 0.0017334025
164094307.0528880954 0.0017334000
164094098.3964041173 0.0017333958
165150862.9278123677 0.0017334142
164094081.1216596961 0.0017333984
164094496.5246441662 0.0017333236
164094034.9849213362 0.0017334031
164094263.8975835443 0.0017333943
164094043.8475786746 0.0017334064
164094499.0624981225 0.0017333945
164094104.3822502494 0.0017334189
164094399.0820085704 0.0017333995
165152619.8932535052 0.0017333919
164094141.7396715879 0.0017333993
164094141.7448018193 0.0017334070
164094268.4893523455 0.0017334597
165152668.9717380404 0.0017334098
164094120.7647337317 0.0017333876
164094070.9178892672 0.0017333916
164094087.9691574872 0.0017333894
164094067.9314391315 0.0017333914
164094287.9551534355 0.0017333717
164094074.6030726433 0.0017334093
164095404.4572209716 0.0017334000
164094084.2089966238 0.0017334014
164094417.7361893952 0.0017334417
164094106.3429467380 0.0017334107
165150835.7348863780 0.0017334198
165152553.4458384514 0.0017333989
164094203.3556810021 0.0017334247
164094055.6735119224 0.0017333999
165150835.7349851131 0.0017334198
165152556.1782832444 0.0017333969
164094158.1451679468 0.0017334325
113955153.0000000000 0.0017334325 1 0 0 0 0 0 0 0 0 0 0 0 0 0 0 