258039631.8503884673 0.0001061744
235304345.8397572935 0.0000186136
225304466.9466860890 0.0002744422
259814020.9959820509 0.0002896434
300937919.1295385957 0.0001462736
342240998.5816184878 0.0000222804
264615488.9503176510 0.0002343131
225097045.9372738302 0.0000094607
270276736.8882604837 0.0001144577
267973199.4476402998 0.0000760233
270864326.9477677941 0.0006654048
222480391.6750461459 0.0002862550
279516722.5952023268 0.0000195878
230631824.5709722936 0.0000119909
220763683.0464284420 0.0000011871
243754591.5429694951 0.0000006328
272568494.4796303511 0.0000637172
221772097.4661037028 0.0002451235
203444269.3165118098 0.0000012215
220898532.0142909586 0.0002593294
222104400.6697588265 0.0007908058
189774871.1310516298 0.0000006926
172745188.7460903525 0.0001515902
178650662.5920332670 0.0003016075
201873430.2266684771 0.0004498294
210362032.9765819609 0.0025915161
213176560.1873105764 0.0000681453
274054666.4631396532 0.0002627501
185005944.6281906962 0.0002423705
175669069.5074651837 0.0008893940
193608541.6325368881 0.0000808019
166203857.1602960527 0.0002229707
158266392.7755708098 0.0001622454
179235154.6171488762 0.0001509110
148028848.1305745244 0.0000701700
171585732.4872049689 0.0000629850
174914071.9996486902 0.0000511349
191403666.9060445428 0.0003450944
153907126.9902141094 0.0000697875
162260427.8053958118 0.0020562165
152028731.8889001608 0.0000723357
187747328.7891685963 0.0001356380
150433498.1013428867 0.0000002651
163671644.5535684228 0.0000126521
151223134.7186582983 0.0003023675
177517383.5924934149 0.0000950767
149199446.0525102019 0.0000910278
189263344.2504219413 0.0000030837
151061388.7255818248 0.0000035672
148755742.1816829145 0.0013202863
155847353.0652177930 0.0001260342
179004898.8054923415 0.0013915004
153690602.1653481722 0.0000775148
165564600.7237932682 0.0003283072
155837684.3506452441 0.0000777354
158194016.1596339643 0.0006474053
146487941.3440198898 0.0000283701
164297767.8520349264 0.0000024915
186091050.1673829257 0.0000193502
186281042.1515547335 0.0004076983
182983035.8484247029 0.0003626585
190264853.7886973321 0.0002697867
201544809.2664358318 0.0000146677
151080243.2525014579 0.0001977905
146673748.9768664837 0.0000235878
191085625.6919029057 0.0000090401
158065546.7926774025 0.0000427861
171152249.7269760668 0.0000285812
197703858.3217370510 0.0000425182
183738130.8797469139 0.0001560802
191317992.5312924087 0.0000006892
169272063.3289064467 0.0014475677
184434407.5924085677 0.0000357927
164978822.4403008521 0.0012604106
148621235.1034552455 0.0000001650
194751661.0966371298 0.0001516375
189536942.8121150434 0.0000045374
189195676.6186280549 0.0002862489
145985179.8146340847 0.0000086061
151225655.2874822021 0.0000660586
148363222.6126087606 0.0000016266
167856875.5236784816 0.0001646853
151616731.9299212694 0.0000038930
156146111.9094072878 0.0000744978
173182784.2669582367 0.0000175229
165038228.1201062799 0.0005042663
154715594.1860269010 0.0000642516
150369098.6840812564 0.0000365467
183843889.9212702811 0.0002118571
148070771.1855827868 0.0000241864
158093755.8063647151 0.0005542255
146635689.2372675836 0.0000782474
148551249.6265814006 0.0000284934
148381566.4641376138 0.0000642283
167659255.3593994975 0.0001045150
149987533.9366315007 0.0000022563
196419254.6539243758 0.0000507517
203036675.1057892740 0.0000210615
151106549.3611329794 0.0000001817
161790582.9934745133 0.0000226151
181992801.3055810332 0.0001319389
153279610.4840021431 0.0000054706
178263363.5209778845 0.0000461774
154285928.7038353980 0.0000047880
177279393.8435605168 0.0000196572
203436547.8690441847 0.0000146620
156674405.0973406732 0.0001012166
150708983.3653239310 0.0000009312
179070649.3192377090 0.0000051155
193920851.8029954433 0.0000404702
173079613.6196183264 0.0000734854
157066845.2980049253 0.0000294993
159132270.2367573380 0.0002085913
203928565.1649141014 0.0000000026
146453219.2685815096 0.0000110087
150646498.2723803222 0.0000252733
148445069.9493676126 0.0000131234
146638755.2202413380 0.0000406554
146151313.7468104064 0.0000000875
145525728.6099438965 0.0001496416
158218981.1413801610 0.0001278264
154724834.1228313744 0.0000221244
158762870.2401644886 0.0001194828
160563365.1303240061 0.0005101367
158145052.5486983657 0.0001557343
204384564.8087832332 0.0000375896
149374312.2824352086 0.0001961525
147006570.0458992422 0.0001709440
149486570.1707162559 0.0001618304
159798774.0387194455 0.0000396319
155217719.6036856472 0.0002415263
206039693.1321700811 0.0004070720
147304323.4444914460 0.0001805689
170097473.3421519399 0.0003143981
160389631.6021593809 0.0001274802
155453121.8673701584 0.0001618973
156717491.6568681896 0.0001841448
146167037.3752183616 0.0001278589
156588599.6101711094 0.0001996881
145412467.1714748144 0.0000254737
150511863.5442045629 0.0000405276
171203596.9133043289 0.0000482527
219816821.6736243367 0.0000229624
146134394.8126071990 0.0000001668
146558830.3792292774 0.0000331546
201006872.9741635025 0.0001818906
148253508.6712360680 0.0000223768
145389239.4171544313 0.0000003736
145241546.5532103479 0.0000006397
185832826.3849083483 0.0001777113
236755756.1614461541 0.0000096786
149661697.7445703745 0.0001290927
147115937.8497480452 0.0000005610
173229036.4446087480 0.0000163867
144754249.3438543677 0.0000009683
172238498.5071943998 0.0000347862
240711235.3815656304 0.0000025924
147087292.9415086508 0.0000583912
144892093.3984151483 0.0000329039
213992430.4475631714 0.0000032137
146020326.4281513691 0.0000013356
218774326.9466287196 0.0000131144
146996703.3843384385 0.0000003099
162891735.0266797245 0.0000096519
147395048.3889210820 0.0000007118
222030140.7590162456 0.0000130656
144982883.3062216938 0.0000002376
224623972.2707583010 0.0000110755
145230217.5370728076 0.0000034533
221352920.6643429697 0.0000135906
146419326.4585377872 0.0000018276
216383457.8159847856 0.0000194121
230649312.2605804205 0.0000076036
234511226.5824986994 0.0000003479
164424943.1604401767 0.0000078286
146496024.4142813981 0.0000000798
224143354.2313975692 0.0000002260
145629628.9267806411 0.0000016095
145963805.1333523989 0.0000086335
146227211.9117728174 0.0000000052
148387548.1342484057 0.0000408409
146869329.3954485059 0.0000059854
149009754.5444665253 0.0000013981
146125615.0431549847 0.0000044848
144947340.0645276606 0.0000035274
237417833.3259820342 0.0000000477
235984972.1023778617 0.0000037252
237069323.3337505460 0.0000000001
147713333.6725147665 0.0000326144
146274288.5716742575 0.0000006747
148116187.9826749563 0.0000474878
146469900.9360163212 0.0000020026
146477626.7069410682 0.0000332313
145381242.4091908038 0.0000019748
150359796.4477317035 0.0000226609
146622453.1875691414 0.0000027467
154709471.5978824794 0.0000174033
145798120.1101898551 0.0000028897
145838137.3485182822 0.0000001540
146408300.8921825886 0.0000045146
226417293.4285855591 0.0000089639
238962567.6341422498 0.0000000368
158976442.3030405939 0.0000274363
147440102.6313191652 0.0000005070
152496362.8394086957 0.0000293791
145223830.7589336336 0.0000002695
221557947.8654541671 0.0000000736
146578364.4217639863 0.0000002551
241976022.8410278261 0.0000039043
237147594.5639162660 0.0000000003
147521765.1694880128 0.0000114143
240875554.0659067929 0.0000000061
146622789.7702085376 0.0000078468
144734361.8994526863 0.0000003467
236888422.3756583035 0.0000000191
150736924.2997367084 0.0000020118
148317945.2452832460 0.0000019467
146237847.1613176167 0.0000000409
145630933.4819068909 0.0000000001
146232939.9628757536 0.0000018571
145452671.1373430192 0.0000007987
144800589.1686401665 0.0000008457
233727705.7702355981 0.0000017905
146329703.6291270852 0.0000011396
147475154.9342327714 0.0000004610
145062676.5028747022 0.0000006031
145576132.7909624577 0.0000001986
149452359.0295533240 0.0000000088
150306245.5357587337 0.0000001866
147259325.3666228056 0.0000001036
217369335.1551079750 0.0000141700
149531869.6653202474 0.0000000159
145162159.9439389706 0.0000006330
149111117.0596527457 0.0000005361
144770375.2958514392 0.0000003843
243245027.6073752344 0.0000035937
145468737.9470077753 0.0000006417
145345249.1309815347 0.0000002756
145290673.6808366776 0.0000005951
149314795.4805850983 0.0000004867
145473358.3807943761 0.0000001478
148339462.8625836074 0.0000000529
145002576.7877050638 0.0000001824
144862676.8481909335 0.0000015698
144760367.9883376360 0.0000002171
145403433.2929763496 0.0000077249
145083147.0237798989 0.0000004704
147735699.0954566300 0.0000004944
145533888.4794057012 0.0000001758
236302702.5364894271 0.0000004539
145475872.5414654315 0.0000003669
148046831.7290624678 0.0000009621
146401402.2702718377 0.0000006160
145305057.9404165745 0.0000005673
238930734.5785754323 0.0000019070
144713821.6206410825 0.0000003197
146717228.0775137544 0.0000000102
145490972.2874969840 0.0000003944
145539260.0859912932 0.0000000241
145536935.1583367288 0.0000002978
147955608.2469850779 0.0000002103
144728137.0286555886 0.0000004323
145876754.9101069570 0.0000009545
145168499.5310992301 0.0000003456
145143843.3846776783 0.0000000692
144927962.2034025490 0.0000005635
145537946.1385951638 0.0000004033
145569650.6620953977 0.0000004751
146330023.3011133373 0.0000000813
145584596.7884614766 0.0000002041
147046911.9217715561 0.0000000060
144936435.8129435182 0.0000000553
146861735.1173394024 0.0000000064
145184685.0386935472 0.0000001341
146052854.4953750074 0.0000000286
145509875.8056369722 0.0000003621
238573217.7496755421 0.0000015545
145192275.2733660638 0.0000004327
145358178.1325339377 0.0000000366
144801368.7499512434 0.0000001023
146144250.2809637189 0.0000003183
144921470.0472605824 0.0000001323
238843587.6886003315 0.0000015643
145237205.5215388834 0.0000007555
144937241.8047571480 0.0000000323
145619308.6320196688 0.0000005412
144814822.8303262889 0.0000003744
145443164.9780887663 0.0000000979
144855933.5013748109 0.0000003456
145195119.4607384503 0.0000004821
145289191.0917806923 0.0000004007
145281837.9359516501 0.0000001089
144725574.0934949815 0.0000003007
146176095.6806770265 0.0000004811
144961599.4866262674 0.0000002206
146630618.4274899960 0.0000004884
144751085.5941422284 0.0000004049
145220387.0406611562 0.0000000679
145549499.8798220158 0.0000003266
145829378.1456285715 0.0000001211
144782008.9786992371 0.0000002424
144944424.7164940536 0.0000002463
145523870.3067767620 0.0000002316
146493395.1940855086 0.0000006319
144877279.7710592449 0.0000003394
145062863.3238581121 0.0000002439
144844436.3927937150 0.0000003352
145523457.6929837465 0.0000000431
144954108.1050094664 0.0000002310
145980901.5876970887 0.0000003381
145520428.6836727858 0.0000003154
145422505.9362977445 0.0000007069
145553914.6892728508 0.0000003258
145459977.1156058013 0.0000001114
144782183.8331817091 0.0000002864
145309032.9258182645 0.0000006880
144866227.1104032397 0.0000002324
146742910.2205008864 0.0000003544
144870858.3680474758 0.0000002377
146801667.1402372122 0.0000004782
145505292.9794864953 0.0000002895
145325389.5000586510 0.0000005600
145484076.1517033577 0.0000002737
145139786.6409894526 0.0000003940
145573805.2711656392 0.0000003102
144934129.4431995749 0.0000004594
144741368.7109664083 0.0000002678
145171214.9543664455 0.0000002074
145543439.6812979579 0.0000003827
145558404.7402617931 0.0000002834
144717884.8842930198 0.0000003146
144805718.0171107650 0.0000004848
144812954.4184000194 0.0000002630
146363545.7424364090 0.0000005288
145452326.2387644947 0.0000002712
146467366.3071568310 0.0000008276
144721074.1489592195 0.0000003261
144995539.9346802235 0.0000000670
145510489.9695788920 0.0000003799
144868335.5212882459 0.0000009804
144955397.3724217415 0.0000003641
145452507.9714100361 0.0000002378
145574013.5359297693 0.0000003316
145545773.0360700190 0.0000002959
145557460.1177371144 0.0000003381
144935214.8398810923 0.0000002070
144778401.2613832355 0.0000003018
144797158.9306059480 0.0000002792
144775490.9206403792 0.0000003243
144882943.2966990173 0.0000003406
144710507.1446140110 0.0000003224
145068033.1474695802 0.0000003003
144758377.4217834473 0.0000003016
144814178.1259477139 0.0000003854
145578945.9645030797 0.0000003390
144963215.7094216943 0.0000003146
144706402.6823515892 0.0000003091
145412810.8305719793 0.0000003589
145585016.9421175122 0.0000003274
145373225.5573718250 0.0000004388
144760363.0419317782 0.0000003446
144757623.3818555176 0.0000003183
144748003.7214553058 0.0000002782
144905583.6795426905 0.0000001631
145585965.7610743642 0.0000003491
144885218.7765714824 0.0000002708
145590169.1112333834 0.0000003041
144885818.8943355978 0.0000002301
144721722.1060088575 0.0000003184
144885362.7520813942 0.0000003274
145585710.7818205655 0.0000003254
144985237.7613247335 0.0000002187
144770558.6630851924 0.0000002953
144845779.9185901284 0.0000002774
145595677.3591971397 0.0000003094
145579869.9948334098 0.0000003084
144727803.1845201552 0.0000002917
145568523.0766052306 0.0000003617
145552680.1887451708 0.0000003223
145590109.2012874782 0.0000003179
145558207.7954569459 0.0000002799
145595538.8045705259 0.0000003100
144741065.2242543399 0.0000002806
145578091.4691322744 0.0000003149
144743632.4167667031 0.0000003190
145593899.4090511799 0.0000003049
144765484.7688931823 0.0000003277
145574334.5310745835 0.0000003003
144705883.8062437773 0.0000003210
145566990.0253840685 0.0000003211
144856184.0098066032 0.0000003328
144728684.9838720262 0.0000003123
144711908.1689068675 0.0000003743
144753237.4954692423 0.0000003075
145529814.5785188079 0.0000003677
144738231.4388998747 0.0000003057
144840706.9800433517 0.0000002847
145578543.5426487327 0.0000003257
145542626.3729057014 0.0000002882
145592382.3310193717 0.0000003257
144869742.0375210345 0.0000002680
145597785.9375917017 0.0000003279
144876948.2946231067 0.0000002919
145594218.0675649345 0.0000003260
145573062.5067398548 0.0000003029
145590559.9933933318 0.0000003207
145574709.1107310355 0.0000003362
145589443.3427568078 0.0000003037
144758466.8805252612 0.0000003486
145590870.7513565123 0.0000003204
145591680.1614953578 0.0000003173
145596487.8142838776 0.0000003204
144777078.1077063382 0.0000003318
145595088.2945912182 0.0000003177
145597738.3097321987 0.0000003378
145587337.0744397938 0.0000003264
145590214.9163768888 0.0000002576
145586525.3996394277 0.0000003490
145589462.5238050222 0.0000003243
145583871.6518450677 0.0000003268
144721800.3743357658 0.0000003358
144716606.2486074567 0.0000003209
144723271.0912902951 0.0000003268
144730379.3186623454 0.0000003164
144754828.4410035908 0.0000002898
145599553.0340633690 0.0000003285
145540563.0773721039 0.0000003348
145594748.3965112269 0.0000003026
145574218.6075451970 0.0000003906
144704745.8658685982 0.0000003089
145592336.1298731267 0.0000003307
145575858.0701972842 0.0000003187
144948187.9921517670 0.0000002462
144730445.6916046441 0.0000002953
144764927.6690443158 0.0000002996
145591481.1703127027 0.0000003058
144767419.0797463655 0.0000003074
145586533.8751877844 0.0000003147
145572511.1870030165 0.0000003106
144726330.4254646897 0.0000003038
145574578.6440531015 0.0000003218
145582494.6315756440 0.0000002856
144723693.6398757100 0.0000003143
144711525.2668745518 0.0000003099
145570572.6654955447 0.0000003301
145599833.7784081995 0.0000003131
144724067.5008690059 0.0000002980
144708352.9138799310 0.0000003086
144718207.6113528609 0.0000002777
145590925.9009676874 0.0000003124
145575021.8343262076 0.0000003131
144714684.5596768856 0.0000003164
145599853.9528880119 0.0000002926
144706877.8333532810 0.0000003113
144715207.3752511442 0.0000003106
144711048.1347512901 0.0000003057
144713668.7115106881 0.0000003351
144703838.7285815477 0.0000003103
144751034.2620403767 0.0000002960
145597247.4741175175 0.0000003143
144749397.7984445393 0.0000002969
145581750.9858545959 0.0000003155
144760625.9023281336 0.0000002970
145597995.0998078585 0.0000003136
144736246.9838152826 0.0000002822
144722012.6521272659 0.0000003122
144778448.7637428343 0.0000003027
145598379.4724342227 0.0000003068
145569634.7992864549 0.0000003139
144707772.3189518154 0.0000003005
145599699.6076250970 0.0000003133
144709075.5490225554 0.0000003091
145600586.4736244678 0.0000003055
145594469.5688660145 0.0000003100
145602058.3917936087 0.0000003105
144714090.2260117531 0.0000003133
144750421.4688406885 0.0000003168
144706853.1440809071 0.0000003064
145584049.4524071217 0.0000003153
145600425.4833206832 0.0000003122
145586226.1990334094 0.0000003046
144714559.5947879851 0.0000003083
145594043.8961059153 0.0000003213
144706816.5870592296 0.0000003098
145586186.6304754019 0.0000003044
144726045.8443497419 0.0000003124
145592523.8183664382 0.0000003048
145596569.5602717102 0.0000003076
145582365.9171013236 0.0000003139
144744529.3429309726 0.0000003025
145599182.1999950409 0.0000003141
144736647.8884950876 0.0000002905
144707089.6039120555 0.0000003083
145563061.6169054210 0.0000003048
144704562.8326772749 0.0000003085
145595199.0574692488 0.0000003213
144707678.7963905632 0.0000003102
144707836.3608541191 0.0000003108
144708973.7044662833 0.0000003094
144716079.8170784712 0.0000003113
145600616.8238376379 0.0000003111
144738837.1201786101 0.0000003085
145594057.1418816745 0.0000003077
144709608.9094410837 0.0000003108
145595784.7643234432 0.0000003108
144709737.4428155720 0.0000003083
144704270.3489598036 0.0000003121
144712299.2088285983 0.0000003012
144705153.9008805454 0.0000003107
144715031.4855473340 0.0000003075
145595951.2765162587 0.0000003113
144706445.9608920217 0.0000003053
145597018.0130721927 0.0000003109
144703787.8802859783 0.0000003107
144708072.3839797974 0.0000003098
144723377.2333649397 0.0000003052
144704447.5046125054 0.0000003119
144711547.9669220746 0.0000003114
145597301.4961484671 0.0000003106
144726919.0718815029 0.0000003108
145595238.1348684430 0.0000003125
145597695.2949512303 0.0000003162
145598072.4199314713 0.0000003119
144712315.1940139234 0.0000003103
145597348.6002874374 0.0000003129
144728504.9399138689 0.0000003029
144706630.4335455894 0.0000003108
145590811.9673176110 0.0000003146
145598635.2874563932 0.0000003105
144708586.1130996346 0.0000003083
144706173.3697842956 0.0000003101
144704603.2679686248 0.0000003110
144708968.2311575413 0.0000003099
144710760.2349325418 0.0000003178
145597608.7735882401 0.0000003112
144708566.9385604262 0.0000003059
144704418.0153123736 0.0000003098
145592742.8891898990 0.0000003107
145596567.8264486194 0.0000003110
144718854.0904538929 0.0000003002
144704617.2808240652 0.0000003128
145593084.9236203134 0.0000003068
145595783.5372857153 0.0000003115
144708778.2419300377 0.0000003081
145599670.5847890079 0.0000003111
144705313.7478717268 0.0000003104
144705014.4964597821 0.0000003091
144708302.0287166536 0.0000003114
145598747.5922978520 0.0000003108
144712682.4613125324 0.0000003128
144705848.4143969119 0.0000003098
145596948.5797052979 0.0000003125
144703892.2700761259 0.0000003141
144706074.7029331326 0.0000003101
144707258.8854706585 0.0000003126
145599361.4468043447 0.0000003112
144703988.4230829179 0.0000003116
145599862.0813609660 0.0000003115
144703944.2824992239 0.0000003079
144705288.9461838901 0.0000003099
145596314.0740281045 0.0000003102
144704139.3472689092 0.0000003105
144707186.7422111332 0.0000003099
144704677.2202340066 0.0000003114
145599736.0104436576 0.0000003108
144705438.9185574949 0.0000003106
145599917.6846362650 0.0000003108
145599654.9869988561 0.0000003110
145598792.5142595470 0.0000003109
144706854.8362514079 0.0000003094
145599426.4754620790 0.0000003105
144705361.8901880980 0.0000003094
145599048.1527054608 0.0000003108
145599788.9873460233 0.0000003097
145599478.2808804214 0.0000003111
144704490.3390696347 0.0000003112
145599729.9607593715 0.0000003110
144709106.6179401278 0.0000003089
145599861.3486691117 0.0000003107
144704726.9767803550 0.0000003112
145599320.8205692768 0.0000003111
144710635.6466700733 0.0000003102
145598861.9405513406 0.0000003112
145598845.6147696376 0.0000003093
144704807.1245055199 0.0000003104
144704137.4688710272 0.0000003109
145599909.0166469216 0.0000003107
144705018.5235694051 0.0000003118
144703783.9249886572 0.0000003107
145598291.7501888573 0.0000003115
144710897.2420826852 0.0000003093
145598554.3876530528 0.0000003112
144703983.1601421237 0.0000003108
144703697.1386300325 0.0000003101
144703652.8364592195 0.0000003103
144703986.6814208329 0.0000003106
145599738.5021952689 0.0000003105
144703647.7998056114 0.0000003090
144703708.6816908419 0.0000003090
144704003.6594235003 0.0000003094
145599796.1972117424 0.0000003090
145599644.2977839112 0.0000003093
144703741.9861118793 0.0000003091
144703610.8257318139 0.0000003084
145599986.4157551229 0.0000003083
144704216.1184007525 0.0000003075
145599839.9333037734 0.0000003084
144704643.6520801485 0.0000003088
145599136.4951645732 0.0000003085
144706135.1235829592 0.0000003080
144703727.9335807264 0.0000003082
144707206.5011654198 0.0000003077
145599694.1829763949 0.0000003085
145599622.6049107313 0.0000003081
144703606.0637268126 0.0000003084
144704226.4778193831 0.0000003084
144704236.3939439356 0.0000003081
144704544.6650718749 0.0000003080
145599907.2659395635 0.0000003083
145598616.7455443144 0.0000003088
145599963.8389011621 0.0000003083
144703947.3719748855 0.0000003082
145599940.2407908738 0.0000003083
144705058.3751576245 0.0000003084
145599967.4844238758 0.0000003084
144704745.0637826025 0.0000003086
145599807.2380943298 0.0000003083
144704897.4868441522 0.0000003082
145600003.8308667541 0.0000003084
144703703.1331043541 0.0000003078
145599803.6438294649 0.0000003084
144703832.2831298411 0.0000003081
145599830.5586822629 0.0000003084
144704572.7979137897 0.0000003081
144703882.0444227159 0.0000003085
145600059.9735038579 0.0000003085
144703999.6694580913 0.0000003082
144704686.9392783940 0.0000003085
144703794.2497453690 0.0000003081
145599982.0974666476 0.0000003083
144703633.7948740125 0.0000003082
144704630.8529801965 0.0000003084
144703748.6999954581 0.0000003082
145598539.5294848382 0.0000003080
145599843.1438815594 0.0000003085
144703704.1322114468 0.0000003082
145599860.4411050677 0.0000003086
144705884.5396995246 0.0000003076
144703663.0607769787 0.0000003085
145599935.3079502285 0.0000003092
145599985.9454929531 0.0000003088
145600015.0947783887 0.0000003083
144703764.6954402030 0.0000003084
144703637.8580448031 0.0000003085
144704554.9337168634 0.0000003081
144703692.2719360292 0.0000003084
144703646.8473430872 0.0000003085
144703834.7608771920 0.0000003083
144703988.6708309352 0.0000003078
145599600.7408259213 0.0000003085
144705227.3856691718 0.0000003081
144703736.3185424209 0.0000003083
144704524.8065454364 0.0000003082
144703639.7333059311 0.0000003083
145599833.0813613236 0.0000003087
145599750.9438069761 0.0000003084
145599813.2107734382 0.0000003083
145599968.3618211150 0.0000003084
144704431.5684168637 0.0000003083
145599966.5018203557 0.0000003084
145599857.8883332908 0.0000003081
144703833.0712047219 0.0000003083
144703928.2827666998 0.0000003082
144703637.4020596743 0.0000003084
144703621.7342408001 0.0000003084
144703628.5138409734 0.0000003083
144703685.6052640378 0.0000003085
144703630.7262187898 0.0000003083
144703753.5817560256 0.0000003083
144703758.6456941366 0.0000003084
145600008.1560867131 0.0000003083
145599845.9909258783 0.0000003083
144703979.6118160486 0.0000003084
145600001.0544477999 0.0000003083
144703773.1973775327 0.0000003083
144703700.4769214094 0.0000003083
145599986.7126353979 0.0000003085
144703613.7751323283 0.0000003083
144703765.1123393774 0.0000003084
145599910.8678923249 0.0000003084
144703620.3783735335 0.0000003084
144703719.2129795849 0.0000003083
144703991.3531428576 0.0000003084
144703653.0943755209 0.0000003083
145599795.2889912724 0.0000003084
144703626.8572032452 0.0000003083
145599799.5745903850 0.0000003084
145599918.0740019083 0.0000003084
144703650.3014163673 0.0000003083
144703633.2400254607 0.0000003084
145600000.6458041370 0.0000003084
144703766.3594999909 0.0000003084
144703619.1171740890 0.0000003083
145599850.0990643203 0.0000003084
145599981.9242267013 0.0000003083
144703635.6275346279 0.0000003083
144703670.0934102833 0.0000003083
144704016.6684266031 0.0000003083
145600027.3245735168 0.0000003084
144703723.5358024836 0.0000003083
144703629.0234578550 0.0000003084
144703834.8680311441 0.0000003082
144703619.0525318682 0.0000003083
144703738.5226050019 0.0000003083
144703605.3374012411 0.0000003084
145599944.0834658146 0.0000003083
144703681.2231485248 0.0000003083
144703973.8546806574 0.0000003083
144703696.4127356708 0.0000003083
144703925.4411381483 0.0000003083
145599976.8525085151 0.0000003084
144703893.3973890245 0.0000003083
145599959.2703812718 0.0000003084
144704011.4310336113 0.0000003083
144703630.7596373558 0.0000003084
144703600.5662100017 0.0000003084
144703601.5803491175 0.0000003084
145600002.3960740268 0.0000003084
145600026.1113138199 0.0000003084
144703639.2261310518 0.0000003084
144703614.4213410020 0.0000003084
144703615.9466898441 0.0000003084
145600027.4168246388 0.0000003084
144703608.5724797249 0.0000003083
144703632.9832520783 0.0000003084
144703602.2854588628 0.0000003084
145600007.3770776689 0.0000003084
144703675.6456668973 0.0000003084
145600024.5357580483 0.0000003084
144703621.2830603719 0.0000003084
145600024.7555947602 0.0000003084
145599934.6339208484 0.0000003084
144703602.9315340519 0.0000003084
144703653.0206758082 0.0000003083
144703613.7059868276 0.0000003084
144703796.8428799510 0.0000003083
145600012.6247968078 0.0000003084
145599991.6459039152 0.0000003084
145600023.9469168186 0.0000003084
145599872.6898408830 0.0000003084
144703606.5484854579 0.0000003084
144703702.0429507494 0.0000003084
145600028.4177806377 0.0000003084
144703757.8751646876 0.0000003084
145600013.3238269091 0.0000003084
144703634.5856879652 0.0000003084
144703638.2369762063 0.0000003084
144703612.1476559639 0.0000003083
144703609.2425164282 0.0000003084
144703600.9784564674 0.0000003083
145600009.1669623256 0.0000003084
144703762.1467773318 0.0000003084
145600013.7026254535 0.0000003084
144703712.0668107271 0.0000003083
144703629.3863273263 0.0000003084
144703609.4238348007 0.0000003084
144703601.2822964191 0.0000003084
144703606.0379569829 0.0000003084
144703615.1651265323 0.0000003084
144703623.0453398526 0.0000003084
144703620.1653309762 0.0000003084
145600028.2725281715 0.0000003084
144703608.8544381261 0.0000003084
144703610.7528964877 0.0000003084
145600014.5345957875 0.0000003084
144703604.3054170609 0.0000003084
144703645.2548770607 0.0000003084
145600025.8567848206 0.0000003084
145600027.3754620552 0.0000003084
144703598.9807238877 0.0000003084
144703627.3731693625 0.0000003084
145600024.6168222725 0.0000003084
144703673.4468956888 0.0000003084
145600025.3271524608 0.0000003084
144703601.7736328840 0.0000003084
144703602.9848675430 0.0000003084
145599983.0985975862 0.0000003084
145600026.3028829992 0.0000003084
144703647.5141453445 0.0000003084
144703607.8439019322 0.0000003084
116344386.0000000000 0.0000003084 0 0 0 0 0 1 0 0 0 0 0 0 0 0 0 