555385312.6663701534 0.0000009890
534636424.1773844957 0.0000003415
544005186.3980925083 0.0000000584
570884412.9745833874 0.0000000015
624675811.0263586044 0.0000000969
571935233.5557067394 0.0000000164
524534695.2130106688 0.0000000007
526041565.0746049285 0.0000004059
579773198.7904472351 0.0000001332
598396704.4646642208 0.0000000866
579022592.6594763994 0.0000001226
507142729.2245720625 0.0000003690
570874347.9293628931 0.0000000089
504881775.6248888373 0.0000000009
501571392.0503038764 0.0000006205
584551747.7851812840 0.0002749402
529947655.3059887290 0.0000005368
413615309.1702475548 0.0000009307
390097026.6602255106 0.0000012450
387223039.2827677727 0.0000027904
372421322.7921164036 0.0000022646
370999320.9802274108 0.0000000570
397215709.2394207120 0.0000017201
341196273.4588223100 0.0000002050
337611021.9778919816 0.0000009624
397820501.1036191583 0.0000010122
419440202.1764853001 0.0000003708
393936175.9134952426 0.0000011412
402241522.8952302933 0.0000013058
327018787.3983876109 0.0000041052
381041039.1771234870 0.0018189296
269572233.9504003525 0.0000120449
367742899.5661394596 0.0000344506
277225773.4283006787 0.0000005221
279948175.4962392449 0.0004607975
275278095.9582034349 0.0000163007
289732431.9832963943 0.0015182050
275092764.4001492262 0.0000397907
302346278.1214114428 0.0000428347
289389010.5799063444 0.0002965630
310152431.7516579628 0.0000356349
269789999.1353031993 0.0000797178
313483943.5072066188 0.0000901375
278512253.9129381180 0.0000265241
302483972.2401602864 0.0005025194
263768096.2390386164 0.0000591679
235744348.2469273210 0.0002029346
233367403.8344684243 0.0002044997
213214600.9192974865 0.0001013279
216436031.1477000415 0.0000951798
203651673.2930379808 0.0000270830
203602808.7440316677 0.0000321010
234853095.5540082455 0.0000075632
197234297.3131656051 0.0000153150
189161086.9182959497 0.0000011129
194547630.6720043421 0.0000010576
236203944.5463825762 0.0001094270
194577765.0180955529 0.0000011430
222832490.0225235224 0.0004529984
215839782.3374315500 0.0000000115
223946144.1256624460 0.0099396895
195398151.7161539197 0.0000009213
187251565.2310919464 0.0005467078
204120603.0284920931 0.0003509971
222523691.2901586592 0.0001679635
198343695.5724749267 0.0003578392
171584941.7067838311 0.0042766907
176921085.9630504847 0.0025698968
227556624.3265110850 0.0004454961
180248663.1519088149 0.0026327426
239665900.3392173052 0.0016588578
180454446.9370352328 0.0012358720
219098705.4487390816 0.0040494387
179616593.8956021667 0.0037716950
192411636.2550907135 0.0006685141
182037097.0742295086 0.0016867164
228693125.7462135255 0.0041982843
190531191.5690503120 0.0080212072
219568545.8774884641 0.0076353845
174179433.3718215227 0.0011008098
189715851.7704921365 0.0062928746
184081172.8756520748 0.0038687523
185625364.3849113286 0.0023108523
163320959.7613119483 0.0019350069
204818236.5152585506 0.0004799492
166476311.0327198207 0.0032386959
221843261.5506315827 0.0000007461
171269705.3291535974 0.0005401952
172345646.8807990551 0.0075614319
157960630.9566011131 0.0018289942
175417836.9900378287 0.0013593942
164120733.4432777762 0.0027864249
187187895.1975562274 0.0021081057
164804097.9441784024 0.0015764489
208344964.5079904795 0.0004437625
155736570.2051328421 0.0011459380
194848780.9271231294 0.0000211264
156927096.9623368979 0.0010570535
172284932.8975590169 0.0003777069
163354495.9304695427 0.0004662678
209401467.9383015931 0.0003369611
155467209.5764840245 0.0008381917
196355195.1780325174 0.0000007896
155945339.4913048148 0.0010903648
164991666.2939080298 0.0005019681
160412847.8793483377 0.0008491486
217940269.1421459317 0.0012852443
171255517.0682569146 0.0025855638
157730773.4903842509 0.0008914750
151209486.3114414811 0.0010097818
158485176.6793513596 0.0011275599
164915491.7009572983 0.0001080884
156232453.3393175900 0.0009132855
154465277.6690120995 0.0012218617
153048487.7069227993 0.0009102281
170929731.2104815543 0.0005893853
156178609.0551271141 0.0014186732
156960696.6645842791 0.0000230456
156874034.9395841956 0.0006416748
157697444.2451497316 0.0000300375
152810125.4168344438 0.0008776489
163486490.9998722374 0.0026449331
151074906.0394762456 0.0008354629
156731094.0581045151 0.0008595892
153429746.5036591291 0.0011215419
156738735.9480837882 0.0001217187
156220838.6004415154 0.0007958470
166757804.7583519518 0.0002778958
151121477.9422435462 0.0024419135
154901280.0906237960 0.0000375938
160802614.3608027399 0.0006727043
159802862.4750855267 0.0004868501
152685333.8666547239 0.0005837481
168852783.8981817365 0.0006513730
151616566.2469714582 0.0007531453
163443202.1286857724 0.0009531006
153087002.9401156306 0.0009987053
162292478.3854247332 0.0005722185
155801780.4751051366 0.0002714068
162312850.9535828233 0.0002896714
154087440.2829772830 0.0010121810
165237641.2563146651 0.0009454936
150840393.1950980127 0.0011669533
155490333.5599485636 0.0015606475
154676643.1933952272 0.0006441827
155335982.5485645533 0.0014591024
154159211.7645977437 0.0011862119
160182331.8094687164 0.0038672132
154516867.4308800995 0.0018950041
157788054.0981152654 0.0000338311
151363050.4662119150 0.0002816357
152578734.3454206288 0.0014363166
160456993.2744641602 0.0005641176
150369367.4639145732 0.0011046902
159137868.8548384905 0.0008267493
150413674.2530471385 0.0009425647
152168667.7259398997 0.0009825348
151912666.8470897377 0.0008719290
161580539.8081209958 0.0028506294
150500965.5702731311 0.0010646616
161594666.0094190240 0.0022331179
152348847.6989129484 0.0011256653
159974379.5668178797 0.0011512081
154165789.3579307497 0.0011586675
153618601.1428640783 0.0011967191
150500884.5202919841 0.0011389221
155510293.2028732896 0.0003354185
150051981.7535185814 0.0011579675
157569720.8819373846 0.0010976051
149746574.4191860259 0.0012583828
155610129.1073731482 0.0010744317
149838268.4230684638 0.0017607520
158829765.5201655626 0.0005238197
150192571.7115314901 0.0009826470
159656874.3849795759 0.0012817038
149883391.2574182749 0.0011917492
155624493.8260880113 0.0011315222
149659509.5330235660 0.0013745533
154679452.4580509365 0.0015052838
150161813.8155507445 0.0011908813
153754818.3799564242 0.0007766210
151034280.5163704157 0.0015158825
154025220.7703196108 0.0023827917
150530065.1893453598 0.0012711117
150363697.9832449555 0.0014904188
153413059.7646794021 0.0014404965
149891299.4999897778 0.0003283121
150052543.0513406694 0.0016005081
158647992.9093697071 0.0009263282
149914137.1906867325 0.0019647230
150443029.0508561134 0.0012752347
156455818.1252613068 0.0014592168
150578123.2664501071 0.0014258546
158375100.8589320183 0.0007926571
150333383.1884260178 0.0013560179
156597071.3471637964 0.0025613526
149981319.3162023425 0.0013350390
154530400.2714911401 0.0010119172
150691785.4561273754 0.0013453939
160107289.2818095088 0.0013698005
149886291.7657858133 0.0014274744
155025423.4049465656 0.0013247498
149881666.3376346231 0.0012175000
150233905.4499931633 0.0008110560
149780992.8218145967 0.0013705023
149605941.8625849187 0.0012063166
153823147.1572974622 0.0012282496
154025253.2866702378 0.0009231318
149705454.4474676549 0.0011733636
150008956.7327823341 0.0015049929
150321823.6101301312 0.0010057657
149713511.3688352108 0.0013823666
149797697.7920500636 0.0012422894
151299256.7162582874 0.0009921106
153866198.7521581352 0.0012341381
153186509.1968074143 0.0021150486
152740797.1609289944 0.0011675847
150095449.6356303394 0.0007884745
150107476.9780530334 0.0011806538
151366060.1418159008 0.0012881822
149230052.2128795087 0.0012383275
150314244.5977913141 0.0012195803
149568937.8366667628 0.0012894633
150687909.4286819696 0.0011604435
150050180.1753203571 0.0012977722
159623140.7151037753 0.0006596613
150372689.3621746302 0.0012523262
154435254.0468989611 0.0008995117
151116255.6252525747 0.0013511915
156793627.0381413400 0.0019462988
152915832.8233006001 0.0013662000
150608032.0865025222 0.0011878656
149868943.7667182088 0.0013915120
149769028.2553510964 0.0012114667
149924168.1403966546 0.0014123387
150584746.8436339200 0.0012177353
149844588.8711750209 0.0011472677
150650863.0432564318 0.0011920897
150281195.7547401190 0.0011847499
150623952.8876321614 0.0013504758
149470356.1977929771 0.0013346331
150640753.6821515858 0.0012727767
149438830.7637845874 0.0013652291
149231122.2349165082 0.0011725328
149778265.9355273843 0.0016960289
149912296.3082059026 0.0011839610
153826713.0475849509 0.0011373165
150034162.1876875758 0.0012482094
151777005.5129624307 0.0016149305
149867461.6118018925 0.0012308809
150855549.8380347788 0.0012904097
149497899.3533900082 0.0012502380
150796516.8736520708 0.0012521223
149632895.4419949055 0.0012024726
149158347.1623429656 0.0012205891
149697123.9408103824 0.0010209063
149584146.7971796393 0.0011918700
150506437.9725464582 0.0012169819
150565773.5588934124 0.0012457606
150039355.8621616662 0.0011226500
150156319.7872067988 0.0012306619
149864622.6370855570 0.0012696079
149475625.7248742878 0.0012408412
149956077.9756094217 0.0011431147
150455405.3580735922 0.0012011273
150544887.8300727010 0.0012640799
149576514.1320846379 0.0012345132
149678140.1633667648 0.0012191572
150847235.0997610986 0.0011784552
150781651.0058429539 0.0013990806
150103376.9209402502 0.0012643845
151002702.3715497255 0.0013900343
149582752.9244153202 0.0011576698
150712266.3034853935 0.0012281955
150236256.3734750748 0.0012480643
150754049.9171785414 0.0012117220
149464446.1666056216 0.0012093300
149281918.6909525692 0.0012293557
150476086.9937119782 0.0011987206
150704511.7965035737 0.0012098026
150859219.0192964971 0.0012402199
149298507.0125422776 0.0011972751
150303500.7286133468 0.0012439295
149395934.6474582553 0.0012250833
150594325.6899389923 0.0012164178
149284418.8869304061 0.0012295431
149308876.4665787816 0.0012086301
149198989.4054124653 0.0012221480
149185212.4200214744 0.0012044931
150765369.6154385805 0.0012081379
150429724.3397327960 0.0011674527
149297841.0570506454 0.0012210744
150169099.9095542729 0.0013406383
150834686.7524650395 0.0012199155
149193966.8803574443 0.0012631602
150817495.7919157445 0.0012238852
149590388.9305222631 0.0011666738
149207571.2982494533 0.0012164057
150787398.4986492991 0.0012022699
149236579.0578877628 0.0012223461
149147393.0896033347 0.0011738594
149360720.6080049574 0.0011976255
149593042.8201717734 0.0012061141
150641714.2957527339 0.0011968165
150060089.1030604839 0.0011086462
150778404.6413957775 0.0011732474
150623980.8379009068 0.0011508369
150801696.2589747310 0.0011662052
150759676.1416929364 0.0012217977
149249041.0996702015 0.0011688800
149302574.8112875819 0.0012005154
150767970.8048514724 0.0011751307
149442686.2614391446 0.0011840369
149190207.4543838799 0.0011688958
150289892.5964003801 0.0011524890
150723642.1047390699 0.0011724551
150682701.4858866036 0.0011271131
149209639.2013052106 0.0011718760
150266986.7432875037 0.0011221839
150733537.4380370975 0.0011693381
149326082.7313909531 0.0012436721
149142542.2238645554 0.0011835735
150199587.3767055273 0.0011961436
149157286.8618369401 0.0011928582
149806139.0353080034 0.0012184119
149314165.3872407973 0.0011934751
149205646.1607035100 0.0011767642
150816307.6204074621 0.0011830346
150507117.5824163258 0.0012468699
149115311.6275645792 0.0011825340
150774182.4778627455 0.0011645208
149260823.7510062754 0.0011617542
149579075.0098848343 0.0011797794
149220331.3067783117 0.0011834667
149374941.0853268802 0.0011959603
149173092.3529025614 0.0011689428
150813767.5373985767 0.0012288096
149257024.9827500880 0.0012107254
149704950.4667575657 0.0012532739
150717371.7362626195 0.0011927478
150491327.5650032461 0.0011315804
149320931.1005624235 0.0011709716
150572562.2880034447 0.0011347053
150711949.1503119767 0.0012065115
149142164.9487685859 0.0011442763
149433814.3413275480 0.0011962099
149690840.2437437177 0.0011359712
150716492.6812820733 0.0011805777
149825369.6029535532 0.0012237798
149307491.3649223745 0.0011729687
150065537.0975225568 0.0011568477
150623851.7760206461 0.0011852131
150637730.1365055144 0.0011517377
149334823.7160439491 0.0011752607
150048427.9351212978 0.0011969024
150674212.9600584805 0.0012108522
149296020.1723003387 0.0011964463
150774161.2950662971 0.0012181237
150742971.2603874505 0.0011768296
150518271.8346764743 0.0011599272
149115369.0405717194 0.0011902595
149250428.5743106008 0.0011886519
150714205.3486475050 0.0011788151
150714476.1805868149 0.0012019863
149105280.2726340294 0.0011799423
149691025.0166589916 0.0011596255
150689336.8964775503 0.0011834622
149529088.5108209848 0.0011823233
149162374.5132136047 0.0011952176
150747475.6391805112 0.0011419428
149129242.7746277153 0.0011852789
150578690.4993528426 0.0012158550
149174807.4816354513 0.0011902273
150601013.0383777320 0.0011769173
150703689.4730785191 0.0011687881
149365235.8596327007 0.0011920927
149298113.3715212643 0.0011891012
150762631.3574022353 0.0011762740
149173557.9811854362 0.0011809834
149124198.2802047133 0.0011797697
150626831.2254978716 0.0011793399
149140278.0513206124 0.0011797837
149223337.2815378308 0.0011802960
149152940.5372732282 0.0011753621
149097655.4935247004 0.0011834819
150733446.8012186885 0.0011823184
149233941.2253895402 0.0011878435
149119946.0727916658 0.0011866362
149167993.9328953922 0.0012015145
150764943.0123189092 0.0011889601
149169644.4812335372 0.0011793725
149100575.3391281366 0.0011833440
149226670.4161487222 0.0011866648
149147940.4429691136 0.0011792626
149109257.7629128098 0.0011644241
149122727.0600056648 0.0011842476
150621652.1708455086 0.0011770841
150758819.4135775268 0.0011820561
149310368.3076854348 0.0011758847
150759308.8124553263 0.0011855496
149227815.9731039703 0.0011715904
150727072.2490222454 0.0011835098
150773485.5151129365 0.0011953730
149097079.6086131334 0.0011847315
149185237.0956557691 0.0011887065
150738220.2242667675 0.0011806952
149449773.4832940102 0.0011908469
150730678.4371800125 0.0011857298
149219453.5010322034 0.0012078524
149092701.0744662583 0.0011821553
149133866.9256614447 0.0011757367
150733200.6607452929 0.0011817373
149284806.0799655318 0.0011835630
150723053.5687842667 0.0011837960
149182645.1378601491 0.0011729322
150759948.9817450047 0.0011837831
149110559.4010200202 0.0011706226
150723858.9596113265 0.0011829916
149188422.0206516683 0.0011754803
150748192.4618301094 0.0011815622
150737428.9121106565 0.0011852862
150750593.5634842515 0.0011862832
149133618.7993045151 0.0011686200
150496139.9551534057 0.0011739708
150632634.3914996386 0.0011780621
150748108.6985284984 0.0011841937
149168689.0183976293 0.0011780188
149124748.9472228289 0.0011833548
150734985.9898168445 0.0011779085
150740181.6923739612 0.0011809138
149168378.3666646779 0.0011857356
150767862.1981979012 0.0011845692
150759473.7563879490 0.0011833462
149116658.0288954675 0.0011797104
149096070.4486655295 0.0011811277
149096381.3928918540 0.0011835242
149094153.9929713607 0.0011763560
149106558.7029606104 0.0011843239
149126133.0677111745 0.0011736183
150764795.5488624275 0.0011827561
149133173.6512101889 0.0011754750
150763220.5868464112 0.0011824005
149173222.2023656368 0.0011793104
149107932.8486365974 0.0011808326
149110647.2634090185 0.0011748409
149107541.0633486211 0.0011843262
149097224.0571808517 0.0011921045
149097355.2679659724 0.0011809171
149160558.3593625724 0.0011905439
149093037.3000625670 0.0011838792
150748237.5742629468 0.0011825712
150758516.3865959048 0.0011823641
150744171.7372752726 0.0011820594
149173012.1621551812 0.0011849672
149092778.4970022142 0.0011820714
149109400.2720870972 0.0011808073
149093190.2283292115 0.0011825781
149132669.2798991501 0.0011888711
150764290.9863983393 0.0011825321
149116622.2153952718 0.0011794715
149102084.0064243078 0.0011821071
150764829.3777093291 0.0011848497
149102253.3082407415 0.0011818430
150756215.0356644094 0.0011792151
149102095.6241554022 0.0011827642
149087812.0012482703 0.0011830881
150750377.8219844401 0.0011836640
149090769.4633740783 0.0011809925
150760056.3298037052 0.0011834962
149095574.4427167177 0.0011850466
149096505.3762592971 0.0011828141
149098306.2988432050 0.0011873811
150759149.2501811981 0.0011834998
149132396.3329139054 0.0011794424
150755219.2337832153 0.0011840528
150757529.6224053800 0.0011822589
150756181.9789890051 0.0011823041
150741429.5265670419 0.0011786820
150761900.0539395809 0.0011814994
149120382.8667933047 0.0011833794
150753343.8573982120 0.0011822966
149155744.8652431369 0.0011842800
149087721.8283490539 0.0011825736
150740106.1882433295 0.0011833791
149093335.2923319042 0.0011819437
149187476.4725451767 0.0011811623
149094674.9032092690 0.0011837848
150747530.4222411513 0.0011831630
104465488.0000000000 0.0011831630 1 0 0 0 0 0 0 0 0 0 0 0 0 0 0 