705004733.7238408327 0.0011368988
681555220.1892623901 0.0001633229
684828477.9540997744 0.0008084093
697644760.5162359476 0.0004893332
813802568.8694199324 0.0003884920
711042643.0705575943 0.0000175065
722374231.1715979576 0.0003625951
686267958.3237619400 0.0001404278
693947502.6505814791 0.0004545329
731835318.3294119835 0.0003074405
759279462.6998558044 0.0000188320
665907805.9051173925 0.0010349174
824035807.7747845650 0.0001368250
663084676.4846078157 0.0002079772
658517217.8310730457 0.0002202301
771872335.0174793005 0.0001173890
696274591.4339251518 0.0011496064
612026642.9652093649 0.0002330242
600517515.7391335964 0.0003189479
603400718.7558358908 0.0025004472
583283109.8861503601 0.0052200867
568221546.2753394842 0.0060899031
592684231.2104833126 0.0013710257
558938209.3778680563 0.0080843615
550342948.4258919954 0.0088006233
661640998.4623458385 0.0012495161
640367358.1489666700 0.0020812941
689081670.7734479904 0.0019728914
648519058.4035772085 0.0003346658
528534325.0951535106 0.0106535032
611440186.8479018211 0.0056786243
404896783.4365747571 0.0285907896
526882086.5280491114 0.0084627962
402829821.9448223710 0.0288616842
485065203.8659588695 0.0103537644
400217626.7777713537 0.0285884347
421491773.2664501071 0.0162710984
404794791.7970036864 0.0297928687
430000508.9144007564 0.0276206302
400689931.8607698679 0.0291086942
417729464.2273011804 0.0105116645
408503983.9264097810 0.0256599487
460101088.4357301593 0.0176477863
402056025.9742463231 0.0293503192
376769460.8113313913 0.0230177190
376577469.6874178052 0.0230184723
396906945.7382950187 0.0390074495
370592618.8601221442 0.0236835215
426678780.1570612788 0.0079587694
389551564.0707734227 0.0225965706
380404408.4676111341 0.0191877073
368324250.3664168119 0.0268704821
397562661.4348990321 0.0237654903
362166140.5323837399 0.0241054561
370657639.4651057124 0.0294630037
364188761.2695133686 0.0249471239
368034026.7018391490 0.0246531447
384201099.9319738150 0.0223997332
422310665.2281575203 0.0018810850
404040955.7769360542 0.0166391086
365192498.0450016856 0.0226028714
341829296.3579313755 0.0236142413
409064715.8357518315 0.0154933108
333003986.1277691722 0.0213687587
376777507.9012845755 0.0127853875
346598259.5697094798 0.0176217741
320054343.5315608382 0.0344071218
313869633.1010268927 0.0360649501
440568375.9267323613 0.0104552971
308052813.6620371938 0.0394500933
303413962.7927048802 0.0352930900
309565671.9101710320 0.0329861759
321058659.9349414110 0.0750494993
293490848.3037356734 0.0422928184
299307284.7994928360 0.0121855080
297498747.2251637578 0.0406238084
319836216.0897386670 0.0128722929
305467046.7646775842 0.0328120353
377706370.8214326501 0.0210817550
298944612.8379618526 0.0386811962
311001720.7062938809 0.0232045908
294832070.8625175953 0.0465528795
322185404.0665248036 0.0434136014
286902383.8018118739 0.0437587917
332481464.0109007359 0.0153863267
297017973.3666434288 0.0604137343
343658827.9348557591 0.0278769217
287695837.9618371725 0.0449369833
330977977.7109014988 0.0033111004
290233651.5951609015 0.0401525134
344722543.4370657206 0.0178932418
285899318.1179870963 0.0454717205
310234974.9155029655 0.0430430503
273980749.3871019483 0.0454984984
318353880.4594444036 0.0238575827
286062267.3430914283 0.0380724220
295888216.4572674632 0.0209173247
277048162.3365710974 0.0432904765
349554258.0401548147 0.0115242279
272027150.5928258300 0.0399205196
305945523.4125704765 0.0232000954
257789280.2226268947 0.0491997283
325630148.3963903189 0.0142221891
292252545.5162421465 0.0397598067
294796414.4160448909 0.0425613812
252266345.8970053792 0.0669536648
265237692.3386332691 0.0153964791
241530738.2236593068 0.0698311537
328059250.9903841615 0.0422010342
229652685.7815663815 0.0930157392
267460891.3072332144 0.0626382619
232266046.9027263224 0.0721959150
251087094.1713379920 0.0498433012
233136184.0476175547 0.0817240400
247515129.8584516943 0.0355867908
223818799.3521326482 0.1184931726
220546984.3274812996 0.0661541328
218337995.7327542603 0.0709694823
301450149.6681212187 0.0122466128
219722834.1243764162 0.0825009406
212905659.2249633670 0.0696740685
222565695.3724379539 0.0557840741
212415323.4231223166 0.0809987220
222837015.4482315481 0.0676963285
212078412.4389213920 0.0823500538
208042945.9103560150 0.0984307772
205402378.8818041086 0.0937480837
219236137.2705658376 0.0637205004
203620520.7953567505 0.0914277324
204128078.4117255807 0.1286055981
206102403.5872524679 0.0880735355
230800574.4106348455 0.0757850025
207039998.2024399936 0.0933449209
216328340.4397818148 0.0853877053
203817161.0959855914 0.0945930853
206134612.3777055144 0.1034741689
205441845.3332395554 0.0860690195
214756295.9459630847 0.0846702692
204671461.7159665525 0.0882475300
203967540.6460616589 0.0901527011
205369841.1383060813 0.0914230426
218219994.5048229694 0.1041509685
204550181.8650855720 0.0868578707
233980392.0660093725 0.0731294631
199668781.7966754735 0.0979184011
228266891.3399842978 0.0672549007
205087359.8031019866 0.0719587331
210945566.6997352242 0.0694989847
205716945.7659561336 0.0915168555
199809228.6940226555 0.1076303080
203824110.0353181958 0.0957318974
232129449.4854509830 0.0993847935
195951896.0605781972 0.1024858853
200885397.0725630820 0.0859188799
194366766.9749244153 0.1115415495
224573452.1777535677 0.0869210885
194852578.7344407737 0.1055835964
200442452.3893114924 0.1253550736
193510207.9663562775 0.1055507361
212910729.5849153996 0.0962155898
190088562.4778144658 0.1073486517
206047344.6478011012 0.0550987275
193268433.5966807008 0.0997331213
203062392.4618431628 0.1109804232
191950388.8936797678 0.0867239793
219496928.8874173760 0.0724915637
190144736.8758661449 0.1101874035
208681156.1536631882 0.0857451591
196656865.5153001249 0.1023097948
211328650.7374802530 0.0950517932
188132092.0951906741 0.1029052001
192932090.9948648214 0.0883621911
189335665.9563060105 0.1010249749
191391835.4442935288 0.0805067481
189337358.7877607346 0.1032842003
216796415.9471898675 0.1011835827
191892990.7101713419 0.0938229273
190675770.8160049915 0.1013434144
187395086.5957450867 0.1064234911
204848307.0099436045 0.0863130740
187137718.4414110482 0.1100722798
198480253.6953741610 0.1106184493
189084094.5565786660 0.1007404451
201402735.7923437953 0.0863379758
186272084.7337260246 0.1238883780
206435412.8374849856 0.1142368795
188086133.1054575741 0.1203804682
187346287.5987842083 0.1334740985
186280397.2592468262 0.1226153605
187356264.5472837389 0.0915589748
182936820.5033562779 0.1297084512
190186597.4612494707 0.1117995740
181697984.4697511494 0.1342129706
190391257.4281183779 0.1283328499
180974040.1721241772 0.1378119405
193530631.4256080687 0.0858688230
180856029.8959912956 0.1457794485
193934554.6631211936 0.1365733001
181606505.1438463628 0.1542525342
191208941.5646018982 0.1585835687
185093162.2289047539 0.1398561371
182271219.4444538951 0.1387604131
182447173.5395354331 0.1643833194
180110278.9133740962 0.1453401975
188619221.1643578112 0.1309760305
181692543.2942384481 0.1473163744
182011402.8299391866 0.1513859161
181448816.0425784290 0.1426847485
184787049.7212173343 0.1507371787
179761831.2812277973 0.1534292358
181461229.0848519504 0.1632604143
181250953.9686949551 0.1499576674
178239147.3389699459 0.1650855705
179249724.5328767002 0.1678482785
184108956.0919304490 0.1606543971
178749917.2688967288 0.1693091585
176251293.3158180118 0.1755157022
178712868.1407542229 0.1726167737
183105433.9326829910 0.1779321892
177444953.8524302542 0.1715174778
177044071.4095087647 0.1936842883
177234655.2365156114 0.1725067609
176068798.8465128243 0.1903939673
174036945.2327771485 0.1975845440
174871195.5613154769 0.1768722055
173261737.3799812198 0.2062669964
179899603.6497046053 0.2117171138
179529972.1446042955 0.1962091958
175956804.9489193857 0.1788457109
173232936.1650918722 0.2037863354
182182592.9834035337 0.2207711472
174487535.2580576837 0.1974596148
175713600.0541387796 0.2133511123
173443950.1023748219 0.2070498224
175443649.5790977776 0.2081940047
174645443.4123136699 0.2046563486
178232777.2147724330 0.1800497132
174000071.9109630585 0.1925271712
181191128.7991996408 0.1891723093
176370601.1482920051 0.2024453854
177550910.7602543533 0.1996605660
172467103.5403096676 0.2153358787
174394137.7595352530 0.2004757285
172314587.7786432803 0.2152714689
171326527.1423959732 0.2160970517
171993132.1682632267 0.2108043132
172059681.0905221701 0.2276656477
171708854.2117141485 0.2190015939
174738113.3736879826 0.2030324694
171497446.0526497662 0.2191570007
175722900.7690597773 0.1987905112
171005517.1456947327 0.2205484756
175288714.5008881092 0.2054060926
172752913.3626433015 0.2153816811
176774683.0899794400 0.2154835268
171078351.8579083681 0.2308632229
174083674.8458705842 0.1989484549
170630458.9085401595 0.2183023285
162232334.3058966100 0.2662397480
173844618.3513564169 0.2677234724
161942270.1927980185 0.2729833442
176504919.1733558476 0.2482369067
162308076.6676717103 0.2712486070
174481815.3378273249 0.2651332972
175969639.5110483468 0.2666804369
169575158.7340317667 0.3004171684
161365071.8038933873 0.2684186076
169996343.7884595990 0.2626683943
177323352.3720885813 0.2723710244
177995455.4783833027 0.2324715395
160531061.6946059763 0.2745351358
162265709.2207632065 0.2710481202
160594773.8943151236 0.2743082118
163151934.3165730536 0.2529611194
161545506.3216067255 0.2709334027
164715056.9544343054 0.2393044228
162480087.0480096936 0.2656783434
159855173.3875713348 0.2942895603
159800997.4680855572 0.2906103340
159460061.1161755919 0.3008427769
160801473.6643795073 0.2853916457
171971427.0662421882 0.2735023102
159180006.3536777198 0.3025030000
162090182.5246526897 0.2873432783
159422733.9633828104 0.3031835214
159934667.0957327485 0.3049295973
158752145.1730479896 0.3016804992
174247566.0142740607 0.2790243059
159996371.6434455812 0.2988964210
170808836.7607870698 0.2784727266
159413167.0164926052 0.2991393754
163062380.8793254793 0.2601230891
158501850.6822513938 0.3124020696
157770700.3245220482 0.2973344656
157176965.2752464414 0.3078310362
171682271.9910399318 0.2697653698
158182370.4464249015 0.3071045132
159920139.4088265598 0.3281513619
157996839.2954742014 0.3159628331
161560812.3409133255 0.3363014767
156765992.7470347881 0.3148051989
155540409.7977995872 0.3605939259
154988186.0997301638 0.3625858350
159779124.8458959460 0.3439505724
155204981.6636766195 0.3661686640
150683895.6914601624 0.3969012947
150496661.5498767495 0.4021896476
153390615.5774815381 0.3811302825
151604625.6516178548 0.4079448399
150867651.9782009125 0.4125358586
150501198.8105449975 0.4054280681
153616362.7456927001 0.4001911028
149133575.2191759050 0.4148127249
153337564.5938735306 0.3872281594
149792379.2277573645 0.4160876010
152575871.1449977756 0.4022856745
150941977.7909901142 0.4081762705
151110266.4961463213 0.4245551034
151021963.4328463078 0.3993202048
164851902.7715134621 0.3888176675
151363255.5448656678 0.4100665113
151205585.1254886389 0.3894117047
150561124.4384447038 0.4112725137
148517698.6862577498 0.4147000315
150370354.4823081195 0.4143667073
149273994.9897231162 0.4302895218
149711534.3803464472 0.4050956564
143939875.4038066864 0.4520959582
144673223.3507949114 0.4448914102
153157082.4447958469 0.4433090635
145823755.5503239632 0.4545177223
152380259.2757743001 0.4635695700
144168219.9716985822 0.4534450685
159923034.1844273806 0.4408342471
144381567.2135193348 0.4419041788
145490794.6536577642 0.4569651037
143812017.5961318314 0.4511374929
144630851.9786669612 0.4453468919
144318156.1486605108 0.4470876071
143691282.4659882486 0.4470234302
152534905.1681730747 0.4447198144
148570882.1919293106 0.4048488008
143570525.7751166821 0.4513708178
145331037.4931935072 0.4550692065
143705195.3951844871 0.4655382395
150790515.0384999812 0.3980695488
143049117.0496281981 0.4579903499
151285719.3000487983 0.4264242152
143105722.1646749973 0.4493929479
146286432.3340366483 0.4882788204
143238162.5260834992 0.4493265449
143933869.7115912735 0.4683505344
143585660.0018462837 0.4450374446
149344047.4582492411 0.4237754329
143383637.3100914061 0.4605613332
150830996.2116571069 0.4469948546
143644075.0386267900 0.4554664567
152732540.2930538952 0.4878469410
142263376.2103226483 0.4654589243
150988912.8159997761 0.4521973832
142342514.7660644948 0.4693799519
146176211.7747168839 0.4570154683
143357033.0142819285 0.4664725843
147445674.3415999115 0.4880783306
142553432.5971325040 0.4623188469
149209008.8038744628 0.4315751709
150072019.0493158400 0.4550472251
143046911.0628645122 0.4644234686
142606378.3561355472 0.4703675638
147447847.9726401269 0.4161476734
142745822.0765700042 0.4623421079
145788895.0188726187 0.4703486971
142692076.2113439441 0.4687414598
141819138.9014696181 0.4848103384
152350897.1711872816 0.4822780773
150315372.1418415606 0.4721434087
148701213.7669953108 0.4725757611
145221611.7960401773 0.4582034279
142064147.2231979072 0.4922274625
154860102.8461098671 0.4841297655
151716283.0358105898 0.4799519813
149730954.5873099864 0.4657156903
142536335.7855226099 0.4870990699
151591087.6137603819 0.4563640243
142147595.9251313508 0.4808832098
150967880.6138713956 0.4184628902
142139525.6014563143 0.4854539374
149134873.2772015929 0.5215493696
141703788.5117968619 0.4835764112
146437615.9639573693 0.4210168031
142000706.3150759935 0.4825773733
150096011.5136083066 0.4712540021
141165436.0871024728 0.4932258806
150995053.4400803447 0.4865600856
152515676.1894694865 0.4945873921
149445467.7035294175 0.4905099625
151251252.0734192431 0.4984900455
147849693.5111088455 0.4696048260
142804262.2381074429 0.4942871445
143350252.0877427161 0.4982645136
141699532.7831614316 0.4996017126
148022159.5733099878 0.4510459073
153632787.4949889183 0.4929990924
145097529.2802343667 0.4983172826
149288236.4817362130 0.4830528737
152659602.3649466336 0.4627225321
141167670.6694792211 0.4960237343
150623286.9692383111 0.5273422438
150582372.6961396039 0.4940983100
146641797.7063131630 0.4547142189
142200976.8481881320 0.4980057285
152506042.7428555489 0.4587728024
141792002.2485593259 0.5023229395
145829293.2252984345 0.4992868222
151394264.6854038537 0.4848354210
142899863.2416178882 0.5151484395
151241836.5005422831 0.4906021340
145202083.3029996753 0.4469892776
150042730.0873031318 0.4821093111
142011221.4873732328 0.4978124093
141420485.3262883723 0.4876476594
152017836.9419580698 0.4865622121
153650067.9733390808 0.4838664719
151792784.1684044600 0.4911342624
149725168.7514165938 0.4932068729
141319138.1296449900 0.4903445603
147307635.4136158526 0.4641260706
141068743.2956742942 0.4947329440
142570049.0212038755 0.5075160389
141796232.2973721027 0.4967741981
143635801.2759515643 0.5201918649
152014380.5745921135 0.4937715323
142152969.9617051780 0.4999361531
141114641.2604592144 0.4970501359
141701860.6893697083 0.4972493989
141147412.0382725596 0.4966203030
141271089.6060173810 0.5195674176
152065420.9924298227 0.4922545497
141291316.9636378288 0.4951399661
141025634.2286777794 0.4970241310
149732469.1943398714 0.4745661291
151881343.8081173599 0.4889478320
141677492.8547716141 0.5211496869
141545984.7484667599 0.4984529692
142245130.2862868607 0.5105816905
141004275.6018584073 0.4949534454
151399397.5890670717 0.4904715336
141646580.7797988057 0.4987878321
150652902.9478462636 0.4855764067
151241211.5604062080 0.4899224570
141840592.5147276819 0.4957136495
151392329.8792541921 0.4888518055
140899650.8403242230 0.5068729490
141654141.6011672914 0.5089512620
142246172.9421342015 0.4913289915
140558420.0448898971 0.5033700146
141999737.6704770923 0.5100489798
140404315.7867995799 0.5038374248
141037203.3170968592 0.5099299859
151241425.1778393984 0.5018733589
151131889.9143552184 0.4901734172
141421116.9961163104 0.5109181124
140020868.7517302930 0.5131976362
148274390.5022199452 0.5116105791
139968369.5561300516 0.5063010549
143061788.2319281101 0.5080492240
140293085.5246556401 0.5112411756
141965501.8608949184 0.5048129572
143950317.1243116260 0.5046654659
140404763.4401923418 0.5097580366
142402429.4261645377 0.5211113142
140339823.2351762652 0.5086636891
140654042.8049767315 0.5202063069
142014515.5125819147 0.4990154967
142917490.0209838152 0.4918587298
142495091.4687685966 0.5020505861
146117826.8744772077 0.5331141704
141726605.8814665973 0.5012153444
140132121.7205558419 0.5024899943
142587407.0136632025 0.5013693374
142336937.6726116538 0.5086435834
140906891.0474466980 0.5108789206
140622174.4289276302 0.5056008722
140064841.6423992813 0.5050944455
143332226.6640192568 0.4909420602
143155534.8343204856 0.5067061479
147560281.7735593617 0.4888493594
139955286.5387779474 0.5116350573
149100934.1801123321 0.4841678508
142763699.0494161546 0.5060013753
141828754.3995013833 0.5416374617
143091096.2738449275 0.5088906461
140638854.9806669950 0.5131432677
140194436.4785795212 0.5138285228
143167746.8507036865 0.4976847305
140780102.4156729281 0.5161845115
141707506.4521037042 0.5102194727
140212679.2434295714 0.5108505296
139316324.9424624741 0.5226487795
139075319.4969959557 0.5207367169
141839428.7989554107 0.5039070225
139166026.7955915630 0.5229438544
141620067.1559005976 0.5235119947
143073968.6622758508 0.5191219707
140772683.0138363242 0.5305249710
139391835.9699758291 0.5223992875
141206390.4653925300 0.5191724250
140300486.1090454459 0.5261937621
142690385.3602723479 0.5402819694
142520337.8930200040 0.5135225238
140943334.3879345953 0.5169065829
143263138.3054122031 0.5159420199
151440642.6181718111 0.5140820566
143570895.5512018800 0.5145313329
139230958.8853541315 0.5220308525
140131301.3675837517 0.5195302832
143159263.0552358031 0.5204194513
139189518.1505569518 0.5200797203
139149521.3859604597 0.5218467291
140730624.1979167461 0.5324368123
142839546.5987187624 0.5196283680
142478033.4869483709 0.5204846555
139429724.3331340253 0.5217571414
142330142.0583736300 0.5206163385
139408501.0183001757 0.5195538428
143416420.4634000659 0.5172100492
139404906.7470237017 0.5213734943
139942847.8827795982 0.5357047847
139530104.7608366907 0.5229228118
139226308.3057186604 0.5256872967
139101394.4777340293 0.5208516529
140202419.7929393351 0.5247042735
139225955.8339792490 0.5213845216
141772719.5488914251 0.5089723920
139573566.2670444846 0.5228039082
142886493.9244845808 0.5230472644
139550724.6228480339 0.5207943222
142224926.6916950643 0.5172023502
139456271.2351442873 0.5240167762
140752245.0945268571 0.5166587049
139557758.0730462074 0.5244996100
142237539.0369862914 0.5115136519
142642471.0135149956 0.5195828124
139580989.9792855382 0.5107575601
141313371.8678468764 0.5157168000
139991655.5432467461 0.5261964073
142995728.0584621727 0.5211596414
139404619.8244158030 0.5217250738
139284224.0661034882 0.5215950764
139066332.5717160702 0.5220168512
139190820.6003737152 0.5196326548
139101193.1975872517 0.5217038612
143586278.5396478474 0.5220550361
139075599.5062910020 0.5222366466
139022431.8194034994 0.5217945216
139049027.9145179093 0.5218871453
143212435.4943160117 0.5200876487
143217415.1585853994 0.5212897521
143117600.5218861103 0.5212312104
143197923.6831805706 0.5211464240
139633187.3332547247 0.5243317462
139097920.4220359623 0.5219360948
143234288.3597253263 0.5184654236
139084331.6914753020 0.5222092822
139302168.6628630459 0.5202358236
143355145.6540145576 0.5216262163
139680277.4301070273 0.5250619592
143283021.3082553148 0.5215512550
139533117.5339136422 0.5251572913
143344272.7407841384 0.5214193060
139306294.7000899017 0.5234865827
143283748.6778294742 0.5210185875
139430267.9313212633 0.5227410599
143366631.1776917875 0.5218448890
139239666.0744201541 0.5235439307
143304869.5007096231 0.5209759331
139510438.4637849927 0.5240496368
143347607.1633223891 0.5216305972
139221235.4048665762 0.5236398969
143290503.9262610078 0.5215471925
139121342.9866390228 0.5219725219
139008593.9749662280 0.5218157758
143447173.0493807793 0.5225490123
143331273.5327983499 0.5214187594
139663749.1601039767 0.5244924375
139105297.3292958438 0.5219650837
139110725.1793623567 0.5231874006
143194919.6064594984 0.5215973840
139159837.4217448533 0.5216151815
139053815.8099917173 0.5213065612
139188867.0627438426 0.5226430932
139096078.2528600991 0.5219812140
143379700.9807246327 0.5201009268
139057763.5515235364 0.5220691041
142887261.1536239982 0.5207950931
139057421.1674414277 0.5221134382
143080655.3344907165 0.5223530664
139055488.6560980082 0.5221896849
143422848.0023452342 0.5222259134
139083666.7490959764 0.5224950331
143435509.1773968041 0.5223263175
143311592.4356703460 0.5203571888
138991519.6669444442 0.5240062115
139045326.7843697965 0.5239236953
139015516.3871044517 0.5245258446
139003848.3770352304 0.5247802032
139040032.6743272841 0.5236832536
138885335.6537806988 0.5240411271
138886179.7900899947 0.5240724942
143085409.2044012547 0.5245018217
138852654.9656158984 0.5239270427
139168487.6333406568 0.5255524284
138851529.7413465679 0.5239295374
138982430.5906196237 0.5242679886
143185169.2276856601 0.5235291658
138906624.8271910846 0.5246922092
143224300.6442518532 0.5234882950
139067597.3289762437 0.5249887659
138889961.8747093678 0.5240829293
139254034.7555162013 0.5258790569
143141930.8727151752 0.5237914186
138945019.7070127130 0.5234856577
138871182.6019838154 0.5241484690
138956993.2917679846 0.5243655954
143241942.9867877960 0.5238079518
138938198.7179352939 0.5253568242
138856354.1310561597 0.5240633985
143109100.8651878536 0.5238816887
138862951.6268510222 0.5238685954
139068654.2777169049 0.5246145704
138873588.4148663282 0.5240022707
138922166.7636397481 0.5237746051
138865525.8611352742 0.5237916849
139019676.7480138242 0.5254356295
143224612.7254285514 0.5238416047
139085980.1982983351 0.5243403258
143244668.1517019570 0.5238754185
143289880.6797176600 0.5235286378
143214953.9300019145 0.5237009449
138996285.4110766053 0.5241548831
143217968.1455145180 0.5238391148
143170438.6474480331 0.5233046902
138867429.2183064222 0.5241551033
143261980.8759846687 0.5236138109
138862397.4820705056 0.5241099422
143276886.4966703057 0.5234986763
138874021.4290497005 0.5240408658
143281581.2239027619 0.5234883767
138909276.4425637126 0.5242518678
143272187.7528448403 0.5234175696
143216386.9245322347 0.5238881538
143293589.5959799886 0.5236480436
143231828.8234727085 0.5238185353
138887076.4494327903 0.5245447698
143207091.2927887440 0.5233160008
138852319.2691386342 0.5242639260
138848761.0748296678 0.5240197812
143174914.5838825107 0.5243307864
143224371.2740783691 0.5239253237
138858170.4168622792 0.5238674923
138849157.6281387210 0.5241970475
138879841.6229772270 0.5238568519
143212841.8421769738 0.5239033743
138941864.7528854311 0.5243003794
143224048.9194039106 0.5240087339
138870137.3605156839 0.5239857774
143210122.5443921089 0.5238223367
138889199.2258729339 0.5244472610
138867881.9684138298 0.5241894691
143182634.0757119954 0.5233204330
138848329.2661809027 0.5240333792
138916049.1910030246 0.5242690866
138863107.1104232073 0.5240515973
143221244.9818607867 0.5240172437
138878651.7840117514 0.5243494822
138894894.4684154391 0.5245017147
138859951.5948661566 0.5238852400
138958443.4099105299 0.5237609581
143192281.2850039303 0.5238013257
138941695.6881104410 0.5250741477
138885189.8859646320 0.5241499794
138859653.1720322371 0.5237787641
138856369.5301621258 0.5240542385
143209717.4650908709 0.5239597998
138918328.2669878304 0.5244044005
138850110.6058984101 0.5240503769
138859516.3307656944 0.5239183528
138865419.1621590555 0.5240918949
143211564.1115846932 0.5238897044
138861663.8193140328 0.5240777424
143155170.7705019712 0.5235729883
138845875.7457888126 0.5240398292
138866001.5465009212 0.5243337751
138856968.9339822531 0.5240244638
138858979.4659670591 0.5239667869
138856504.6922681034 0.5240554082
143214505.7270379961 0.5239823039
138844313.2164431810 0.5240677109
138876603.8759632409 0.5244228079
138841088.5751045644 0.5241050812
138844184.1335896552 0.5241623122
143189908.9900312424 0.5240506750
138931928.5194371641 0.5243813750
138838106.8391302228 0.5241149258
138870760.8664596379 0.5242019679
143210097.0360811055 0.5241461086
138907950.2242192030 0.5242097444
138838840.3724162579 0.5241919660
143212562.1324481070 0.5240448082
143187907.6450169981 0.5239711690
138889699.2189323902 0.5243931081
138838175.2854822278 0.5241191601
138872373.6579901576 0.5246749962
143190901.0936058164 0.5240698944
138908213.5991473496 0.5243217252
138836361.8479112983 0.5241701542
138882813.3318122029 0.5243147018
143194111.3382762372 0.5240415910
138903053.8095421791 0.5245445678
143186357.5381335020 0.5241326415
138899803.5533961654 0.5245317565
138838593.0744294226 0.5241849978
143164797.5925328434 0.5239882000
143197586.8270423114 0.5241284588
138843265.8024152815 0.5241627828
138843297.9264435470 0.5242290526
143207565.8582264781 0.5241366438
138835932.7612505853 0.5242646523
138835452.6457914710 0.5242578107
143115205.0796373188 0.5238640609
138834027.5040629804 0.5242511594
138861486.7362846732 0.5244480071
138833796.8785101771 0.5242571516
138868820.7680028677 0.5243846030
138833769.2289283276 0.5242593483
138841308.3345391750 0.5244144023
138833485.3578932881 0.5242576748
138834754.1191698611 0.5242432664
138837594.2559555173 0.5242733455
138858327.9653448761 0.5242649013
138830976.9624700546 0.5243168975
138865313.4872802794 0.5244789460
138831438.2602758706 0.5243446818
138867128.5744214058 0.5245588662
138833185.4951935709 0.5242987263
138860526.7559020519 0.5244970420
138831466.4714446664 0.5243127761
138851277.0940774381 0.5243671041
138830849.4223729074 0.5243303526
138852771.9855672717 0.5243525241
138829802.3635830879 0.5243267977
138866389.2436970770 0.5244487756
143203351.2749705315 0.5243151688
138846458.9108574688 0.5243697143
138835250.9257564247 0.5243547228
138831445.7114475071 0.5243886148
138832037.6204698086 0.5243398427
138839160.9415951073 0.5241980508
138833969.8340323567 0.5243116199
138847357.6141121387 0.5243149797
143196359.4530356526 0.5242919633
138838724.4480924904 0.5243872522
143199155.1450281441 0.5243101593
138843391.6860263646 0.5243542687
138828697.7842301130 0.5243323414
143108569.4224369526 0.5239595844
138829388.1389022768 0.5243494842
138863713.2668498456 0.5244814861
138828712.9872297645 0.5243438198
138866481.5048754811 0.5245120551
138836077.0788972378 0.5244315914
143109450.6805473566 0.5239461184
138837295.2908540964 0.5243480639
138855238.1417514086 0.5243337204
138830076.3959110081 0.5243912848
138856128.3694027066 0.5244651363
138844905.9318423271 0.5244257340
138829265.5004994571 0.5243369892
138839350.6859575510 0.5243519046
138828355.6029673219 0.5243291598
138843677.4764196575 0.5244132189
138830499.8481114805 0.5243204488
138837052.8356510401 0.5243520388
138828903.1471033990 0.5243193968
138842926.0338568389 0.5243961090
138829585.1778956056 0.5243335925
138836432.7283274233 0.5243097806
138829700.8136094511 0.5243258635
138835905.1709771156 0.5243900493
138830112.9944439232 0.5243345262
138835885.1444219053 0.5243354936
138828795.7601624429 0.5243444443
138843941.3510972857 0.5243890526
138831472.5870576799 0.5243241582
138828568.3288134336 0.5243209852
143180550.4340770543 0.5242371469
138828839.0663989186 0.5243249452
138837886.1116193831 0.5243575472
138829454.3212028146 0.5243307495
138836781.1158926487 0.5243844028
138828001.9888822734 0.5243265764
138836556.1571116149 0.5243699234
138830135.8874729872 0.5243377205
138829192.2847578228 0.5243152175
138829402.7935867906 0.5243308771
138830297.9017414451 0.5243146642
138830173.1382971406 0.5243209410
138836255.3059926629 0.5243283219
138829884.5430167019 0.5243252865
138831714.8359599710 0.5243509817
138829581.8751220703 0.5243308263
138834850.5005617440 0.5243719345
138827910.3995129168 0.5243290498
138834869.7680388391 0.5243547450
138828648.8485637307 0.5243247383
138837458.4755313396 0.5243525610
138829926.9395160377 0.5243228613
138836860.3592789769 0.5243599458
138828521.7157891393 0.5243342126
143182605.3709302843 0.5242562748
138829854.3288991749 0.5243437083
138830021.3728338778 0.5243415244
138830125.2631732821 0.5243345379
138828133.0782319605 0.5243331658
138829798.6551542878 0.5243226816
138830343.9127327204 0.5243257316
138830903.7167491615 0.5243634707
138830126.2900768816 0.5243197041
138831340.3623293936 0.5243409053
138828473.3261077106 0.5243325220
138831494.6401200593 0.5243323846
138829991.0735274851 0.5243296700
138829046.4435213804 0.5243353215
138830339.0358265936 0.5243309471
138830976.4971455932 0.5243471610
138830572.8002573252 0.5243238262
138829123.8308567703 0.5243356181
130107489.0000000000 0.5243356181 0 0 0 0 0 0 0 0 0 0 0 0 0 0 1 