916245138.1528599262 0.0000009890
886050639.0591549873 0.0000003415
889186075.6227843761 0.0000000584
923676240.5807539225 0.0000000015
1011849237.9198044538 0.0000000969
953130250.6800279617 0.0000000164
977167461.1512553692 0.0000000007
894329300.7002720833 0.0000012535
950130788.5951206684 0.0000000025
918598462.2289316654 0.0000000007
968967354.8002721071 0.0000004952
858543149.4437254667 0.0000000479
886777186.9409973621 0.0000000568
856334877.9999444485 0.0000004368
849484620.1857118607 0.0000018952
938608064.9422371387 0.0008397408
897660384.5834488869 0.0000009135
828718239.6387647390 0.0000032554
777363625.2915370464 0.0000043206
775929343.0852153301 0.0000046900
734742060.0817561150 0.0000006809
706829895.7468782663 0.0000004642
750045716.8525623083 0.0000022454
663258829.7312592268 0.0000002651
659355881.2854964733 0.0000000557
773476544.3193991184 0.0000011163
759076393.2863256931 0.0000000994
739820716.7349332571 0.0000010604
749723630.4852490425 0.0000022276
641537615.8213300705 0.0000028870
715792175.9811576605 0.0012791812
511280134.5168545842 0.0019276022
651255158.6857231855 0.0031241066
506358148.6412835121 0.0018448216
564900322.5352537632 0.0057207450
521869730.1299152970 0.0021503013
490054424.4741507173 0.0013605991
489017327.4485250711 0.0009257339
534297004.3011780381 0.0003017650
487051452.2381934524 0.0031781955
497142335.8277803063 0.0019989987
495052622.1282916665 0.0032202129
507651149.0671593547 0.0012286427
509785056.3656059504 0.0013953584
527253382.4303284287 0.0000000525
480014876.8139036298 0.0040820407
443530679.1383541822 0.0002165065
440286905.2006380558 0.0002262896
474665404.8393012881 0.0000211874
444011719.4541967511 0.0002188076
419966550.1039664149 0.0000375885
419177086.0941510201 0.0000445797
498797834.9541978240 0.0000451058
401619624.0266333818 0.0000342792
379490984.9925958514 0.0001250030
377319948.1730805039 0.0001477304
457286121.0063751340 0.0049447715
378204702.6310421824 0.0001206548
393127218.6510493159 0.0003187104
389739140.7712931037 0.0000752520
398366030.1303135157 0.0166656672
407661384.0321443081 0.0000604367
384059084.2125207186 0.0113957200
378664847.7655965090 0.0001016053
389326895.6236712337 0.0019775388
374669449.9394642115 0.0000067245
363458591.8279435635 0.0003873151
354026411.8631178141 0.0009278506
342412449.0499452353 0.0000532674
349416917.2216360569 0.0000981013
421594747.5825430155 0.0001423282
343162580.9848577380 0.0000404520
389586232.3900069594 0.0000000047
343108143.5926910043 0.0000512764
396317198.6404994130 0.0000062257
339721755.5587232113 0.0000211281
429328058.2264156342 0.0001009596
345876059.9263985753 0.0000950745
391639463.3731020689 0.0017319280
363322439.3159325719 0.0000151932
460081169.2072734237 0.0001394058
359632152.8935760260 0.0000000874
390846009.5395591259 0.0000065805
341709310.8291963935 0.0000123685
306430207.8713780046 0.0000027086
291229567.5024132729 0.0003439903
298305244.1308424473 0.0009308349
308915715.1925887465 0.0008049167
348106595.5284197330 0.0013791694
298112887.4227870703 0.0005155788
324019959.9575073123 0.0014765940
300842161.0093631148 0.0005632538
331340837.6031458378 0.0004217622
294284861.0682339072 0.0000185932
330684326.5472983718 0.0001285499
289874519.3891982436 0.0003798141
393058654.4731187820 0.0000733042
311913413.9888879061 0.0006162202
357722645.0389580131 0.0000566754
295495628.6678516269 0.0004224236
332870515.4845218658 0.0004511137
282269643.7629783750 0.0008033783
368545575.3955925703 0.0029225165
287562167.0956102014 0.0005461375
316102596.8913827538 0.0002368618
287959100.7613109946 0.0002389404
366363098.8147574663 0.0010038087
280433072.2793567181 0.0004134819
319222780.5654234886 0.0005856491
303746557.3701062202 0.0004730304
385763300.3465291858 0.0006257059
272774481.4899941683 0.0003049161
321640955.9760001898 0.0000296966
282181465.3845895529 0.0002995527
321125234.2071234584 0.0000020310
281324259.0921439528 0.0005179740
450672591.3184726834 0.0380232240
278010318.8928799629 0.0002283453
341247067.7516750097 0.0000149361
269441271.5572371483 0.0001460243
294818355.7105806470 0.0000000142
281808457.8023896217 0.0000368219
338218240.9797253013 0.0003297854
270123514.5514229536 0.0000954612
306072353.7680290937 0.0010527280
269427800.9053872824 0.0016148849
343332120.9526787996 0.0002311761
256233571.8262908459 0.0002929369
264893289.2635965645 0.0009002929
276129757.8860606551 0.0016901250
294167652.7922884822 0.0000192771
262658163.0591301322 0.0001294926
332406209.1140019298 0.0002376767
270272849.1732716560 0.0028020231
289311338.0342210531 0.0005483702
266746123.3337364495 0.0003211853
297302764.3510200381 0.0000019557
251791569.5777811110 0.0005064254
314466336.5600630641 0.0000065047
253650950.2098088264 0.0000267893
311604770.3626815081 0.0000167885
253168209.1785035431 0.0002531222
333053730.2011677623 0.0013206990
258020254.0804959834 0.0001283257
360692816.6878799200 0.0012252724
238727868.8317252696 0.0005453322
263195087.0802332461 0.0010761556
242613494.2894361317 0.0002684600
254708384.3318540156 0.0000000000
253121255.0948120654 0.0011221052
314257556.9906637073 0.0003297308
449221851.5485138893 0.0194454470
241401929.2410284877 0.0001709876
235917079.6313060820 0.0004995335
247669291.9071285725 0.0006532992
241465121.3552902937 0.0005830373
232797403.0255588293 0.0000387363
231376845.7651304305 0.0000255174
250272503.3884431124 0.0000073923
231293218.2671940327 0.0000189801
247995534.4489537477 0.0000001205
235081682.6672111452 0.0000161242
235419447.1551316381 0.0000009503
235473387.1167979240 0.0000674939
255644940.7374767363 0.0008349209
232606188.9594252706 0.0000438965
249024706.2840007544 0.0000000064
231602483.8781218529 0.0000437035
264223996.6903747022 0.0003320935
230791811.1818414330 0.0000213063
227088224.5470092595 0.0001863295
229233631.3110975027 0.0000578527
250592401.6483232975 0.0010028573
229457486.5573094487 0.0002634073
221677789.6629074514 0.0001717188
223728588.4570466876 0.0001983951
264003738.8623972535 0.0029701447
232111324.3360181153 0.0000206364
217189684.5351035893 0.0002518987
222561365.1680561304 0.0002544730
225280544.7402746379 0.0001482166
217321778.6881233156 0.0002718716
226596012.8469148278 0.0003979509
219203559.0876801908 0.0001525812
244665960.9172220528 0.0019826670
216867008.8210631013 0.0001003528
216248786.5858704448 0.0000000020
217064386.6170368195 0.0000000266
239590984.0584031045 0.0000006266
211789494.5505345166 0.0000000289
220133702.4102817774 0.0000065172
212592845.7350138128 0.0000024221
240494937.5890525281 0.0001645949
216820206.1684209704 0.0000000057
229222347.6997824311 0.0001970891
212678123.6075219810 0.0000007754
234461251.6443073452 0.0000060087
211448726.2164429724 0.0000001109
226165524.0154642463 0.0000000007
212685601.7800090909 0.0000000117
249180476.7048168480 0.0000078075
212620223.8916830719 0.0000000068
233843627.2861788869 0.0000000000
210171351.5811479688 0.0000048425
245655963.3000555933 0.0000063781
209983791.8898799419 0.0000015587
252614710.7734948099 0.0000681287
209650564.7564999461 0.0000027508
229241214.8076906502 0.0000024762
208565594.4338980019 0.0000000289
226631014.1645866334 0.0000012575
207694336.5684382915 0.0000000201
221511868.9485811591 0.0000010578
204995781.6062130630 0.0000020671
219909474.4725330472 0.0000169099
203263619.8235901892 0.0000001938
224372335.3975761831 0.0002522411
205549997.9061808884 0.0000002159
226051113.0106039345 0.0000540001
203671130.8860082328 0.0000031496
215557041.6494291723 0.0000070363
206210328.4443361163 0.0000001216
215250648.0895261168 0.0000382594
201199412.2960385084 0.0000020627
221387200.9071032107 0.0002164739
205980599.1311320961 0.0000009573
215351176.5450693667 0.0000181918
202161416.3362410367 0.0000010632
238946533.0937732160 0.0000812013
203371965.6128878295 0.0000018600
220268358.6064941585 0.0000080584
201963561.9416533709 0.0000016147
213004803.4597803652 0.0000148373
204224943.0558741689 0.0000011902
215829077.9016000628 0.0000320490
202021691.5509201288 0.0000021919
218595856.4293618798 0.0000189544
205169862.3806482255 0.0000001912
225048918.4083876014 0.0000043753
199644016.0824508965 0.0000102531
205091406.4654091001 0.0000614854
202732807.9872146547 0.0000142048
211907767.5486684442 0.0000000883
203657289.7717704773 0.0000000012
198311994.4188281000 0.0000128725
198456746.4182932377 0.0000002804
199718319.6344993412 0.0000010665
200292677.6706808507 0.0000121859
200294740.1441226602 0.0000218743
211299876.7027716339 0.0000954681
197894878.3833983243 0.0000111860
199225687.0312026739 0.0000334013
197593164.2661561370 0.0000075852
204672402.0096676648 0.0000414777
199187073.9399818480 0.0000073625
197317142.0539172292 0.0000298488
199366604.8870614469 0.0000331867
210799420.5502295792 0.0000449786
197105395.2838808000 0.0000319554
196755865.7250206769 0.0000324844
195783579.7558203936 0.0000130839
195606715.7550379336 0.0000085441
195179441.6926508844 0.0000091787
191069482.9538265765 0.0000125581
192614740.6966515779 0.0000292832
200173395.8879581392 0.0000454173
191362334.6585271657 0.0000146246
193578697.8649577498 0.0000272720
191077712.4691069126 0.0000060513
204902339.4041249156 0.0000530560
192064874.8908206820 0.0000088864
196193330.8653010428 0.0000285767
188419148.6495732367 0.0000007213
193076561.7863093317 0.0000000341
186920188.4767152369 0.0000001539
191475719.3190021813 0.0000018087
188066752.0656138062 0.0000006788
185585330.2156413496 0.0000000085
185495285.5785032511 0.0000001262
188056760.0003718436 0.0000363716
185372550.9780121446 0.0000000209
187978707.1399306655 0.0000000448
185632952.6504130661 0.0000000174
201146768.9652105272 0.0000200635
187891208.6507274806 0.0000020446
195200689.3890291452 0.0000002382
185250985.9053889513 0.0000000058
192485062.9333336949 0.0000094050
184171193.7555521429 0.0000000214
188777752.3739476502 0.0000029532
185310915.3357613683 0.0000000031
189489394.8473266661 0.0000003993
182341768.6875258982 0.0000004953
188491072.5565522015 0.0000074143
179923790.1327233911 0.0000038181
190850426.8762372136 0.0001101068
181194279.7247266173 0.0000064568
181515408.0844753981 0.0000013053
180217696.1527065933 0.0000026582
179988887.2990899682 0.0000123780
179173535.4682786763 0.0000022767
180038135.7193919420 0.0000080430
180409881.0565131605 0.0000034051
181509093.5737790763 0.0000127897
182321588.0030916035 0.0000113260
183388836.5273005962 0.0000012442
179542166.2980102003 0.0000014742
184790163.9618467093 0.0000001333
180810442.4206565320 0.0000116680
177465504.0978360176 0.0000008307
177440121.7843429744 0.0000013650
184428862.0173655748 0.0000079578
179224964.0749755800 0.0000006525
177313582.2803647518 0.0000012037
176590769.6223924756 0.0000001418
177067995.0569018126 0.0000000632
179111570.7413523793 0.0000144482
176870156.5578586161 0.0000004721
176941959.1650862396 0.0000005133
176525577.0175858438 0.0000004273
176655295.4765926898 0.0000007492
177660547.1008974612 0.0000014347
173856886.4166731536 0.0000003883
174133308.6602378190 0.0000001429
175165501.4337328076 0.0000005790
173713027.0906558633 0.0000004749
173421035.1946840882 0.0000033550
173347109.5303479135 0.0000021383
172218365.2239412963 0.0000008413
172399882.0772973299 0.0000009465
172287226.5118335187 0.0000031893
171685391.2642439604 0.0000002793
168065620.9710425735 0.0000000000
168283756.3123629689 0.0000000000
171197712.0770954192 0.0000013975
168258516.6000203788 0.0000000000
168054262.8224835992 0.0000000162
167983829.1308044493 0.0000000526
169942481.5182876885 0.0000022154
167687887.6477377415 0.0000000530
171202462.5572430789 0.0000005159
167780634.8665841222 0.0000002695
168398956.0326831341 0.0000005214
168000695.8430273533 0.0000002636
166099209.9296814799 0.0000000041
166499459.7828856409 0.0000000000
166614249.5377388895 0.0000002965
166370870.0352396667 0.0000000020
167649343.2412203848 0.0000000361
166965128.4336420894 0.0000000868
168422767.6943792105 0.0000000607
166022687.0018217862 0.0000000101
165942290.3180296123 0.0000005081
165849589.9494733214 0.0000002804
166466664.1251261234 0.0000001132
166092493.1280146837 0.0000003727
167785557.4176031053 0.0000033141
166500794.9846713841 0.0000006592
164791007.7874765694 0.0000004328
165220923.7369019091 0.0000010866
164108036.3351268470 0.0000000002
164176537.4013257027 0.0000000165
165737680.8808418214 0.0000010467
164257536.9075181782 0.0000000009
167329058.5898389518 0.0000014201
164579922.0973060727 0.0000000027
164543489.3318149149 0.0000014603
163988259.9257846773 0.0000000001
165054434.2100890577 0.0000000000
164324449.9510345161 0.0000000023
164705989.8192913830 0.0000000010
164089370.0460998416 0.0000000027
165129499.0694316924 0.0000000148
164056599.8726718426 0.0000000000
165379432.9861178994 0.0000012114
164349371.2713491023 0.0000000838
164198956.6314793527 0.0000000036
164036303.2104227245 0.0000000000
164334601.7907104790 0.0000000005
164024558.5006891787 0.0000000405
165598589.5346498191 0.0000002893
164245136.5643938780 0.0000000000
164767227.1680049300 0.0000000237
164018376.1963523626 0.0000000015
163977432.6029766798 0.0000000001
163959927.6995182335 0.0000000132
165301938.8491902053 0.0000000032
163891844.6402663291 0.0000000979
166653193.7599117160 0.0000034042
164218427.1407973468 0.0000002016
165726653.4098170400 0.0000004655
163717130.0517078638 0.0000002041
163765372.0221331418 0.0000001838
163859068.2005450130 0.0000000528
164596772.2997508645 0.0000000001
163989779.2991188169 0.0000006644
164256141.6871894598 0.0000000021
163713537.5059766173 0.0000001718
163431631.6967301071 0.0000000251
163371685.8230045140 0.0000000782
162915909.4324581325 0.0000001658
163236846.7200817466 0.0000002700
163022821.3883337975 0.0000000006
163087300.6948241293 0.0000003042
162613661.0801660717 0.0000005635
162365086.3263162673 0.0000005588
160795513.1503889263 0.0000000423
160018300.7998676300 0.0000001766
162408952.2341134846 0.0000088389
160128328.7991953492 0.0000000698
161569449.8582046926 0.0000005893
160133597.1612981856 0.0000006734
160817781.6979652941 0.0000002257
160154380.0132430494 0.0000001602
160914930.6605060101 0.0000000564
159813510.5428379774 0.0000000122
162076155.9858575463 0.0000053091
160003585.9988784194 0.0000000338
162788861.2076021731 0.0000039545
160152861.7795493901 0.0000004791
162281485.1180833578 0.0000033285
160203645.3980260193 0.0000002294
160862877.6762249470 0.0000003112
159665735.7551874816 0.0000000011
159562254.1453827322 0.0000000289
159297418.2178050578 0.0000000365
161517745.5071223080 0.0000012824
159185287.1056545675 0.0000000330
160086551.2722246349 0.0000000681
159382934.4104191959 0.0000000037
158697957.8693609834 0.0000000152
158789712.2900587320 0.0000000005
158698244.9488766193 0.0000000089
158905581.9578221142 0.0000000101
159926256.8632852137 0.0000000634
159014193.8651319146 0.0000000254
160557185.0274308026 0.0000015765
158371512.2057296038 0.0000000008
157656797.7380951047 0.0000000207
157535737.8508880734 0.0000000056
156360599.7070974112 0.0000000011
157043102.5657550693 0.0000001984
161394694.0436094999 0.0000047558
156448370.5931825340 0.0000000061
156533052.2752182186 0.0000000207
156483583.9206755161 0.0000002050
156883965.2125888169 0.0000001437
156183137.5301476121 0.0000000023
157521322.7408984900 0.0000000054
156446139.5794413090 0.0000000024
157239485.0077183545 0.0000002030
156305693.5272241831 0.0000000011
158777683.5929047167 0.0000031686
156513627.9393343329 0.0000000006
156868843.4343372583 0.0000000023
156239468.7652910352 0.0000000291
158838997.0830802321 0.0000000553
156350018.2281001508 0.0000000041
157117300.9080820382 0.0000005347
156342643.6997070611 0.0000000020
156514943.1891371310 0.0000000006
156314530.1784063280 0.0000000064
157990354.8952262402 0.0000000094
156352536.0906623006 0.0000000277
157872703.2289729416 0.0000000323
156395269.2131660581 0.0000000014
159039486.0576511621 0.0000012943
156480266.9448232353 0.0000000356
158647111.3731268048 0.0000000045
156094716.0924703479 0.0000000000
156722991.4938705564 0.0000000000
156175952.3937911689 0.0000000000
157997759.0663263202 0.0000000034
156540828.4332959354 0.0000000004
157237980.9056720138 0.0000000027
156149096.1422672272 0.0000000016
159141075.0794628263 0.0000024920
156116744.5208358169 0.0000000000
160045601.3663673997 0.0000005620
156071802.8533898294 0.0000000463
159198997.0407215357 0.0000025587
156238862.3084681928 0.0000000490
157091442.0463394821 0.0000003754
156250819.8457271457 0.0000001630
157803495.9797397852 0.0000063811
156284757.8367669582 0.0000000042
159185987.8140783906 0.0000004136
156374460.2531281710 0.0000001092
157005912.4009794295 0.0000000148
156494311.8560223579 0.0000004769
158293497.5828350484 0.0000049908
156462212.6182973385 0.0000003582
158054734.9014784992 0.0000000261
156111485.4637670815 0.0000000650
158198969.9851474762 0.0000007110
155930383.9443432391 0.0000000075
158302795.7600856423 0.0000003997
156019769.8051241338 0.0000000109
156483233.0191214681 0.0000000072
155861154.0287828445 0.0000000046
157634431.0569515526 0.0000000616
155595924.5536817014 0.0000000000
160035078.0457156897 0.0000033464
155863524.0303485394 0.0000000004
156879125.4293815494 0.0000000010
155779436.8395455778 0.0000000043
157266865.8100522161 0.0000001576
155700940.4292949438 0.0000000140
156512629.3792356253 0.0000000005
155542092.5187642574 0.0000000009
156886021.6584990323 0.0000000168
155369200.5500122905 0.0000000001
158042541.7941186428 0.0000000003
155531575.1612253189 0.0000000002
156506476.3550585508 0.0000000092
155446833.2342166305 0.0000000021
155930276.0141339302 0.0000005606
155477269.8309378624 0.0000000025
156346742.9819875062 0.0000000186
155474079.5944055021 0.0000000000
156821360.8213349581 0.0000000589
155269760.6749887168 0.0000000000
156537697.5627128482 0.0000003992
155294432.5827159286 0.0000000000
155983145.2236291766 0.0000000091
155225424.7849185169 0.0000000000
157241250.5199333429 0.0000000077
155447964.3499964774 0.0000000002
156661735.6628737152 0.0000000002
155433712.2441377044 0.0000000005
155849217.9732790589 0.0000000197
155390518.8894152641 0.0000000106
157610927.4983939826 0.0000000006
155588824.6381837130 0.0000000004
155151447.4755985141 0.0000000235
155428060.2797428370 0.0000001175
157201796.7286755443 0.0000023638
155375438.0411697030 0.0000000008
159924922.7030872405 0.0000000005
154994322.6438462138 0.0000000002
156700164.2829948962 0.0000005792
155271745.1702170968 0.0000000011
157033574.9918571711 0.0000000805
155005193.3954372704 0.0000000044
159829557.6789906621 0.0000051291
155215037.5914726555 0.0000000007
156729053.1312763691 0.0000004436
155165972.2754649520 0.0000000021
156658289.0700572133 0.0000000419
155344543.5603370070 0.0000000326
157767615.7542250156 0.0000012451
155178486.2010990381 0.0000000044
156894771.5094416738 0.0000002219
155278990.1200776696 0.0000000365
156759643.9922361076 0.0000000008
155333408.3410344422 0.0000000121
156846973.8603793681 0.0000007030
155117698.0698956251 0.0000000001
157357790.7619368136 0.0000027303
154931217.3194872439 0.0000000000
156819361.9774786532 0.0000000212
154961543.7194797099 0.0000000101
156841497.3019632697 0.0000000388
154419361.1402898133 0.0000000266
155462651.0576784313 0.0000003747
154614619.6793214083 0.0000000112
155813423.9834181666 0.0000020866
154742120.4548475742 0.0000000201
157187164.3155231178 0.0000041331
154521429.4736557603 0.0000000057
155971929.3720135093 0.0000003525
154646917.6092037261 0.0000000221
156063780.7853413224 0.0000000033
154559331.2793587148 0.0000000150
156135322.4668364227 0.0000006088
154367158.0631197095 0.0000000169
155937635.8724037111 0.0000003357
154335767.7653944492 0.0000000455
156076995.9682735205 0.0000001166
154174129.1373927891 0.0000000209
156115032.8061659038 0.0000000001
154439738.3585601151 0.0000001003
154110465.8562831283 0.0000000780
154120798.3629443944 0.0000000640
154547366.5182221830 0.0000000003
154440775.5884525180 0.0000001009
157360893.0131367743 0.0000001319
153945168.9570866525 0.0000000407
154758129.5754530728 0.0000000000
154077760.3167783618 0.0000000347
156621481.4677802324 0.0000001989
153961034.4832004011 0.0000000456
155888625.6483438909 0.0000000516
154358904.8532201946 0.0000000949
155961566.6652922928 0.0000000301
153856634.3390323520 0.0000000500
156511375.0592658520 0.0000008762
153677579.6454654038 0.0000000144
154475570.2372925878 0.0000000633
153416303.8461062908 0.0000000112
154667715.1897274852 0.0000002212
153668649.8908111453 0.0000000050
154284200.0363793969 0.0000000054
153751313.7064765096 0.0000000017
155177235.5584161878 0.0000002794
153455622.1155572236 0.0000000078
154896462.7602634132 0.0000000001
153351937.1785009503 0.0000000014
154566387.0276425779 0.0000000134
153363655.3908814788 0.0000000034
155126306.2845389247 0.0000000044
153186952.8238077462 0.0000000005
153960457.9117467701 0.0000007610
153423728.2997766733 0.0000000138
156147177.8992412686 0.0000067529
153804133.7557105720 0.0000001566
153114955.1372732222 0.0000005273
153060660.2732947171 0.0000002137
156836850.1111798584 0.0000070242
153174428.0014700890 0.0000007293
153016550.5322757661 0.0000002737
153441619.7542884648 0.0000001039
153002028.4818319678 0.0000003221
152832282.7202071249 0.0000000921
152817402.7398701906 0.0000000544
152754303.4764285088 0.0000000059
152939866.3626739979 0.0000000113
153361331.0285850167 0.0000000039
152798612.7474417090 0.0000000033
153388190.0751751363 0.0000000307
152755129.8284242451 0.0000000106
153079277.2364773750 0.0000000512
152751271.8209495842 0.0000000310
153310517.6759605408 0.0000000035
152843329.2467908561 0.0000000122
153515671.1389667094 0.0000000258
152785192.7506780028 0.0000000222
152553577.8425804973 0.0000001130
152583820.5679182112 0.0000001568
152219642.8309901059 0.0000000001
152225657.6237424612 0.0000000000
151633848.6027112901 0.0000001202
152037543.7867925763 0.0000000966
151048517.2151891887 0.0000002293
150673987.8027862012 0.0000000000
150704173.6148367226 0.0000000058
151271801.3077171147 0.0000002883
150541462.9552266598 0.0000000000
150729913.8103352189 0.0000000005
150569111.3338915706 0.0000000079
150399644.6321711838 0.0000000001
150489992.8284552693 0.0000000000
150989500.7637640834 0.0000000615
150525358.5317431688 0.0000000002
150031258.9730382264 0.0000000000
150165640.8293420076 0.0000000034
149680986.7999146879 0.0000000059
149681606.1790296733 0.0000000123
149819451.4760527015 0.0000000977
149690798.7314026356 0.0000000001
149033785.7043319941 0.0000000009
149349574.9310779870 0.0000000001
149079281.4902858138 0.0000000020
149487407.3507264555 0.0000000013
148903930.0387817323 0.0000000013
148849173.4271933436 0.0000000484
148924517.7349164784 0.0000001035
148634443.4282431602 0.0000000000
148539296.5369385779 0.0000000013
148494515.7367455959 0.0000000000
148590369.8496358097 0.0000000000
147586151.9611558318 0.0000000284
147440675.3716455102 0.0000000253
146746866.3689511716 0.0000000104
146842055.5174680054 0.0000000256
146457004.2384596765 0.0000002704
145917020.9515190423 0.0000004854
145885330.9954619408 0.0000006104
145677502.3531360924 0.0000003064
145751328.3443645537 0.0000002541
145254640.8902456462 0.0000003081
145316324.2464640141 0.0000001052
145267293.5206325948 0.0000002574
145156694.1636644304 0.0000003191
145245262.0644793808 0.0000004805
145648963.1912944019 0.0000001443
145205043.9852121472 0.0000002281
145244117.8268612325 0.0000000245
145225569.0894969404 0.0000003391
145291537.4626847506 0.0000001477
145325494.8161695004 0.0000004799
145551438.2291313708 0.0000003586
145084813.9930969477 0.0000002112
144121830.1016316116 0.0000004171
144492710.1594772935 0.0000000706
144183559.2656947076 0.0000003811
144742017.8059498072 0.0000010788
144001315.9591401219 0.0000001614
144494980.3811018467 0.0000000214
143960894.3680956364 0.0000001189
144065896.0460435450 0.0000000140
143778195.0404105186 0.0000000395
143821832.0301069915 0.0000002246
144079630.5747069120 0.0000001731
143022564.6522366703 0.0000001835
143039007.3205081224 0.0000000179
142894302.6045709848 0.0000001507
143684481.4191333950 0.0000016496
142899748.3548527360 0.0000001563
144162724.3663261235 0.0000001598
142988782.6896486878 0.0000001551
143230110.5267314315 0.0000001697
143048253.1493360400 0.0000001796
143215605.0330047011 0.0000002389
142617958.6660903692 0.0000000779
142144176.0801329017 0.0000000001
142155568.1204023361 0.0000000007
142405988.8845983148 0.0000000003
142103137.5547129512 0.0000000000
142535390.3387913108 0.0000000006
142156615.8678234816 0.0000000001
142608397.5959572494 0.0000000014
142270907.0734623373 0.0000000000
142058387.4734271765 0.0000000014
142174556.1678295434 0.0000000022
142611235.2327911258 0.0000000230
142113243.1252096593 0.0000000007
141881233.9234843254 0.0000000003
141791714.7211561501 0.0000000029
141530702.7431582212 0.0000000291
141685012.5818318129 0.0000000206
140588193.6971085668 0.0000000002
140114104.6900578737 0.0000000000
140392166.4730529189 0.0000000565
140176097.2016939223 0.0000000030
140580288.4262432158 0.0000000308
140181025.3761033118 0.0000000090
140900545.3983325660 0.0000002410
140110795.0714019537 0.0000000002
141141885.8003371656 0.0000000013
139939894.4357184768 0.0000000001
140691288.1711126268 0.0000000013
140075098.2553389966 0.0000000002
140725211.8034825623 0.0000000007
140031513.7876218855 0.0000000000
139883559.6492024064 0.0000000022
139916024.1292664707 0.0000000008
138937064.7004212439 0.0000000000
139042811.2048593462 0.0000000101
139176345.0437581241 0.0000000030
138905121.8966628015 0.0000000001
138861384.8042511642 0.0000000000
138957854.1784257889 0.0000000019
139537007.5400859118 0.0000000001
138791337.9821765721 0.0000000000
139281163.3164619803 0.0000000001
138999785.5698956251 0.0000000020
138888040.1034538150 0.0000000008
138823507.1663881838 0.0000000012
138684531.0790020525 0.0000000000
138972349.6826696992 0.0000000000
138913202.3792786300 0.0000000064
138705171.4240783453 0.0000000000
139643236.3294198811 0.0000000422
138843882.4435587227 0.0000000001
139132944.8177547455 0.0000001064
138725828.1667689383 0.0000000000
138692974.3349595070 0.0000000024
138569696.5341983140 0.0000000001
139048064.5074342191 0.0000000004
138547465.2146523297 0.0000000000
138366014.0414382815 0.0000000073
138302666.5304709077 0.0000000143
139185647.8898357749 0.0000000305
138331125.1050885022 0.0000000622
139094187.7749091089 0.0000001161
138332653.0919906795 0.0000000209
138520828.2902455032 0.0000001948
138354422.8260023892 0.0000000128
138759893.2066900432 0.0000000008
138328780.1441465616 0.0000000185
138751788.6575247645 0.0000000016
138297011.7363831699 0.0000000129
138676340.3002065718 0.0000000512
138315147.1702901721 0.0000000082
139294670.0037181079 0.0000001161
138329464.7013888061 0.0000000204
138940361.6313270330 0.0000003702
138244304.4571186900 0.0000000071
138396237.2298691869 0.0000000004
138282882.1476664841 0.0000000058
138464534.5352123082 0.0000000173
138235401.1382045746 0.0000000072
139200563.0151993632 0.0000000102
138156621.2249309123 0.0000000086
138088550.0693846643 0.0000000096
138020402.2431851327 0.0000000136
139563310.6116011143 0.0000002558
138170185.7274230719 0.0000000289
138037046.7669299543 0.0000000006
138016043.1777989566 0.0000000078
138097961.1923900843 0.0000000020
137948535.9486555457 0.0000000045
139028554.8117522299 0.0000000012
137977715.7533245981 0.0000000085
138274967.4889140427 0.0000000052
137966951.5916154981 0.0000000041
138524648.1838942468 0.0000000005
138055910.9863478243 0.0000000018
138854277.5642895699 0.0000000000
138010643.6732382476 0.0000000035
138325431.6188529432 0.0000000015
137982350.2548418641 0.0000000042
138246874.6253935397 0.0000000125
138095389.8562090397 0.0000000059
138265726.8468019962 0.0000000004
137990882.1296532154 0.0000000026
138346810.9803229570 0.0000000035
137966992.6715358198 0.0000000004
138079954.2696893215 0.0000000000
137988269.6729238033 0.0000000027
138525582.4914354384 0.0000000017
137949753.2957302332 0.0000000025
138417805.4913674593 0.0000000158
137939569.5650635958 0.0000000093
138941432.1850791574 0.0000000426
138127758.3915336132 0.0000000373
138312988.0045090020 0.0000000255
137980444.8120357394 0.0000000065
138514257.8088387251 0.0000000919
137881239.2757019103 0.0000000111
138028164.8749430180 0.0000002489
137905423.7739438713 0.0000000142
138183997.4807500541 0.0000000644
137977669.1547451913 0.0000000050
138814534.6458155513 0.0000000484
137937898.9944791496 0.0000000111
137974306.2485150993 0.0000000213
137856405.1873603463 0.0000000046
137873977.0857977867 0.0000000058
137744088.1247152388 0.0000000002
137691406.7081228793 0.0000000001
137928680.7260800600 0.0000000004
137696264.7557388544 0.0000000002
137594605.9413273036 0.0000000006
137593135.8810609579 0.0000000004
137627311.2858686149 0.0000000003
137615952.5304905474 0.0000000000
137698377.7005012631 0.0000000002
137567781.8745933175 0.0000000007
137746582.1722964942 0.0000000035
137603009.3057988584 0.0000000001
137489012.0157206059 0.0000000000
137540438.6529347599 0.0000000000
137762600.6027283072 0.0000000021
137534463.0197075903 0.0000000000
137439462.2249603868 0.0000000003
137501387.8452138305 0.0000000004
137243328.3117295206 0.0000000000
137210366.2461616695 0.0000000000
137235694.0479584932 0.0000000004
137224804.8192246258 0.0000000000
137254319.0955886543 0.0000000021
137224555.8889213800 0.0000000000
136952569.8511660397 0.0000000005
136978369.6765991449 0.0000000005
136985973.7542213500 0.0000000019
136933178.9365396798 0.0000000005
136756929.3946175277 0.0000000029
136828087.3742826879 0.0000000032
136765541.6027885973 0.0000000030
136448409.9202317595 0.0000000001
136433080.9785103798 0.0000000005
136442505.3582433462 0.0000000006
136685061.8145977855 0.0000000000
136449505.3089169264 0.0000000010
136400272.7661174536 0.0000000000
136397011.0744169652 0.0000000000
136342016.2193821669 0.0000000000
136306822.3820939660 0.0000000000
136237032.2413136065 0.0000000006
136233436.5817006230 0.0000000003
136180990.9092134237 0.0000000000
136208226.8627345264 0.0000000001
136031979.2544028461 0.0000000002
136114461.5704602599 0.0000000001
136081474.2364667356 0.0000000002
136302435.7564377487 0.0000000001
136030394.0133416951 0.0000000002
136047071.4263112843 0.0000000005
136077859.8218195438 0.0000000001
135911959.1143542826 0.0000000000
135897739.4891315997 0.0000000000
135943262.6660223007 0.0000000001
135929503.1808251143 0.0000000000
136006321.0703613162 0.0000000000
135951635.8330195844 0.0000000000
135957156.4698829353 0.0000000014
135842430.7526365817 0.0000000001
135922068.8144288361 0.0000000006
135824616.0516537428 0.0000000000
136102576.9228848219 0.0000000051
135919945.7808119655 0.0000000000
135624526.3134430945 0.0000000000
135692708.3432345688 0.0000000000
135644824.4169666171 0.0000000000
135775655.9304244816 0.0000000005
135639096.5727953017 0.0000000000
135683001.4759411514 0.0000000004
135641365.6809991300 0.0000000000
135505604.5318936706 0.0000000000
135512791.2999856770 0.0000000000
135583405.3306990564 0.0000000000
135486799.5007723868 0.0000000000
135514193.2525035739 0.0000000012
135552579.1038546562 0.0000000001
135502743.5278985500 0.0000000009
135433525.1949194670 0.0000000000
135577238.1238543689 0.0000000170
135471756.0661341250 0.0000000000
135358673.3994453549 0.0000000002
135389717.7967146635 0.0000000001
135380998.0868605077 0.0000000009
135370624.4466938376 0.0000000000
135398360.7374302745 0.0000000004
135340587.7508536577 0.0000000001
135395647.6597901583 0.0000000064
135322082.9239901304 0.0000000001
135398272.1119014621 0.0000000000
135322862.7532983422 0.0000000001
135401393.7480045259 0.0000000029
135283615.8707986176 0.0000000000
135395931.7531737983 0.0000000012
135326427.7286531925 0.0000000000
135431214.8001560569 0.0000000002
135279926.9345923960 0.0000000000
135312883.0072927773 0.0000000016
135232597.4043899477 0.0000000000
135253486.1058130264 0.0000000000
135203689.8200328946 0.0000000000
135209529.5028377473 0.0000000000
135205836.0267746747 0.0000000000
135331447.3901522458 0.0000000003
135224783.8335291743 0.0000000000
135429780.3819813430 0.0000000001
135214880.9050509632 0.0000000000
135412130.8031710386 0.0000000031
135231968.5646547973 0.0000000000
135274163.6488655210 0.0000000002
135196752.4950502813 0.0000000000
135371067.0198086500 0.0000000166
135216256.8404360712 0.0000000002
135315755.4574743807 0.0000000000
135217425.8255047798 0.0000000000
135294852.2920018733 0.0000000000
135213242.3829621971 0.0000000000
135338209.9199438691 0.0000000011
135184596.2352129519 0.0000000000
135277080.0771955550 0.0000000019
135172068.5567589104 0.0000000000
135219439.3410903811 0.0000000000
135159257.2110938132 0.0000000000
135177312.4345908761 0.0000000001
135173616.5010170043 0.0000000000
135319749.9059224725 0.0000000002
135141461.1701060832 0.0000000000
135266058.0444814861 0.0000000001
135132208.2884475291 0.0000000001
135233114.7889699042 0.0000000000
135137495.9357109964 0.0000000000
135269937.5567657650 0.0000000019
135150770.4616386890 0.0000000001
135111447.6847208738 0.0000000005
135103762.5823905468 0.0000000008
135333373.3174869716 0.0000000083
135112787.0608739555 0.0000000010
135143042.9336608350 0.0000000001
135102789.9336625636 0.0000000010
135186926.3813308179 0.0000000023
135176349.0013067722 0.0000000021
135094772.4479095042 0.0000000019
135067473.4640307426 0.0000000011
135163841.2885386646 0.0000000180
135106431.7805981636 0.0000000022
135344693.0691139698 0.0000000036
135074909.3614123762 0.0000000018
135187975.7021221220 0.0000000256
135050859.1079206467 0.0000000005
135187499.0651504099 0.0000000005
135036749.1270425320 0.0000000000
135150875.0449857414 0.0000000001
135050453.0955602527 0.0000000001
135134464.2709736824 0.0000000002
135047874.9323902428 0.0000000002
135072369.9555846155 0.0000000001
135026100.5063364208 0.0000000000
135126476.7887639999 0.0000000006
135013696.9007686377 0.0000000000
135077223.1025854349 0.0000000000
135069138.9600798488 0.0000000000
135089695.2849925458 0.0000000001
135019328.5791989267 0.0000000000
135088410.4595112205 0.0000000000
135035462.8311572373 0.0000000000
135137927.8196055591 0.0000000000
135045341.8109844625 0.0000000000
135210214.9158651531 0.0000000003
134990381.9996415079 0.0000000000
135006465.7909454405 0.0000000001
134995933.2745489180 0.0000000000
135102414.3109518886 0.0000000006
135017901.5675191581 0.0000000000
135143602.3325397968 0.0000000040
135032013.9882231951 0.0000000000
135025181.0876953304 0.0000000001
135041849.9977962673 0.0000000000
134989958.2130590379 0.0000000000
134991056.9574934542 0.0000000001
135115649.8841640651 0.0000000003
134994493.3892110884 0.0000000003
134890913.9729112387 0.0000000000
134881017.7419725657 0.0000000000
135027101.1604482830 0.0000000002
134853848.1177602410 0.0000000001
135061879.4741444886 0.0000000000
134894084.9780804217 0.0000000000
135085646.2495660484 0.0000000028
134845089.5633928478 0.0000000000
134988882.0536652803 0.0000000056
134847319.7611043155 0.0000000000
135030968.8112879097 0.0000000000
134859187.2539158463 0.0000000010
134883417.1295502484 0.0000000036
134851647.9824152887 0.0000000000
134848569.8767364025 0.0000000001
134856156.8783030510 0.0000000001
134816571.7924270630 0.0000000000
134740183.3794915974 0.0000000001
134765460.3513234854 0.0000000001
134772459.3400299549 0.0000000000
134726512.9806587398 0.0000000000
134707343.0518185794 0.0000000003
134708671.3997943103 0.0000000002
134678778.1487163305 0.0000000003
134670479.5253141224 0.0000000003
134658869.9769592881 0.0000000000
134676559.4124432802 0.0000000000
134587895.7027099133 0.0000000000
134575891.6480134428 0.0000000000
134620046.5063424110 0.0000000000
134577613.0549857914 0.0000000000
134617843.9807637632 0.0000000001
134583129.2591407597 0.0000000000
134587521.1194367707 0.0000000000
134557877.3398365676 0.0000000000
134495581.4574413002 0.0000000000
134537290.9224974215 0.0000000000
134508601.1951021552 0.0000000000
134484684.4578764737 0.0000000000
134494818.9582694471 0.0000000000
134400478.0960820317 0.0000000000
134368399.1236420274 0.0000000000
134365129.9170692265 0.0000000000
134334537.3306608498 0.0000000000
134329191.9966668785 0.0000000000
134311166.8444404006 0.0000000000
134308886.4534585178 0.0000000000
134331680.4321454465 0.0000000000
134307899.5465424657 0.0000000000
134287437.3290720582 0.0000000000
134295107.6863748729 0.0000000000
134306762.7878279984 0.0000000010
134292597.5246499181 0.0000000000
134287882.1350192130 0.0000000000
134289386.5002017319 0.0000000000
134267663.9100497365 0.0000000000
134283863.3651250899 0.0000000001
134258959.4900469184 0.0000000000
134265988.7937248945 0.0000000000
134194596.9734092653 0.0000000000
134178612.8307252973 0.0000000000
134185372.0223664492 0.0000000000
134165251.6496411860 0.0000000000
134164116.9297602922 0.0000000000
134209967.0381036848 0.0000000000
134162574.4423610419 0.0000000000
134152556.5228999853 0.0000000001
134147917.9311795980 0.0000000001
134154818.3715963066 0.0000000000
134163257.8948012590 0.0000000004
134196758.2138801664 0.0000000000
134169285.0687955171 0.0000000004
134149237.8479589373 0.0000000000
134157400.2858842462 0.0000000000
134128085.7726138085 0.0000000000
134133109.4343629330 0.0000000001
134126332.2682342082 0.0000000000
134124829.2162446678 0.0000000000
134090477.2708676904 0.0000000000
134085430.9233485013 0.0000000000
134096490.1649161428 0.0000000000
134081959.1692139208 0.0000000001
134045499.5432123840 0.0000000000
134047619.6157412082 0.0000000000
134011843.8766500503 0.0000000000
134016952.4295525253 0.0000000000
134082285.8688915372 0.0000000000
134010909.8567786068 0.0000000000
134044398.7133342922 0.0000000001
134012478.0446773767 0.0000000000
134029059.6532223821 0.0000000000
134010720.8226674944 0.0000000000
134055561.8660895973 0.0000000000
134012144.6971397847 0.0000000000
134048244.2589381784 0.0000000000
134010398.4797172397 0.0000000000
133986427.6441549808 0.0000000000
133978450.1350934654 0.0000000000
134026486.3332471699 0.0000000000
133990824.5791423023 0.0000000000
133963751.0574823916 0.0000000002
133967984.9435400516 0.0000000003
133963537.3842456192 0.0000000010
133971984.9620363116 0.0000000015
134026935.5322794467 0.0000000092
133985504.5578933060 0.0000000014
134017511.6046850532 0.0000000036
133973259.3556495905 0.0000000017
133957512.2208347023 0.0000000011
133974422.4999071360 0.0000000006
133921194.5219609886 0.0000000000
133915658.8324138522 0.0000000000
133953901.5558853596 0.0000000000
133930211.1889517754 0.0000000000
133932895.7910302728 0.0000000000
133917428.0715311915 0.0000000000
133900783.5367142111 0.0000000000
133905784.5724669695 0.0000000000
133914571.5061287582 0.0000000000
133893752.0575586408 0.0000000000
133906210.1055304706 0.0000000002
133892406.0094454885 0.0000000000
133936425.0554879457 0.0000000000
133892984.8758444935 0.0000000000
133934440.5206233859 0.0000000003
133892513.5313614458 0.0000000000
133904896.7497435212 0.0000000000
133891749.8541858196 0.0000000000
133922904.8749011308 0.0000000000
133898702.9893123657 0.0000000000
133895528.1783566326 0.0000000000
133890278.6979994476 0.0000000000
133966839.2537700236 0.0000000003
133897337.4058160335 0.0000000001
133923491.6811518967 0.0000000000
133889012.2933977693 0.0000000000
133897153.6441614479 0.0000000000
133891244.7780284733 0.0000000001
133909674.6279224902 0.0000000000
133897974.7404868007 0.0000000000
133941174.2274763584 0.0000000000
133893163.2578680068 0.0000000000
133896498.2465423942 0.0000000000
133889383.7554159462 0.0000000000
133898744.1714067161 0.0000000000
133897858.8342434168 0.0000000000
133932422.3433781415 0.0000000000
133889166.2800934613 0.0000000000
133898396.0160495192 0.0000000000
133885772.0375648737 0.0000000000
133906951.9741076082 0.0000000001
133885398.3435591906 0.0000000000
133919239.0611751974 0.0000000004
133881750.5160681158 0.0000000000
133906596.6942076683 0.0000000000
133879641.6795091033 0.0000000000
133910831.7432918698 0.0000000000
133888833.9834813029 0.0000000000
133889446.8425250053 0.0000000000
133884875.1705904156 0.0000000000
133901870.8474413306 0.0000000000
133883741.9157923907 0.0000000000
133909824.7783691138 0.0000000000
133882023.3108265847 0.0000000000
133924395.1957428455 0.0000000000
133879649.0825856030 0.0000000000
133930362.3000039756 0.0000000004
133879311.4270093441 0.0000000000
133936411.2414997816 0.0000000000
133880482.4824663103 0.0000000000
133889867.0639017075 0.0000000000
133876742.6874844730 0.0000000000
133914184.8177554607 0.0000000006
133882305.7330750525 0.0000000001
133889185.0479160547 0.0000000000
133876043.1256629378 0.0000000000
133906823.2027437687 0.0000000007
133886008.1503063142 0.0000000000
133927657.0289492011 0.0000000007
133873792.6321858764 0.0000000000
133892170.9326061606 0.0000000001
133876806.7085371166 0.0000000001
133928765.8185801655 0.0000000002
133877420.1554884315 0.0000000000
133895554.3787276298 0.0000000000
133876853.4625581354 0.0000000000
133913705.8958099037 0.0000000000
133880121.7968826592 0.0000000000
133922998.0849839151 0.0000000007
133885517.0895817429 0.0000000000
133873309.9662739635 0.0000000000
133881373.7644070238 0.0000000000
133874231.6128711104 0.0000000000
133863729.5239453912 0.0000000000
133859198.8267376274 0.0000000000
133870025.4177189469 0.0000000000
133859704.9615293145 0.0000000000
133864744.6532308310 0.0000000000
133862262.9350299388 0.0000000000
133855273.9099453539 0.0000000000
133855892.4415852278 0.0000000000
133857155.4250991940 0.0000000000
133853861.6307002902 0.0000000000
133850923.3231496513 0.0000000000
133850532.2914575487 0.0000000000
133859563.1017922163 0.0000000002
133850689.4530712664 0.0000000000
133841316.7627700269 0.0000000000
133842902.5578630269 0.0000000000
133838565.4010365307 0.0000000000
133851625.5118290335 0.0000000000
133839169.3995786458 0.0000000000
133844433.6904480755 0.0000000000
133840794.8977126032 0.0000000000
133842228.8280514628 0.0000000000
133841145.3185548633 0.0000000000
133841735.0461031497 0.0000000000
133841212.3877548426 0.0000000000
133845553.7072861642 0.0000000000
133840761.0111794770 0.0000000000
133833946.1975085586 0.0000000000
133831576.5666392744 0.0000000000
133834225.2740441114 0.0000000000
133831750.1432406008 0.0000000000
133841700.7332102060 0.0000000000
133831308.4478671253 0.0000000000
133835559.3811607510 0.0000000000
133833927.5793299377 0.0000000000
133836582.4443860799 0.0000000000
133829651.4101246595 0.0000000000
133843336.3148051500 0.0000000000
133826355.8107913136 0.0000000000
133826050.6204342097 0.0000000000
133828266.9826073945 0.0000000000
133837564.4706409723 0.0000000000
133824318.2822922170 0.0000000000
133824789.5277604610 0.0000000000
133827166.7878296822 0.0000000000
133820981.6558553874 0.0000000000
133824640.8206625134 0.0000000000
133821509.2333966941 0.0000000000
133824262.0416962802 0.0000000000
133813298.6198698282 0.0000000000
133814030.0713652968 0.0000000000
133812696.8801026046 0.0000000000
133815258.9547751695 0.0000000000
133822373.8752146512 0.0000000000
133813732.7661950290 0.0000000000
133821708.5671924949 0.0000000000
133813928.6276895851 0.0000000000
133819764.3599059433 0.0000000003
133814579.7980591953 0.0000000000
133820903.8197646439 0.0000000000
133815719.6817006171 0.0000000000
133828920.3261083066 0.0000000000
133812762.7900421768 0.0000000000
133807819.2371220291 0.0000000000
133808640.8897326440 0.0000000000
133809412.0566517562 0.0000000000
133807564.5565525144 0.0000000000
133813086.3544006646 0.0000000000
133809319.0136296898 0.0000000000
133813623.7810115367 0.0000000000
133808148.6193294972 0.0000000000
133814827.3023986965 0.0000000000
133809608.7507247925 0.0000000000
133814547.7411610931 0.0000000000
133806239.8894266784 0.0000000000
133811199.3764282614 0.0000000000
133803352.5439609587 0.0000000000
133823578.2275349349 0.0000000000
133802890.8021343499 0.0000000000
133810730.6532539874 0.0000000000
133803487.1918558180 0.0000000000
133811867.1401876807 0.0000000000
133801511.1101356298 0.0000000000
133800380.1669345945 0.0000000000
133800526.3834822774 0.0000000000
133807112.6944935918 0.0000000000
133800839.0462047607 0.0000000000
133799450.6095924228 0.0000000000
133801296.1145761907 0.0000000000
133799160.6992841959 0.0000000000
133800105.6879843473 0.0000000000
133795723.8469182104 0.0000000000
133794456.4666860551 0.0000000000
133804620.0215515494 0.0000000000
133795452.0418134779 0.0000000000
133795112.3758822531 0.0000000000
133792857.2971010208 0.0000000000
133810646.4332875758 0.0000000000
133795662.0398669690 0.0000000000
133806849.1689198762 0.0000000000
133795559.5932226628 0.0000000000
133809005.5654504150 0.0000000000
133795413.4956151843 0.0000000000
133784222.2746269256 0.0000000000
133783871.2391416728 0.0000000000
133789423.7007232606 0.0000000000
133783705.2713621110 0.0000000000
133792183.5930282474 0.0000000000
133784316.8976425827 0.0000000000
133792868.3946721703 0.0000000000
133784846.4664648622 0.0000000000
133791826.8845057338 0.0000000000
133787282.5750753433 0.0000000000
133782953.1671244055 0.0000000000
133784057.0579744130 0.0000000000
133788507.8173934966 0.0000000000
133784586.0436778367 0.0000000000
133789593.0207170695 0.0000000000
133781112.9808496982 0.0000000000
133786149.6936360747 0.0000000000
133780958.7914235443 0.0000000000
133797289.6659528315 0.0000000001
133779449.6393290460 0.0000000000
133783020.5548620224 0.0000000000
133777237.4786087722 0.0000000000
133782602.6381424963 0.0000000000
133776671.1721927077 0.0000000000
133781128.6115012318 0.0000000000
133777935.2548211366 0.0000000000
133788757.6500653476 0.0000000000
133778580.6847999841 0.0000000000
133785427.3399471492 0.0000000000
133776971.5197888762 0.0000000000
133779553.0716150254 0.0000000000
133778583.9499728680 0.0000000000
133780703.6415176243 0.0000000000
133776724.1438506246 0.0000000000
133780931.0494975895 0.0000000000
133777872.9231929183 0.0000000000
133781414.6605433971 0.0000000000
133776320.6607087851 0.0000000000
133783152.9193030894 0.0000000000
133776570.0311488509 0.0000000000
133785270.0461188555 0.0000000000
133778665.7268747687 0.0000000000
133789910.7054279149 0.0000000000
133778458.4651315510 0.0000000000
133786228.9871864319 0.0000000000
133778752.1640346646 0.0000000000
133774031.2878543735 0.0000000000
133774472.8243537247 0.0000000000
133773875.2858121246 0.0000000000
133775872.6029354483 0.0000000000
133773480.1481111944 0.0000000000
133773606.2406768650 0.0000000000
133773950.3598743826 0.0000000000
133775450.9800529480 0.0000000000
133773526.0853317082 0.0000000000
133773464.4676579535 0.0000000000
133772835.3656198382 0.0000000000
133776736.2689897865 0.0000000000
133773720.7401511818 0.0000000000
133771998.3107129931 0.0000000000
133772730.5502213538 0.0000000000
133771320.4562399834 0.0000000000
133770890.6380203813 0.0000000000
133770873.1205515712 0.0000000000
133771188.2618935853 0.0000000000
133771125.1285606921 0.0000000000
133771070.1868233979 0.0000000000
133771267.4618549943 0.0000000000
133770771.8888548911 0.0000000000
133768746.9636542499 0.0000000000
133768461.5289873779 0.0000000000
133770152.1952313483 0.0000000000
133768104.6606121361 0.0000000000
133768729.9366350174 0.0000000000
133768283.4814856499 0.0000000000
133772802.4859965891 0.0000000000
133768665.1754063517 0.0000000000
133769052.8382221609 0.0000000000
133768075.0204513967 0.0000000000
133770878.5020105243 0.0000000000
133770099.2358639240 0.0000000000
133765448.9084231257 0.0000000000
133768423.9907288700 0.0000000000
133766129.8701463640 0.0000000000
133764601.2442062646 0.0000000000
133764910.6830310076 0.0000000000
133766290.3210607320 0.0000000000
133764838.3961224556 0.0000000000
133767182.4275713861 0.0000000000
133764609.3981217444 0.0000000000
133767687.8054701984 0.0000000000
133764931.9992110729 0.0000000000
133764473.4386522919 0.0000000000
133764334.5014192313 0.0000000000
133764176.3313449621 0.0000000000
133765272.5867527276 0.0000000000
133769476.2464684546 0.0000000000
133764772.7390372455 0.0000000000
133762513.2456914335 0.0000000000
133762637.1518993080 0.0000000000
133763436.1632856429 0.0000000000
133763314.6632023752 0.0000000000
133761185.4000912607 0.0000000000
133761577.7038034201 0.0000000000
133763055.6448546946 0.0000000000
133761821.5283415467 0.0000000000
133765790.0280924588 0.0000000000
133761277.6519637257 0.0000000000
133761036.4986267984 0.0000000000
133761590.5058360100 0.0000000000
133762352.2492260933 0.0000000000
133761061.0760738254 0.0000000000
133760167.6154470295 0.0000000000
133760706.9409251064 0.0000000000
133759917.9801829755 0.0000000000
133759877.7266962975 0.0000000000
133759574.4587621391 0.0000000000
133758677.0060531944 0.0000000000
133762740.3635085821 0.0000000000
133758829.6496137530 0.0000000000
133756735.3763926327 0.0000000000
133760989.9720613360 0.0000000000
133756878.4284615815 0.0000000000
133758952.7267281860 0.0000000000
133757478.0918004215 0.0000000000
133759229.4660412371 0.0000000000
133756793.8690943122 0.0000000000
133759302.2101268768 0.0000000000
133756780.5860664248 0.0000000000
133759395.8608448505 0.0000000000
133757106.9612936080 0.0000000000
133758363.8979828209 0.0000000000
133757617.4305506051 0.0000000000
133758892.1830388904 0.0000000000
133757452.7147472650 0.0000000000
133756743.5463707596 0.0000000000
133757580.0653662980 0.0000000000
133758557.9225675911 0.0000000000
133757675.2643743604 0.0000000000
133757458.8872386068 0.0000000000
133755696.8784239143 0.0000000000
133755681.9202904999 0.0000000000
133755841.3137949109 0.0000000000
133758724.5343429297 0.0000000000
133755305.9807837456 0.0000000000
133756159.7919265777 0.0000000000
133755059.9738756865 0.0000000000
133758086.0751421899 0.0000000000
133755368.3973942399 0.0000000000
133758227.7088880837 0.0000000000
133755402.0187924802 0.0000000000
133756541.5025155842 0.0000000000
133754887.2596293241 0.0000000000
133753273.6208398640 0.0000000000
133753252.6789623648 0.0000000000
133754908.5006477088 0.0000000000
133752574.8740641028 0.0000000000
133757442.8089212775 0.0000000000
133752179.7781609446 0.0000000000
133754846.8778137565 0.0000000000
133751849.1739329398 0.0000000000
133754260.2869994789 0.0000000000
133751581.1896580905 0.0000000000
133752868.4149367660 0.0000000000
133751582.0750754774 0.0000000000
133753454.5231978446 0.0000000000
133751799.7074178308 0.0000000000
133754459.2275591195 0.0000000000
133751167.2380080670 0.0000000000
133752476.4285799265 0.0000000000
133751211.5446036309 0.0000000000
133753318.2840494514 0.0000000000
133751638.2917762995 0.0000000000
133752487.4569260180 0.0000000000
133751038.8544542044 0.0000000000
133751249.4981677234 0.0000000000
133751565.6079711467 0.0000000000
133755588.9770464897 0.0000000000
133751213.6635444611 0.0000000000
133753922.5403606445 0.0000000000
133751271.1739052832 0.0000000000
133751319.4844470918 0.0000000000
133751233.9473155290 0.0000000000
133751451.0281251073 0.0000000000
133751294.1344655901 0.0000000000
133752294.0699790865 0.0000000000
133751322.8582192808 0.0000000000
133752018.2246959955 0.0000000000
133751032.7032895535 0.0000000000
133754291.7464879751 0.0000000000
133750903.5014504045 0.0000000000
133752818.9382902980 0.0000000000
133751299.9029945582 0.0000000000
133753511.7237609178 0.0000000000
133750705.6272695363 0.0000000000
133751709.5731396973 0.0000000000
133750293.3493413329 0.0000000000
133752171.1810778081 0.0000000000
133750120.4786450863 0.0000000000
133752298.5244409740 0.0000000000
133750657.9552015364 0.0000000000
133752769.0314377695 0.0000000000
133750264.7939742953 0.0000000000
133753371.8257666528 0.0000000000
133750830.3561660796 0.0000000000
133752141.0301532149 0.0000000000
133750311.5807236135 0.0000000000
133751604.0561566651 0.0000000000
133749820.7669547349 0.0000000000
133751387.7154993564 0.0000000000
133749669.8158297241 0.0000000000
133752308.2818146199 0.0000000000
133749799.3116660118 0.0000000000
133751744.7915127426 0.0000000000
133749912.7161660492 0.0000000000
133751355.7623838782 0.0000000000
133750042.2642153054 0.0000000000
133751187.5666002780 0.0000000000
133749972.5750440508 0.0000000000
133751236.8439822197 0.0000000000
133749336.9744854122 0.0000000000
133750194.6344860345 0.0000000000
133749770.2352348417 0.0000000000
133750155.5886843204 0.0000000000
133750356.9725628197 0.0000000000
133749403.6012273729 0.0000000000
133750194.3395069838 0.0000000000
133749489.6135684550 0.0000000000
133749407.3798427135 0.0000000000
133749318.0640360266 0.0000000000
133750265.3326347470 0.0000000000
133749288.1209046394 0.0000000000
133749054.5085850358 0.0000000000
133749148.5648659915 0.0000000000
133749935.0198089629 0.0000000000
133749216.0555576831 0.0000000000
133749203.7640161961 0.0000000000
133749266.3928922117 0.0000000000
133749295.3951971233 0.0000000000
133748973.0483311415 0.0000000000
133749087.1483891010 0.0000000000
133749204.2933992743 0.0000000000
133748865.8113127798 0.0000000000
133748787.1914465874 0.0000000000
133749107.7619670331 0.0000000000
133748794.5486670434 0.0000000000
133748330.9283023328 0.0000000000
133748736.6213008612 0.0000000000
133747558.8668616563 0.0000000000
133747585.7871466428 0.0000000000
133747542.1162273884 0.0000000000
133748461.4032179713 0.0000000000
133747750.0519712865 0.0000000000
133747616.5857624114 0.0000000000
133747681.6514619887 0.0000000000
133747389.9924086779 0.0000000000
133747354.8087989241 0.0000000000
133747474.9369966686 0.0000000000
133747310.1238471866 0.0000000000
133746996.4935899079 0.0000000000
133746960.3741222471 0.0000000000
133747515.0034844875 0.0000000000
133747071.7131705284 0.0000000000
133747153.8583600223 0.0000000000
133746906.8995236307 0.0000000000
133746721.2506551594 0.0000000000
133746633.3207234442 0.0000000000
133747043.5220883489 0.0000000000
133746581.4768699408 0.0000000000
133746916.4602880776 0.0000000000
133746613.2375048399 0.0000000000
133747470.6218711138 0.0000000000
133746627.1805053055 0.0000000000
133747191.8849908262 0.0000000000
133746635.9789336771 0.0000000000
133746549.8099135906 0.0000000000
133746547.3991220742 0.0000000000
133747002.2635934353 0.0000000000
133746748.2356012464 0.0000000000
133747283.6372069120 0.0000000000
133746378.5888547003 0.0000000000
133747475.2858690023 0.0000000000
133746193.5941929519 0.0000000000
133746119.4715681076 0.0000000000
133746094.7394298464 0.0000000000
133746174.7974598110 0.0000000000
133746054.6134797484 0.0000000000
133747296.3649267554 0.0000000000
133746126.8776973784 0.0000000000
133746811.4998238683 0.0000000000
133746061.7622839361 0.0000000000
133746731.3927590996 0.0000000000
133746093.5392702371 0.0000000000
133745890.4420651048 0.0000000000
133745912.4915687442 0.0000000000
133746318.1052668840 0.0000000000
133745878.1132775694 0.0000000000
133746034.3273663819 0.0000000000
133746035.8219652623 0.0000000000
133745780.5472400486 0.0000000000
133745769.7192652822 0.0000000000
133745438.0519565493 0.0000000000
133745500.4261749387 0.0000000000
133745717.2621260434 0.0000000000
133745510.1191293150 0.0000000000
133746009.4721000344 0.0000000000
133745588.2603582591 0.0000000000
133745625.6242536604 0.0000000000
133745573.1382740885 0.0000000000
133745611.1364684403 0.0000000000
133745511.8240608126 0.0000000000
133745476.9168111682 0.0000000000
133745434.2217891663 0.0000000000
133746225.1536557674 0.0000000000
133745427.9961051941 0.0000000000
133746241.8454758972 0.0000000000
133745384.1762448996 0.0000000000
133745719.2819170207 0.0000000000
133745365.1301478893 0.0000000000
133745830.8688500822 0.0000000000
133745308.0575458258 0.0000000000
133745457.9649140686 0.0000000000
133745467.6619325280 0.0000000000
133745367.2831379920 0.0000000000
133745290.8967925310 0.0000000000
133745747.8146822602 0.0000000000
133745290.3170306385 0.0000000000
133745687.3822061568 0.0000000000
133745350.8786427230 0.0000000000
133745589.8717415184 0.0000000000
133745275.4163576365 0.0000000000
133746174.9714263082 0.0000000000
133745251.4513046741 0.0000000000
133745145.0353234112 0.0000000000
133745127.2145115733 0.0000000000
133745909.8249682039 0.0000000000
133745101.5296203047 0.0000000000
133745666.3581191748 0.0000000000
133745077.0712279230 0.0000000000
133745601.4788585752 0.0000000000
133745036.2997528017 0.0000000000
133745185.7850933969 0.0000000000
133745080.0793427527 0.0000000000
133745727.4387402982 0.0000000000
133745011.9684609920 0.0000000000
133745061.2190121859 0.0000000000
133745017.4232005179 0.0000000000
133745084.0925424099 0.0000000000
133745119.1535119116 0.0000000000
133745015.3942904770 0.0000000000
133744719.9067350775 0.0000000000
133744749.4285193831 0.0000000000
133744858.3632564396 0.0000000000
133744666.0475177765 0.0000000000
133744890.6236245334 0.0000000000
133744649.7457818538 0.0000000000
133744615.3224342167 0.0000000000
133744627.0893651843 0.0000000000
133744474.6377869397 0.0000000000
133744458.0445873886 0.0000000000
133744776.8907113969 0.0000000000
133744562.0289049149 0.0000000000
133744359.6459766775 0.0000000000
133744365.3340552747 0.0000000000
133744339.5106109679 0.0000000000
133744431.6796011031 0.0000000000
133744283.0945300460 0.0000000000
133744280.3270550519 0.0000000000
133743962.3079832941 0.0000000000
133744008.6766591519 0.0000000000
133744002.6371435523 0.0000000000
133744121.5249520242 0.0000000000
133743982.3491355330 0.0000000000
133744008.0743401200 0.0000000000
133743965.5932942778 0.0000000000
133743952.4636176974 0.0000000000
133743928.8613056540 0.0000000000
133743886.6004073322 0.0000000000
133743850.0394030213 0.0000000000
133743997.6103127301 0.0000000000
133743830.1752555072 0.0000000000
133743757.4023951590 0.0000000000
133743757.7356584370 0.0000000000
133743799.7954053730 0.0000000000
133743750.8463564217 0.0000000000
133743778.0182309896 0.0000000000
133743739.0196270347 0.0000000000
133743847.9817380905 0.0000000000
133743731.1030912697 0.0000000000
133743678.2471852154 0.0000000000
133743716.4558096528 0.0000000000
133743670.9930382371 0.0000000000
133743732.3369083852 0.0000000000
133743649.0350077748 0.0000000000
133743644.3309470266 0.0000000000
133743880.2260848582 0.0000000000
133743649.7886798829 0.0000000000
133743723.7952165604 0.0000000000
133743618.6707080454 0.0000000000
133743756.7199719846 0.0000000000
133743633.4600992650 0.0000000000
133743588.6439231187 0.0000000000
133743602.8965946883 0.0000000000
133743636.7768619806 0.0000000000
133743633.5655699372 0.0000000000
133743497.8795164824 0.0000000000
133743512.3822872192 0.0000000000
133743620.9077342153 0.0000000000
133743502.6721454710 0.0000000000
133743556.7870525122 0.0000000000
133743477.8962037116 0.0000000000
133743631.2040535063 0.0000000000
133743497.7257267088 0.0000000000
133743580.3220437765 0.0000000000
133743530.7209393084 0.0000000000
133743632.2680998594 0.0000000000
133743499.5962075591 0.0000000000
133743653.6180053055 0.0000000000
133743537.0403113663 0.0000000000
133743543.6612642556 0.0000000000
133743472.2654690146 0.0000000000
133743553.6469740719 0.0000000000
133743499.3851336837 0.0000000000
133743612.6221624762 0.0000000000
133743506.6739348769 0.0000000000
133743538.0686024874 0.0000000000
133743484.8427592814 0.0000000000
133743647.4006955177 0.0000000000
133743497.9090255052 0.0000000000
133743670.9937308580 0.0000000000
133743447.7881609350 0.0000000000
133743524.5030451417 0.0000000000
133743474.2087832987 0.0000000000
133743553.0568634570 0.0000000000
133743458.1887556016 0.0000000000
133743551.1719506532 0.0000000000
133743429.7499422431 0.0000000000
133743708.0175000578 0.0000000000
133743435.3091170490 0.0000000000
133743589.5787962973 0.0000000000
133743427.2823782414 0.0000000000
133743474.0308029056 0.0000000000
133743404.4119141400 0.0000000000
133743530.7374770343 0.0000000000
133743408.6395607442 0.0000000000
133743484.1248153895 0.0000000000
133743440.7212825119 0.0000000000
133743482.8893116713 0.0000000000
133743368.1858353317 0.0000000000
133743469.6463775486 0.0000000000
133743342.7204250842 0.0000000000
133743402.7905164361 0.0000000000
133743358.1592746973 0.0000000000
133743483.1968384087 0.0000000000
133743401.1919832081 0.0000000000
133743531.6076570749 0.0000000000
133743388.2612271011 0.0000000000
133743432.1538679153 0.0000000000
133743403.8845311403 0.0000000000
133743340.0646203309 0.0000000000
133743430.3032243103 0.0000000000
133743350.0943889618 0.0000000000
133743308.3600764424 0.0000000000
133743308.2468687743 0.0000000000
133743306.5449537486 0.0000000000
133743304.5541698039 0.0000000000
133743274.0068724453 0.0000000000
133743279.1562337726 0.0000000000
133743322.2883444726 0.0000000000
133743270.1301040500 0.0000000000
133743296.4851964861 0.0000000000
133743264.1800703108 0.0000000000
133743234.1480536908 0.0000000000
133743232.7356010228 0.0000000000
133743231.4777638316 0.0000000000
133743226.4342903942 0.0000000000
133743176.4329840243 0.0000000000
133743212.9089311510 0.0000000000
133743171.0687730461 0.0000000000
133743215.5323617011 0.0000000000
133743162.5188561827 0.0000000000
133743178.6786322743 0.0000000000
133743175.2197220176 0.0000000000
133743165.4089424610 0.0000000000
133743183.5780031681 0.0000000000
133743230.7085148394 0.0000000000
133743162.3617738187 0.0000000000
133743140.6318041980 0.0000000000
133743146.0209782124 0.0000000000
133743129.9671505094 0.0000000000
133743136.1841867417 0.0000000000
133743186.1009746492 0.0000000000
133743124.3926724344 0.0000000000
133743153.2548582107 0.0000000000
133743129.4558108896 0.0000000000
133743173.0417607278 0.0000000000
133743125.3462126553 0.0000000000
133743172.8066379279 0.0000000000
133743124.4281262606 0.0000000000
133743146.0746984035 0.0000000000
133743131.2616659999 0.0000000000
133743171.3446438462 0.0000000000
133743139.6053815931 0.0000000000
133743126.3651858121 0.0000000000
133743124.2909528166 0.0000000000
133743131.3497724682 0.0000000000
133743127.4497167617 0.0000000000
133743179.3534706980 0.0000000000
133743126.2963676602 0.0000000000
133743153.1837202609 0.0000000000
133743118.1837881356 0.0000000000
133743125.0008549690 0.0000000000
133743123.0012722909 0.0000000000
133743087.4693629891 0.0000000000
133743103.4640857279 0.0000000000
133743165.7385162264 0.0000000000
133743099.9936269373 0.0000000000
133743130.9166051000 0.0000000000
133743087.8699630350 0.0000000000
133743131.3918082565 0.0000000000
133743083.7785951644 0.0000000000
133743116.9882546514 0.0000000000
133743091.2154633701 0.0000000000
133743137.4553403109 0.0000000000
133743085.0678766221 0.0000000000
133743114.3624439985 0.0000000000
133743090.3355202526 0.0000000000
133743117.0179471821 0.0000000000
133743087.3548729718 0.0000000000
133743083.4784348160 0.0000000000
133743071.9948850274 0.0000000000
133743096.4265934676 0.0000000000
133743070.6774850637 0.0000000000
133743127.4808451086 0.0000000000
133743073.0506237447 0.0000000000
133743123.0334492624 0.0000000000
133743069.3481220603 0.0000000000
133743104.2134547830 0.0000000000
133743062.7889032215 0.0000000000
133743080.2286004275 0.0000000000
133743061.9267612398 0.0000000000
133743051.7645139247 0.0000000000
133743051.4830255359 0.0000000000
133743075.1204568744 0.0000000000
133743046.8416387290 0.0000000000
133743107.7642949671 0.0000000000
133743041.1820507646 0.0000000000
133743063.7862607837 0.0000000000
133743044.3983397037 0.0000000000
133743070.0598682016 0.0000000000
133743050.8124384433 0.0000000000
133743078.2547824383 0.0000000000
133743042.6215381920 0.0000000000
133743070.2411711663 0.0000000000
133743040.1241223961 0.0000000000
133743075.6539868563 0.0000000000
133743034.5364582390 0.0000000000
133743054.5259770751 0.0000000000
133743036.7678842396 0.0000000000
133743067.4728914350 0.0000000000
133743042.4036100656 0.0000000000
133743047.1788815260 0.0000000000
133743032.8539916128 0.0000000000
133743068.8937101066 0.0000000000
133743024.4722519368 0.0000000000
133743033.6134680659 0.0000000000
133743029.3933262080 0.0000000000
133743012.7223112583 0.0000000000
133743020.5239787847 0.0000000000
133743039.1215350628 0.0000000000
133743020.4664957523 0.0000000000
133743071.6429464072 0.0000000000
133743020.7153280824 0.0000000000
133743053.8120265156 0.0000000000
133743016.1317885369 0.0000000000
133743029.2883092463 0.0000000000
133743019.9223480225 0.0000000000
133743068.7595980912 0.0000000000
133743013.0663777143 0.0000000000
133743027.9489221275 0.0000000000
133743029.3582211137 0.0000000000
133743031.2125119269 0.0000000000
133743013.1638078690 0.0000000000
133743040.3605544716 0.0000000000
133743010.0335524976 0.0000000000
133743014.5104391724 0.0000000000
133743007.4069083333 0.0000000000
133743011.9606486112 0.0000000000
133743007.4332720488 0.0000000000
133743035.7134225219 0.0000000000
133743001.4416040182 0.0000000000
133743010.7284417897 0.0000000000
133743005.3347514868 0.0000000000
133743030.1642433852 0.0000000000
133743005.2468581051 0.0000000000
133743029.4032830745 0.0000000000
133742999.3135051876 0.0000000000
133743023.0584425181 0.0000000000
133743002.5580279529 0.0000000000
133743016.3985386491 0.0000000000
120187649.0000000000 0.0000000000 1 0 0 0 0 0 0 0 0 0 0 0 0 0 0 