300687045.4157804847 0.0000009890
290284922.5581331849 0.0000003415
292323860.7180158496 0.0000000584
308211745.9776366949 0.0000000015
345913213.3687366247 0.0000000969
343366387.5814838409 0.0000000164
315848591.1054003239 0.0000000007
291949467.0656414628 0.0000012535
301405186.9855427742 0.0000000025
312952817.7084488273 0.0000000007
322720072.0243493915 0.0000004952
286499079.7114971280 0.0000000479
360865220.5988986492 0.0000000568
278017157.4071223736 0.0000004368
279264067.1877421737 0.0000018952
302538424.7594113946 0.0001935371
321799655.9620884061 0.0000006503
248896373.8864094317 0.0000005469
231181429.3210593760 0.0000007400
243936437.4800708592 0.0000034095
220616617.7209901214 0.0000063798
216208186.7678079009 0.0000073057
236283928.8665270805 0.0000011308
202775155.7251530886 0.0000094971
200796752.5813345313 0.0000097491
261973107.3775793016 0.0000011239
240039464.4931244254 0.0000022330
256806713.0755720139 0.0000018713
208438003.2087604702 0.0000001892
199485312.5137771368 0.0000009687
222663906.5592270792 0.0004292007
187814070.5100977719 0.0003538584
192779793.9182936251 0.0003579696
200055673.9231447875 0.0006150499
181563087.8072678447 0.0003351765
204851965.6101098061 0.0002308646
179445044.3836970329 0.0003314589
195294254.1008825600 0.0001501049
178782600.0001879334 0.0003344372
188031786.2174251974 0.0000664847
223652774.0985859334 0.0003065799
200198757.1848029494 0.0006155621
236749335.3339738846 0.0003698760
190533616.2968825400 0.0001041915
223910149.3401575983 0.0002363665
193417746.8592299819 0.0010672476
242749275.0878067613 0.0003077066
160489248.5944271088 0.0023177960
161290871.8980783820 0.0023432793
181154111.1360116005 0.0016734677
152087142.7042331398 0.0024142925
154089569.3757773042 0.0034796726
162797610.7246584594 0.0019872574
177068491.6982456446 0.0000078243
153567983.8084492087 0.0026053067
165786180.7460515797 0.0015229870
154332601.0253073275 0.0028552078
163403836.2810021937 0.0017529192
160018138.9207385778 0.0008113531
172629583.4483503699 0.0010469886
171891910.5324963033 0.0018641434
168018232.4085712135 0.0046702937
175691356.4689435661 0.0016776449
187851918.1998299658 0.0018409561
154514856.7429160774 0.0023255189
166802903.1887301207 0.0044504767
157657172.8919013441 0.0028833283
165560628.1083840430 0.0015259314
157093823.1669641733 0.0020169278
172637845.8626491427 0.0044289637
169120637.6830590367 0.0041377251
153357223.1465814412 0.0069638914
172152772.7638332248 0.0027755083
190275636.2327549756 0.0002159651
187280623.8383480906 0.0039147788
165023998.7109808028 0.0002523486
155461480.4045832455 0.0001164340
161640733.7930267751 0.0025589831
153015842.6707607806 0.0042766205
176079213.3320019543 0.0004032283
176111877.0051214993 0.0025832751
181050121.8643516600 0.0004481091
154681453.5272659361 0.0024066902
180568464.8752444088 0.0048436484
171275236.2667676210 0.0015793663
175488510.0708072186 0.0017527432
158856756.3911206424 0.0023708500
161252750.5079966784 0.0001899995
159977162.2333131433 0.0031887380
166668114.1903448403 0.0029523479
159218723.1148398221 0.0013763343
188346430.6459796131 0.0012963207
161501638.7142455876 0.0020999529
167018875.2768049836 0.0000624574
156110415.6421068609 0.0006906970
189675743.5577600002 0.0008222874
154819516.8016411662 0.0007450373
195740412.7804261744 0.0022361421
166207680.3771881759 0.0044302426
194037274.7627102435 0.0005533363
169844429.8480761647 0.0017337394
162431296.4949984252 0.0024872908
153512340.1963892579 0.0023019914
168774723.1221127808 0.0034013469
153732835.7996150255 0.0024181079
179347165.6165265441 0.0022440092
153499847.2591520548 0.0023686131
169205370.5113522410 0.0020741453
155100749.5222682357 0.0024070571
156854588.2903693020 0.0015058833
153789889.3961179852 0.0022420297
190450165.2867771387 0.0014790882
154403199.4905931354 0.0020136287
180638026.8363766968 0.0023618052
154909755.3310782611 0.0025443844
178721864.8713410795 0.0038621066
153384642.9417119324 0.0024625887
152000431.1248354614 0.0037568507
154582304.1195302606 0.0037305446
148575961.4311126769 0.0026603330
148701851.0954669416 0.0029277405
162030577.3441281319 0.0021343853
155939187.0889772773 0.0027641552
155669171.3719646931 0.0035853639
154963260.2760371566 0.0023507304
154574229.7291397154 0.0020801260
151291024.1292070448 0.0023078280
171801609.2524558306 0.0038900871
149708703.3620639145 0.0027099945
156642627.7344242036 0.0008867097
155955345.1244620979 0.0025115794
171784568.5868366063 0.0010506419
149148057.5343397260 0.0025516918
169840562.8097848594 0.0048700287
149125827.9520874619 0.0028282227
184854412.6052047014 0.0016187390
149647663.4379016757 0.0037383871
152705947.7641368508 0.0022512925
155588355.3390510380 0.0024569331
174530580.5565646887 0.0031761065
153053419.1220566928 0.0025694824
150978248.8877139986 0.0044680951
152768694.0714546442 0.0025462209
150087126.4998152256 0.0021130526
156805203.8104275167 0.0029000364
173428221.3065992296 0.0037215629
154242852.8143117428 0.0027821715
150925012.8576662242 0.0018686328
155310324.6407843232 0.0025068031
170750748.1704451144 0.0017344745
150815596.0799950063 0.0023467254
158050034.9086007774 0.0019317002
150442000.1415415704 0.0021498850
154820951.2564117908 0.0025837788
152455935.4016147256 0.0021239870
150118576.2155238688 0.0026552902
149627126.7902660668 0.0024740932
155671638.4020957351 0.0026465443
155821805.5218405724 0.0037499195
154837232.1172770262 0.0026385465
152860989.0055431128 0.0023075127
148757354.3807874322 0.0026538308
151972934.0716331899 0.0029573564
149179195.3796484172 0.0025980632
149701131.7008635104 0.0031031078
151929092.0182973444 0.0027503606
149555634.5795840323 0.0027011697
155724516.6223543882 0.0026629763
149914856.9241172969 0.0020811440
155168327.6624168158 0.0025454784
159699441.0041515529 0.0033747005
150660203.9534286857 0.0028823335
151791153.0200997293 0.0022909785
148710669.3280044496 0.0028289097
150337166.7960032225 0.0028205192
149025858.7593407929 0.0026408548
150061703.5409969091 0.0028049647
149425851.5376537740 0.0027106943
156355481.3097670376 0.0022055538
154432205.2545535862 0.0025815417
151863493.1062704921 0.0023456334
149031631.7354004979 0.0025924023
149488368.9352829158 0.0029965512
149653348.4724086225 0.0029027072
153147262.4234603047 0.0019078166
150052724.4991121888 0.0025099250
153483108.9347776771 0.0018401343
154622455.6773772240 0.0025165017
150215727.6947243512 0.0032795258
154469616.0867040455 0.0026483354
151378291.5858484805 0.0022769555
152285657.9661976695 0.0027226663
149255249.9015720189 0.0025509346
148808441.6695383191 0.0026571959
153963086.6504839957 0.0027503963
156170229.1182148457 0.0026106145
149567300.1005622745 0.0026379700
148572519.4330892563 0.0026420912
150096748.1783514917 0.0027124365
155432383.8413114548 0.0025579686
148885556.4041512311 0.0027857370
156415021.2492567003 0.0026696518
150766435.9577288926 0.0027332501
155955090.0961893797 0.0026239841
154252542.3342232406 0.0025946401
155655505.5085026622 0.0027331107
149405796.3431640267 0.0025427028
148964084.2154526711 0.0026878419
153792622.5772750676 0.0027337756
155432473.6475055814 0.0026400811
155156991.1529045701 0.0027272534
148742676.1783561409 0.0025971100
148945952.1143316925 0.0028457608
156205180.2651510239 0.0026287548
155441900.4540297687 0.0025104451
148631709.3954519033 0.0026451014
152783324.5726574361 0.0026905960
149147015.6967748702 0.0026791583
150866022.9198439717 0.0025526822
148870604.0048786700 0.0026469219
150862104.1828551292 0.0025645169
156157278.2229985595 0.0026375110
150832092.4906296134 0.0024970263
155433960.3414137661 0.0027079660
150970470.0157585442 0.0026619892
156371523.4123574495 0.0025970159
148876135.7321111262 0.0024669423
155876106.8220885694 0.0026254542
148991418.5224501193 0.0028100791
156071848.9582151473 0.0027157817
156790707.4242568910 0.0023747394
155331342.8599299490 0.0029417808
155319665.4361367524 0.0026142208
148461644.1826428175 0.0026473670
155243302.8704408407 0.0027173657
148561048.9223022759 0.0026445237
150384427.0296989083 0.0026633393
156017555.3514541984 0.0026179248
156021598.1859703064 0.0028134106
156019157.9790687561 0.0026346650
149194277.2231402695 0.0025794305
148612257.3778668642 0.0026307312
149727181.1975491941 0.0027004983
148605459.9659369588 0.0026339915
148607942.7858377099 0.0026464109
155899302.1965264082 0.0026636572
155930497.7752300203 0.0025611793
148619073.6144635081 0.0026554306
149796370.3810051084 0.0025972965
148757402.8332677782 0.0026059850
155925072.0850549042 0.0025284826
149014648.3973048329 0.0026137405
148525951.9812928140 0.0026620876
148701166.4818938673 0.0026304577
156209338.9448437989 0.0026633571
148941645.9421569705 0.0026426435
148546917.9686626494 0.0026345628
148934992.2201480567 0.0026503711
156103850.1063647270 0.0026373172
149063183.0401235521 0.0026340998
148496429.4654120803 0.0026615766
155602824.6569843292 0.0026489657
148467729.1488113701 0.0026504830
148525913.5349185467 0.0027008107
156170622.6239514351 0.0026479973
156231870.2409335375 0.0026483444
148499186.5551764369 0.0026529208
156022079.8545474112 0.0026553989
156187010.3951837122 0.0026055942
148469734.0851261318 0.0026258962
156129158.1498447955 0.0026519592
148839624.7256236076 0.0026622428
148577412.1798667312 0.0026486054
148530056.9498262703 0.0026066414
156071815.0524137914 0.0026455369
148765166.4454626441 0.0026411996
148517259.3173862696 0.0026478741
148633132.7430274189 0.0026443472
156213322.4307327569 0.0026422801
148691962.9957190156 0.0026314828
148449203.5894628763 0.0026477009
156074662.1265823543 0.0026412881
156157972.7899526060 0.0026393266
148511152.5679162741 0.0026517580
148437460.1822211444 0.0026567463
148974548.8853102028 0.0026786129
148531756.4513629973 0.0026578746
148624881.9877125323 0.0026580510
156158025.0499706268 0.0026626371
148618549.6313029528 0.0026658069
148475435.3253405988 0.0026611609
148720682.0120356977 0.0026528307
148434001.2732706666 0.0026579785
148475863.2748273909 0.0026477490
148549734.1140931249 0.0026619660
148840976.1079711318 0.0026553605
148462068.3766626418 0.0026615298
156133762.3502936363 0.0026649537
156189326.0822001398 0.0026641856
156201254.0337443650 0.0026610859
156194046.7378928065 0.0026601110
148477797.2699428797 0.0026480919
156192788.1895201206 0.0026602023
148510970.7388274074 0.0026605679
148447440.9257126451 0.0026619908
148594016.6821784675 0.0026556496
148470791.2449879050 0.0026561464
156128228.3777007461 0.0026660765
148440248.3441397548 0.0026566996
148513512.1417340934 0.0026701300
156206144.5062834620 0.0026560319
156225319.4093858004 0.0026370663
148468968.3127506673 0.0026569911
148453521.8916798234 0.0026639936
148438650.4046216905 0.0026569831
156204368.3016867936 0.0026664672
148452801.0348009169 0.0026578670
148459362.7593561113 0.0026566243
148437918.8160903454 0.0026585831
148451391.0299195051 0.0026560944
148451812.7595325708 0.0026556796
148439502.5512038171 0.0026569524
148436764.8346777856 0.0026574674
156181518.2699664533 0.0026562735
148534409.6328901350 0.0026590342
148432058.0332781374 0.0026586120
148477079.0029225051 0.0026694080
156201158.4139232337 0.0026589268
156160005.0293076336 0.0026596156
148435586.0777727962 0.0026576459
148526778.0855015814 0.0026588443
148461403.9545175433 0.0026583597
148446447.7908240557 0.0026613269
148433604.1662070751 0.0026597079
156190709.9672911763 0.0026513340
156208885.1600349545 0.0026596263
148459993.0695149899 0.0026609333
148451667.3391551971 0.0026579823
148551964.4941315651 0.0026587199
148439021.2080093622 0.0026593487
156165668.5930148661 0.0026535665
148429810.3886330426 0.0026551929
148438822.5950654745 0.0026558963
148456201.3549085855 0.0026516325
148523423.5444747210 0.0026573355
148444058.2450370193 0.0026545678
156175896.7853784859 0.0026617864
156196062.5404717624 0.0026557935
148498450.3536557257 0.0026532576
156191342.6305377185 0.0026560069
148503194.9354286790 0.0026529389
148439006.0832100809 0.0026561830
148458448.6634342074 0.0026566075
148434560.3085453808 0.0026551536
148433562.1841604114 0.0026551173
148435624.8213972151 0.0026549849
148443577.5787586570 0.0026548635
148431873.5153228045 0.0026552383
156205497.0250541568 0.0026555753
148442875.3190995753 0.0026527606
148429734.5656471550 0.0026551832
148439123.3357219696 0.0026540262
148431872.9717504382 0.0026549969
148450353.1477910876 0.0026564207
148430309.1147460341 0.0026550681
156199029.7676755190 0.0026542432
148439115.0447392762 0.0026553618
148446842.8204525709 0.0026605274
148431952.7721139193 0.0026553406
148499994.5476685464 0.0026533378
156187088.3293593228 0.0026546756
148492498.0784474015 0.0026578541
148428583.2937107384 0.0026545104
156195070.3863374591 0.0026551069
156202332.2461622059 0.0026548794
148480730.0507116318 0.0026526232
156207638.7182821035 0.0026542424
156191337.7930463552 0.0026549518
148433569.8752424717 0.0026548186
156191019.2917882800 0.0026541660
148442461.3397480547 0.0026543497
148430657.4035075009 0.0026545758
156207668.1674880981 0.0026547012
156206239.7639099061 0.0026543043
148447774.5991013944 0.0026549088
148432119.3489568532 0.0026548118
148434722.8311938643 0.0026547544
156209022.9021443725 0.0026546054
156198405.1707862914 0.0026550163
148428828.6336606443 0.0026553494
148426499.9927030206 0.0026550341
156207708.1874135733 0.0026549125
148429779.8772353232 0.0026555589
156209497.6002147198 0.0026547623
148426397.9706786275 0.0026558761
156206144.5780811310 0.0026556419
148434940.2893129289 0.0026565542
156211507.8144690096 0.0026564273
156208962.2675520182 0.0026544303
148427622.2898043692 0.0026559571
148431721.9009735882 0.0026575466
148430595.1025477946 0.0026553886
148456040.9510495663 0.0026552127
148432536.0793673098 0.0026548458
148449889.2226593792 0.0026555881
148425757.8681652844 0.0026557853
148455450.8160520196 0.0026573064
148428844.4260821939 0.0026555126
148446455.0427991450 0.0026543527
148425588.0229368210 0.0026558105
148448945.0481883585 0.0026552087
156208739.6410104036 0.0026558483
148440277.0830984712 0.0026561304
148426968.4838834703 0.0026558055
148425021.9637382627 0.0026561494
148425101.4656936526 0.0026559154
148438517.5432951152 0.0026554105
156211992.4456248283 0.0026559759
148436149.7194483876 0.0026552685
148429849.8369303942 0.0026557481
148438742.6958238482 0.0026564075
148428576.3911475241 0.0026560684
148435480.5006684065 0.0026543776
156209969.0715887845 0.0026561631
148446920.0579294264 0.0026572485
148429481.4876143932 0.0026562587
148439985.0755389035 0.0026565275
148425907.4672812223 0.0026562423
148454231.9552226067 0.0026546178
148426211.0143728554 0.0026555757
148447955.0846759081 0.0026580777
156209169.3382156193 0.0026557689
148429046.6470735073 0.0026561933
156210649.2036785781 0.0026558627
156205353.6322720945 0.0026577257
148430091.4947738945 0.0026562968
148439981.8716905117 0.0026550938
156209683.2958214283 0.0026565068
148424962.0106644928 0.0026556400
156205147.0983503759 0.0026559071
148432430.0135093331 0.0026568339
156207336.6027603745 0.0026556700
148429673.2110233605 0.0026549721
148426591.8189067245 0.0026555605
148439185.9308924973 0.0026550322
148424389.7620373666 0.0026556291
148438727.7905983925 0.0026560560
148425515.0946892202 0.0026558238
148460197.7907155752 0.0026540951
156206332.0173609257 0.0026556742
148443950.7466526330 0.0026550705
148423987.9720133543 0.0026554695
148435163.1099081933 0.0026553503
148423599.4178278148 0.0026556834
148427935.1693348587 0.0026563478
156205629.1944630146 0.0026562931
148438537.2712649405 0.0026553004
156206675.7674755156 0.0026554388
156205512.9785483181 0.0026559338
148423879.5052888393 0.0026557826
148422987.8430804014 0.0026569882
156198011.7655946612 0.0026567756
148438207.1786091924 0.0026570180
148421628.6461174488 0.0026567928
148435360.6492966115 0.0026589194
148423510.4163599312 0.0026565930
148433755.2797980309 0.0026547317
148420941.5168055892 0.0026568415
156200487.3209874332 0.0026565985
148432751.4023419321 0.0026577807
148424658.8623313308 0.0026570695
148425391.9652555287 0.0026565144
156200708.4648847282 0.0026571013
148427205.2723223567 0.0026567749
148421076.9618216455 0.0026569275
156199685.7913607657 0.0026568184
148421692.1190393865 0.0026567795
148425343.5975039601 0.0026572069
148420441.4673961699 0.0026568138
148426469.7263535857 0.0026563601
156200336.7954164445 0.0026566451
148425127.3635790050 0.0026567669
148422553.9568135440 0.0026568040
156189243.1164427698 0.0026574555
148420857.8044368029 0.0026566386
156197014.4456299841 0.0026571537
148422454.6677787304 0.0026567245
148423089.9299539328 0.0026563781
156199963.7393299639 0.0026571108
148432782.6434876025 0.0026561461
148422514.4202006161 0.0026566982
148425549.2978277802 0.0026566080
148420972.4273798168 0.0026568780
148427105.4124549925 0.0026578578
156200309.0266560614 0.0026568268
148419406.8449702859 0.0026569346
156196972.9251013994 0.0026570831
148430494.8022605479 0.0026566124
148418728.4814968407 0.0026569685
148431637.3721201420 0.0026566546
148421379.2880341411 0.0026571185
148421075.7082433403 0.0026574410
148418484.9742000997 0.0026569486
148430116.3086912036 0.0026564686
156198337.5561529398 0.0026568160
148433591.9652570486 0.0026571065
148418387.7846707404 0.0026569572
148428906.8686131537 0.0026574303
156197872.4950088859 0.0026569672
148421869.0764375925 0.0026566839
156196527.0843474567 0.0026569781
148427208.8478412330 0.0026574582
148420363.4156904817 0.0026566460
148428682.8790598512 0.0026566946
148419854.3728136718 0.0026568726
148423188.3350946903 0.0026576695
148418878.2385387123 0.0026568829
156193730.4585480690 0.0026565023
148419637.1806904078 0.0026570602
156196054.7420607805 0.0026576111
148418350.2225989401 0.0026570852
148420097.5507979095 0.0026568275
156195623.2745866477 0.0026571230
148436134.8373017907 0.0026567446
148419636.2229874432 0.0026570595
148421315.4218575656 0.0026571217
156198080.8781312108 0.0026571251
156198880.5450228751 0.0026565884
148423163.8437432349 0.0026573611
148420757.2301930785 0.0026572232
156198398.2912908792 0.0026569152
156197804.3143862784 0.0026573848
148418254.0675733387 0.0026570866
148419418.3035401702 0.0026571085
148418748.5962397456 0.0026570856
148418590.5855686069 0.0026573422
156198184.6338707209 0.0026571626
148420712.7409353554 0.0026573748
148419381.9903469682 0.0026571549
148421779.4603157938 0.0026572868
156197840.2289818823 0.0026570736
156195263.7470908463 0.0026573068
156197857.4668927491 0.0026571306
148420963.9531816542 0.0026571605
148418952.4885106981 0.0026571744
156193401.3854863644 0.0026573663
148419163.7284246981 0.0026571453
148422454.8887756467 0.0026566149
148418440.8504200280 0.0026571540
148420044.6149530411 0.0026574485
156198452.1232225895 0.0026570765
148419548.3149935007 0.0026569401
148418710.2853530347 0.0026569906
148422554.9883438349 0.0026568394
148419759.5718042850 0.0026571186
148421605.7866047323 0.0026565464
156197015.6045930684 0.0026571132
148424503.0277719498 0.0026572535
156197392.8087702096 0.0026572014
148418418.5968888104 0.0026571474
148419699.4739901125 0.0026570434
156198451.8394702673 0.0026570659
148418224.9689849615 0.0026571170
156198150.0103747547 0.0026571195
148419074.1703848541 0.0026571506
148419410.5037745833 0.0026570816
148420852.2302534878 0.0026571869
148418371.7943679988 0.0026570778
148419835.6006701291 0.0026568640
156198218.0209802687 0.0026571364
148422332.2719155550 0.0026572403
156198138.8466371596 0.0026571643
148420476.6808285415 0.0026571615
148418817.4094769657 0.0026570945
148420712.0783394575 0.0026570429
156197935.6022907495 0.0026570759
148418948.9717195928 0.0026569926
148418292.2534662187 0.0026571413
148418191.5200224221 0.0026570236
148417855.6313682497 0.0026570329
156198103.8013298512 0.0026569385
156198197.8447278142 0.0026570158
156198112.8585910499 0.0026570144
156198023.7244231105 0.0026570820
148420965.2166099250 0.0026571571
156197826.0172119141 0.0026569949
148421587.9550119340 0.0026567570
148417946.5337468982 0.0026570007
148419982.7194358408 0.0026569663
156198426.5147387683 0.0026570515
148420568.4957676828 0.0026572866
148417823.2643064260 0.0026570023
148418496.4522657692 0.0026569910
156198361.5884225667 0.0026570382
148419902.3777458370 0.0026567817
156197771.9353133142 0.0026569895
148421084.1046026945 0.0026568352
148418180.6825089455 0.0026570060
148417691.3927174807 0.0026571299
148417590.0688624978 0.0026572582
148417652.3886192143 0.0026572714
156198289.4369081557 0.0026572702
156198618.7824344635 0.0026572463
148418071.2312613130 0.0026571817
148417550.6943810880 0.0026572530
156198488.4939963222 0.0026573100
156198295.1953782439 0.0026572508
148417783.7855425179 0.0026572521
148417572.5704434514 0.0026572381
156197616.4528156221 0.0026572349
148417536.4273084402 0.0026572384
148418568.8659778833 0.0026572965
148417538.7335691750 0.0026572651
156198672.5108211935 0.0026572294
148417541.8771071434 0.0026572503
148418837.7149427533 0.0026572623
148417831.9801480174 0.0026572182
148417759.0668578744 0.0026572285
156198211.1156645119 0.0026571830
148419152.0957979560 0.0026571538
156198344.1025949121 0.0026572128
148418649.8505079746 0.0026573030
156198321.3270248771 0.0026572360
148419651.5395443439 0.0026572135
148417888.4122658968 0.0026572560
156198380.3373300731 0.0026574008
156198483.4055798948 0.0026572289
148417851.4980674684 0.0026571868
156198467.3952163458 0.0026572334
156198332.4638904631 0.0026572286
148417725.1545606852 0.0026572429
148418370.8455463648 0.0026572518
156198518.6292727590 0.0026572236
148418406.2133505046 0.0026573514
148417584.2937445045 0.0026572403
156197936.8280095756 0.0026572908
148417649.0281956196 0.0026572364
156198565.2413263917 0.0026571734
148417601.4732050896 0.0026572116
148417611.8635009527 0.0026570672
148417524.5561622083 0.0026572646
148417544.3395828307 0.0026572137
156198485.4652912617 0.0026572773
148419255.9153022170 0.0026572707
156198335.5620153844 0.0026572406
148418539.4463150501 0.0026572906
156198501.7533639669 0.0026572300
156198355.9596928656 0.0026573023
148418878.2315613329 0.0026572992
156198545.6158221066 0.0026572227
156198713.4166941643 0.0026572582
156198365.9855206609 0.0026573034
148417519.8233450949 0.0026572627
148417666.3933871090 0.0026572550
156198596.9295913875 0.0026572463
148417766.9400361776 0.0026572407
148417487.3506713510 0.0026572453
148417665.9276171625 0.0026572570
156198659.1229071915 0.0026572420
148418050.4690183699 0.0026572801
148417747.2588540018 0.0026572374
156198080.7844850123 0.0026572264
148417500.6391300857 0.0026572375
148417923.4103979468 0.0026572928
148417522.3241796494 0.0026572431
148417525.2457700968 0.0026572616
148417686.8451816142 0.0026572324
148417621.1607290804 0.0026572048
148417467.6927610934 0.0026572637
148417832.6330293417 0.0026572238
156198461.7961126864 0.0026572699
148418362.5047602654 0.0026572884
156198620.1635839939 0.0026572633
148417884.7692887485 0.0026572574
148417559.2099529803 0.0026572671
156198455.6064269245 0.0026572997
148417455.3358297646 0.0026572578
148417704.6118202806 0.0026572847
156198599.3348796964 0.0026572498
148418263.1671424508 0.0026572392
148417449.3315200210 0.0026572468
156198587.4030982852 0.0026572755
156198505.6120045483 0.0026572604
148418372.2942148745 0.0026572006
148417644.2145773768 0.0026572453
148417606.7721081972 0.0026572717
148417522.6913144588 0.0026572556
148417702.2974420488 0.0026571878
156198590.8879483342 0.0026572549
148418080.2439103723 0.0026572259
148417436.1930003464 0.0026572554
148417326.6214025915 0.0026572503
148417546.6340754330 0.0026572525
156198365.4197405279 0.0026572113
156198450.9882561564 0.0026572553
148418122.4886073768 0.0026572644
156198721.2167170644 0.0026572377
156198411.6603490114 0.0026572736
148417507.9571040869 0.0026572562
156198626.4099550843 0.0026572496
148417410.3647679985 0.0026572442
148417420.7034032047 0.0026572450
148417717.6538792253 0.0026572304
148417343.1078047454 0.0026572473
148417449.0601423979 0.0026572609
148417395.6009123325 0.0026572505
148417416.8358050585 0.0026572470
156198668.7592013180 0.0026572463
156198638.3356895447 0.0026572560
156198625.1321634352 0.0026572453
156198597.3959548771 0.0026572628
156198654.4634633958 0.0026572462
148417720.7532432675 0.0026572820
156198680.4334931076 0.0026572405
148417430.9008700550 0.0026572766
156198664.7055638731 0.0026572531
148417517.6106620431 0.0026572712
156198649.4442876577 0.0026572552
148417574.8075698018 0.0026572382
156198635.4987004101 0.0026572526
148417495.4194420576 0.0026572635
156198624.6378765106 0.0026572520
156198590.1465024948 0.0026572801
148417379.1845083833 0.0026572519
148417501.5121657848 0.0026572393
148417302.9528385699 0.0026572532
148417330.5006963313 0.0026572431
148417326.9506991506 0.0026572516
148417989.7747896612 0.0026572462
148417409.4977962673 0.0026572549
148417473.3309248090 0.0026572837
148417329.1701887846 0.0026572539
148417404.4566497505 0.0026572718
148417306.4507438838 0.0026572563
148417443.5709565282 0.0026572446
148417360.6204132736 0.0026572523
156198669.3847382665 0.0026572520
156198664.5741699636 0.0026572530
156198549.9321679175 0.0026572597
148417305.3574008346 0.0026572556
148417477.6540675759 0.0026572580
148417327.8006704748 0.0026572503
148417396.2249038517 0.0026572107
156198684.5802811384 0.0026572523
148417277.0591900647 0.0026572489
156198596.0412334204 0.0026572471
148417329.7175214589 0.0026572749
156198633.2043787241 0.0026572494
148417817.9272699952 0.0026572517
156198631.1199497581 0.0026572465
148417306.7992933989 0.0026572645
148417276.2173263431 0.0026572470
156198533.4485433102 0.0026572513
156198657.6363550425 0.0026572451
148417491.5383163989 0.0026572625
148417291.3671178222 0.0026572467
148417319.9080099165 0.0026572422
156198650.5096240044 0.0026572526
148417399.2335687578 0.0026572350
156198656.9462488890 0.0026572459
148417500.2576206028 0.0026572280
156198609.7851826847 0.0026572412
148417238.3716364801 0.0026572739
156198672.7145321071 0.0026572721
148417456.8761265874 0.0026572781
148417238.3229355216 0.0026572739
148417364.9032358527 0.0026572801
156198655.6109825969 0.0026572790
148417502.3809870481 0.0026572857
148417266.7193573713 0.0026572701
148417314.0912905335 0.0026572894
148417273.7758343816 0.0026572790
148417340.1524007320 0.0026572558
156198577.8855982423 0.0026572724
156198495.6368425488 0.0026572725
148417413.2087936997 0.0026572647
148417213.4661702812 0.0026572771
148417249.4206120372 0.0026572920
156198668.6130632758 0.0026572763
156198547.8536057770 0.0026572639
148417213.9967349172 0.0026572806
148417211.7288301289 0.0026572853
148417183.9628238976 0.0026572888
156198670.4094724655 0.0026572901
156198607.1731339395 0.0026572901
148417248.6857779324 0.0026572964
156198654.2023244500 0.0026572900
148417329.3783868551 0.0026572920
148417205.7038855553 0.0026572892
156198585.5411110520 0.0026572946
148417184.6102596819 0.0026572905
148417451.5250392258 0.0026572891
148417190.5762837529 0.0026572857
148417270.9044057727 0.0026572867
156198644.4701452255 0.0026572904
156198628.7508676052 0.0026572956
156198658.6746838987 0.0026572904
148417221.1441884041 0.0026572729
148417199.5465795994 0.0026572868
148417329.7084323168 0.0026572946
148417189.2158769369 0.0026572915
156198617.9160787463 0.0026572786
148417218.4148072004 0.0026572875
156198593.7092595994 0.0026572804
156198645.7327022254 0.0026572927
148417217.1117033958 0.0026572804
156198632.5468055308 0.0026572848
148417319.9651169181 0.0026572860
156198648.8951922655 0.0026572882
156198552.1788137853 0.0026572903
156198652.1313539445 0.0026572901
148417264.2292083502 0.0026572889
148417194.8900516927 0.0026572896
148417324.3572067618 0.0026573046
148417196.3647541106 0.0026572887
156198658.9156143963 0.0026572861
148417187.5920829475 0.0026572919
148417269.0793743432 0.0026572879
148417176.9145166874 0.0026572897
148417249.3050064445 0.0026572869
148417195.2684398592 0.0026572880
148417418.8562009931 0.0026572952
148417192.3232054412 0.0026572894
148417262.4204838574 0.0026572859
148417219.6675326824 0.0026572878
156198648.1502114832 0.0026572903
148417233.2701625824 0.0026572904
156198659.5081328452 0.0026572875
148417229.1365647018 0.0026572922
148417193.5711214840 0.0026572897
156198618.9754312634 0.0026572984
148417188.1170198917 0.0026572901
148417192.2682213783 0.0026572904
148417191.1201978922 0.0026572898
156198636.1257926524 0.0026572901
148417181.6240311563 0.0026572892
148417207.6150742471 0.0026572864
93439017.0000000000 0.0026572864 1 0 0 0 0 0 0 0 0 0 0 0 0 0 0 