569188173.1102042198 0.0000009890
547406483.3601360321 0.0000003415
553348615.5244189501 0.0000000584
548245048.9639161825 0.0000000015
521548157.9705932140 0.0000000969
582105896.9330239296 0.0000000101
597830652.1386631727 0.0000001960
514200627.5001818538 0.0000000610
599217483.8220336437 0.0000000166
579278533.9359598160 0.0000000097
572461067.9750756025 0.0000001538
496755828.5393375158 0.0000000728
576627815.8666875362 0.0000000048
501505632.4290482402 0.0000000782
499915229.1532296538 0.0000001468
515867297.2280942798 0.0000322614
530333090.4428416491 0.0000000118
441625786.1543625593 0.0000002130
439693300.2052953839 0.0000002753
432438609.0122221708 0.0000005200
418607270.7705764174 0.0000000005
400699650.2078194618 0.0000000027
388546236.8151035309 0.0000002448
352430636.7158172727 0.0000004756
344551943.5434623957 0.0000011272
439703029.1235414743 0.0000006860
406360777.1508285403 0.0000003661
416952621.7683390975 0.0000008261
342380009.1110725999 0.0000001746
353838225.4280540347 0.0000000222
363178028.7783100605 0.0000773578
316716091.3500587344 0.0000384365
363592002.6883922219 0.0000380264
319967788.0556408763 0.0000376894
343100608.4357047677 0.0000022911
316603656.7101213336 0.0000391037
332046979.0252829194 0.0000362861
315447910.7316767573 0.0000819208
341779310.5513020158 0.0002257580
323501394.8066229820 0.0000757079
378722033.7953093052 0.0000907349
315759432.5742035508 0.0000848668
388269780.6678496003 0.0000796439
322837537.7323311567 0.0003073123
367464821.5574870110 0.0000000041
315993047.9282018542 0.0000823544
316547721.1812824011 0.0000439457
317378264.5789379478 0.0000811025
330201101.4299407601 0.0000684597
314557621.6445271969 0.0000818967
321280103.2845056653 0.0000639521
314314896.9260928631 0.0000135359
318830225.6478933096 0.0000016256
309856428.3455786705 0.0000140617
288685460.2212460637 0.0000174713
290430574.6275908947 0.0000174696
339006635.8671256304 0.0000005745
321243361.9026071429 0.0000116891
320512778.6274600625 0.0000042098
290203507.5129232407 0.0000021062
302886375.2503605485 0.0001480475
290782463.0004137754 0.0000100489
331346701.3424758315 0.0000291654
284603696.2824127078 0.0000171988
325547647.4871123433 0.0000173090
283771266.7256094217 0.0000426019
325592568.7364534736 0.0000003626
289376874.2441794276 0.0000238863
312769771.4046000242 0.0000000098
286239416.4779668450 0.0000423512
297553983.5704488754 0.0002008534
283082968.5036706328 0.0000575847
331310579.3539786935 0.0000237985
283876667.3224745989 0.0000307235
330479931.8731504083 0.0000005684
282837078.6352860928 0.0000401159
291711230.5993773341 0.0000252417
278189500.0680969954 0.0000723135
282560469.8087416887 0.0000081492
275013509.2752363086 0.0000995011
305426354.9067783952 0.0000063480
279316237.8907290101 0.0003421426
314518779.4568068981 0.0002085030
278855547.2844651937 0.0000303994
294870747.2342776060 0.0000469593
277494763.9875969291 0.0001017169
278062658.5390201807 0.0003070237
285255965.5104234219 0.0002478223
319298707.1594028473 0.0000628856
286550827.3472536206 0.0000666183
292552990.7244771719 0.0000037242
286716536.1636375189 0.0000510631
312735677.2618831992 0.0005693308
268538629.9613263011 0.0001430046
298865028.4232075810 0.0000000325
266084019.9788966477 0.0001189732
291825928.1134628057 0.0000260908
281102483.1221752763 0.0006076394
290548180.6477021575 0.0006541664
261713808.7473247051 0.0000193846
287163122.7719733715 0.0014328112
257794843.1364336610 0.0000025086
301779930.9858824611 0.0000017287
262370157.6761782765 0.0000006260
302694452.6873887777 0.0000034568
269135883.8578265905 0.0000107737
296883551.4655368328 0.0000044277
265077836.4267172813 0.0000040989
309626777.1821630001 0.0000004973
246277118.9594462514 0.0000012889
243761523.7995578051 0.0000089949
236409686.0632970333 0.0000093141
237706308.2628989518 0.0009065073
236526312.0088253617 0.0000227466
248533647.7520602643 0.0019471479
228288857.7806253135 0.0000001219
281102852.9841535687 0.0000422149
238864846.2137011886 0.0000049664
239918738.9562954307 0.0000001439
228775152.8070884645 0.0000002438
267620595.4353938401 0.0000280886
235624204.6504651606 0.0000021903
289401427.2675120234 0.0000000912
241354068.6869638860 0.0000064878
270425888.1960799694 0.0000184949
239386124.9298559427 0.0000013803
263100028.7007220984 0.0000816756
228498823.3444331288 0.0000033656
276930079.9946489930 0.0001469354
231802533.5174468756 0.0000124696
304977233.1931888461 0.0000007482
229548227.9982844889 0.0000001882
239631389.3647606969 0.0000180783
238968514.5224286318 0.0000014708
249347919.9368799329 0.0000118592
233168314.4871530235 0.0000002620
257101184.5773057640 0.0000000036
234626971.6828132868 0.0000008935
234692666.3888356388 0.0001054732
242595224.2780407667 0.0000061955
265654936.3609637916 0.0000357480
228101914.2595283091 0.0000002768
248236148.4241029024 0.0000393943
222340572.9282538295 0.0000000897
252342909.8898472488 0.0000000497
226661130.9137891829 0.0000000440
254066347.4356036484 0.0001595932
228057653.9328319728 0.0000000943
275662559.5303349495 0.0001886631
225631894.5277577639 0.0000018675
226490182.4879175425 0.0000042299
231049091.6721657813 0.0000000548
227086561.6831925511 0.0000001483
225011462.8388306499 0.0000074356
241887481.0036748648 0.0000001234
225344063.9668842256 0.0000000830
226648137.0799336135 0.0001833332
226021376.4433292747 0.0000006689
235499031.9686392546 0.0000009170
225606384.7699612677 0.0000001444
249475679.7853023112 0.0000092409
222352540.6312452853 0.0000004933
254827746.9301326871 0.0002278729
222481947.1690676808 0.0000000837
235158599.8271489441 0.0005192043
222388638.3006605804 0.0000000017
265487795.6096198857 0.0001213559
232394708.0060200393 0.0000064747
259541642.5328015387 0.0000314595
225902829.3163248301 0.0000000045
273384008.4909213781 0.0000000040
225128725.6176223755 0.0000000002
253307069.2993675768 0.0001948354
226197539.0552725494 0.0000276009
255949896.3029586673 0.0001414284
219687757.5337153971 0.0000025045
254855660.9636792541 0.0000001016
236652157.0909499824 0.0000001043
256576809.9890462756 0.0000012520
222349558.7416539490 0.0000017286
232291938.8680092096 0.0001558475
224742685.6590566933 0.0000068092
262486337.4237089753 0.0000012998
217490022.6056602597 0.0000069865
206518299.9706005156 0.0000000165
208959322.2814475894 0.0000004206
256540785.8109357059 0.0000000854
205405647.9339917600 0.0000007778
259598699.4843298495 0.0000335574
204669845.2967715561 0.0000000003
262120849.5346581936 0.0000118870
211114903.5420571268 0.0000013968
237731435.9436769187 0.0000934191
208013262.2821815908 0.0000011642
233198520.7127765119 0.0000309611
204053909.4723769426 0.0000000354
208038561.0838053524 0.0002673860
213082978.2560726404 0.0000042951
253059376.2595782876 0.0000186569
204277080.3686712384 0.0000000813
240106720.5014823973 0.0009221902
206507709.5178167522 0.0000000001
224031431.8602141738 0.0000452595
198933163.7598828673 0.0000250792
218013797.7781733572 0.0000099790
202134097.4551008344 0.0000112513
198459733.8886639178 0.0000114942
206893343.2011618018 0.0000100849
228985355.5268213749 0.0000219009
208640217.1846621931 0.0000002511
225267416.7894659936 0.0000199927
209019354.3381356597 0.0000000229
231656010.4295814931 0.0000418629
209212423.7911103666 0.0000181256
192944094.6279379725 0.0000836865
190032111.7422923446 0.0000293293
248192959.2865813971 0.0012497104
190967170.8192878664 0.0000102547
224470291.2478021085 0.0005807689
198091684.5283563435 0.0002561943
219241785.8101060390 0.0049429177
198310376.0568934679 0.0000143274
273831724.3836609721 0.0028177184
186572381.2392964661 0.0000016823
219800977.8338202536 0.0026072532
185057636.2881321013 0.0000183144
227541626.4558191895 0.0000073641
187346704.7839379311 0.0000001588
232552540.0464360118 0.0000000099
178150075.6349805892 0.0014917420
236233789.8543764353 0.0020354905
184346571.4166636765 0.0020849220
226003947.4998390973 0.0077479119
173638415.5368365347 0.0016406024
209933101.2811872363 0.0043299819
169580210.2014511228 0.0007317493
225080026.9363314211 0.0000333933
169192560.9783291519 0.0005757867
251803582.5479311049 0.0006550760
172889516.0089895129 0.0007520160
189822961.9431979656 0.0002428092
174817132.4116328955 0.0009471621
236608381.6481425762 0.0000048091
168793779.0794114172 0.0009411917
202439053.7106938064 0.0000002621
161267479.9625847042 0.0020783103
206299958.3105773926 0.0209277696
161311852.7053579390 0.0020328115
152734621.6427882016 0.0022466617
154957326.3408223391 0.0040442968
162076794.2562774420 0.0004343140
155986723.2027713656 0.0023288292
161209863.7591160834 0.0023755402
151623577.6245485544 0.0005444442
175012267.9165728092 0.0007156507
155382649.7017290592 0.0022994795
181498188.9078242183 0.0000194968
153951908.9287075996 0.0012553027
177315377.6597690582 0.0001433486
151562020.3267865479 0.0001132703
186555110.0702385604 0.0001069393
152031579.6412697434 0.0000023561
216897259.9268155396 0.0001475070
152834723.4336249828 0.0001101200
182497580.3481411040 0.0002602762
160531619.7192600369 0.0027516739
193084575.3951016665 0.0000451087
151314813.9017013907 0.0004180338
199886815.8570611775 0.0228129699
151717130.8987203240 0.0012720324
187591677.1075462103 0.0582377649
154812260.0442394614 0.0000154975
190020844.4508076906 0.0000001789
156466714.8043003082 0.0003066461
197911254.2831586003 0.0001092681
155438771.6423615515 0.0006905422
151900732.5243783891 0.0005207770
152297043.8485454321 0.0000873766
194969657.0710405707 0.0095353223
148723441.1409795880 0.0001038434
172284119.2569262087 0.0000436951
149035341.2979061007 0.0001875286
185486178.6891121864 0.0004264836
151461936.9779585600 0.0000999131
156479543.9421510994 0.0003171448
151239920.7042433918 0.0001766149
173334882.1600348651 0.0000035450
149101470.3470210731 0.0001481293
166448577.4441126287 0.0017110527
152220585.5174590349 0.0009451232
175815188.8979761899 0.0000491972
148969279.0890277028 0.0003359022
170904030.3059964180 0.0017630440
148764679.0384804904 0.0000648334
154688439.8339858055 0.0011539852
149105718.4213699698 0.0003227212
175580600.6292702556 0.0004210361
149672321.3389118016 0.0000350808
164163095.3348740637 0.0051452743
153846590.6712309718 0.0000053136
212678688.9284691215 0.0001190037
154028617.4106961787 0.0000003791
164188461.5872233808 0.0000121048
151324801.0365699530 0.0000438776
177610963.3839289546 0.0074932178
154818958.3100536168 0.0000368098
188173700.5093863010 0.0001914393
150032242.3108362257 0.0005646744
188476522.9784958959 0.0000660868
149562217.4448454678 0.0000282585
162788112.5815827549 0.0000085550
150256025.1325909495 0.0003178212
154091230.8602696955 0.0000055774
147426419.2561250031 0.0002266461
165250145.0461005569 0.0000031711
148055540.5179788768 0.0017959145
192461412.9148228467 0.0026571001
162373736.1332917511 0.0000327286
148026659.2014437914 0.0000054222
149052711.0551376045 0.0001840345
179345676.3881482184 0.0000001090
146613032.2125964761 0.0002225741
181952102.0013492703 0.0018849568
149153459.9016389549 0.0015245005
187676965.0032525361 0.0000000603
155357546.7718258798 0.0005104664
149463343.0196645856 0.0003652870
150387853.4425787926 0.0003756015
150050632.5274162591 0.0000737204
149761806.8751774430 0.0105310931
146506571.9147036970 0.0002931413
153048924.2596141696 0.0000051264
147386046.7865978181 0.0000221240
154915427.1057812870 0.0000107643
150519368.3461596668 0.0003411302
151251969.2519586086 0.0016240444
148079856.3199959695 0.0002777741
144872500.1170667112 0.0000569201
145322084.9428334832 0.0000261986
154324895.6108655930 0.0000107531
144998488.9783010185 0.0000385842
155135922.6724388897 0.0002768977
146084146.9365034103 0.0000895944
147633131.3744953573 0.0000196378
144749744.1665548682 0.0000770282
149067802.0711122453 0.0003439660
146036446.6442491114 0.0000268676
143378102.3336533010 0.0000751413
143976514.8755326867 0.0001027876
149065006.5336607099 0.0000146204
140539454.3867450655 0.0000428466
139337694.9353016317 0.0001961148
139683666.4032275677 0.0001693168
151240202.6759911776 0.0002076649
139097270.0130122602 0.0000551255
140373979.3034107089 0.0009980741
138551794.9353405237 0.0000575530
142708907.0247584879 0.0011138754
140396350.5269624889 0.0000000669
149660526.8979606032 0.0058379946
138658765.0899990797 0.0000959852
153304547.3820847869 0.0019765197
141425824.5969089866 0.0000746911
143991903.7879278660 0.0013387066
139417209.9022740126 0.0000109594
138747968.3331516087 0.0007706317
139737799.4737940729 0.0001028929
145621900.4846962690 0.0000077688
142844006.7548138201 0.0005607599
141689143.8587131798 0.0000527939
140734541.0573332310 0.0000022457
143523835.5475897789 0.0000025978
140089511.1404588223 0.0000044499
143138263.4001990259 0.0000136025
140288314.2149975300 0.0000376941
144103471.8544994295 0.0000262931
142022919.5244587958 0.0000609486
145762313.9206667244 0.0002515682
141174670.9989251196 0.0000557122
151255652.3033968508 0.0003739726
140747799.0648589730 0.0000664308
137965691.8090606332 0.0000052241
140641800.5214391351 0.0000181615
141320246.2184775472 0.0004524487
141643128.1956490278 0.0000016216
138525164.3175108731 0.0000241329
138874173.6579464972 0.0000545796
147281405.7332888544 0.0000545876
137895354.3908126354 0.0000534524
153420793.1063895822 0.0003385379
138319342.8737523258 0.0000313984
145852273.5757434964 0.0001462511
137256831.2440004349 0.0000610451
139787023.2958597839 0.0000814249
137633263.4017904103 0.0000344776
137794829.2908487320 0.0022800296
140266274.1185454428 0.0001449001
142325537.9108482897 0.0000037482
139498988.3208552897 0.0001689876
146287522.9157648683 0.0004212218
139133420.0374309123 0.0000152919
146467871.8955157995 0.0008053807
139753908.9229415655 0.0000003046
146657702.1923443377 0.0057199614
141071837.4232124984 0.0000033008
136071179.4088647366 0.0000036799
135784109.1047455370 0.0000023641
150784517.0118080378 0.0014869764
137554000.0013237596 0.0000006328
139432651.8695742190 0.0019388177
136720194.4048513770 0.0000083614
138940481.4488184452 0.0017299673
135818626.9312090278 0.0000009985
135517073.1821214855 0.0012447019
137943591.4118948281 0.0006738433
140207428.2639964521 0.0000049244
133300471.5821162462 0.0007777234
133799179.0864310414 0.0003007456
135066527.4317822754 0.0001910300
135634658.6735752225 0.0018521753
134323598.8653245270 0.0007792305
140906389.0013712943 0.0003457033
133442590.9560928047 0.0006288911
134983605.4940475821 0.0005703824
135956890.4040427804 0.0020895685
147955073.8007382154 0.0000280162
133980561.9414715916 0.0004025423
143728876.6599237323 0.0014065015
138593709.1350621581 0.0006752680
136773645.8581963480 0.0000087570
132229305.0283882022 0.0007299045
135580206.9582144618 0.0027182930
132944766.3963766992 0.0009177174
138020349.3166800439 0.0061402327
132642085.5623997152 0.0004790028
138292970.8109410703 0.0060167573
137619561.4336107075 0.0007612121
138526124.2780194879 0.0003598615
131366635.1482872367 0.0004541988
134120760.7909516096 0.0004174685
132014905.5626298189 0.0010282942
132984114.7576290816 0.0006919384
129856976.4736504704 0.0000796920
135818421.0028559864 0.0002444479
132236835.0383788198 0.0000852697
135299080.8945537210 0.0000008236
132702000.4466039389 0.0004812767
135642044.8467703462 0.0005760636
134359831.5713723898 0.0000144087
141532159.1770019233 0.0000657584
129779344.1377382278 0.0000048100
139078068.7271149755 0.0000069349
128585495.7120128274 0.0001565898
131038516.2011578828 0.0031062849
129987188.9699388444 0.0000871799
136806029.8213482201 0.0006193744
131822234.0655122697 0.0000382364
132097105.0698075294 0.0032042014
130550962.1424771547 0.0008344600
143917774.0302326977 0.0005184912
130137338.9926318377 0.0001366063
141017533.6078946590 0.0003550358
131882093.0565419644 0.0001691347
139023893.6610610783 0.0000392856
132135102.0976586342 0.0004721330
129838464.8398225307 0.0004605870
130198391.9646679461 0.0002495617
140447643.8038865924 0.0000389936
129598052.8479680717 0.0000488713
141417096.2426880002 0.0001725960
132899272.5548883379 0.0002904129
139779695.0709547698 0.0000524008
127975655.7955751717 0.0000047027
133149958.5855712444 0.0003470752
131056864.2278853655 0.0000096001
129415483.3320342600 0.0000132864
127225860.1882186830 0.0000978125
131521624.4510577768 0.0000000101
129852748.8430229425 0.0001117344
132530448.0324417055 0.0032863807
127341745.4758711159 0.0001286910
130321017.9474119246 0.0008602386
127264370.1489583701 0.0004354228
129656033.3162991554 0.0000347014
127873779.4449511021 0.0000031016
136745539.3930804729 0.0004884766
132434072.1267119199 0.0004226930
133221357.9138176590 0.0000521863
127761500.7214836627 0.0002933761
140947740.2759436965 0.0000247113
128576780.8467233479 0.0000011675
134397865.0417247713 0.0001447420
127345031.6782777011 0.0004536810
136694625.1306764483 0.0000036682
127056302.0547443479 0.0000640097
128053895.6712463647 0.0002147280
128012208.8393829614 0.0005096087
126751601.9160635173 0.0002386088
129709755.8846648037 0.0001919278
128197439.9224189222 0.0000258140
129537468.6316906810 0.0003070272
128669372.8117619902 0.0000482948
129880598.1285249889 0.0001385581
130208388.9786535800 0.0024439038
130914271.1831291467 0.0003774092
127599719.0971936435 0.0000365664
128392288.5068534315 0.0002039692
142692346.5131726861 0.0003725336
127957518.9538050592 0.0001486228
147680321.2803073227 0.0003112476
130113724.7018412948 0.0001480300
123821559.1217834502 0.0049547472
126798321.8951982856 0.0045817448
126258951.4378021061 0.0020421627
125478426.1708383262 0.0034565914
131666284.2477884591 0.0117342823
125058877.9279064834 0.0064767127
122553350.1874377728 0.0059806854
122855082.4901607633 0.0042124002
127737898.2769547403 0.0056710862
125413493.5856814831 0.0063178316
122622527.8536133766 0.0027350895
124369612.0623287857 0.0039431657
135920030.0958079994 0.0199328590
124625359.4805991501 0.0076794620
127538121.9179742783 0.0012618391
122383301.1338375807 0.0048040345
127733933.3045308292 0.0010196820
121544207.8870837837 0.0054058249
125369067.0051018298 0.0023819273
121475884.0160338432 0.0048383468
129108250.0294651538 0.0012046546
123132588.6986079067 0.0041212156
123066894.3058551103 0.0049160357
121796735.6820857078 0.0064190939
132846542.4397414774 0.0053654379
124905711.8609410375 0.0039047650
125916001.3498270512 0.0003867448
125131428.1901953071 0.0042884058
124750981.5270374715 0.0034234499
123953931.8049118966 0.0031419894
123472065.0284621418 0.0002538998
124091320.8825753033 0.0036248925
125457151.2045417577 0.0045551469
124006616.7948769182 0.0035056831
133065569.3987027556 0.0121951381
124023222.6379397064 0.0058342454
127268996.6540007144 0.0021810700
125028817.4414185137 0.0055151266
133333480.2163067460 0.0016073757
123088092.4274841696 0.0040062136
133344732.3402645588 0.0100772730
120008755.5954781771 0.0056839074
122091345.4110228121 0.0040858828
122727553.4627382308 0.0078017876
123764348.4899154156 0.0037200181
119784889.6355494410 0.0075630506
119053913.5251813978 0.0041643932
119651073.5388315469 0.0044063019
129005941.7085999399 0.0109057503
119946083.5515250713 0.0042618415
123913034.0458510220 0.0002574794
118846642.3947124034 0.0046447576
124237072.1353838146 0.0046906699
119409104.6198603511 0.0052387180
125722739.5146103948 0.0073947100
119104979.1986638904 0.0034766123
130126426.6337635666 0.0007443947
119735364.7463970631 0.0040138174
128053242.6869189739 0.0084046634
120081780.4130286574 0.0042747357
121451679.4689170718 0.0001954307
119538618.5556873530 0.0051333688
122101309.5022292137 0.0047918216
119921942.8462224901 0.0043693848
119615801.9116150588 0.0113230560
122193867.6897421330 0.0044511345
122893431.7202556133 0.0001069494
118270133.1559909433 0.0036506573
118879543.8343353719 0.0004421278
119329375.9196218401 0.0030867410
123489227.4764317572 0.0002751336
118253070.5121931732 0.0043574539
124936046.5329895467 0.0073472172
118278738.2577308267 0.0035024238
129560896.1655480266 0.0034104904
119497257.3744896650 0.0041652451
127428561.9245770425 0.0011238450
119301288.4697315991 0.0069532901
127310210.2760574371 0.0082037193
119518579.5928971916 0.0036900428
119488903.6905237883 0.0020804155
119582106.0492146462 0.0061541824
122496352.8895192891 0.0022160930
121040072.4537806213 0.0062092575
127245885.2399884015 0.0009956609
120202857.1030327231 0.0046723423
127445050.7739806026 0.0076192889
122593555.8757480979 0.0036939647
126456446.7926863432 0.0014537448
118111744.4087268412 0.0035789840
121178672.8230494112 0.0071847457
122598978.2233961374 0.0032817206
125196978.7253546566 0.0008855288
119287299.3516245633 0.0031872133
125651399.9263398647 0.0028228751
118716282.4686014056 0.0053652980
124021919.3920198530 0.0036086566
118870962.9601154923 0.0036021293
126567391.7604767680 0.0019224464
119489227.6558061093 0.0056022239
117724060.7748560905 0.0004118410
117489470.6476083398 0.0002452660
124989026.1641450673 0.0004812795
116987769.6162975580 0.0002867571
126333873.8149196357 0.0000010183
117665180.7105129361 0.0001650794
116088478.6805222481 0.0000903387
115756411.2809303254 0.0001245941
115581768.6941140890 0.0001324848
115818134.8002575189 0.0000802389
124064710.7627682388 0.0009847876
119787154.0133110583 0.0001734927
120669775.5764886141 0.0013947164
115411333.6982690394 0.0001223645
127824647.5225663781 0.0000016759
116215803.4483586550 0.0000707986
127693275.4443116635 0.0000951942
117784619.2401558757 0.0000026174
122765908.5655805469 0.0000020127
115447008.4391348809 0.0001462516
116083148.4058305323 0.0014912915
116051204.8833529353 0.0002264855
123711990.9022648036 0.0000000394
118653548.7906908542 0.0001697867
115475359.5183600038 0.0000000025
116159042.4260204136 0.0000490581
131904833.0084655434 0.0004674331
115716313.6122873873 0.0001565345
117452993.5262720436 0.0000558630
120694666.0705148727 0.0001011899
129169241.1938055605 0.0000933480
118880010.3096220940 0.0002468473
126111551.2701485604 0.0004275273
116458083.1503382623 0.0000556847
118262896.2128189802 0.0000003487
118647725.8372018039 0.0000563111
123308032.5469679534 0.0000118392
118416123.4080848396 0.0000960496
123068515.7449949980 0.0000321420
116482932.8175673634 0.0001270593
128315066.5392151624 0.0000677229
115913086.1229716390 0.0001250161
129439985.6515562981 0.0000005231
116240832.2796407938 0.0001694111
118436661.1499668956 0.0005514275
117828522.8467849344 0.0000293583
127450276.4583328366 0.0002157735
115381012.4429065287 0.0000272117
114674478.5360183269 0.0000003490
118038101.8520210981 0.0000004122
116115761.3140232116 0.0000016307
120682170.1612984836 0.0000001287
125814034.4585908651 0.0000385909
114809608.1737646013 0.0000037869
127532584.8603489697 0.0003969632
115146730.8105133772 0.0000001194
123098502.7045602202 0.0001526123
115204207.9553120136 0.0000001341
115925798.3464889228 0.0000159922
121694591.5181876868 0.0000014552
121806577.2332222015 0.0000101541
122168903.4436924607 0.0000018313
126852790.2297336310 0.0000307679
115069308.8103301972 0.0000041392
120327402.2250916958 0.0000060797
121509965.5793643892 0.0000000083
118487564.0266604275 0.0000496968
122067886.2823633850 0.0000050702
117124551.1429129988 0.0000041863
115771459.7603179216 0.0000000063
117576476.3406061232 0.0000362084
119643481.6037471741 0.0000037366
126409901.6754140556 0.0000040096
121698742.9017885476 0.0000134686
115007047.8048207760 0.0000428742
122190431.0315426141 0.0000003086
118491220.1626097560 0.0000729752
114963588.5811332762 0.0000008166
123056781.4555072784 0.0000019388
122692601.0229633600 0.0000007942
117587038.4304443598 0.0003008872
117725864.5388080031 0.0000028282
118598592.1338791549 0.0000065573
115001769.5517257303 0.0000000296
118294536.6246819496 0.0004214421
122760454.8478393555 0.0000015322
124396448.8574142158 0.0000009613
116148389.7138839811 0.0000005514
123042324.1283503920 0.0000000053
114997665.6754338592 0.0000008084
118303257.3889723718 0.0000042982
115117850.7418633103 0.0000000436
123482447.2584622204 0.0000006875
118939716.4466105103 0.0000001619
114775117.2895883769 0.0000001398
114966840.8000609279 0.0000000276
116669370.4635479152 0.0000088673
115699283.1342804432 0.0000013106
128948650.9623668194 0.0000280575
119998988.8039016277 0.0000000179
117361365.0424337238 0.0000001390
118547764.5419768393 0.0000000132
115228324.8759682626 0.0000004296
119111118.7958164066 0.0000028615
123164209.4920596182 0.0000004444
118637524.8670721948 0.0000008023
114934050.8004511446 0.0000005066
127892417.1049538255 0.0000002288
114776773.6693921834 0.0000004396
114977449.0222451240 0.0000002753
114827325.9770376235 0.0000000335
114854337.7255954444 0.0000005994
115154964.5616791993 0.0000002422
114747447.1853321791 0.0000000945
115393307.6078999341 0.0000000001
115284338.9236302078 0.0000007616
115499555.1037654281 0.0000001334
114842389.3837805539 0.0000007995
115492292.6936961263 0.0000044220
114852344.7089360952 0.0000000987
120923980.2636889368 0.0000000227
114768652.8658408374 0.0000000163
114731550.4398081750 0.0000000000
114771119.5317534804 0.0000008080
115528131.1999190599 0.0000010366
115000772.3525905609 0.0000001389
114848812.9173704684 0.0000008999
114642165.6914257854 0.0000005066
115097879.5493608564 0.0000069916
114726920.8283623457 0.0000000642
117032948.2977872491 0.0000000813
114714575.1014340669 0.0000003849
114474487.7954179049 0.0000000680
114621484.1273592263 0.0000000941
117075092.0549271852 0.0000000089
115274617.8646674007 0.0000000169
123046871.1078661978 0.0000033145
114691845.2664716393 0.0000001588
115079538.4675626159 0.0000000493
114726440.5210433453 0.0000000242
121022146.9195156991 0.0000008652
115323043.9529382437 0.0000000090
115054594.8927862942 0.0000008303
115383230.3104209155 0.0000000202
114861381.6021739244 0.0000028402
115283701.6552926600 0.0000003778
117377075.9689370990 0.0000002487
115281394.5779733807 0.0000001855
114745512.3031366915 0.0000002610
114846506.3994654119 0.0000000061
114611545.5012592524 0.0000001900
115062900.3017316908 0.0000003879
114974177.8981327415 0.0000009890
115003980.3874195516 0.0000000443
121891337.1369471997 0.0000011392
114571953.3938739896 0.0000000724
123992009.0577360243 0.0000013879
114790749.0001078099 0.0000001897
115176359.4995837361 0.0000000011
114899940.8729896247 0.0000000056
120130472.1248379499 0.0000000008
115104233.7691285610 0.0000002579
114736447.9319195449 0.0000002098
114783916.8278494626 0.0000000011
114695415.8767281771 0.0000000179
115876524.6846139729 0.0000001416
115233518.5691672117 0.0000000555
114634475.5923667550 0.0000001604
115822843.5036323369 0.0000004729
114891669.6096111834 0.0000000084
122331174.5742544979 0.0000003222
115526055.2362231463 0.0000000017
120914270.2975056171 0.0000002197
115989580.5346162915 0.0000000075
119238528.0083570182 0.0000000117
115337435.5751764178 0.0000000450
121369236.4731039852 0.0000009861
115141804.1109753251 0.0000004049
121355139.3279329985 0.0000010059
115402755.3362003267 0.0000000997
121068018.6055470109 0.0000011067
114618752.3913280368 0.0000000500
121092487.3713299483 0.0000011017
115163006.2944508940 0.0000000321
121289529.4214776754 0.0000010348
115330532.2352357209 0.0000000746
120972934.7042985708 0.0000011109
115154653.5428547859 0.0000000922
121531742.3423399627 0.0000009198
114670786.1624623835 0.0000000100
115398264.3484809697 0.0000015293
114544548.6189414710 0.0000000405
122308972.0567196161 0.0000001325
114767979.0049548000 0.0000000013
114747471.4877014756 0.0000036022
115162593.5197703093 0.0000003555
121873335.7086692601 0.0000000727
115029754.6173097193 0.0000002389
121783723.5832263231 0.0000000016
123402151.0935402066 0.0000000317
114544013.2403180301 0.0000000688
116951501.1172147542 0.0000000964
115439251.7996406704 0.0000000000
114722579.1368695796 0.0000000629
114479638.7917516083 0.0000000184
114647506.8255927414 0.0000007821
115333324.9450163990 0.0000001325
114794690.0429810584 0.0000000004
114538985.0355478525 0.0000000619
122917873.3901690394 0.0000000143
114720467.9867459685 0.0000000951
116470478.4091368169 0.0000001834
115303009.2046512961 0.0000001769
114585782.1352704763 0.0000028698
114573146.7234393060 0.0000000603
123560721.9863260388 0.0000000463
114435223.0533626080 0.0000000723
115757227.7852240354 0.0000000759
114485789.0376210660 0.0000000860
114691098.7600275278 0.0000006943
115213840.8509091884 0.0000000062
114972399.1380980462 0.0000000527
114827188.0908797383 0.0000000289
114733567.4808743745 0.0000006061
114827485.3797077388 0.0000001315
115639548.8101208806 0.0000005504
114690164.4275034070 0.0000000273
115970760.0972103626 0.0000000822
114992627.9178698659 0.0000000072
123180094.4606047422 0.0000007482
114508373.8835775107 0.0000001124
122125778.6674930602 0.0000000422
114630427.4466206580 0.0000000412
114532498.6345904171 0.0000001241
115096519.1731504500 0.0000000060
114970834.6934388578 0.0000006753
115270193.9584200680 0.0000000050
114816260.6709487885 0.0000012865
114432472.8369223028 0.0000000023
115257757.3585080504 0.0000000029
114768526.0654724836 0.0000000071
114441354.0393341333 0.0000000179
115302130.9631926715 0.0000000714
114444121.7462456971 0.0000000049
115412195.3857432157 0.0000000117
115044627.6161572635 0.0000000060
114886243.3171866983 0.0000000437
115302749.8085354567 0.0000000002
115351787.1464372873 0.0000000004
115395238.9007319212 0.0000000033
115310650.5476301610 0.0000001023
114602373.0712679029 0.0000000092
114837324.2345967442 0.0000000611
114647199.3692289889 0.0000000063
114854406.5715838820 0.0000000000
115109434.7514072955 0.0000000005
115039792.0396165103 0.0000000537
114778714.6831350923 0.0000000001
114689053.0282897204 0.0000000292
114437424.6073698252 0.0000000028
114593611.6254230589 0.0000000401
114459346.1073703319 0.0000000155
114951160.3102332205 0.0000000082
114425884.3304477036 0.0000000034
114642761.6041383892 0.0000000924
115091895.0342479795 0.0000000068
114626281.7784515470 0.0000002131
115366985.9679222256 0.0000000026
114577270.6963734329 0.0000002380
114674830.2228605747 0.0000000062
114825181.4806517065 0.0000000318
114680137.4320349097 0.0000000157
114943172.6658995301 0.0000000473
115010773.7459567785 0.0000000032
114918762.7760937363 0.0000000656
115069732.8771307915 0.0000000026
114650449.5803260952 0.0000000146
114544115.3718548119 0.0000000037
114836746.3954095244 0.0000000036
115123633.9026816934 0.0000000028
114699693.7853391469 0.0000000140
114592626.8007291555 0.0000000059
115093084.5078073889 0.0000000011
114555597.7454996407 0.0000000055
114657381.5086735785 0.0000000766
114633121.2016971409 0.0000000126
115207240.0447189808 0.0000001353
114659702.6789789200 0.0000000064
115045581.3624821007 0.0000000013
115021249.4595478624 0.0000000052
114887579.3314713389 0.0000000011
115252162.9464207292 0.0000000189
114521959.4929401875 0.0000000072
115189588.6260537058 0.0000000077
115298348.3991796970 0.0000000041
114752924.3472084850 0.0000000018
115302745.8098063767 0.0000000223
114485846.3860027939 0.0000000029
115206184.1841278970 0.0000000032
114456647.0043674856 0.0000000064
114479925.8638948798 0.0000000003
114590254.4658169299 0.0000000256
114489329.0367117673 0.0000000084
114672974.7494664192 0.0000000088
115211019.0122962594 0.0000000023
114608594.0206600875 0.0000000219
114591699.0600457937 0.0000000053
114505420.6999767423 0.0000000013
114528221.2908513993 0.0000000078
114931877.7392346710 0.0000000015
114489522.0466152877 0.0000000005
114914882.2779185921 0.0000000260
114449278.4641211480 0.0000000005
115230162.4980495870 0.0000000278
114535999.0549867153 0.0000000074
115015903.4083860219 0.0000000005
115289804.3846826702 0.0000000017
115041341.5328787267 0.0000000347
114502982.7602541596 0.0000000151
115119184.4529242367 0.0000000237
114459049.9454280585 0.0000000006
114523193.0382239521 0.0000000010
114430036.5880529135 0.0000000056
114879284.4048720598 0.0000000001
114429473.5307345539 0.0000000000
115153112.5675769001 0.0000000157
115349398.2531786263 0.0000000167
115137745.5368282646 0.0000000126
114505478.4277683049 0.0000000049
114464187.5485952795 0.0000000113
115313232.3813076764 0.0000000026
115315258.4687379748 0.0000000094
114433160.8325972110 0.0000000097
115245885.5543722361 0.0000000443
115311754.4477120638 0.0000000083
114493930.4862112403 0.0000000001
115348871.5570450276 0.0000000008
115174945.0077949166 0.0000000561
114424726.7741515189 0.0000000010
114971487.1326570511 0.0000000040
114962980.6111219972 0.0000000003
115349669.4322475791 0.0000000070
115320421.0250623673 0.0000000011
114487921.8210497797 0.0000000009
115328587.8502584696 0.0000000009
115278497.3869718909 0.0000000009
114449574.6927964836 0.0000000003
114522235.5424275845 0.0000000147
115320281.0273066461 0.0000000007
115198582.3357079327 0.0000000048
114465822.9943505973 0.0000000007
115356961.0056879371 0.0000000072
114467178.9372747242 0.0000000004
115174752.1073958129 0.0000000011
115341604.5208203793 0.0000000030
115300822.6702230871 0.0000000012
115313804.9021471143 0.0000000023
114526996.8701100647 0.0000000054
114423969.6306339949 0.0000000003
115339842.0639882684 0.0000000041
114449381.2494283319 0.0000000002
114749656.4474024773 0.0000000065
114465129.2874365449 0.0000000001
114693035.8381401151 0.0000000048
114439491.8111378551 0.0000000007
115261804.5949009806 0.0000000001
115315810.1425620168 0.0000000005
114481620.4873067141 0.0000000053
114531215.2093518078 0.0000000009
115362191.2110162973 0.0000000001
114488264.8347761035 0.0000000028
114452189.4416440278 0.0000000002
115172952.9769378453 0.0000000012
115339738.1555941105 0.0000000008
114510056.0426542163 0.0000000000
114457328.8829664141 0.0000000000
114493976.3062897027 0.0000000016
115354517.3946054578 0.0000000003
114471880.2127308398 0.0000000001
115345707.7844529599 0.0000000001
114481005.4762939811 0.0000000010
114453178.2036828399 0.0000000005
115323480.5976100564 0.0000000001
114438106.6200265139 0.0000000006
114464815.4603597224 0.0000000000
114429424.8262061626 0.0000000007
114456168.1622562259 0.0000000037
115361279.4139686078 0.0000000004
115307811.4876470566 0.0000000001
115354812.3313290626 0.0000000005
114458375.9360940605 0.0000000000
114445526.8361314386 0.0000000003
114426224.7429716140 0.0000000012
114479409.0624257922 0.0000000006
114493336.2277041376 0.0000000022
114425019.9801079482 0.0000000003
115345084.4930011034 0.0000000000
114448017.5755172223 0.0000000001
114468029.9173528403 0.0000000001
114423972.3200299740 0.0000000005
115306599.5815567821 0.0000000001
114479941.4679095745 0.0000000016
115357306.0848894715 0.0000000004
114434176.9849994183 0.0000000010
115361022.3513717949 0.0000000004
114448759.0779505372 0.0000000004
114424366.9402125925 0.0000000001
114435449.8969657272 0.0000000003
115355228.3630968779 0.0000000001
114425775.8315898329 0.0000000003
115349118.5036869198 0.0000000005
114429929.4959634095 0.0000000004
114430868.5061246306 0.0000000000
114437490.0234753191 0.0000000003
115354534.9769619852 0.0000000002
114424113.1302382797 0.0000000003
115360810.3186896145 0.0000000003
115349659.2150832713 0.0000000003
114447673.7879383862 0.0000000009
115356031.5929094702 0.0000000003
114423844.7967176735 0.0000000001
114423883.7063747346 0.0000000001
114444552.4607435316 0.0000000000
114429037.8659330010 0.0000000002
114455500.5753273368 0.0000000002
114427521.3853039145 0.0000000001
114441218.7943018377 0.0000000001
114430498.6678290218 0.0000000001
114435096.9636089504 0.0000000000
115351689.6173342615 0.0000000001
115350372.2117585838 0.0000000007
115357120.6066742241 0.0000000002
115357458.5832996815 0.0000000000
114422945.2125919163 0.0000000001
114468624.5941312164 0.0000000001
115350004.0570598692 0.0000000001
114473007.1277331412 0.0000000000
115346540.5633418113 0.0000000001
114437626.4076513648 0.0000000002
114426209.6554775685 0.0000000001
114425828.4437499344 0.0000000002
114434405.2621760964 0.0000000001
115343197.2059245110 0.0000000000
115358259.5028592348 0.0000000002
115347161.2117155790 0.0000000000
114427965.0909202546 0.0000000001
114441409.3086244911 0.0000000001
114424011.5731703639 0.0000000001
114445798.9539535791 0.0000000003
114423342.4609382898 0.0000000001
114424006.9769830704 0.0000000002
114425277.7774461955 0.0000000001
114424694.9279313684 0.0000000002
114425057.3252514452 0.0000000001
114424299.2051854283 0.0000000002
114423631.0021487921 0.0000000001
114423777.4338586777 0.0000000001
114423040.5033245683 0.0000000001
115357054.5022951066 0.0000000001
114431182.1461692005 0.0000000004
115357296.8199313432 0.0000000001
114423330.2531087846 0.0000000000
115357388.2350488752 0.0000000001
114435870.1759789735 0.0000000001
114423660.2209083438 0.0000000001
115349175.5432534516 0.0000000001
115357445.5559798628 0.0000000001
114435074.5762447268 0.0000000001
114423024.3303071856 0.0000000001
114423604.6388230026 0.0000000004
114422494.6471626461 0.0000000001
115355092.5435044169 0.0000000002
114424845.1281020641 0.0000000001
114435293.5843929499 0.0000000001
114423903.8098957539 0.0000000001
114425983.2878576368 0.0000000000
115354810.3378175944 0.0000000001
114433771.7640785128 0.0000000001
115356380.7544897050 0.0000000001
115351980.3051529080 0.0000000000
114428168.4310896993 0.0000000001
114423478.5875525922 0.0000000001
115355838.8014939129 0.0000000001
115354728.9299396574 0.0000000001
114429140.5269383937 0.0000000001
114422375.7666098177 0.0000000001
115358742.4870562702 0.0000000001
114423051.8485698700 0.0000000001
115357398.1054367721 0.0000000001
114424244.9842074215 0.0000000001
114435329.7462978810 0.0000000000
115358438.0998833776 0.0000000001
114428901.7008311898 0.0000000001
115358016.6856919527 0.0000000001
114428880.0395475924 0.0000000002
115358246.4086574763 0.0000000001
114426792.6436454654 0.0000000001
114422354.5589477718 0.0000000001
114425776.9726840556 0.0000000000
115357138.8910432309 0.0000000001
114435315.3452286720 0.0000000002
115357686.7917880565 0.0000000001
115355334.7750163972 0.0000000001
114423614.2685180306 0.0000000001
115354324.1050314903 0.0000000001
114423434.3212476224 0.0000000001
114422745.5529020876 0.0000000001
115355137.6017981172 0.0000000001
115359109.3855311871 0.0000000001
115358513.8556304425 0.0000000001
115359253.0084490925 0.0000000001
115358498.8773421198 0.0000000001
114422793.4382892102 0.0000000001
114426632.6394531578 0.0000000001
114422273.2709258050 0.0000000001
114422787.9421450347 0.0000000001
114422724.4891455472 0.0000000001
115356692.5479204506 0.0000000001
114422767.5579536259 0.0000000001
114425062.2215031981 0.0000000001
115358586.1087645441 0.0000000001
115358497.6790372431 0.0000000001
114423264.8622815162 0.0000000001
114426324.7899708897 0.0000000001
115358670.2656922489 0.0000000001
114422824.9994782805 0.0000000001
114422288.6607291400 0.0000000001
114426361.3342045695 0.0000000001
115358817.5419311374 0.0000000001
114424401.7825025320 0.0000000001
114422278.9717968106 0.0000000001
114424469.2452437580 0.0000000001
114422408.4302555174 0.0000000001
114422867.9724727720 0.0000000001
115359215.3047094047 0.0000000001
115358171.3894678950 0.0000000001
115358650.4574371278 0.0000000001
114423536.8357454985 0.0000000001
114423342.9683405310 0.0000000001
114422991.8557602763 0.0000000001
114423599.4122794122 0.0000000001
114422361.0935286283 0.0000000001
114424013.9682414532 0.0000000001
114422574.2195643485 0.0000000001
114422423.9104095697 0.0000000001
114422602.1301816255 0.0000000001
115359397.6155389845 0.0000000001
115358632.0503459275 0.0000000001
114425360.9341880530 0.0000000001
115358825.7861960977 0.0000000001
114423438.9628969580 0.0000000001
114422581.7108867466 0.0000000001
115358398.5452244431 0.0000000001
114422245.7384570092 0.0000000001
114422417.0661899894 0.0000000001
114422989.9577623159 0.0000000001
115359126.6947192401 0.0000000001
114423153.4698030502 0.0000000001
114422354.5878117681 0.0000000001
114423645.2023287266 0.0000000001
115359040.9591950327 0.0000000001
114422511.5195212215 0.0000000001
114422267.2659554332 0.0000000001
115358558.6495334357 0.0000000001
115359200.5496287495 0.0000000001
115359091.6250702590 0.0000000001
114422389.4203595072 0.0000000001
114422299.0868147761 0.0000000001
114422399.9237255156 0.0000000001
114422732.9956291914 0.0000000001
114422264.4545882344 0.0000000001
114422333.4463571310 0.0000000001
114422691.1656166911 0.0000000001
115359025.7416359782 0.0000000001
114422458.0283789784 0.0000000001
114422504.5864314735 0.0000000001
114422250.2308658361 0.0000000001
114423009.2765415013 0.0000000001
115359116.7805769593 0.0000000001
114422866.0184667408 0.0000000001
115359185.3036407679 0.0000000001
114422684.8163581640 0.0000000001
114422259.3191248327 0.0000000001
115359297.5890686363 0.0000000001
115359119.8406343758 0.0000000001
114422885.0854647756 0.0000000001
114422366.4983585328 0.0000000001
115358915.1597932875 0.0000000001
114422236.5684228837 0.0000000001
115358961.0800211281 0.0000000001
115359217.9719081372 0.0000000001
114423225.3435424119 0.0000000001
114422244.7916507870 0.0000000001
114423113.7829815000 0.0000000001
114422321.5382652432 0.0000000001
115358316.9508018941 0.0000000001
114422397.8065876812 0.0000000001
114422581.6181834191 0.0000000001
114422593.1680974811 0.0000000001
114423043.9215817899 0.0000000001
115359194.9954449832 0.0000000001
114422394.5809098780 0.0000000001
114422343.5747980773 0.0000000001
114422787.5552134514 0.0000000001
114422497.0902623981 0.0000000001
114422262.3773674071 0.0000000001
114422356.1011941880 0.0000000001
115359106.4107086062 0.0000000001
114422259.0491828471 0.0000000001
114422326.1089391261 0.0000000001
114422642.7577177286 0.0000000001
115359066.1897067279 0.0000000001
114422845.3184350580 0.0000000001
114422273.7200446576 0.0000000001
115359081.6850294471 0.0000000001
114422324.5391637534 0.0000000001
114422404.4114287496 0.0000000001
114422277.5539790243 0.0000000001
114422862.3167694658 0.0000000001
115359168.3972425312 0.0000000001
114422277.2507676035 0.0000000001
115359225.4625854641 0.0000000001
114422278.4573386759 0.0000000001
114422337.5227334052 0.0000000001
115359144.1605349332 0.0000000001
115359112.9404613972 0.0000000001
114422559.6769871116 0.0000000001
115359192.6089597344 0.0000000001
114422512.9169318080 0.0000000001
114422260.6899014860 0.0000000001
115358967.6269832999 0.0000000001
114422331.4539806396 0.0000000001
114422412.7762364596 0.0000000001
97232663.0000000000 0.0000000001 1 0 0 0 0 0 0 0 0 0 0 0 0 0 0 