310960129.6070067286 0.0000009890
312668892.4757571220 0.0000003415
306296157.5231075883 0.0000002979
350371609.5423961282 0.0000000003
389454528.5607436299 0.0000000531
417536308.9313937426 0.0000000150
345346421.5646903515 0.0000000044
331694263.3472766876 0.0000009276
347500359.4402909279 0.0000000000
355622274.7066168785 0.0000000003
359806856.7783102393 0.0000003751
295408360.3737471104 0.0000000145
382975219.5966720581 0.0000000563
293168464.7415013909 0.0000003810
286775527.1344819665 0.0000014009
324678083.0856022835 0.0006207329
273837929.2470145226 0.0000027160
258753858.7090536654 0.0000017348
238173578.7394245267 0.0000022713
214940692.3020246923 0.0000001499
196716661.0024589300 0.0000035154
196014547.3920485675 0.0000044782
237050806.4053204358 0.0000032186
188722551.2631805837 0.0000065296
188453971.9558324218 0.0000090085
239320189.3392480612 0.0000024041
246110035.5728574097 0.0000023919
256693786.6450311542 0.0000033093
255525414.2261784375 0.0000014702
195861069.0545484126 0.0000154172
220966029.5307871997 0.0039915435
154539502.3448306620 0.0001647988
213562542.9632169008 0.0008414831
154807720.4796265066 0.0001946804
267186263.8889238536 0.0005541473
149235747.9517996609 0.0001580708
160493690.3717846572 0.0003436483
148961784.9465456009 0.0001609477
154105337.2196562290 0.0005213066
152710202.3371780217 0.0000861487
165256425.9415846467 0.0011859051
155683777.2723196149 0.0001308104
211134083.9524842501 0.0000028375
152979158.6872697175 0.0000977973
146737364.0386368632 0.0000508314
145683492.7863390744 0.0000510646
215789033.1564635038 0.0001426647
145820215.5772703588 0.0000474935
157854973.5965492427 0.0000075902
149595423.0264271498 0.0000592110
152051371.7850154936 0.0000129917
165321125.6876031458 0.0000546686
154919501.2708832622 0.0001025245
145393697.2737853527 0.0000471879
160983008.7165422738 0.0000000661
144492347.8275737166 0.0001014873
169196197.6570256054 0.0009262809
152938573.3322100341 0.0000976269
154361829.6435002685 0.0001266778
149016935.5459306836 0.0001296828
226958002.6147063673 0.0004446453
168251567.4760707617 0.0001275438
143520729.6449360251 0.0005410478
153054630.6648174822 0.0007517735
142528672.8186953366 0.0032703729
139930525.0289881527 0.0014987616
168556466.0753962100 0.0003487315
147625672.4130958319 0.0011520395
189902073.8949705362 0.0004431278
160782235.3356623054 0.0003846493
161475098.3598622382 0.0031997021
143398048.5188596547 0.0014170479
210436229.8672356606 0.0010673040
139696947.8659705520 0.0012077270
158151548.4939922392 0.0027604769
148060069.4662444592 0.0012716960
147990131.5838325024 0.0015400572
143694692.5832165480 0.0015310073
169795914.2372526228 0.0001798610
146266726.6283318102 0.0016415047
181640773.0683496892 0.0026106336
143948151.9296372533 0.0000062270
150875187.3930403888 0.0031210582
137783085.4829482734 0.0010113406
156254058.0851280987 0.0001045957
145373034.0978399813 0.0010642440
233727814.5797890425 0.0000050845
151423681.3384479582 0.0010642198
147135543.1954875290 0.0004362563
163741175.3584125340 0.0006209347
176307171.0374157131 0.0007064783
161082686.5986571014 0.0007717102
149151564.9810634255 0.0010379480
144037392.9130245149 0.0012802398
142058770.4820671678 0.0001015060
146959064.3586731851 0.0007598431
182094474.9570970237 0.0002685222
175202077.9810152650 0.0008948213
174906482.2853879333 0.0004131419
138648453.7412583530 0.0006451288
158566694.3719914258 0.0001018155
139887883.1985494792 0.0015288217
144626908.8077113926 0.0003254125
160575661.3155873120 0.0006402921
205796053.6703890264 0.0007959971
171834435.0656663179 0.0008574093
147414533.3151644766 0.0021058993
146920292.9334892631 0.0011315937
163503279.8522724807 0.0007678518
139012403.0294035077 0.0008122024
148186464.7283063829 0.0014561443
149557643.4413601756 0.0015703339
138541098.4372757971 0.0011614572
152955144.6971639097 0.0000717247
153719609.8383487165 0.0014008604
159692800.4981267154 0.0010166275
143325189.6414313018 0.0008279034
139704086.6481292248 0.0011308715
158931867.1265902519 0.0012630738
149537431.7013347149 0.0009164555
146076824.2735965550 0.0009335920
151875723.9604708850 0.0010881323
147906733.7399926484 0.0004723134
135978130.5040644109 0.0010588581
152107040.3775425851 0.0006535957
145082839.9857003689 0.0010604292
144953236.9416781068 0.0010335955
140194537.2044607699 0.0009958888
152258344.3051066399 0.0010211247
141312393.3988240361 0.0009912739
143235349.9280161858 0.0015026742
149022611.9326723814 0.0016579020
142175304.7150770128 0.0008539003
142381256.9856544733 0.0009036354
143028376.3954167366 0.0005928797
137133867.7119599283 0.0010671183
149979395.9731066525 0.0008922854
144976123.3956238031 0.0009967513
138548937.2978300154 0.0012337781
159909078.3737796843 0.0006438003
136377200.3359324634 0.0010342675
158667526.7985705733 0.0009828382
137961529.3013554215 0.0010587513
142036655.2346614599 0.0012028964
137239832.9113498330 0.0010470262
155450037.9401121140 0.0011682680
159941610.4167837501 0.0010290867
150896488.4585410058 0.0012888709
137851900.3277517557 0.0010401238
135729453.2663050592 0.0012928040
136615358.6444804668 0.0013513916
150409965.5208830535 0.0013239937
150319790.2406199276 0.0013755384
152112711.4329704046 0.0009608456
138588314.6153863072 0.0013163606
138811069.8642160296 0.0010116231
155159846.9350584447 0.0013310217
136683919.3434549570 0.0012642182
137910151.3492633104 0.0013711333
142495234.3694164455 0.0015179713
153417171.0025520623 0.0012617167
142232586.9531974196 0.0013389900
135824989.4253495336 0.0011842287
150058792.8797277212 0.0013168187
136897335.2445459366 0.0011545584
136541618.8109575510 0.0010216847
155465387.2176786065 0.0012805998
143578390.1447765827 0.0015420062
138977973.5246944427 0.0013228077
142007253.5501179695 0.0012059026
155495521.6750314832 0.0012587873
148065003.8651309013 0.0011004320
138579867.6892691255 0.0011801549
145011337.8998354077 0.0011855642
151981616.4876106083 0.0014002293
145894747.1861763000 0.0012782967
154588337.2849037945 0.0012116028
146710291.4987099469 0.0015249441
138312334.4715054631 0.0012708905
147691079.3918247223 0.0016654248
138662377.2940837741 0.0014926375
139272535.3026707768 0.0019432993
135747863.8722604811 0.0012790741
145756878.7613369823 0.0008566101
135740664.5792019963 0.0013162446
142611902.0334752798 0.0011379619
135698689.4167563021 0.0012863275
148269937.6486145258 0.0013519366
136844091.4683007002 0.0012298186
136616323.8384297788 0.0013699380
136120357.7727853060 0.0011608569
147256995.4623316526 0.0013301831
136504659.6765127182 0.0013371786
135662302.1395697296 0.0013252595
151933616.3129966259 0.0014182571
135979158.6596475244 0.0013644137
151450262.8425032198 0.0013118537
136708263.6848401427 0.0013252596
156914094.3430422843 0.0013571103
155881789.2965918481 0.0013404248
140857170.5589572191 0.0012975243
135596297.0923768282 0.0013224673
136137323.0449295044 0.0011333525
135521690.7060483098 0.0013085108
147733987.2272291780 0.0014827175
135536908.3024126589 0.0013305388
142010615.5405636132 0.0013038334
153953974.2208164632 0.0013874591
136310743.0809313059 0.0012654562
155482812.4492757916 0.0012694407
152936698.3055306971 0.0012617696
137866513.7413772345 0.0012497999
153046934.2586757243 0.0013717781
155212673.2708507478 0.0012857501
142698460.5763806403 0.0013509395
137245773.0529678166 0.0012738787
139956098.6750010848 0.0014068854
136136011.4119821787 0.0013421523
138148605.5746912062 0.0010600382
155837486.9316339493 0.0012822419
149932998.2764184773 0.0015972051
155491215.5270819664 0.0013101792
137225841.1749825180 0.0012289467
153962557.8301666081 0.0013410738
136052785.7065301538 0.0013564046
153282529.3011199832 0.0012717316
157174835.8968002498 0.0011686312
136377859.8474316895 0.0013016850
140369665.6027837992 0.0012656439
135720926.8295825124 0.0012873281
151165083.9837372601 0.0011640115
154723659.0045823157 0.0013228719
150482241.5460157394 0.0012674054
155611140.4968236685 0.0012268071
154638273.5056639314 0.0013071550
138995511.5898615718 0.0013000395
154562993.2667963505 0.0013077034
136693299.7832067907 0.0013607734
155669130.4039359987 0.0012921862
135457809.5056574643 0.0014898029
135680523.6252405047 0.0014852314
135784407.1158518195 0.0014390369
135363241.7262492776 0.0014939628
153729047.9766271412 0.0015292666
135450950.8092433512 0.0015293144
149915840.3176487982 0.0015657246
135480096.6655700207 0.0015160407
154859595.5568325818 0.0014293023
154623921.9393243194 0.0014874837
138934809.0043410361 0.0014957921
136243267.7499824166 0.0014811921
139098277.1612866223 0.0015610800
135261972.3281632066 0.0015466322
136443839.2340723872 0.0015217879
154234428.8206640780 0.0015537386
154734082.5271009803 0.0014649296
154202140.4464114010 0.0015261248
140217120.7650460601 0.0015418274
135212220.9209056199 0.0015441319
135383380.5097620487 0.0016892287
154179199.6100219190 0.0015881814
137293084.9638167322 0.0014360794
154395134.0868330002 0.0015688716
137229262.5596569777 0.0015186945
135298594.1253226697 0.0015177462
135139917.0814339817 0.0014939112
153053223.4571371675 0.0014838552
136525705.6930144727 0.0014552478
153430706.8176422119 0.0014881751
139727927.0446846187 0.0015509113
153832938.8226615489 0.0015084388
136414175.2901104987 0.0013652636
153866962.0921686292 0.0015157963
153604440.4747403264 0.0014596718
135418070.2001601160 0.0014651886
136278599.9638557732 0.0014697291
135833053.2567289472 0.0014788705
153127132.6141625047 0.0014797552
135618643.1859176159 0.0014851371
153268454.9102668762 0.0014853433
135687446.9758407772 0.0014502111
136251176.6077789366 0.0015117823
153998029.4962621629 0.0015298039
135504841.5512313843 0.0014513239
135291713.9487772286 0.0014597022
153856516.3716753125 0.0013980686
153234332.6604755223 0.0014742270
135440196.4251190126 0.0016597693
135437374.7858605087 0.0014893191
150465175.0806846023 0.0015326298
135294062.8577423096 0.0015096585
135543040.0391382575 0.0015191135
136101671.2034253478 0.0014668377
138569737.2557404339 0.0015749722
136098214.9765426517 0.0014995234
151236987.2507458627 0.0015215669
136027188.5865899622 0.0014626538
153272745.6139092743 0.0014477419
153780248.4526042342 0.0015018597
135848875.3864841461 0.0014592422
153551939.0021686256 0.0015035209
154648415.1174990833 0.0014174720
152979479.6674481630 0.0015207569
152038696.8994814754 0.0015028603
137183189.9497273564 0.0015209168
135314789.5483559966 0.0015013428
136290245.4847324789 0.0014459830
135456977.3466668725 0.0015082918
135792462.9061282277 0.0014955330
135482220.0539961159 0.0014850421
135499556.2321889400 0.0014226126
135363972.4072757065 0.0015047540
136804527.8756670058 0.0014432049
135153657.3792721927 0.0014910194
135658591.1268902421 0.0014631815
136438146.1324784756 0.0015014976
135132039.9620307684 0.0014981537
135338947.7863440812 0.0014593523
135182914.5670282841 0.0015021653
135360274.3966875672 0.0014920267
135321144.5990915000 0.0014990013
135172866.3632501662 0.0014952284
135296372.7323505878 0.0014906362
135677620.8764487803 0.0014943216
135133483.5109848678 0.0014993542
135330268.1287459433 0.0014948294
135415371.1782227755 0.0014973635
135507879.9536224604 0.0015352157
135473687.0335953534 0.0014945123
154045274.4415277243 0.0014876107
135438320.4447501302 0.0014931354
135909759.2197149098 0.0015010304
135165946.0952029228 0.0014977152
135383825.9741382599 0.0015155313
135219518.9644888937 0.0014997935
152706403.0627405643 0.0015216865
135396335.9401941895 0.0014915871
135291173.0715630054 0.0014830037
135437619.9574453533 0.0015000289
136019828.4481497407 0.0015117168
135165253.6072188914 0.0015016290
135176861.0730986893 0.0014699938
135340129.2531123757 0.0014933582
135991428.1740502119 0.0014898771
135385398.4077321887 0.0014872701
153718294.5460241437 0.0014981729
135234079.9827568233 0.0014907160
135323230.4560595751 0.0015038222
135381614.3063486218 0.0015042242
135403777.6278243661 0.0015011001
135383804.0665812492 0.0014921499
135449673.5835901499 0.0014995013
135137666.3756150603 0.0014965378
135448702.9881027937 0.0014984095
135457551.9087685049 0.0015025443
152312381.8701919019 0.0015174030
135099429.4659432769 0.0015031026
135092689.3817860782 0.0015022670
135182709.5755423605 0.0014811870
135305917.5774090290 0.0014999744
153774095.8079918027 0.0015155154
135091068.3855279982 0.0015041263
135271836.6893863380 0.0014999347
135293910.8049897552 0.0015058502
135191388.4205338955 0.0015122147
135099569.4543833733 0.0015047418
135681861.8846306205 0.0014979372
135176248.3150496781 0.0015026480
135409684.8177162409 0.0015100896
135397793.0889963806 0.0015055395
135270160.8312588632 0.0014895367
135432081.6582722366 0.0015046529
135128540.9405266643 0.0015251964
135446769.1980834007 0.0015077234
135449906.9106783569 0.0014927358
135094488.1052486598 0.0015018251
135189083.7089183629 0.0014978387
135156671.4300675094 0.0015005428
135418089.8622535169 0.0014904594
135144201.5481601059 0.0015057057
135256794.8765606880 0.0014965930
135443589.4019865096 0.0015001749
135421404.9453090429 0.0014939758
135449802.7178227305 0.0015061343
135274556.0034328401 0.0015030870
135418573.6607617140 0.0015034174
135109965.7635191679 0.0015107773
135427889.1408729255 0.0015036058
135326106.7880604565 0.0015075463
135434185.7861330211 0.0015028624
135336636.0586578846 0.0015081195
135201487.7978892624 0.0015059638
153770124.5335105956 0.0015231043
135342593.5198065937 0.0015079795
135454234.9191122949 0.0014936579
135128291.1936877668 0.0015037185
153839704.8198099732 0.0015035059
135330309.9809854627 0.0015059199
135358659.3403019309 0.0015059177
135094640.5208758116 0.0015029516
135357921.9550003111 0.0015058068
135152266.8677513003 0.0015006728
135345017.2646011710 0.0015042638
135439852.3825331628 0.0015008704
153880614.6010336280 0.0015181608
135290288.5963961780 0.0014938334
135407067.9080706239 0.0015085636
135087107.2543669939 0.0015023609
135116440.8040734231 0.0014975855
135108144.2276789546 0.0015021357
135357473.6124947965 0.0015029072
135107609.1644729376 0.0015021250
135168092.4975368977 0.0014985548
135095695.8341678977 0.0015055313
135216099.2903224230 0.0014952047
135090565.4999096096 0.0015028146
135295439.8684862852 0.0014989493
135442353.7841940820 0.0015030357
135367001.8630357683 0.0015052793
135188848.6684235632 0.0015034190
135198406.8718040287 0.0015040251
135422847.0560420752 0.0015020267
135305323.5554952323 0.0014976024
135177103.8754967451 0.0015010393
135400798.7907077372 0.0014959137
135128354.5161926746 0.0015015615
153868093.1899680197 0.0015065637
135451867.5854255557 0.0015039842
135124438.4350531399 0.0015049621
135102201.2180432379 0.0015033711
135368743.7575487494 0.0014987102
135424694.0197636783 0.0015025642
135342042.6728174686 0.0015029654
135454488.6740207672 0.0015015596
135241360.6717313230 0.0015066174
135096990.5009674728 0.0015001649
135268222.0873057544 0.0015049739
135103197.3117767274 0.0015032225
135377459.2258163095 0.0014958880
135099021.0578685701 0.0015020624
135348344.5157003403 0.0015075302
135143869.5374087989 0.0015033191
135101302.4460468888 0.0015032323
135131899.5100887418 0.0015004228
135096070.5495716929 0.0015027918
135404252.9203543663 0.0014997497
135114147.5874511302 0.0015035294
135400384.5352656543 0.0015050659
135101320.2144808471 0.0015024104
135201468.4003255963 0.0015016324
135447052.4326301813 0.0015018689
135459345.5455684066 0.0015007578
135089029.1307222247 0.0015033409
135454521.3678783774 0.0015023970
135102883.1281650960 0.0015039671
135101510.9372140169 0.0015019716
135434084.1518137455 0.0015018481
135086726.6354246736 0.0015022964
135140785.2755705118 0.0015012192
135452819.7780606747 0.0015023021
135160871.7407569289 0.0015008279
135091260.4579638243 0.0015018507
135085472.8435369730 0.0015030459
135085239.8081742227 0.0015024428
135440282.3605772257 0.0015029124
135446838.4707644582 0.0015021532
135422549.3672972322 0.0015039549
135094624.8392222226 0.0015020156
135085721.9221917689 0.0015027284
135451842.9880704582 0.0015018098
135429408.8615660369 0.0015024593
135090942.5670112073 0.0015028412
135443045.2452480793 0.0015040281
135443866.1500973701 0.0015024317
135127382.5458351076 0.0015028254
135445734.0150152147 0.0015024532
135171837.4169468284 0.0015029922
135450187.5968323946 0.0015022189
135164058.2056055367 0.0015017014
135085022.8539948761 0.0015025691
135107737.0761094391 0.0015029373
135447403.6465225816 0.0015030279
135133135.7701300383 0.0015038002
135089003.3889283538 0.0015021903
135100671.7172056735 0.0015014424
135086438.6429260671 0.0015021008
135104164.6447649002 0.0015029506
135086427.2498441935 0.0015024022
135085112.1068674624 0.0015046026
135452024.3152127862 0.0015027069
135438006.1673827469 0.0015041903
135103191.0644928813 0.0015022575
135100602.3139761388 0.0015025982
135450150.7445225120 0.0015027055
135450020.8630045950 0.0015024790
135448044.1010735929 0.0015031845
135111085.8992617130 0.0015009210
135453113.2363241315 0.0015021567
135082972.6585642695 0.0015031435
135083205.6834101081 0.0015038865
135152956.9397136867 0.0015016769
135078931.5723056495 0.0015032336
135092473.8540182710 0.0015039701
135088344.5644994080 0.0015025979
135140885.5354595780 0.0015027193
135081686.0899520516 0.0015032061
135119689.0317345858 0.0015045450
135440667.2931950092 0.0015039655
135085305.7919982970 0.0015041044
135450771.8144867122 0.0015026099
135428778.6331066787 0.0015059235
135441965.4665745795 0.0015033547
135433483.9887590110 0.0015027312
135432752.6697852015 0.0015031607
135140700.7073697448 0.0015023772
135447983.5788897872 0.0015030557
135443180.1614652276 0.0015038308
135096107.3910183012 0.0015031320
135416698.2447732091 0.0015030198
135083329.2273740768 0.0015033025
135421666.2626471519 0.0015026755
135437022.7513467073 0.0015033674
135097341.1218878925 0.0015042898
135087647.6599639952 0.0015037100
135100893.1390125751 0.0015011374
135442130.4873192012 0.0015029789
135127633.8149539530 0.0015052961
135445110.8236900568 0.0015037991
135436095.9941375554 0.0015040685
135081885.3014643788 0.0015031953
135448977.5330946147 0.0015022799
135082658.3094475269 0.0015030972
135437536.0898330212 0.0015055716
135449205.1020738780 0.0015030474
135421092.5601376891 0.0015026402
135085008.6385960877 0.0015037185
135079284.2359067798 0.0015033536
135446798.7896972597 0.0015033406
135098489.1365404725 0.0015020383
135450598.7602137327 0.0015032241
135431290.4662672877 0.0015024599
135078576.4417662323 0.0015037566
135093267.3803419471 0.0015027406
135448576.2085642517 0.0015038908
135154193.7310621142 0.0015032968
135108275.9028015137 0.0015037622
135079886.1644658148 0.0015038359
135437554.8749639988 0.0015041814
135081865.0759895146 0.0015034876
135088195.8451448977 0.0015032242
135081454.4458279610 0.0015037973
135447335.8107522726 0.0015033844
135448508.5165704787 0.0015037260
135442851.8105824292 0.0015045735
135448209.5321159363 0.0015040446
135446497.5588236451 0.0015036644
135087632.5946316123 0.0015039061
135090020.6462490261 0.0015034378
135447924.5119404793 0.0015037446
135447408.0065699518 0.0015035829
135079073.3085016012 0.0015035871
135426471.6223940253 0.0015031316
135083745.1468351185 0.0015037096
135089812.9223448932 0.0015029254
135082343.3128099144 0.0015037479
135435261.9196082056 0.0015033693
135082621.4569658935 0.0015036914
135441743.8907111585 0.0015040729
135449582.9680478275 0.0015036878
135098332.1572503150 0.0015035763
135448901.7219402194 0.0015041614
135086857.3219837844 0.0015032223
135446429.6883435547 0.0015036914
135091784.8032483757 0.0015045703
135085387.8721403182 0.0015036436
135077014.8593268692 0.0015049823
135446314.5546351373 0.0015049763
135084320.2802698016 0.0015046384
135440671.0261766016 0.0015050720
135096433.6628536582 0.0015046416
135438305.9637544453 0.0015050974
135104290.1909328401 0.0015046936
135446303.7610377967 0.0015048031
135097024.6330281794 0.0015051105
135440228.7268141210 0.0015053073
135113172.8429603279 0.0015053794
135076151.9245198071 0.0015050087
135095078.5375736654 0.0015040396
135075954.7231414914 0.0015053262
135087931.3160595000 0.0015059371
135443447.7642492354 0.0015054139
135108010.0066809654 0.0015053156
135077876.9751676023 0.0015051244
135095332.8361610174 0.0015052857
135079918.8161990047 0.0015052979
135432448.0740934014 0.0015053462
135444663.3135829568 0.0015055265
135100645.4679877758 0.0015046143
135441367.6638822556 0.0015051340
135089276.5478810668 0.0015046951
135080861.0933927596 0.0015051638
135076822.4604164362 0.0015055374
135445136.8696540594 0.0015054340
135082619.7989724278 0.0015055864
135077288.9752621055 0.0015056787
135438389.6509252191 0.0015054947
135074526.4635386169 0.0015055263
135418868.2840870619 0.0015055853
135113036.0714473128 0.0015055623
135087049.5924683213 0.0015055717
135444391.2100270689 0.0015055627
135080345.0533583760 0.0015053924
135074450.7787815034 0.0015053856
135078648.7873156965 0.0015053453
135445205.8234789371 0.0015053998
135079640.9067776799 0.0015050767
135075952.2775912285 0.0015054533
135081009.0379985571 0.0015055222
135075561.8766438365 0.0015053830
135078386.7971636057 0.0015056395
135445607.4530299604 0.0015054001
135431177.9445468187 0.0015049455
135444618.0589262843 0.0015054220
135440942.0300974548 0.0015059859
135443188.6896349192 0.0015054104
135436755.2190166414 0.0015055756
135075233.2709760070 0.0015053453
135075954.9529742897 0.0015047622
135443964.7097230256 0.0015054363
135086119.5827412903 0.0015049646
135445688.0916901529 0.0015052314
135091642.7731865644 0.0015054507
135075488.2144483626 0.0015054024
135081873.3131829202 0.0015051527
135440549.1415877938 0.0015054494
135443031.9720747471 0.0015056066
135077616.7129768729 0.0015053606
135088258.9631433487 0.0015049588
135445660.1326751113 0.0015053409
135082836.4521724284 0.0015055054
135442907.4003501534 0.0015053505
135082846.4864859283 0.0015052062
135441393.1173983812 0.0015054543
135077965.0864053071 0.0015052528
135442296.7238973081 0.0015055572
135083410.3112145364 0.0015050911
135444307.5158697665 0.0015053465
135088432.6293952763 0.0015054378
135074730.6458335519 0.0015054110
135082578.7410253286 0.0015048667
135441556.6391279101 0.0015053632
135084050.8769235611 0.0015052994
135078179.4173485935 0.0015054215
135440047.6949831545 0.0015054285
135444705.0499114096 0.0015053325
135081376.2460820675 0.0015056096
135443811.9530739784 0.0015053307
135443132.1119168103 0.0015053567
135438302.1958162785 0.0015053674
135442081.6038358808 0.0015053765
135077234.7625367045 0.0015053664
135445592.8184567988 0.0015053812
135077378.5576915145 0.0015053045
135074612.7570763528 0.0015053803
135079019.1907974184 0.0015054338
135074579.1796962619 0.0015053452
135076487.4634751976 0.0015053276
135074698.5580526888 0.0015053969
135075786.6515475512 0.0015054492
135074950.3669090569 0.0015053932
135443616.8808393180 0.0015054721
135074848.7102327943 0.0015054030
135443439.5204085708 0.0015053484
135445215.1729637682 0.0015054006
135078338.3902701139 0.0015052709
135074824.7172996700 0.0015053765
135444491.4230959117 0.0015054277
135074947.3615318239 0.0015053476
135075326.2043171525 0.0015054760
135445427.0419858098 0.0015053442
135442977.0461362302 0.0015053543
135075350.5574101806 0.0015053471
135444909.2694412172 0.0015053851
135445480.9268037677 0.0015053881
135444863.1016414762 0.0015055250
135074725.7696274519 0.0015053663
135079030.0778805614 0.0015054660
135445451.3072800934 0.0015053803
135076207.4214714766 0.0015052043
135074424.8607356250 0.0015053463
135075148.3405888975 0.0015053753
135075305.3770090342 0.0015053269
135079029.1579290926 0.0015052293
135444831.5886729062 0.0015053536
135079161.1213534474 0.0015052761
135074372.4066816866 0.0015053407
135445533.1357285678 0.0015053352
135445488.2752128839 0.0015053630
135078482.2367399931 0.0015053756
135445411.1950479746 0.0015053403
135075488.7296949625 0.0015054061
135074633.7675659657 0.0015053515
135444785.4182444811 0.0015053578
135445021.4437963367 0.0015052627
135074616.1925165355 0.0015053498
135074527.4936457276 0.0015053415
135074725.8853151202 0.0015053328
135445687.2613776326 0.0015053368
135074904.1294840872 0.0015053735
135445798.7741954029 0.0015053313
135074392.3233429193 0.0015053209
135445370.6446410418 0.0015053413
135445518.8544404507 0.0015054363
135074471.7395118475 0.0015053351
135444850.8233380914 0.0015053568
135074654.9088977575 0.0015053234
135075932.3515942395 0.0015053775
135445797.3011829555 0.0015053357
135075581.2684637904 0.0015053577
135074637.5597415566 0.0015053262
135445329.4285849929 0.0015053204
135445766.0948960483 0.0015053478
135074935.0377849042 0.0015053127
135074572.3237864971 0.0015053338
135074946.5526571870 0.0015052878
135445629.6594919860 0.0015053454
135075792.7235666513 0.0015052782
135445751.0392432213 0.0015053299
135074784.2878559530 0.0015053408
135074526.6513798237 0.0015053353
135445430.5279617608 0.0015053107
135074414.0347030461 0.0015053187
135074477.4569597840 0.0015053455
135445582.1121906340 0.0015053142
135445693.1729447544 0.0015053405
135075058.3149544299 0.0015053500
135445445.9203774929 0.0015053522
135074951.6901927590 0.0015053309
135074601.1043873727 0.0015053375
135075367.3750464618 0.0015053312
135074557.2508722246 0.0015053467
135074529.9365886450 0.0015052992
135074457.5298574269 0.0015053464
135075772.7155118585 0.0015053248
135074422.4104947448 0.0015053415
135445536.8671013713 0.0015053733
135074372.5003032982 0.0015053422
135074580.8027818799 0.0015053088
135445713.3891089261 0.0015053463
135074433.9494930506 0.0015053233
135445591.3847229779 0.0015053466
135075195.2229534686 0.0015053246
135443070.4738883078 0.0015053606
135074816.8387287557 0.0015053517
135074368.5672232807 0.0015053389
135074593.0694190264 0.0015053331
135074365.2525546253 0.0015053370
135074773.7389140725 0.0015053237
135445757.9691489935 0.0015053365
135074446.2771036029 0.0015053482
135074402.6317885816 0.0015053398
135074427.0270136595 0.0015053383
135074416.4387972951 0.0015053369
135074414.6304145455 0.0015053324
135074372.3427953124 0.0015053406
135074404.9914604127 0.0015053324
135445774.4654264450 0.0015053362
135074397.5049651563 0.0015053451
135074399.7626113594 0.0015053323
135074382.6688132286 0.0015053302
135445739.2674718201 0.0015053353
135074490.4843999743 0.0015053422
135445740.7186984420 0.0015053309
135074417.7094241977 0.0015053454
135074386.4149116874 0.0015053356
135074554.8887158036 0.0015053487
135445577.4627569616 0.0015053387
135075164.8597989976 0.0015053217
135445748.5908955336 0.0015053376
135074430.0645686984 0.0015053313
135445702.6660416424 0.0015053356
135074771.4377155900 0.0015053368
135444426.6872923374 0.0015053470
135074607.9845018387 0.0015053355
135074361.6060492992 0.0015053344
135074521.9898605347 0.0015053316
135445755.1505838037 0.0015053355
135074424.4825051725 0.0015053264
135074380.2903206348 0.0015053339
135074383.5993536115 0.0015053320
135074371.5339553058 0.0015053338
135074394.8143455684 0.0015053394
135074354.6782922447 0.0015053368
135074368.4101059139 0.0015053384
135445746.4406831861 0.0015053355
135074404.0395399928 0.0015053421
135074356.7638894320 0.0015053380
135074410.6130314171 0.0015053387
135445775.3973130584 0.0015053380
135074447.9769761562 0.0015053337
135074364.2256470025 0.0015053399
135074748.1522119343 0.0015053371
135074368.7210834622 0.0015053347
135074747.4603011012 0.0015053298
135074447.7241566181 0.0015053341
135074355.4186481833 0.0015053362
135445437.6121048629 0.0015053393
135074356.6964679658 0.0015053369
135074451.6425206363 0.0015053366
135074358.5150591433 0.0015053365
135074396.6455807984 0.0015053403
135074372.7758357525 0.0015053373
135074373.4591935277 0.0015053363
135445762.1521140933 0.0015053379
135074372.7051880062 0.0015053368
135074358.5968846083 0.0015053368
135074385.4075593352 0.0015053390
135445774.4128195941 0.0015053364
135074375.3520093262 0.0015053331
135074356.5342869759 0.0015053370
135074398.2252615690 0.0015053367
135445768.8408530951 0.0015053373
135074389.9220331907 0.0015053325
135445776.1991993487 0.0015053369
135074392.0187299848 0.0015053358
135074361.8293886781 0.0015053373
135074414.5831619203 0.0015053367
135445774.0654207766 0.0015053363
135074433.8699342012 0.0015053391
135445768.1083951294 0.0015053364
135074423.1129351556 0.0015053378
135074610.9161060750 0.0015053337
112917427.0000000000 0.0015053337 1 0 0 0 0 0 0 0 0 0 0 0 0 0 0 