516593264.3245772123 0.0005510867
508237603.0954836607 0.0010496245
514867948.1203700900 0.0003813602
516701545.3732320070 0.0004110700
514842791.1423082948 0.0000745767
501962521.7059379220 0.0000713334
569850291.3687269688 0.0000226382
498555417.2604700923 0.0000571176
557853956.9829224348 0.0000472325
520909916.6297567487 0.0000328813
558392870.8272770643 0.0000061556
499245409.0271446705 0.0000916060
592961371.8810347319 0.0000070316
499313202.3751211166 0.0000636166
491722360.1703398228 0.0000058292
586710161.9169378281 0.0000031071
515938067.0529088378 0.0000030070
398870234.3917378783 0.0000194213
389764108.3476447463 0.0000249596
391507537.8496010900 0.0000169672
392447850.4885144234 0.0038056327
371871703.7570567727 0.0000186589
337187205.9675193429 0.0000000203
311888866.0682210326 0.0000028676
307879837.9778468609 0.0000501953
390656691.1497825980 0.0000869394
306465961.6074383259 0.0003385529
363645378.9507837296 0.0001956176
311491669.1301006675 0.0001204740
289282734.5181289911 0.0008131008
343438576.3713639975 0.0004334062
300158998.1084870100 0.0002575856
289373393.2482118011 0.0007883717
349471048.8713049293 0.0005518364
295721226.1878688335 0.0007759671
329735583.2366394401 0.0005050184
290304792.8936341405 0.0007647161
323995803.7393844724 0.0003916101
306940800.5505897999 0.0000034573
319385347.6905515194 0.0012815429
292182153.7091263533 0.0007639579
351773302.0547161102 0.0004644806
288821276.0957177281 0.0008376997
327693357.6278125048 0.0004413112
288795816.4075159431 0.0008446495
299009361.3077756763 0.0007772343
289469204.1446173787 0.0008535724
327281713.2164388895 0.0001059895
288983487.4460243583 0.0008404697
287938442.0974198580 0.0010646878
290702172.0981289148 0.0010316993
308240006.0988512039 0.0062597042
296639490.4323852658 0.0006149109
286843767.6281155944 0.0013096090
294836990.7232500911 0.0011366959
294057165.2379966974 0.0014544781
304921528.3048810363 0.0009924796
319163933.5810360312 0.0008944076
290989948.3706145883 0.0007834616
354340034.1944788694 0.0008604270
278052471.9830297828 0.0017812114
299779669.2319009900 0.0007259236
267771610.7955348492 0.0022445728
278222762.8354273438 0.0025891075
269570643.2571226954 0.0012934364
288463394.3068279624 0.0024747313
267580109.9045777917 0.0022588308
296918359.2897126675 0.0010916415
267268478.4162140787 0.0019907502
315560305.4137647748 0.0004957387
274580114.4011445642 0.0022732873
281010068.6735438704 0.0061091923
270744652.6394954324 0.0021179024
282701591.4780392647 0.0011258037
263842848.3859624267 0.0021581054
288507842.9948955178 0.0010080197
262839491.6170238256 0.0022892246
275421705.0129572153 0.0011544851
251962503.3373190463 0.0021294216
255985993.5034310222 0.0030456034
249925818.0957386792 0.0002150963
299643569.3051968217 0.0000005618
250018620.2078264058 0.0002599058
275829112.8762363195 0.0000671299
256950965.0474455655 0.0005535787
250141554.4943232238 0.0022274022
255063944.3524762392 0.0003166980
303045906.5500787497 0.0000434361
250372270.9769726098 0.0002813195
251039057.7418783009 0.0037114530
249427696.8657480180 0.0002240536
255660327.7726356387 0.0000576495
250851849.2633761168 0.0002017741
290059730.1370630860 0.0000044148
246596857.5119300187 0.0002365153
306946438.8863223791 0.0002017086
258631657.5657984316 0.0005106924
275711246.7569662333 0.0002263225
246473975.5311012268 0.0006007678
257175597.2852966487 0.0000163589
255127681.1234541535 0.0004882079
298803432.2520524859 0.0017623618
264372369.2671521604 0.0004893184
260314784.0957404971 0.0002524511
254214958.7604021430 0.0006370234
263340374.2333921790 0.0005304694
250989220.5112579763 0.0002013378
274438752.0660840869 0.0089866576
239050444.3101794720 0.0007626508
242942225.1488509178 0.0165614234
248226868.1968650818 0.0008346483
274677522.4471243620 0.0011890837
244039850.5573184192 0.0008485778
239373667.0202135444 0.0030436132
238709008.8396318555 0.0007919803
256310687.5644274056 0.0000246638
238388821.1256542802 0.0001483813
275880408.0806781054 0.0013404047
238161957.5903331041 0.0007232579
238653964.2943157852 0.0001144366
247861588.7181041241 0.0005027558
234668346.0644248426 0.0003954549
231635967.9293310344 0.0010515874
288640403.3909042478 0.0001078728
251574465.0871188045 0.0005109906
246604112.4931029975 0.0008428610
216567134.5314228237 0.0006648324
216067767.6977356374 0.0007167165
217263155.6064150035 0.0007264685
204145319.8560806215 0.0012985943
212473440.9920182526 0.0023851000
203575819.8965500891 0.0035850450
201608678.6123596728 0.0040036783
211205509.4309525788 0.0045210767
201994544.3803412616 0.0044620943
196590528.1080195904 0.0098238683
198994777.6031890810 0.0105948496
211524908.0243011415 0.0054831958
204191160.0478898883 0.0086438745
207129419.1878735721 0.0093744576
196623594.8342967927 0.0085339474
244913529.9447003901 0.0007257777
201724386.9253488481 0.0106045817
208720431.0435709059 0.0145908580
202641793.9049976468 0.0100139393
203960003.3235442936 0.0084319129
204104016.8583219945 0.0084328231
211376405.6109927595 0.0157470219
194999149.0510052741 0.0108206098
190891877.8708109260 0.0146245996
197740277.5465930998 0.0135093506
167583102.8498086035 0.0166035042
163141916.7084725201 0.0193086047
159952606.1863948703 0.0262624788
166368660.6126527190 0.0249874940
159847669.5256551802 0.0228074075
156901591.6491380930 0.0160425659
143529460.4311910272 0.0173069416
153998952.0708168745 0.0225453461
145040798.0787862241 0.0130779243
142481434.6986697018 0.0183628133
143926689.7889423668 0.0008907552
144545240.7003421485 0.0165390648
155269504.1626551449 0.0446186082
142364126.8139904737 0.0246225013
159022298.7490955591 0.0238063957
142489991.1542106271 0.0248224458
151345418.5238197446 0.0351094421
153104637.3544858396 0.0236122542
143206440.9878477156 0.0356842926
143227450.3393188119 0.0283684632
152857936.1172195375 0.0221238489
152464228.2708794475 0.0255176457
156015933.5760000944 0.0175331503
152991722.0706230104 0.0248411988
149738137.9092887640 0.0162522559
142101162.4492756724 0.0245797105
146138145.7397296429 0.0098363607
151713994.1640180051 0.0244575867
141712931.1806681454 0.0253760136
141829680.3630699813 0.0238008754
138442010.2973478138 0.0248365959
139277841.1271813214 0.0258571887
155398976.3111242950 0.0047457530
139637804.3772182465 0.0235523026
164426056.7432088852 0.0235749801
139232993.3389998674 0.0281202765
183009639.8744364381 0.0178408760
141228096.4178094268 0.0291404073
149951955.6162007153 0.0214183462
138056256.9167726636 0.0165412500
142963730.0501164496 0.0167745524
139586842.5178945363 0.0166942526
141241644.7348991334 0.0080891952
141771117.6233113408 0.0169462608
141493355.6247241199 0.0289027901
139901281.9989803135 0.0155267704
140740116.5596101284 0.0135885508
140822490.6786984205 0.0153985729
144747856.1708246768 0.0185452475
141285277.3408742547 0.0128238124
143897005.2931966782 0.0160953094
138142800.1897785962 0.0186738502
157661855.1932998300 0.0105617238
138055195.9996060431 0.0126084575
153463293.5790206790 0.0222088804
137939474.4345941544 0.0078926826
137141296.7246914506 0.0000643791
140584143.8498310745 0.0000693575
147459769.7053559422 0.0003465872
138110646.1247060299 0.0000473678
141928396.2664880455 0.0004328868
144622113.5975364745 0.0000161254
141052444.5827763975 0.0011258957
142930841.2498896718 0.0000123516
145871540.2495958507 0.0032096969
138599938.8561950326 0.0001252448
144999890.0803465545 0.0000071648
137989034.2918807268 0.0001288855
144719012.8672240973 0.0000455989
138514354.7092170119 0.0000650548
136470681.9731729031 0.0008423716
136484203.3429457545 0.0013547805
142361395.1228649318 0.0000930188
134773476.5491562784 0.0013571752
139985185.5294360816 0.0039052195
138255087.9142197967 0.0016950519
142673817.5673185289 0.0036863462
135925618.9347945154 0.0010958449
139918391.5081080198 0.0000366258
148094701.5813831389 0.0030092538
145755623.8851380646 0.0000192651
135378278.5417117774 0.0008037207
142988136.9235689938 0.0038952586
137044272.6890383661 0.0013400270
140659532.4924649000 0.0024694071
136092842.3485884368 0.0014316989
142049850.1879743934 0.0000976897
134952634.5815904438 0.0027615881
164230428.1660493910 0.0000260328
135944637.8425143361 0.0027173745
155720505.2034083307 0.0072503441
135431521.7883908451 0.0002257009
140142700.5316735506 0.0000021537
136641973.4469774663 0.0007625643
146025929.4582937360 0.0015340427
135109461.4020540714 0.0045549889
139434909.6272828579 0.0008537452
135341292.6277017295 0.0015804900
139504820.9123864472 0.0040702209
152054338.6191565096 0.0015744838
139601856.1490102708 0.0007090560
144676548.3579821289 0.0011903992
146835383.0917730331 0.0017794930
134750469.6845883727 0.0010970267
144426669.1578480601 0.0018801479
134633198.2128985822 0.0008744930
136616457.9155369103 0.0010326132
137275914.5111379325 0.0005964372
144501133.1334740222 0.0000252395
134803407.6877464652 0.0003764630
136252113.1148425937 0.0000108308
153183464.4445782900 0.0008619700
144636604.2581537664 0.0008556258
133623239.8983898908 0.0008071037
137772360.7962017357 0.0000038479
137353441.8429233730 0.0011121939
135016058.4874980748 0.0001245903
133376675.3514117002 0.0008582296
139692683.5786638856 0.0005475134
134167368.6567165554 0.0011290684
142158589.7315854430 0.0002205954
146627104.4243065119 0.0009076690
136623705.2014682889 0.0009527725
134245296.4131728709 0.0009269589
151423142.3230067790 0.0013270058
147065125.5310036838 0.0008115273
139438931.9850268960 0.0104606827
133996701.9872862399 0.0008941083
138712773.9980901182 0.0000010405
146316354.2741018236 0.0024382581
140839720.7284548283 0.0005283051
134383941.6007702053 0.0008243425
149766525.6228717268 0.0000000249
133925717.4537349939 0.0011952821
139476393.1989754140 0.0032935933
143859798.0317973197 0.0013018370
155424340.9293428361 0.0016312205
133367186.8741656095 0.0003610467
141802089.4014046788 0.0063146433
150655288.5474002957 0.0002027146
135412419.4693070352 0.0000418742
141182843.4564976692 0.0000039993
149548672.1444687843 0.0000048788
135310056.7355352342 0.0003024486
135662383.0063169003 0.0002331833
133897364.8292265087 0.0006467143
140670518.7681271732 0.0001616769
134174243.1191704124 0.0008876271
146636182.4246798754 0.0015786898
134458390.0016592741 0.0003378513
133547608.8353654891 0.0000090500
134275868.5186038017 0.0003365792
144729800.7266647220 0.0000175490
133907833.7131031156 0.0000706876
147447868.5268093348 0.0006766278
133438460.0087671429 0.0002781628
147510825.7548885047 0.0003130352
133518993.1387346387 0.0004444104
135814748.7943431139 0.0002305307
149380409.6508185863 0.0004632776
134158695.2067895234 0.0000000998
133472729.1203975827 0.0002438760
133377926.3511998653 0.0002562649
133353815.9649099261 0.0008124796
149485015.3454016745 0.0024073547
136159116.5807534754 0.0007746517
133799583.9606759697 0.0000195828
133617244.4838693887 0.0002991735
135044467.4433285594 0.0010639939
133330652.0505183190 0.0007598424
133839211.9402182251 0.0030916572
133743742.1653324217 0.0011325748
135300341.5406321883 0.0000089169
135504057.8994702697 0.0012769984
137888879.7747276723 0.0006693034
133798807.3868892193 0.0004557622
133462647.1696609855 0.0011130080
135126112.0633997917 0.0009469071
133415221.7329223007 0.0007425256
133337493.4867050946 0.0016220876
133654491.4176843762 0.0008271386
135862971.7685247660 0.0008867301
136090926.7597627938 0.0007680368
134919270.6577877402 0.0003231506
133329968.0694742799 0.0007211812
133474576.1273468733 0.0004604535
136127020.4208040833 0.0007561570
134944699.3735450208 0.0001858544
133446751.5594360977 0.0006441892
136006613.2861847281 0.0014608948
135749875.2540910542 0.0006966748
134022400.1713892967 0.0008311784
135324378.0190896392 0.0007177966
133554771.3717435300 0.0011636954
135417075.8631227016 0.0006540724
134894983.2118765712 0.0010872320
136705746.8520650566 0.0007120145
135623479.9124498367 0.0003427215
133384386.3316648155 0.0006590598
137290956.0462259650 0.0005827790
133690768.6633902490 0.0004649752
134777343.6222974062 0.0007182825
136352055.4669484794 0.0007195817
135491726.0409474969 0.0011821112
135652551.4894820750 0.0005684785
134124586.0378096551 0.0008669287
136098527.6537347734 0.0006389555
134082686.0240365714 0.0013906456
135972894.8560059965 0.0007051043
134847573.3271455169 0.0004382909
135442956.3512245417 0.0007191704
133374230.5368590951 0.0002780440
133467225.2344320118 0.0007309207
135537847.9191713929 0.0006772463
133620440.7422111928 0.0009522142
136926150.0944800079 0.0008186188
134503486.3905995190 0.0010141127
136505555.0349137783 0.0002417817
133638405.3518766612 0.0006902147
135742629.1710298359 0.0009719295
133466920.0800130367 0.0008066188
135480981.4810583293 0.0009281669
135932071.1380784810 0.0007129890
136813566.8016085327 0.0008962251
134752895.4846128821 0.0009664017
136012257.4018518925 0.0005411111
133796221.0717649460 0.0014207614
134661499.1269865930 0.0012033774
136155453.1831189990 0.0007058257
133859864.8905123174 0.0007208056
133402814.5880407393 0.0006966343
134901927.2060187459 0.0005235730
135893080.5559248626 0.0007713993
133341094.0866032094 0.0007837889
133330151.7148820162 0.0007354844
135817003.4327992201 0.0006165185
136190518.7725503445 0.0007140529
133594462.9839807004 0.0007095284
133362868.5608103424 0.0006898036
135993127.0881003439 0.0007724804
133352659.5539936125 0.0007529255
133508257.0149676800 0.0009271367
136271109.7553572059 0.0007121017
136546762.8820337355 0.0007875302
133337714.0852225721 0.0007854035
136182205.8185863495 0.0006863838
136202160.9732254148 0.0007304727
135682369.1901388466 0.0007774308
133330896.5171434581 0.0007082220
133368967.9646639675 0.0006898098
133333827.0632048100 0.0007545453
133422915.1654552966 0.0006531188
133336608.5311443657 0.0007628755
133425868.0090216696 0.0006013940
136092650.7888193429 0.0006627182
133345939.8777338117 0.0007792965
133369453.2632142156 0.0007193636
133460921.5638180673 0.0007118177
133348977.2078666687 0.0006571546
133365571.1276156902 0.0008039322
133356637.7042442262 0.0007291817
133357891.0551961064 0.0005827174
133348872.7696490288 0.0006664750
135886566.8741374314 0.0007229679
133367793.6102234423 0.0007160122
134784804.2022399306 0.0009028219
133396921.9982703924 0.0007197652
133369352.6083914340 0.0005423949
136182454.6593971550 0.0007191913
133635822.4030074030 0.0006146266
136128700.6436100006 0.0007526103
133352611.0725366622 0.0005468715
135957084.0269276500 0.0007050353
133327370.0433127582 0.0007327577
133381509.7571214288 0.0007497008
133339326.5308521539 0.0007121532
133358995.3397877216 0.0006661743
133328448.7160220444 0.0007177800
135646356.7284454405 0.0007954380
133351291.4797639251 0.0007183030
133421773.6327148229 0.0007366883
133350178.7763566673 0.0007304220
133504723.3363031298 0.0007995473
133331484.2308655530 0.0007249154
133392210.6178359836 0.0008148504
133354550.9984319359 0.0007364162
136313247.3966340721 0.0006864491
133357646.8789985627 0.0007127913
133355594.1916915625 0.0006999811
133327414.7895682454 0.0007311907
133403105.0474768728 0.0007330624
133328758.7412471175 0.0007088953
133359667.3831828386 0.0007294378
133332849.8461540043 0.0007020240
133325452.3240313083 0.0007379632
133342425.3754233718 0.0007170620
133346648.7081028074 0.0007333397
133451514.0759920776 0.0007048881
133338451.5585795641 0.0007405355
133382312.8512911201 0.0007754520
133328092.3009767234 0.0007411850
133361191.1203128994 0.0007199325
133347689.4487589300 0.0007380581
133367554.1129353642 0.0007399468
133339396.4959518760 0.0007494540
133361925.4158704728 0.0007139688
133326111.0033343583 0.0007376627
133334200.8291465938 0.0007460750
133333819.1391879916 0.0007464560
133333860.7818543762 0.0007132641
136307505.2857648432 0.0007321104
133418323.6129945517 0.0007825965
133327109.4212248623 0.0007400865
135668891.4128594995 0.0007255111
133351467.8461530656 0.0007366420
133326242.8453695029 0.0007488857
133329074.2049366385 0.0007397080
133364084.8178469837 0.0007884173
133335515.5266915262 0.0007383477
135695377.3149539530 0.0007422435
133340364.7971285880 0.0007348470
133338669.8656333536 0.0007319422
133326748.3325397074 0.0007402674
135600597.4256419241 0.0007397187
133343770.7856108248 0.0007377743
135714052.1069974303 0.0007405600
133341815.1887288839 0.0007369311
136278264.0049640834 0.0007426712
133333200.9348735809 0.0007289299
133340762.2818252742 0.0007377629
133331358.8370950669 0.0007480627
135600781.8927838802 0.0007384368
136001300.0306034386 0.0007382254
133328530.8111612499 0.0007474873
133392523.4962996989 0.0007168798
133354692.3253527284 0.0007388330
133357476.6564131230 0.0007605512
133337285.0605593473 0.0007369143
133326506.7081207037 0.0007520939
133353863.2419531792 0.0007428328
133327575.1107525826 0.0007150113
133357389.2308797091 0.0007383592
133340316.4769856632 0.0007279229
133328328.8306490034 0.0007391830
136263072.2154736519 0.0007137581
133326843.1431541294 0.0007359175
133333866.6866019666 0.0007663484
133328223.7838973701 0.0007419171
133326646.8398537785 0.0007428632
133333191.2218386978 0.0007399968
133350757.6631175429 0.0007597151
136224374.3627370894 0.0007397334
133327634.5482298285 0.0007379511
133360244.7878848165 0.0007281284
133325621.0911611617 0.0007377808
133338980.2280696183 0.0007394104
133325487.0936580896 0.0007375827
133336858.4858343750 0.0007297226
133326188.2953334153 0.0007407301
133336148.4630860835 0.0007380405
133349274.5237321258 0.0007358774
133330442.1638600230 0.0007352374
133353743.2246669978 0.0007380282
133334641.2850414962 0.0007439127
133326099.4468664825 0.0007390365
133327675.9834739566 0.0007269723
133325318.4840400964 0.0007407547
133336064.1043731868 0.0007380969
133353784.4549417049 0.0007392792
133326366.8412488252 0.0007498696
133329731.1531104296 0.0007431868
133346695.4629932642 0.0007431792
133325663.1989663541 0.0007423157
136269010.6487645507 0.0007419904
133326112.9815638363 0.0007399736
133348536.2652311027 0.0007536554
133327419.0532111824 0.0007385345
133334223.9806781411 0.0007484381
133327616.6181952208 0.0007377459
136279399.4350514114 0.0007458939
133344446.0069874972 0.0007430728
133345705.2259698808 0.0007413707
133357299.5276246667 0.0007380917
133329547.0642691404 0.0007556549
133354169.6493617296 0.0007442639
133336673.5457571745 0.0007334775
133350697.3409994543 0.0007407464
133326370.9693437815 0.0007390857
133347493.9262723625 0.0007455682
133335615.2310554981 0.0007364406
133349347.3801958859 0.0007500369
133327128.5660819411 0.0007379240
133357716.5297244191 0.0007379413
133357339.5755957961 0.0007406931
133325510.8076770455 0.0007406442
133355038.8516331166 0.0007438524
133325361.4495836943 0.0007422149
133328319.3620738536 0.0007385825
133325520.4621563703 0.0007425744
133328536.7828128487 0.0007366134
133355064.3040183634 0.0007414508
133329613.8632932305 0.0007369153
133348082.4659057856 0.0007415501
133333763.2423504591 0.0007369148
133329689.9984383732 0.0007437989
133355966.5103992820 0.0007393876
133326211.0426806957 0.0007430564
133354820.7069299221 0.0007399916
133352319.3259893209 0.0007401532
133325379.2749852091 0.0007405228
133353475.2817911208 0.0007431598
133352372.1151750088 0.0007418894
133342641.5856347382 0.0007393610
133325358.8366417140 0.0007408632
133353564.6383609772 0.0007422606
133352825.9467758387 0.0007404026
133326295.7528111637 0.0007410472
133355394.7775806487 0.0007396725
133355276.3221657872 0.0007410681
133325394.0724184960 0.0007407784
133327918.0710604489 0.0007431933
133325432.8774287701 0.0007411838
133332482.9037394524 0.0007428865
133325926.0032787472 0.0007409092
133327996.1251893938 0.0007394744
133326365.9003902525 0.0007405888
133328603.2491769493 0.0007377724
133325334.4559530616 0.0007402212
133326137.8071496487 0.0007383401
133357686.6801291853 0.0007391600
133350322.4547266215 0.0007435151
133354260.3108941466 0.0007408190
133327317.9753001481 0.0007381683
133325310.5250645727 0.0007411723
133347346.7190657258 0.0007385669
133330746.3152233362 0.0007419007
133325930.7420283705 0.0007409332
133357253.6639462262 0.0007412672
133325854.4164800197 0.0007409459
133357151.5117403418 0.0007408742
133325636.4252419621 0.0007409361
133325666.1538613439 0.0007410714
133347943.2816214561 0.0007426268
133356811.0739672482 0.0007416477
133356969.7942492366 0.0007410440
133356568.2968094498 0.0007411679
133326177.7375143319 0.0007409777
133325539.4627817273 0.0007412463
133325994.5639124513 0.0007400217
133355984.7320872843 0.0007410337
133326299.9964936525 0.0007422622
133325473.0014466196 0.0007406757
133354793.4226589799 0.0007424449
133325249.9530232400 0.0007412649
133325562.3808501661 0.0007398370
133356753.6384322047 0.0007412458
133326791.6394649148 0.0007407584
133325576.2007401437 0.0007414382
133326696.8190240711 0.0007415081
133357072.8272064626 0.0007413557
133326260.3862086833 0.0007423752
133357353.3367382586 0.0007407997
133326617.4036560059 0.0007400033
133357436.9398372173 0.0007417970
133326273.7652059495 0.0007394988
133356954.5539456159 0.0007411311
133325857.2383426577 0.0007413593
133356761.8829247504 0.0007409150
133326006.2108318210 0.0007423115
133356645.6317971647 0.0007412713
133325753.0827332735 0.0007407576
133325579.4940392673 0.0007403583
133325414.9941814691 0.0007408115
133357229.4443193227 0.0007414723
133325409.6338049173 0.0007407111
133356064.6972808391 0.0007412225
133326670.3147327155 0.0007410794
133325663.6109707952 0.0007412588
133355936.1872698665 0.0007403693
133357355.9956805706 0.0007414011
133357240.7852098197 0.0007406714
133357506.3201078773 0.0007412717
133325788.1881645769 0.0007410841
133325314.7823906243 0.0007412623
133326354.3754882663 0.0007419161
133356764.2999994904 0.0007409972
133325866.4989597052 0.0007418960
133356988.1550013721 0.0007411007
133326009.1966080666 0.0007422509
133325419.6686240733 0.0007411618
133354734.0916794389 0.0007420280
133356292.7492933422 0.0007412257
133326603.3416932225 0.0007411214
133356240.7929902375 0.0007411840
133325255.6638031602 0.0007413010
133325552.6926334053 0.0007413011
133325376.6630454659 0.0007412746
133325961.3047101051 0.0007411704
133357483.6781128943 0.0007413103
133325628.8564897031 0.0007414726
133357353.0641458929 0.0007412616
133326011.0977925807 0.0007411303
133325312.3901037127 0.0007413276
133325688.3553371727 0.0007413473
133325360.4498217255 0.0007411916
133325397.0211424530 0.0007415936
133325394.4904021174 0.0007411914
133325437.3495952040 0.0007408149
133357619.9823280424 0.0007412675
133325393.1438580900 0.0007412710
133325264.6895339936 0.0007412511
133325241.7807382941 0.0007415268
133325251.5407196730 0.0007413449
133357425.9660185874 0.0007415413
133357145.2558916062 0.0007414778
133326294.2911602855 0.0007416226
133357207.2681718320 0.0007414168
133325339.9448141158 0.0007416543
133325248.2252837867 0.0007415562
133325306.1865954250 0.0007413688
133325262.1878609061 0.0007415593
133325309.3022048026 0.0007416963
133357443.0318744332 0.0007417031
133325371.8334069252 0.0007411812
133325277.8792726398 0.0007415191
133325419.0303184986 0.0007413454
133357479.3148197532 0.0007414277
133325474.4321303815 0.0007417239
133325371.6446423233 0.0007413521
133325374.3943841606 0.0007420162
133356672.7736484855 0.0007413066
133325275.8033818305 0.0007416380
133357538.3405116051 0.0007415390
133325278.0295689702 0.0007414914
133357572.4176084846 0.0007414993
133325348.6058550924 0.0007416087
133357439.3698054850 0.0007415306
133325663.5981997102 0.0007414902
133357351.6277836561 0.0007415159
133325325.6233914793 0.0007415917
133357493.1878644824 0.0007415378
133325336.5576351732 0.0007413948
133325246.6218156070 0.0007414813
133357538.0292655528 0.0007413474
133357496.5862536728 0.0007415250
133325267.3558873236 0.0007415924
133325273.1976493001 0.0007415209
133325264.2645014226 0.0007415064
133357591.2674156874 0.0007415716
133325500.5363771617 0.0007415107
133357468.8187671900 0.0007415256
133356866.2281018496 0.0007413929
133357541.0675365925 0.0007415094
133325260.7267104238 0.0007414810
133357452.7673018277 0.0007415761
133325330.6255075783 0.0007416399
133357441.9585928768 0.0007415167
133325314.0883393586 0.0007413653
133325259.2977572829 0.0007415454
133325281.0243796557 0.0007415456
133325377.8057061285 0.0007415430
133325359.7775365710 0.0007417448
133325273.8918789029 0.0007415221
133325349.3704557866 0.0007417373
133325254.4052119106 0.0007415376
133325349.0053981841 0.0007417380
133325295.3972556591 0.0007416324
133357544.5019875616 0.0007415663
133325347.6229331195 0.0007414400
133357476.2043228894 0.0007415249
133325332.8397837281 0.0007415325
133357537.0609373599 0.0007415434
133325288.3408022970 0.0007414699
133357607.5073793381 0.0007414856
133325260.7884783447 0.0007416457
133325237.3190864772 0.0007415258
133357540.3986492306 0.0007415360
133325261.0150461495 0.0007415083
133325318.5762685090 0.0007415301
133357512.0116887838 0.0007415360
133325425.1969388574 0.0007414934
133357365.4159426391 0.0007414632
133325253.1674377918 0.0007415486
133357607.5072437078 0.0007415226
133325251.1452319324 0.0007415533
133357600.4628332406 0.0007415179
133325247.1367824078 0.0007415546
133357590.6663037241 0.0007415219
133325250.0661181808 0.0007415393
133325244.6323190331 0.0007415267
133325314.3001178205 0.0007415025
133357604.2686569095 0.0007415286
133325237.3767367601 0.0007415186
133325243.2138668001 0.0007415337
133357549.2818971127 0.0007415628
133325239.4626022428 0.0007415417
133325259.2656951100 0.0007415309
133325247.1094264239 0.0007415297
133325254.9180638194 0.0007415431
133325239.7623734772 0.0007415055
133325242.9141172022 0.0007414983
133325243.4485796541 0.0007415363
133325242.9439304173 0.0007415255
133357589.0449820906 0.0007415250
133325289.4621601850 0.0007415082
133325238.6470528096 0.0007415242
133325238.8702942878 0.0007414986
133357600.4073075950 0.0007415393
133325249.1257110089 0.0007414612
133325237.6233980209 0.0007415268
133356788.6063314080 0.0007415259
133357572.3168730438 0.0007415261
133325285.0392160267 0.0007415090
133325239.7436740249 0.0007415516
133325313.7385530025 0.0007415242
133325244.4124484360 0.0007415200
133325291.3870301247 0.0007415110
133325251.6199934781 0.0007415299
133356788.6063802540 0.0007415259
133325240.1072032452 0.0007415364
133325353.2051465511 0.0007415404
133325254.4397385567 0.0007415282
133325238.3369446397 0.0007415258
133325242.6890921444 0.0007415093
133325241.3267557323 0.0007415270
133325257.0047842115 0.0007415232
133357589.2430507690 0.0007415216
133325246.2203521430 0.0007415364
133325238.3962413818 0.0007415264
133357574.8673811406 0.0007415274
133325245.0938543975 0.0007415233
133325246.4031418115 0.0007415241
133357551.2940540016 0.0007415278
133325274.7598448843 0.0007415133
105463494.0000000000 0.0007415133 0 0 1 0 0 0 0 0 0 0 0 0 0 0 0 