382727529.0602918863 0.0000849938
351468639.6094052196 0.0002895318
360137182.7807991505 0.0010669560
371711600.8393722773 0.0006716029
411952011.8598290682 0.0004910410
382237695.6092613339 0.0000287013
386809191.4619682431 0.0005065953
369618345.1322894692 0.0012021308
402678764.4764818549 0.0006216905
377931778.5748536587 0.0004225310
426951846.3847437501 0.0000075055
346657280.5071244836 0.0013795474
378923654.2773329020 0.0002124451
337362167.6115252972 0.0003688868
344823968.1033867002 0.0001647951
378895115.5180130601 0.0001966273
401060628.0146212578 0.0000011150
308034924.2713875771 0.0009251136
297108504.0704049468 0.0012039691
293730341.5930401683 0.0000102043
270407118.0202313066 0.0046898162
261836020.7373633981 0.0056908820
280455272.0285901427 0.0110441374
230790632.0010832250 0.0078869238
228548948.9253353775 0.0096182390
315504399.9373655915 0.0019121519
291391819.5063064694 0.0024105386
267966678.4307303727 0.0027943203
305120559.0588662028 0.0008556420
315099243.2184376121 0.0018600264
271421546.7272378802 0.0051267986
178150619.5672624111 0.0097224503
196171650.9134852588 0.0020705559
183042505.0632580817 0.0066378671
188834857.7518654764 0.0087227972
184354022.4059303701 0.0098434511
194426398.3424474895 0.0167753129
198090439.8459015489 0.0131053589
217497756.9514513910 0.0104537567
196628309.1725240052 0.0170237319
188472345.1175860465 0.0004439954
180789874.8139129281 0.0107376789
187523827.7087091506 0.0046089122
177777477.0907231569 0.0094387492
196195446.1791357398 0.0063932474
178145596.4927373827 0.0096081602
212735649.7339515984 0.0000843633
200225498.1427377462 0.0093410990
177100808.9915115833 0.0205049142
176027337.2235339284 0.0205467028
184346225.9478311539 0.0165350814
180855689.2676923275 0.0161923604
198965405.8463768065 0.0003710310
191689184.2301972806 0.0230923998
211387138.8942174911 0.0166229467
184735003.8123734593 0.0220166958
182520108.6655910611 0.0169980130
181670502.0728755891 0.0163051665
222489411.7247182429 0.0124769220
174361113.2052050829 0.0201396169
177450151.4221864939 0.0265638399
181683250.1698780060 0.0223321515
212340025.3379216790 0.0055542628
176687389.2426058352 0.0195644054
234870508.9232484400 0.0040464579
192010545.7754038274 0.0215632862
221140071.3675535023 0.0139695675
175481322.4223977923 0.0188731376
215340819.1439869702 0.0053557034
176773916.7149986625 0.0195834814
209279857.3753975332 0.0097488578
179857080.3610563874 0.0227361479
218226240.6975165606 0.0086165673
179296325.3138170242 0.0202480279
210807425.3460381925 0.0095098195
177878859.1928281784 0.0183532865
187392601.2831192315 0.0120926298
171579515.5659298301 0.0224628330
174583963.3057462871 0.0299771242
178576192.4142196774 0.0230939984
184732789.2933676243 0.0162159705
176166653.4569700658 0.0195547017
197558115.7746582031 0.0083198679
171022712.3406438529 0.0233891746
244363031.6411006749 0.0102687192
177019100.4530834854 0.0212280450
174072164.0619266331 0.0326000782
188546925.8130082190 0.0193194940
209641914.9929870665 0.0202739413
193582102.0361352563 0.0093042885
181747552.9285415411 0.0256674411
170311029.2624553740 0.0231331051
202081527.2957148552 0.0166780943
174382761.2321537733 0.0233290992
177795673.8890016377 0.0194206271
176259984.9922686815 0.0215097741
188782329.3676415384 0.0187314133
173766212.5036581159 0.0219931500
175921524.3094359040 0.0257684133
175945109.5611866117 0.0221316967
179747720.5387747884 0.0185575860
178322231.8852877319 0.0211005476
176439720.7940274775 0.0224643135
171233777.2259795666 0.0229249316
181318028.0941152573 0.0167521583
176371890.9786559641 0.0244368234
169870440.1337544322 0.0213437391
177718538.4954103231 0.0231463781
218875874.3353627324 0.0193724459
169821793.2391276062 0.0192912987
174851771.0706144273 0.0135518524
173235025.7088957429 0.0218015567
173461310.5063792467 0.0194287625
168265402.7526084483 0.0201974377
174458089.7263705134 0.0135245144
169307537.6967259347 0.0233206597
172331689.8219251335 0.0245696881
174104855.8531078398 0.0189129366
169933913.8030976951 0.0184591053
169405052.7323792577 0.0194474098
182613528.5613164008 0.0136894091
168721595.4679508507 0.0214706683
194500897.5290022194 0.0172602270
170277357.7742671967 0.0191901259
163839133.4953719079 0.0291732728
158159654.6077238321 0.0325083153
194792157.2942091823 0.0279765738
159281389.5827022195 0.0322174557
163643976.1384439170 0.0263287769
156247714.0742765069 0.0318877222
177038172.2940627933 0.0311499886
155843014.7589378655 0.0336059599
156498022.3368251026 0.0297527985
203147041.0898666382 0.0302737647
164739454.9389249980 0.0377024154
206692585.1744911373 0.0312987367
208600184.6764621735 0.0289148255
155605528.7807746232 0.0335491312
174593545.7663637698 0.0200908179
160236400.7515622377 0.0359249012
193588194.2600187957 0.0265499445
156180824.6790429056 0.0336066676
177560203.4300644994 0.0330589708
157847083.8921903074 0.0324188117
161997132.2733319998 0.0371874059
165888301.1216217577 0.0348566866
160221458.8342615366 0.0339153971
168168651.5701647997 0.0337495445
155833367.0152858198 0.0335684486
162537644.5516132712 0.0347148736
156628279.0799513459 0.0336449883
198365894.3872428536 0.0292386137
156353230.2472733855 0.0353169610
211252407.1258654892 0.0285263672
158413125.5277471542 0.0346494879
184781928.8293823898 0.0383053060
161641370.6384535432 0.0333327659
163058350.0272593796 0.0323961353
156145954.1420470774 0.0310847801
206252902.1371842027 0.0323922842
155804819.2763492167 0.0330936067
159453504.8082724512 0.0290292415
160113835.7116836309 0.0322877231
158803971.4251518846 0.0312851632
156079994.4385165870 0.0335923639
158659339.1332468092 0.0352370362
156516664.0549614727 0.0330467097
159060557.0770811737 0.0322699815
158097698.0494656861 0.0331762420
158456583.0461340547 0.0321666524
156186446.6093351543 0.0333718182
186791582.3729733825 0.0258918544
156465248.8432190418 0.0336837615
174849058.8308547139 0.0360914197
156235321.2381841540 0.0332073543
159193643.3940474391 0.0320747384
160162199.1527543962 0.0334430210
211852901.4650532305 0.0291359998
156247694.7126060128 0.0332798828
205092511.3108706176 0.0329590112
158455550.0717022717 0.0332276578
211806050.4230243862 0.0291835970
162659261.2547744215 0.0324608258
157467071.5905115604 0.0312488305
156490142.2824000716 0.0336880657
162961227.0166481733 0.0299710117
161557940.6517073214 0.0348990097
157485387.8450233638 0.0309705712
156652143.1052701473 0.0329293827
196656782.8729120195 0.0307355547
156721921.1196569502 0.0333076753
157875549.4707547724 0.0292227372
156676536.5469789803 0.0332673234
203664667.6598968208 0.0323361971
155989515.4104082286 0.0334276351
202709892.8039763570 0.0321264039
156032832.3379229307 0.0336397231
203845878.7272417843 0.0321950008
156271626.7810047567 0.0340742769
156758451.6370743811 0.0321320048
158687409.3201830685 0.0337595324
202599955.2254177928 0.0314619921
211696142.4265013039 0.0328183250
155825903.6672450304 0.0333470520
202779214.3374271989 0.0294882484
157272281.0207939148 0.0338614572
160896940.7517765462 0.0340062277
156323184.5654450357 0.0340411097
156495587.1090252399 0.0333481278
157434335.1655078828 0.0332121010
192051363.8297330439 0.0279836603
156169090.5718919337 0.0337487488
156568644.5947231948 0.0336548858
156268470.0861225724 0.0332784872
191916399.6387074292 0.0280485019
156777615.8326333463 0.0344203151
162220445.1392799616 0.0322191360
155964814.2753392458 0.0338904808
190734053.4780878723 0.0280473296
156750807.9581746161 0.0336819525
161544463.8567271531 0.0350209639
156821668.3947836161 0.0338032862
190686040.1446677446 0.0280737349
156163181.4785932600 0.0335270334
168595533.1359920204 0.0364626227
155922023.6234059930 0.0333909773
156676855.3753867745 0.0330255276
156467193.2118108571 0.0337638141
156821383.9931462705 0.0330378881
156074515.7319605947 0.0335119031
190939608.8299460709 0.0279857320
155872167.9106288552 0.0333371291
160468566.1178059280 0.0339292020
155783849.0615965724 0.0340379311
161025458.6378647983 0.0349833846
155702589.0690913200 0.0337593724
190938119.9660211802 0.0278808135
156054179.2234607637 0.0333380470
190530998.8210183084 0.0279947346
156013657.1310496926 0.0335192940
190165877.4331469536 0.0280127115
204161481.4801370800 0.0307049460
155949608.5370999575 0.0336059961
160084779.1361589134 0.0342396662
156132704.7767373621 0.0332695825
157864156.0235468745 0.0334178990
156247746.8245648146 0.0337002104
204491951.6833890080 0.0309709945
156555791.0745105445 0.0336495789
156051526.0346980691 0.0343491101
156641446.6090774238 0.0335618348
157356990.8891837895 0.0327217845
155982051.4682485163 0.0335813980
159242245.5637941062 0.0345465212
156420686.7859082222 0.0336018045
155562199.0917023718 0.0335888252
155512012.7712328732 0.0336199317
156280158.5964539945 0.0335565414
159859904.3950373232 0.0345684262
156485776.3541237712 0.0334732741
157624389.5508743227 0.0342489119
156272764.9635902941 0.0333595070
156172312.0468667448 0.0341490408
155669881.0197831690 0.0336724507
156251057.2649190724 0.0339390815
155845328.4116355777 0.0336089753
155938137.2052784860 0.0335109559
155596368.2538001537 0.0335589792
160421968.0463427007 0.0332947806
156140619.1572144628 0.0335393704
157129758.5375131369 0.0339574339
156544810.4295150340 0.0338064586
156143141.5913161337 0.0333691273
156376259.5567929745 0.0337970154
157181980.8639232516 0.0329806070
155878623.2599177957 0.0339423986
156203575.0418777466 0.0326932126
156006272.8396084309 0.0336086787
156238803.4579671323 0.0329305308
155780305.6501359046 0.0336862715
155839681.2392029166 0.0335317854
155769190.3761750460 0.0335652291
156780807.0823777020 0.0339726645
155677947.6235698164 0.0335716238
156194943.0364480913 0.0338659722
155567478.0288280845 0.0335765335
159378640.2822043598 0.0328596012
156607899.4297887087 0.0332932382
156472558.3828401268 0.0343838099
155581946.3482542336 0.0335444579
156588418.0777931511 0.0336365417
155548031.9435162544 0.0335535307
159613450.8930772543 0.0331046942
155695288.0879775286 0.0335085186
156120962.8841606677 0.0331105591
156555970.0600261986 0.0333817644
159952108.5652384460 0.0332592570
156126863.0739901662 0.0335115552
156340049.7654063106 0.0328053632
155703489.4180787206 0.0338257875
160303041.1699602902 0.0332302830
156461993.2821189761 0.0335156589
160410801.9019596875 0.0333624880
155979203.8389167488 0.0334274650
155566781.0760250092 0.0336030759
155720494.2105827332 0.0336144596
156471684.5639792383 0.0335491481
156483897.2067113817 0.0336134831
155848747.9121785760 0.0332370724
156291642.5835678279 0.0334960747
155535382.1335057914 0.0336283609
155910221.8074997365 0.0336481533
156517482.9810018837 0.0336548811
156424970.4393108189 0.0337886864
155520634.8810962439 0.0336030623
155791660.5896460712 0.0337257951
156519057.5886841416 0.0336534074
155734429.1688197851 0.0334056431
156485047.3088301122 0.0336434046
156502947.2605987489 0.0334388747
155631527.4911352992 0.0336568125
156352459.7644552886 0.0335968401
155531365.6857979000 0.0336184235
156540509.7235187590 0.0335563804
155627933.3353850842 0.0336201487
155742097.0558548570 0.0337158822
156524264.0219000280 0.0335820078
156123074.8966311514 0.0338947249
155510816.1636447906 0.0335957668
155577759.3087284565 0.0335148995
156503205.3019577563 0.0335952985
156133015.0024248362 0.0336381080
156494507.4600612223 0.0335100006
155626836.8264793158 0.0336045308
156516115.9158920944 0.0335935180
156052186.4291466177 0.0336432960
156452782.0885196626 0.0335629594
155789010.5685452521 0.0336414859
156514589.0213802457 0.0335675771
156413292.9348787665 0.0335708538
155532633.2836035192 0.0336666050
156250369.1701311767 0.0336703535
155550672.4994805455 0.0336047828
155961249.3158584237 0.0335065479
155515612.9188512564 0.0335975991
156423371.2685681581 0.0335389300
156380933.7445234656 0.0335498718
156558839.9633445442 0.0335888586
155623063.0555183589 0.0335453760
155530731.8287213743 0.0336031708
155620574.4103844166 0.0336027031
155521309.3051701188 0.0336035514
155670257.2703145444 0.0336056574
156544722.2437919974 0.0335742743
155638662.3684956729 0.0336337229
156497950.9493127465 0.0335903176
155598538.5314870179 0.0336033183
155588146.3913469613 0.0336109666
155662839.4414357245 0.0336645813
155518664.0343140364 0.0336129837
155851402.1582313776 0.0336930708
156476183.8228104413 0.0335842658
155848488.5730266571 0.0336258321
156511617.5418429971 0.0335760481
155521168.2238792181 0.0335972985
155636154.5754523575 0.0336250781
156310110.7309836745 0.0334888433
156482673.7673898339 0.0335765295
155775965.4491044581 0.0336324722
155600599.5226676464 0.0336152023
156547475.6709675491 0.0335503613
156401619.9480492175 0.0335696624
155807909.7867143452 0.0336786420
155565313.2374809980 0.0336117436
156370032.2720355690 0.0335802319
155619547.0177082717 0.0336083410
155625939.0449911356 0.0336154256
155580099.6815670729 0.0335995630
155544314.4927280545 0.0335961968
155508787.4238050878 0.0336315079
155501701.4356566370 0.0336367024
155507304.0885828435 0.0336549636
155497622.7377928793 0.0336212143
155604719.3881100416 0.0336124977
156550379.6890655458 0.0336121660
155532204.7414207757 0.0336254035
156514674.9959731698 0.0336167150
155536053.5779939294 0.0336408335
156540145.3446766734 0.0336154920
155682889.5732640028 0.0336601252
155500717.8534911275 0.0336282340
155640249.3026962876 0.0336141867
156529843.2977482677 0.0336140205
155678068.5082010031 0.0336781795
155526016.0352011025 0.0336230376
156459537.1798607111 0.0335789084
156545820.7811317444 0.0336167326
155570560.8458857834 0.0336359126
155517586.4672399461 0.0336225660
155579525.7145392895 0.0336461174
155489127.0959041715 0.0336190869
155584858.1062184870 0.0336344451
155496941.1027823687 0.0336201155
155628702.2669034004 0.0336545722
156490896.6740027368 0.0336094173
155518731.2824925184 0.0336248901
155487768.5346758962 0.0336218266
155512418.8294504881 0.0336524034
156536425.8816549480 0.0336319479
155598646.4878660142 0.0336443685
156531006.2913450003 0.0336125141
155590753.3100182116 0.0336343525
156539853.3664070070 0.0336279177
156432657.2874293327 0.0335917790
156539937.1034561694 0.0336109926
155605241.8015708923 0.0336628822
156538132.4794773757 0.0336280191
155514724.5998797119 0.0335943021
156496838.8217521310 0.0336162255
155636214.5383040905 0.0336689580
156480803.4893463254 0.0336235050
156541281.4411406517 0.0336233993
155495833.0095486939 0.0335935622
156519153.1117037237 0.0336187221
155528163.0108951330 0.0336301506
155486596.4011772573 0.0336157623
156533391.5923845470 0.0336296897
156534133.0443238616 0.0336161920
156542558.3209773600 0.0336108122
156534019.4082846940 0.0336197407
156528668.4305372834 0.0336199496
155493111.8369522393 0.0336208194
155590090.8513158560 0.0336416481
155530412.9748297632 0.0336229933
155555545.8384295106 0.0336235114
156539521.9016250968 0.0336147230
156535506.6594290733 0.0335994885
156528906.0401887000 0.0336123217
155588684.5732195377 0.0336389361
156527550.7621918023 0.0336104334
155537199.9578580558 0.0336337914
155494310.9844312966 0.0336182213
155534482.9840963781 0.0336022966
155488505.8128377199 0.0336176199
155491696.9595593214 0.0336017618
155491184.9997520149 0.0336183959
155493611.9003793895 0.0336269075
155490273.4952268600 0.0336187402
156534299.8566395044 0.0336035332
155500287.2982075512 0.0336178178
155507644.5692020059 0.0336138149
155493232.4425999820 0.0336194666
156516916.5059116483 0.0336152166
156531130.6207929552 0.0336154940
156541215.8296889663 0.0336145691
156533890.1237457693 0.0336194667
155487452.0937471986 0.0336146126
155503381.4371924698 0.0336203146
155486047.9740898311 0.0336163317
155519794.6852761805 0.0336294818
156538286.5476618707 0.0336132251
156521529.1664977968 0.0336102459
156541502.7307803929 0.0336162380
155490960.5888775885 0.0336047792
155489426.5304044187 0.0336168400
155506116.6554991901 0.0336201767
156540323.0724507868 0.0336130755
155505546.8086830080 0.0336273917
155486462.3202250600 0.0336159669
155498933.2485552132 0.0336236156
155486422.5158010125 0.0336184768
156530572.0998841822 0.0336205268
155486678.3305061758 0.0336156200
156543369.2446464002 0.0336104758
155486441.7734780014 0.0336157837
155504393.4449824095 0.0336116261
156539955.5170477629 0.0336159321
155491677.2816860676 0.0336197438
156540532.0582851470 0.0336151347
156535838.9854691327 0.0336208742
155486438.6531214416 0.0336169368
155503461.1350430250 0.0336139972
155495948.2787393034 0.0336106552
155490536.7640112936 0.0336134943
155487934.2403535545 0.0336167579
156540898.8023298383 0.0336163701
155486330.1561988592 0.0336161868
155487091.5105504990 0.0336185847
156534259.6859371364 0.0336146246
155505395.4557349384 0.0336181806
156536016.5114749074 0.0336147468
155505227.4814227819 0.0336236559
156540383.3478329182 0.0336176829
155500894.1603286266 0.0336190755
155488463.9529048204 0.0336176497
155500277.4729923308 0.0336161321
155486346.4821144938 0.0336168863
155497603.4722627103 0.0336131754
155486803.8381302059 0.0336172446
156540690.2882591188 0.0336126502
156542589.2229986489 0.0336149792
156537441.0356503725 0.0336185943
155488764.8401976526 0.0336172732
156537257.4866070747 0.0336144228
156540269.8230373561 0.0336155468
155485946.4894733429 0.0336171446
156539465.6446621120 0.0336149451
155508100.0282492638 0.0336253613
155486483.6328977346 0.0336173659
155492334.0515089035 0.0336178420
155485652.2813549936 0.0336163658
156536350.6385173798 0.0336132607
155485887.1193517745 0.0336156484
155490864.1053970158 0.0336133920
155485815.3783298433 0.0336159296
155507345.5904668272 0.0336236252
155485613.4549092054 0.0336157027
155489373.7291014791 0.0336145029
155488862.6135793030 0.0336167608
156535876.9290810823 0.0336145766
155485747.8284853101 0.0336160390
156538585.7272578776 0.0336163455
156539319.8352751732 0.0336162094
155494434.8402835131 0.0336109639
155488443.4278674424 0.0336166331
155486079.6436659098 0.0336201614
155485877.8625545800 0.0336150990
155485885.8832738698 0.0336203980
155485286.3897531331 0.0336180505
156540138.4979736805 0.0336175750
155499866.5468690991 0.0336197436
155486606.7058749497 0.0336180935
155485846.7829182148 0.0336163896
155487611.4083275795 0.0336186708
155490498.7875943780 0.0336202111
155485733.6972874701 0.0336182306
156538503.2730702162 0.0336199619
155487275.3184828460 0.0336181375
155488277.9159916043 0.0336168340
155485802.4198412597 0.0336179092
155486557.6027698219 0.0336179788
155485914.3507406116 0.0336176587
155488074.7393566966 0.0336191004
156538740.3833533525 0.0336164567
155490154.2268630266 0.0336194639
155484823.8412831426 0.0336183174
155489497.0029732287 0.0336197546
155485268.1845920682 0.0336180517
156539958.2052842975 0.0336183109
155485626.9772989750 0.0336184978
155488922.4461730421 0.0336179741
155484938.4239685833 0.0336185630
155495444.8538535833 0.0336212075
155484968.9413428605 0.0336188950
155489389.4868381917 0.0336210580
155484554.6237673163 0.0336182730
155492535.3448535502 0.0336189802
155484417.6110179722 0.0336182862
155496661.7446893752 0.0336213748
155484929.4126182497 0.0336176809
156540467.2161992192 0.0336152412
155485236.5651434362 0.0336182519
155485265.2674251795 0.0336152750
155485157.0430658162 0.0336183948
155485258.7376686633 0.0336152726
156538938.6857516766 0.0336175760
155495657.8773315847 0.0336199754
156537982.0879023969 0.0336148072
156540049.8935008645 0.0336165467
155484909.7536372840 0.0336182175
155484312.9851014912 0.0336196026
155484615.0513968468 0.0336198239
155486402.0466580689 0.0336208097
155484572.8693994284 0.0336197268
156527784.5812174082 0.0336168692
155484330.6369999051 0.0336195133
155491533.6390604675 0.0336207581
155484729.7727178633 0.0336198938
155486355.2179962695 0.0336197739
155484717.1807100177 0.0336197398
155486832.7384101450 0.0336209133
155483980.2399383485 0.0336198092
155486210.3916494846 0.0336209237
155484212.3537214696 0.0336199061
155489549.0002641678 0.0336213113
155484310.8393752575 0.0336199622
155487974.3811447322 0.0336204664
155484113.9818201661 0.0336196605
155491950.1823072135 0.0336215493
155484302.5863481462 0.0336196283
155487089.3479244113 0.0336215151
155484099.0463828743 0.0336197548
156527764.3008910418 0.0336168112
155485093.2991820574 0.0336198025
156527260.9121053517 0.0336168523
155484243.7639671564 0.0336196718
156527261.5629073679 0.0336168962
155484417.7167171836 0.0336196734
156527987.6709163785 0.0336169910
155484445.3739557564 0.0336197966
156527260.5212282240 0.0336169072
155484900.7541458011 0.0336197650
156528559.4254575074 0.0336170867
156535249.3895362914 0.0336184480
155484329.7363678217 0.0336198576
155487402.8318433762 0.0336201115
155484778.8059538305 0.0336198683
155485673.3602474034 0.0336205560
155484589.2429592609 0.0336198913
155485455.8646195829 0.0336194913
155484785.3117758334 0.0336196927
155484702.7347610593 0.0336200228
155484769.0427888632 0.0336198020
155484515.0599891543 0.0336199339
155484042.7099941969 0.0336197382
155485267.6159090996 0.0336203632
155484729.3503396511 0.0336196329
155485057.8650090098 0.0336198326
155484087.8010857105 0.0336199074
155487640.0196344852 0.0336207732
155484791.9806379974 0.0336199131
155485042.5571958423 0.0336202393
155484023.5587214530 0.0336197285
155486333.3420225084 0.0336203105
155484404.6041263044 0.0336199661
155486452.1108022928 0.0336204118
155484317.2582109869 0.0336200741
156536427.6848331392 0.0336187051
155484167.3775685430 0.0336199843
155484964.7080596089 0.0336202208
155484319.4053708017 0.0336194629
156536328.4385104477 0.0336189030
156539133.9467274249 0.0336193561
155484871.8611178100 0.0336199253
155484849.4579584599 0.0336197890
155484403.4614468813 0.0336197471
155484844.5472070575 0.0336197956
155484559.8348676264 0.0336199118
155484846.5896543860 0.0336197765
155484875.3557811677 0.0336200127
155484090.9237790406 0.0336198321
155484291.8848259747 0.0336200029
155483956.2305303812 0.0336198099
155484208.4827765524 0.0336199348
155484852.6428510547 0.0336197608
155484441.7456623614 0.0336198539
155483975.3937104046 0.0336198125
155484275.8586911857 0.0336198440
155484041.9170277417 0.0336198295
155484266.6179442406 0.0336197672
155484114.8258773088 0.0336198450
155484662.9670423269 0.0336197746
155483999.4413285851 0.0336197827
155484859.6367839873 0.0336197773
155483933.2743341029 0.0336197835
155484097.9978604317 0.0336196666
155484692.6380535662 0.0336198058
155483966.4628012776 0.0336198504
155484008.7213992476 0.0336197651
155484341.4196271896 0.0336197717
155484245.6567442417 0.0336198484
155484390.7244513631 0.0336198512
155484849.2888216972 0.0336197947
155484546.7937170863 0.0336198066
155484032.7437719107 0.0336197960
155483938.3579611480 0.0336197831
155484865.2698241174 0.0336198112
155484843.2357481420 0.0336197520
155484018.8139839470 0.0336198559
155484853.9895456135 0.0336197814
155484849.9094529152 0.0336198265
155484854.2298768461 0.0336197546
155484554.5523066819 0.0336197564
155483954.1781193018 0.0336197956
155484293.0940964818 0.0336198624
155483943.0321030915 0.0336197992
155484608.7235103846 0.0336197496
155484824.3093789518 0.0336197784
155484735.0627740324 0.0336198438
155484003.0667922199 0.0336198081
155484882.4352473617 0.0336197195
155484864.7675951421 0.0336197779
155484084.4580819011 0.0336198136
155484004.7878090441 0.0336197960
155483985.0084061623 0.0336197979
155483932.6900269687 0.0336198098
155483940.5204650760 0.0336198067
155483959.6244147718 0.0336197989
155484464.0690417290 0.0336199588
155484865.8140942156 0.0336198070
155484707.8081872165 0.0336198097
155483924.4994129539 0.0336198343
155484855.9304145277 0.0336197623
155484836.7109508216 0.0336198323
155484140.8063439429 0.0336198561
155484843.5756971240 0.0336198510
155484823.4054902196 0.0336197905
155484867.1238396764 0.0336198218
155484826.3978157938 0.0336199190
155483932.5744646490 0.0336198418
155484830.5872321129 0.0336198135
155483992.5493546724 0.0336198384
155484054.6395804286 0.0336198820
155483951.5076077580 0.0336198329
155484772.1073779464 0.0336198030
155484834.0363407135 0.0336198277
155484002.6180913746 0.0336198693
155483956.1815811694 0.0336198390
155483939.0369176269 0.0336198450
155484831.6122513413 0.0336198218
155484069.5781879723 0.0336199295
155484833.7595551312 0.0336198278
155484095.9450201988 0.0336198729
155484810.9156647921 0.0336198108
155483953.9296676815 0.0336199073
132681460.0000000000 0.0336199073 0 0 0 0 0 0 0 0 1 0 0 0 0 0 0 