809771722.8775207996 0.0000009890
757761734.9945333004 0.0000003415
763720264.9111318588 0.0000000584
810702365.1407824755 0.0000000015
801249540.2892069817 0.0000000969
885640967.5388643742 0.0000000164
802668692.7165079117 0.0000000007
762880104.8964802027 0.0000012535
778244704.8271218538 0.0000000025
869459346.4507713318 0.0000000007
774976698.9461700916 0.0000004952
723448059.9397664070 0.0000000479
753247045.5989943743 0.0000000568
717410256.9838788509 0.0000004368
719278187.9735487700 0.0000018952
665548762.6274940968 0.0001935371
756687334.1542379856 0.0002881178
615666039.3122370243 0.0002423362
573566432.4076027870 0.0003278990
569201341.6354421377 0.0015107019
532454195.5801368952 0.0024014449
520097899.9479511380 0.0025066601
586167144.6038153172 0.0000011896
511491856.3638578653 0.0029161893
504977617.0135828853 0.0020973375
518319237.7242742181 0.0000164781
611258164.2559098005 0.0003816646
511179494.9454117417 0.0000839685
549434721.9736281633 0.0001165847
531256604.7167039514 0.0000009580
495613620.1238111854 0.0044812273
414499754.0099380612 0.0281159775
325967894.3707151413 0.0436959841
289284651.7615455389 0.0439267000
275987695.0348760486 0.0629162163
281448885.2185597420 0.0585902187
297349084.5605900288 0.0455608994
288498421.4995833635 0.0503437877
356788994.0228132606 0.0307023210
287750086.4019927382 0.0429740302
307157654.6863034964 0.0336249412
312697110.2575410604 0.0487901807
317820503.7369930744 0.0353344453
295635344.2385687828 0.0559225678
265715018.7525742650 0.0460429686
266509805.9780724347 0.0417363444
318207941.0047267675 0.0203460433
266030154.1714536250 0.0455598100
252015019.9651928842 0.0597188179
258307575.8490509391 0.0553971220
195828566.0587985814 0.1556406385
210441942.2107629180 0.1124202910
279031713.5199128985 0.0513210607
225803401.5296139717 0.0764040192
229491796.8547205329 0.1153993542
213203094.4783858955 0.1176439618
233663072.8319907784 0.1048485503
194612394.1478019357 0.1663031189
240879516.9925850630 0.1147699603
211695709.8687974811 0.1240197592
175305067.2467991412 0.2339483385
179576474.1732131541 0.2140536571
206317292.0042721331 0.1551183721
183926513.3129981756 0.2154865716
223954669.1728870571 0.1993394567
175064589.0279751420 0.2366150820
212927417.3379603028 0.1570312229
169068036.6388660371 0.2556669320
188805232.9026009738 0.1797549119
182694777.9739367068 0.2301898773
183201340.3764293790 0.2540868367
175963648.0518244207 0.2380212294
205659906.0190656781 0.1265288375
171005127.2848786414 0.2505154024
161570419.0369751155 0.3128821840
176600306.3665499091 0.2665534807
251068847.0647747815 0.0975849542
168684008.6599868238 0.3088644435
190823657.3397113681 0.1506128248
172551553.9847122729 0.2500004279
187175105.0050261319 0.1852799624
165186164.7261127234 0.3144326688
209304444.9860200584 0.1226644079
160423086.8242959678 0.3174189614
288933778.5390637517 0.2027965099
166251452.3175071180 0.3032414182
281524877.7206269503 0.0841117598
163044242.1380791664 0.3155166792
198347190.4329424798 0.1576062265
154492806.5021588206 0.3544770500
169418977.6107337177 0.2358283101
167448921.8193515241 0.2871037444
211462570.7262727320 0.1977405827
156048652.5339103937 0.3536832626
171587443.2334240973 0.2908502294
148710819.8563785851 0.4025959073
159207758.5378423333 0.3918323982
152281329.7381855845 0.3487046265
180403373.2263200879 0.2248947540
150947245.5384832919 0.3711179103
176170226.3024474978 0.2012706564
144075464.5223984718 0.4206822801
176752980.8338866234 0.2166860542
142890578.0760087669 0.4586786881
190611761.4819017351 0.1517179676
147606154.5584680736 0.4319652141
183270060.1870015264 0.3855727364
143846208.7173605859 0.4149020028
146715348.7026516795 0.4145703929
143393716.5485311747 0.4346629892
154618515.5638220608 0.3645001539
138883220.3635295928 0.4718850731
165579054.7756381333 0.3195480822
139585688.1754060984 0.4726606154
176632659.7223816514 0.2692097454
142222018.7735398710 0.4581525620
184223386.7215949893 0.2527118907
147892363.1166739166 0.4407196431
180506670.7624601722 0.2810160933
155145148.5368017256 0.4086589979
262118456.7403801084 0.2418429118
139957172.5365840197 0.4624341130
194957170.2217961848 0.1889994183
140779067.6092924178 0.4499820717
194619139.6496766508 0.2152188967
142213371.2940579057 0.5221994593
192393906.2352692187 0.2926507301
140235367.7554350495 0.5130744047
213157717.5245229304 0.2090237380
140846246.6301697493 0.4960103456
176968574.6495887041 0.3254586647
141042008.7670404613 0.4488832780
194117657.6270532012 0.2531630414
214981618.5504784882 0.3297063795
137007722.0819410682 0.4569516722
137006430.5683646500 0.4538328614
128063461.6545249671 0.5473966632
141668597.7687600255 0.5152258878
147608452.6441474557 0.4299408337
130339237.0363768190 0.5630834788
119286677.5309201628 0.6034671280
122202888.8584780097 0.6171993603
148366846.7285220027 0.5321437914
120164029.2831340730 0.5982930836
125431245.0086698830 0.5940040915
134458131.7229455709 0.5962567583
123754635.1985971183 0.5485917359
136948668.6728855669 0.5929302585
132289199.1369096488 0.5423920986
120449530.5048441887 0.6095547022
133499664.4058696181 0.4873522178
119179911.2168143243 0.6057803514
124884189.1516069621 0.5565476897
121576252.1621421129 0.6190405820
127766053.0653737038 0.5509825118
120800969.0834191740 0.6215363756
120963324.2431457639 0.6117375193
137365924.8105218709 0.5794528869
129063644.4428507686 0.5164635811
136470834.8062327802 0.5909563430
115889562.9573941529 0.6536693092
115936555.9818197489 0.6544417901
135333037.9985110164 0.5767558021
115773234.1505501866 0.6482821582
118215211.2634695768 0.6973888768
120658016.9050360322 0.6119752450
121716678.0642506629 0.6342950027
117937527.3620094210 0.6320309232
122036856.6989921480 0.5955628658
121534805.0513639003 0.6145997497
126838912.4668986499 0.5637532056
119666064.7538313121 0.6394747024
131203861.5909237266 0.5550242734
117116152.4672155231 0.6751298057
128115185.2706911117 0.5413964826
115865577.1597239971 0.6469197747
136611973.3538092077 0.5043111353
120261272.8160023838 0.6392030576
131228781.7207547575 0.5550329857
121485494.4559020549 0.6085816302
132108684.4694423676 0.5735476121
120297387.8642957211 0.6469834878
135375544.6729061902 0.5558990624
119119095.6290149838 0.6407953313
126396952.3784165233 0.5423765819
118359239.9807839394 0.6323230121
162217654.5435411930 0.4750808229
116608462.6201330572 0.6658957252
129193558.8214550316 0.5451586416
119001951.0874818712 0.6412052342
130483261.2656229138 0.5883959609
117894156.9575896412 0.6246501501
126471279.0767890513 0.5889819297
116802890.2736054063 0.6693671901
138086516.5376440585 0.5277166184
118414546.0831041038 0.6297957146
116598082.8304457217 0.6405344709
117179320.0869106352 0.6763187604
124425632.4877470732 0.5923252334
115888091.1747128963 0.6491313463
116452006.9773170948 0.6631551059
116240894.6380450875 0.6595317158
136956315.8004093766 0.5883790005
118586124.2557743788 0.6132239527
121262313.2644023001 0.6000057837
116723357.3649478853 0.6679378675
121002655.9488752782 0.5973529645
116638941.1214931756 0.6664348733
119101458.6754549742 0.6040940278
118543506.1503823996 0.6146255529
166045942.9693861008 0.5140484451
115754878.9337106645 0.6514742999
117596745.4549134672 0.6387021891
115786671.8593625724 0.6488868634
118249547.2609339952 0.6378860742
115791560.4206341207 0.6478858799
118027262.0938482285 0.6419795481
116019313.0693614930 0.6558104581
120203077.9193986058 0.6465527770
116168673.6323292255 0.6583095583
116066664.8877268136 0.6565987801
115871959.0882295668 0.6533806420
119044772.7710682452 0.6387333781
115829078.4629455060 0.6526799792
116213452.7420422137 0.6590659412
119368161.4770377129 0.6436892992
116350256.0130482465 0.6613992017
118958949.1350634247 0.6436807778
116496381.2446135134 0.6639285579
115894276.8679559380 0.6537464031
116031820.5465180725 0.6560184260
115686621.8330913335 0.6503724726
117064135.2875287980 0.6741574659
119636580.2210982144 0.6466938987
117108405.3037523627 0.6749842072
115844118.6739342809 0.6529254002
118808204.8224987239 0.6457701696
115773987.4468289018 0.6517839558
117268406.5780353397 0.6320425926
119609631.2835647017 0.6473686534
115891582.0919455588 0.6537020217
115665259.7470607609 0.6500291708
117066823.3127675205 0.6742075772
115836021.8712996691 0.6495124132
116135960.2473463714 0.6577590681
115722792.4962260723 0.6509555949
116134440.7258876413 0.6577334878
115819617.2841511667 0.6525258377
115870966.8694450706 0.6533644896
116025016.2958499491 0.6559052688
118466281.0792282820 0.6317899511
115814837.0074407756 0.6524480810
120447364.1983027160 0.6162853127
115705452.4061118811 0.6506758045
117371514.8890614063 0.6361713570
115737506.2446818799 0.6511932960
116497532.3698823899 0.6639486156
115989139.9504730999 0.6553101156
120523343.0660417378 0.6167033842
115730949.1267052442 0.6510872909
120408442.9655802846 0.6166198752
115817791.3689017296 0.6524961183
120373572.8581558913 0.6160829478
117182756.5716835856 0.6338435030
115755629.9928933084 0.6484949713
118504836.9087972492 0.6429097725
115713180.2680882365 0.6508004363
116106831.6541621536 0.6572704391
115736872.5303156525 0.6511829901
116276076.2867830396 0.6601299094
115696688.5184692293 0.6505346097
117712623.3563128263 0.6365695556
115678497.1012375504 0.6502419010
119033736.3499879390 0.6457109935
115685857.3003872037 0.6499005554
118777909.2266173363 0.6448727074
119607186.0752851665 0.6465026382
116620276.6499995589 0.6661042504
115898389.2327393889 0.6538139635
118858501.8309591860 0.6448653788
115664406.4587392658 0.6500154691
118667384.5910076797 0.6404425122
115774282.1711374074 0.6517888159
119490202.5675625354 0.6437752702
115828429.6127539426 0.6526694910
116202459.8958880305 0.6588800155
115670659.5797991902 0.6497844533
116629752.0755135268 0.6662722352
115686589.3275472671 0.6503720509
116207336.1569984108 0.6589624771
115677224.3958897144 0.6502214262
118744119.6555380523 0.6416141654
115746943.2884206474 0.6489527325
118719644.9740501940 0.6415206614
115850389.9229107499 0.6495159984
118803313.3232898563 0.6419732857
115781143.3379107267 0.6483768274
118942834.1915655136 0.6424309689
119206404.0630466491 0.6472467778
120168560.5801019967 0.6479843436
119005950.1611589342 0.6456885479
115689718.7002191395 0.6504224142
119366776.3964851052 0.6478596149
115693304.9913664907 0.6504801404
115823073.0916841626 0.6494067398
115686563.8638696671 0.6503716349
116190650.9074341953 0.6586803295
115674333.3868583590 0.6498643533
115964744.8777891099 0.6549066301
115700727.7429822981 0.6505996804
115920974.0920771807 0.6541851581
115833082.0136933327 0.6494686107
115765265.5489019901 0.6481928470
115743549.3145205677 0.6489924134
115664224.2930387557 0.6500125660
115764709.6002128869 0.6482794769
115776283.7140522748 0.6518213326
115822564.1605050266 0.6495084636
115770207.9411485195 0.6517227532
115786918.4945168644 0.6492965501
115754960.9428372085 0.6487877161
115712078.5219064355 0.6507826946
115862371.3088967502 0.6532238286
115745353.3333271593 0.6513201951
119406824.4005990624 0.6433955676
115723582.9157258868 0.6509683448
115795452.4270346761 0.6494185549
115759198.0820177794 0.6515443263
116175213.7990660518 0.6584197818
115794110.9822205603 0.6521108248
119496983.8183092177 0.6463329729
115856377.7783962786 0.6497513230
116035133.4956080616 0.6560735161
115756795.2570376098 0.6515054221
115783286.3379465640 0.6482391164
115663606.6520169079 0.6500026543
119628898.0986301154 0.6458990386
115751406.6240319163 0.6514181735
116165534.2260252833 0.6582567060
115673974.1564569771 0.6501691912
119761729.0830588490 0.6468150720
115752149.7920593321 0.6483204823
115673284.3153923154 0.6497916211
119254028.9523134679 0.6443395670
115681341.2718059719 0.6498821702
115877472.8513211310 0.6534710121
115697340.3067589104 0.6505451608
115723817.2040719092 0.6490286001
115663594.2675014585 0.6500024543
115772004.3696206957 0.6486373463
115687732.8770800978 0.6499210449
115795672.8682462126 0.6493008189
115674691.4775328487 0.6501807295
115750450.5844731033 0.6491575658
115734244.8479365855 0.6511405731
115739927.4608802050 0.6485202104
115666444.6123514175 0.6500482275
115794192.6838260442 0.6494169779
115698857.2287943363 0.6505695714
115876734.9635983706 0.6534589154
115676130.3036259413 0.6502038575
115785948.3646148741 0.6519782390
115708369.0647968650 0.6507228739
115862506.5356118679 0.6532260644
115681911.0283731371 0.6502968088
115799005.4073145390 0.6521903825
115700807.0703364462 0.6506009952
119218112.9213241041 0.6442542034
115694426.6127749830 0.6504982185
115759723.4666378349 0.6515528461
115819554.8442007154 0.6495212698
119637861.7523161620 0.6470956621
115826513.1360070854 0.6495249584
119884476.9959604889 0.6478669115
115698843.1130071580 0.6505693425
115673483.7841203213 0.6501613217
115761401.3570016325 0.6483851234
115688288.2195948362 0.6503994073
115742210.2868103385 0.6512693453
115669533.2531970292 0.6498178681
119758445.4611487985 0.6478967808
115689478.4457596242 0.6504185605
115769275.7128943950 0.6517076611
115836724.6740577966 0.6495588862
115669700.8252081126 0.6501005317
115673268.3225881010 0.6498375477
115664007.6142126024 0.6500090902
115666553.5306932032 0.6499534049
115674303.0179061592 0.6499960651
115722526.5007567853 0.6509512953
115677425.3671756834 0.6498606984
115679930.1501110345 0.6502649551
115671637.9070735574 0.6501316568
115670605.3732211292 0.6501150626
115671660.9788670242 0.6501320264
115844038.5451509804 0.6496383359
115670069.4803238511 0.6499721391
115695161.2656666487 0.6505100533
115694985.7535206676 0.6505072298
115691694.2290836424 0.6504542314
115670347.2312691808 0.6501109180
115673023.7118160129 0.6499878039
115671125.6482809037 0.6499780589
115675679.7800631374 0.6497962948
115687667.2528989762 0.6499198052
115683922.0040712655 0.6499006758
115665647.9629122764 0.6500354334
115676502.9682632387 0.6498539846
115667559.4353859127 0.6500661330
115668421.8872666955 0.6500799899
115672429.1185653955 0.6499854054
115676171.5839713216 0.6502045214
115663886.9402196258 0.6500071537
115669278.3729093075 0.6500937470
115663618.8790790886 0.6500028500
115772781.5760777295 0.6492178887
115667189.7780179381 0.6500601973
115690503.9134198576 0.6504350724
115665005.8372306973 0.6500251212
115694207.1916932762 0.6504946868
115670678.0280699879 0.6501162328
115665223.7743315250 0.6500286254
115664335.6588654965 0.6500143592
115770504.2390904576 0.6492102165
115663568.2701749504 0.6500020369
115683234.1693211049 0.6503180919
115682539.3653021008 0.6503069187
115669498.5010006130 0.6499687400
115664109.0004688650 0.6500107186
115668778.7978944629 0.6499642461
115665427.4360896349 0.6500318917
115668083.1870260388 0.6499608777
115667767.8112256974 0.6499589378
115676246.1769683510 0.6502057210
115664484.3676772714 0.6500167466
115675980.2448892593 0.6502014481
115671142.9130565971 0.6499780663
115671030.5244021118 0.6499763697
115663432.9175768793 0.6499998633
115673016.0194381922 0.6499884189
115685098.7509714961 0.6499042055
115673375.8684131056 0.6499903712
115671827.9354841411 0.6501347092
115672579.9048292488 0.6499858817
115664646.3826795965 0.6500193486
115672224.6667795777 0.6499838915
115671813.8384973258 0.6501344837
115674457.2109643966 0.6499964064
115669968.2806966007 0.6499711441
115673953.1456969976 0.6499935576
115665829.1456136107 0.6500383421
115664423.3178325593 0.6500157663
115669998.6134830266 0.6499712286
115663589.4986715466 0.6500023773
115673501.9060149938 0.6499912442
115663536.5529143661 0.6500015272
115672600.1200328320 0.6501471196
115664122.2987222224 0.6500109328
115670570.7376716882 0.6499740465
115663561.7553147674 0.6500019319
115664013.9433008730 0.6500091925
115664202.0529478341 0.6500122132
115665178.8295851350 0.6499443136
115672354.1140238196 0.6499844515
115666796.4110881239 0.6499538182
115671943.0938337594 0.6499822668
115671055.0757570416 0.6499775737
115663939.3112109154 0.6500079944
115666299.6780058444 0.6500458985
115672283.9906595647 0.6499842024
115671506.3766140342 0.6499800220
115664210.2956726104 0.6500123457
115664643.9254752547 0.6500193090
115663888.3397250324 0.6500071762
115671811.7358464748 0.6499816012
115672292.6520906687 0.6499843287
115665010.0096636415 0.6500251882
115672172.2944559157 0.6499835674
115671439.8270968795 0.6499793920
115664038.9267778695 0.6500095938
115666584.0102660805 0.6499518735
115673149.5171146989 0.6499890835
115664351.5486668050 0.6499395584
115663971.6358229667 0.6500085133
115679863.4180200696 0.6498747011
115663994.4302523434 0.6500088796
115665508.7771563977 0.6500331975
115664034.7217852324 0.6499378828
115663618.7752490640 0.6500028475
115669991.7321192026 0.6499713245
115663567.1498930305 0.6500020185
115664432.3825122565 0.6500159116
115663435.4479280263 0.6499999038
115667134.9699303210 0.6500593150
115663624.5552113950 0.6500029403
115664239.8105320781 0.6500128199
115673439.3814502805 0.6499905841
115673828.4491236955 0.6499929202
115665481.4338461757 0.6500327585
115663814.0582271963 0.6500059832
115664686.2987256199 0.6500199895
115663427.3220995963 0.6499997734
115672460.7919843793 0.6499852248
115674202.6304980069 0.6499950274
115674469.4406860769 0.6499965311
115663543.0658577681 0.6500016319
115672831.7625960857 0.6499872604
115674788.0985182375 0.6499983076
115674503.8832385540 0.6499967235
115663656.2291773707 0.6500034490
115664482.9219344705 0.6500167232
115673841.7603225410 0.6499929494
115663631.3497336805 0.6500030494
115674659.4522478580 0.6499975662
115664052.1792618781 0.6500098068
115674960.2860299796 0.6499992761
115664377.2220907658 0.6500150262
115663879.5567678064 0.6500070349
115674482.2823499590 0.6499965222
115674465.1566598862 0.6499965073
115664502.1086882055 0.6500170316
115663559.5131231248 0.6500018959
115664174.4882819802 0.6500117705
115663634.5797709972 0.6500031012
115674889.8227091730 0.6499988441
115663970.6903707534 0.6500084982
115663475.4667781889 0.6500005466
115663864.4665330946 0.6500067925
115663519.8362746239 0.6500012590
115674463.4300549924 0.6499964788
115664695.5342090875 0.6500201379
115671545.4677238762 0.6499801194
115663419.6369100958 0.6499996501
115674730.1649447978 0.6499979753
115663666.3787958324 0.6500036119
115663439.0925266743 0.6499999625
115674975.3169131875 0.6499993330
115663438.3529736996 0.6499999506
115663559.6520874351 0.6500018984
115663429.0659248978 0.6499998015
115663730.1911319792 0.6500046366
115675006.8738471121 0.6499995246
115663459.2290978283 0.6500002857
115674706.0942401737 0.6499978406
115674561.3552547395 0.6499970337
115663608.6845818460 0.6500026856
115663847.4746730328 0.6500065199
115663653.6585008502 0.6500034077
115673348.1313590258 0.6499902149
115674231.6924576759 0.6499951735
115663935.9651081562 0.6500079406
115663684.8338569105 0.6500039083
115663649.8455955684 0.6500033465
115663474.2254840285 0.6500005266
115674732.6703306288 0.6499979198
115663586.1270601153 0.6500023234
115663996.6784210354 0.6500089156
115663490.6634656042 0.6500007905
115663832.1543779373 0.6500062737
115674941.4048703909 0.6499991637
115673802.2567233592 0.6499927550
115674835.9317974448 0.6499985685
115663466.9720833302 0.6500004101
115674872.4198079258 0.6499987890
115674867.6947099715 0.6499987444
115663686.9552832544 0.6500039423
115674662.8268026114 0.6499975896
115674904.7687861621 0.6499989622
115674969.4505557865 0.6499993164
115663734.1561428457 0.6500047002
115674987.8056242466 0.6499994301
115663542.7242781371 0.6500016265
115663466.7230581641 0.6500004061
115663880.5297725648 0.6500070505
115663451.1159792840 0.6500001555
115663651.8229614943 0.6500033782
115674984.2836692631 0.6499994005
115674432.4248590022 0.6499962909
115674872.3148110062 0.6499987751
115675011.9719759673 0.6499995422
115663475.1256408840 0.6500005410
115663450.6168583035 0.6500001475
115663455.0260387659 0.6500002183
115663543.8973147869 0.6500016453
115663427.9533484727 0.6499997836
115674634.3881208897 0.6499974333
115674793.8226984888 0.6499983354
115663699.4068658650 0.6500041423
115674684.6724001318 0.6499977257
115674985.8569360971 0.6499994111
115663556.2214107066 0.6500018432
115663434.8112863153 0.6499998937
115663461.0544707924 0.6500003151
115663431.3402215093 0.6499998380
115663438.1022144258 0.6499999466
115663421.9128185064 0.6499996866
115674977.8102160692 0.6499993596
115674926.7504572123 0.6499990776
115663575.5702365190 0.6500021538
115663423.9829191267 0.6499997199
115663435.1898014992 0.6499998998
115663447.5492453724 0.6500000983
115663516.1997396797 0.6500012005
115674957.1836235225 0.6499992475
115663498.0955979079 0.6500009099
115674964.8208226264 0.6499992885
115663479.0161569864 0.6500006035
115663426.0169855803 0.6499997525
115674985.7967706919 0.6499994036
115663426.4599500597 0.6499997596
115674932.7126640975 0.6499991118
115663479.1418735385 0.6500006055
115663439.0342872143 0.6499999615
115663477.5990454704 0.6500005808
115663443.9290785193 0.6500000401
115663455.2859912664 0.6500002225
115663416.6141634583 0.6499996015
115663539.8221684396 0.6500015798
115663427.7778624594 0.6499997808
115674872.7278305143 0.6499987778
115675005.7606985122 0.6499995212
115663527.3482363969 0.6500013796
115663439.7783686668 0.6499999735
115663467.0194472522 0.6500004109
115674990.1651432365 0.6499994341
115663526.1601044834 0.6500013605
115663429.5695255846 0.6499998096
115674868.5656270236 0.6499987512
115663417.2504467815 0.6499996118
115663459.7562782466 0.6500002943
115663433.6002589315 0.6499998743
115663481.1196078360 0.6500006373
115674981.0252318084 0.6499993839
115663434.4647395909 0.6499998882
115663437.0927093029 0.6499999304
115674934.9870321602 0.6499991264
115674968.0799020380 0.6499993093
115663540.5041566044 0.6500015908
115663445.8225481510 0.6500000705
115663431.2187368423 0.6499998360
115663418.1633831114 0.6499996264
115663478.9027523398 0.6500006017
115663416.5455496758 0.6499996005
115663420.1918454766 0.6499996590
115663416.2875931859 0.6499995963
115675000.7011566907 0.6499994943
115675000.6721358299 0.6499994934
115663431.9094783217 0.6499998471
115674997.4623337388 0.6499994748
115663434.2000536323 0.6499998839
115675002.7120632976 0.6499995050
115663444.4870033860 0.6500000491
115663414.6937427223 0.6499995707
115663418.4291637987 0.6499996307
115663429.6016962379 0.6499998101
115674966.5489072651 0.6499993023
115663422.5264566243 0.6499996965
115663433.0735165626 0.6499998658
115663414.8296321034 0.6499995729
115663427.6496616155 0.6499997787
115674977.3416102529 0.6499993623
115663466.0358297527 0.6500003951
115663417.0932630301 0.6499996092
115663425.9738059789 0.6499997518
115674971.2153623104 0.6499993289
115663464.3061105311 0.6500003673
115663427.4311636686 0.6499997752
115674983.7649492919 0.6499993975
115674999.0326905549 0.6499994841
115675008.6038438529 0.6499995386
115674991.7971605808 0.6499994450
115663413.8673446476 0.6499995574
115663449.7656272501 0.6500001339
115663416.7112370729 0.6499996031
115663430.7342079878 0.6499998283
115663418.9105027765 0.6499996384
115674997.3290642649 0.6499994747
115675007.3494109362 0.6499995323
115663416.2037537545 0.6499995950
115674990.7972677052 0.6499994389
115674997.6427338123 0.6499994768
115675009.0652643740 0.6499995416
115663418.8882279992 0.6499996381
115663413.8007129133 0.6499995564
115663443.6212104261 0.6500000352
115663419.2394117713 0.6499996437
115663437.7923116684 0.6499999416
115663416.1503712684 0.6499995941
115663418.2100385129 0.6499996272
115674996.4181050211 0.6499994700
115663413.8885945976 0.6499995578
115674980.8837915659 0.6499993827
115663414.3299276978 0.6499995649
115663415.1174788475 0.6499995775
115675008.0054925233 0.6499995354
115675001.0193566978 0.6499994962
115663416.0384207517 0.6499995923
115663419.5254053921 0.6499996483
115663415.2192137837 0.6499995792
115663415.8732438087 0.6499995897
115663415.1293920279 0.6499995777
115675000.7305420488 0.6499994944
115663415.9995521605 0.6499995917
115663414.5411051810 0.6499995683
115663413.5844716728 0.6499995529
115663417.6352907866 0.6499996179
115663413.2669131309 0.6499995478
115663416.4332627952 0.6499995986
115674998.6505114585 0.6499994825
115663427.4438322634 0.6499997754
115663414.1100379378 0.6499995613
115663434.7002841234 0.6499998920
115663415.8493913859 0.6499995893
115663426.9455077946 0.6499997674
115663413.2892383486 0.6499995482
115663415.3456764370 0.6499995812
115663413.0000000000 0.6499995812 1 0 0 0 0 0 0 0 0 0 0 0 0 0 0 