317586844.2114497423 0.0000849938
290655870.6997516155 0.0002895318
277752541.3118007779 0.0010669560
307224680.3255597949 0.0007906243
340910984.9262355566 0.0003086506
344817058.9478932023 0.0000806172
320908929.5806358457 0.0006659918
287852649.6186508536 0.0010041550
314916376.8568045497 0.0007157627
357360766.4663000107 0.0005017443
333020518.5095965862 0.0001773997
277027404.3040351272 0.0013325801
315958813.3995953202 0.0004784292
257585104.2119327784 0.0013616641
284402856.4477549791 0.0003125862
289472138.5913507342 0.0007258062
317070000.8987171650 0.0003095873
273690452.8107021451 0.0004958563
237939643.6882180870 0.0017935829
265621670.3458933234 0.0006574316
261574676.6236672401 0.0001836461
233748372.0151901543 0.0019135069
306678457.4858170748 0.0012758373
214200957.1326381266 0.0022875184
217971215.9575098157 0.0018094100
374562146.3379776478 0.0001430842
325056273.3094817996 0.0004841401
277955306.3784950376 0.0002854801
332083045.8960278630 0.0000000717
432799336.1576603055 0.0001013324
236339469.2054251432 0.0012193133
185535425.5306912661 0.0114908600
179632438.2067730725 0.0108879469
233914946.7455472350 0.0063395763
178830049.0894496143 0.0114949552
239592610.0008480251 0.0009839376
263526659.5652853847 0.0087349111
189841309.7283159792 0.0038145104
172277826.3006965220 0.0112799610
213932997.1546961963 0.0069182770
186313921.1521362364 0.0112478724
219751972.8308360279 0.0057673713
169313635.4379699230 0.0122205132
227559794.5549860895 0.0048731526
306823635.4004027843 0.0112225307
227122540.1394343078 0.0091160819
300689732.4771980047 0.0105593612
188407708.4215346575 0.0077151607
151961165.2557260692 0.0148221757
165341069.3216327131 0.0310539502
242084829.3109668195 0.0091242655
164325034.5736430287 0.0181825225
165721809.8618287146 0.0136736533
178208951.8980973661 0.0080028672
158861252.8755050004 0.0128633510
140576900.3280710280 0.0262770711
164776708.6683273613 0.0224148713
183069824.8111524582 0.0209237963
142826287.8974856436 0.0267091111
135674538.0737218261 0.0246397965
158071000.9843218625 0.0181774739
327029914.0390470028 0.0087531223
138520889.4039439559 0.0258824908
374462043.2448332310 0.0070554066
137924206.0495461226 0.0257680237
241944822.6060753763 0.0091121824
138405153.5832930505 0.0258603051
147755876.6856121421 0.0276572329
139061100.4140808880 0.0228342609
286379612.8923975825 0.0551230337
143430546.6969867051 0.0268251264
134871531.4673618376 0.0251830058
134286994.7729561031 0.0250710426
177700662.9761038423 0.0164365916
138823075.6381269991 0.0223576129
141861181.2567027807 0.0242319006
142846093.2525703311 0.0267128544
200704817.9287794232 0.0109747026
139768195.4386557341 0.0223852047
251015394.9295154512 0.0125839243
146565998.2671696246 0.0232820117
167176720.4447413981 0.0142859792
138693021.9020305872 0.0233262641
226116795.6438074112 0.0429855474
150598017.7286219299 0.0243049846
193065204.7431028485 0.0025100821
136356777.1906675100 0.0254675365
193074585.5279586613 0.0100139480
161079059.0219159126 0.0302289783
174028379.7969929576 0.0158107607
138978308.1611606479 0.0228472394
240605035.2994372249 0.0070513871
144137109.9907275140 0.0269609948
168000899.3938153982 0.0120606517
157266901.3733379841 0.0243252196
200771713.2739583254 0.0085787911
142845480.8778764307 0.0206540003
260005083.1664500833 0.0043626128
154612651.6336664557 0.0207276685
273456557.8355798721 0.0524932257
146303485.7008623779 0.0241056990
137660603.7614668608 0.0237535857
148164877.4997014403 0.0242059297
156141548.8516088426 0.0219114553
139326819.2908748984 0.0219717355
257253355.7658141851 0.0121039692
137215554.4714937806 0.0247664403
224253565.2721906900 0.0103880952
197215425.6414709091 0.0130888228
136374285.7738089859 0.0254709391
144917837.1125488579 0.0199676216
149042190.9698226452 0.0279048899
175634391.8651706278 0.0166063567
139916233.2518582940 0.0261502500
153834175.5418632925 0.0288287478
139822699.2998468876 0.0231483449
146849536.9488113523 0.0241026657
169409146.3058359027 0.0318439795
147406546.8990305066 0.0275899294
134251974.4997564852 0.0250643115
147683488.4768502712 0.0245538655
174900410.6769481301 0.0199442350
146303770.9302036166 0.0238830119
164514655.8568598032 0.0308943852
143068098.2323233187 0.0237167684
139248009.8040818274 0.0225127476
152856473.3117387593 0.0286401323
135526116.0744995177 0.0253083755
142025008.7524370551 0.0265551094
149928790.3215403259 0.0280756585
135228699.6362040043 0.0246925483
138391825.9137696028 0.0258577325
136376652.9959769845 0.0254713537
191943150.9006040096 0.0174520617
142674793.7759104669 0.0237312147
157042348.7341146767 0.0294483051
147118585.6637974083 0.0244052972
161054239.7226045430 0.0302241891
135040620.8806556761 0.0252153690
147021923.0608924329 0.0236831506
137394328.4020285308 0.0256664357
141154848.9343426824 0.0231839366
136626795.0746076703 0.0255192905
142373279.9661176205 0.0209251184
149571485.7166600227 0.0245425055
175021657.0397518575 0.0329351326
137722476.0348673463 0.0257293505
140904643.5403178632 0.0236343997
135779373.0351296365 0.0253568902
140028025.6999765933 0.0218547092
134690405.7469242811 0.0251482787
149632707.7726739645 0.0238146435
135491202.5158700049 0.0247843551
135260005.5977070928 0.0246943806
139164973.5538361371 0.0260060366
152899653.3755072355 0.0286484880
142916898.0175222456 0.0267264494
175811239.8194671571 0.0154609717
135611408.8955650926 0.0253247148
139128731.5732998252 0.0222018007
147896495.6458653808 0.0245203921
151691343.7850562334 0.0241261799
136777343.7001839876 0.0249331957
154366279.5432356298 0.0172373132
154184580.0759332776 0.0196304965
148171396.3883604407 0.0245732478
144819133.6776526868 0.0242553541
144494777.4906182885 0.0238523289
136534229.1032953858 0.0255015537
135158969.0819789469 0.0252380347
147208851.7351945043 0.0242322246
135327012.4014017582 0.0247804825
139764795.4208515286 0.0261211341
134808242.9363891482 0.0246653925
134083585.6499765515 0.0250320682
135705580.2752281427 0.0253427576
134099600.4240129441 0.0249616849
142549794.8524972498 0.0266559179
134060927.2804257274 0.0249531442
142495234.0880290866 0.0266454345
135538975.6279381216 0.0248151964
140045882.1266980767 0.0261750954
134552010.7280484736 0.0251217728
140315451.5652139485 0.0262268365
135708247.1955109537 0.0248301757
138745169.7974492908 0.0230252503
148484293.0846656859 0.0245335999
137184871.6874885857 0.0256262748
134176252.5193753839 0.0249733901
134155892.4681430012 0.0250459177
134048896.3813754469 0.0250254251
141808798.5787286162 0.0233642791
134243858.8198746741 0.0250627582
134977968.9557046294 0.0252033645
134623454.7334824502 0.0251354586
136901967.3343564868 0.0255720430
135205965.6962356269 0.0252470324
144323776.2403222919 0.0237419146
134757092.8608254194 0.0251610459
148236325.8781335652 0.0244852833
148094313.7116163671 0.0245856244
134801162.0742418468 0.0251694978
134250359.0186989903 0.0250640044
136250290.6424798667 0.0249103288
134663255.3668864667 0.0251430784
135294296.2318758667 0.0246980292
135705358.1974887252 0.0253427088
138707900.1232119501 0.0259183557
135403741.5291624367 0.0247996790
134299653.7194621265 0.0249840514
136885397.8068771958 0.0255688650
144825033.2107088268 0.0240789264
133999458.9678027481 0.0249385456
136594891.8854230344 0.0255131843
134243459.1497325897 0.0249862554
144010714.0727679729 0.0269366749
135727315.1446962059 0.0248142250
138623075.3395341337 0.0259020858
146900286.7853983641 0.0243465302
144240330.7083994448 0.0239033179
134731226.4119043946 0.0251560981
143881469.5590691864 0.0238362130
134505504.8319751024 0.0246241993
140754410.3598746657 0.0226375669
135099961.5281374753 0.0252267276
144412550.8628801405 0.0239275432
147275532.6738229990 0.0244339875
135871925.7343803346 0.0248857483
138423436.7391798794 0.0258637909
135709708.3037282825 0.0248495149
137042932.1670222878 0.0255990668
136143950.6978509128 0.0249309148
136374417.0037086010 0.0254709241
135221419.0489405990 0.0247579510
134567317.5410073400 0.0251247036
135823994.6652790308 0.0248745752
135722089.2370823026 0.0248708281
135995919.9772967994 0.0249094248
147675944.6622403264 0.0243699737
135621454.0375089943 0.0248278453
135101453.1297292709 0.0252270139
135911958.9327784181 0.0248889159
133917534.2689455152 0.0250002757
136227003.9846378565 0.0249289886
135551623.1911015511 0.0248298518
135323637.5568577349 0.0247652376
137558873.3500144184 0.0256979896
134881726.0446040928 0.0246885449
134247154.3968871236 0.0249891437
135901049.6514860392 0.0248719401
136239460.4648585320 0.0254450624
135849717.0248932242 0.0248691527
136109329.9384084940 0.0249313999
136069936.9481404424 0.0248991950
134085539.7596860081 0.0249624409
134815755.0007726252 0.0251722902
135716598.9143671095 0.0253448681
135747921.5720396042 0.0248362796
136075410.3375660479 0.0248967418
136028930.3348065615 0.0254047159
135889607.0148186982 0.0253780152
134016694.2300219387 0.0250192627
142470577.2156569362 0.0235888198
135353344.8312634528 0.0252752702
148703067.1588156223 0.0243763840
136011509.7910200357 0.0249086248
139822019.8662126660 0.0261321315
133926433.1923714429 0.0250019800
137094971.8155478537 0.0256090463
134035370.0901039988 0.0250228350
134806187.6394637525 0.0246634080
135715454.3366198242 0.0248404924
135712017.0573835373 0.0253439882
134954011.3874070048 0.0251987717
135218973.3216608763 0.0252495277
134270556.7532185912 0.0249926279
134246782.4320314825 0.0250633249
136187732.6360237598 0.0249324955
134508426.6300063431 0.0245818246
135040505.4719184339 0.0247193782
134158325.8138725460 0.0250463823
135186273.0984904170 0.0252432635
134291384.5689713061 0.0250718624
135061272.9397893548 0.0252193199
134216184.0368490517 0.0250574626
134249636.0241735876 0.0249910059
134062020.4395101517 0.0250279417
134218732.2203807533 0.0249854233
134152889.6530613601 0.0249715289
134174249.9523080289 0.0249742772
133930850.4837562889 0.0250028254
134479965.2674120665 0.0251079789
136165726.6029631793 0.0249266348
135350424.0756746233 0.0252747094
134025689.2940944135 0.0250209842
134358415.5272754431 0.0250846989
133983430.3000704944 0.0250128927
134284926.4956037104 0.0250706255
134130948.0260431916 0.0250411398
135659437.3634193242 0.0248338837
136085045.0564548075 0.0249103264
134105599.0184577554 0.0250362873
134160677.5137925893 0.0250468332
136000606.4902368784 0.0248899512
134202109.0854470730 0.0250547664
145496310.2450751364 0.0240304452
134283537.8968799114 0.0249963426
133956340.5849216133 0.0250077060
134086123.8889039904 0.0250325566
134257103.7962324321 0.0249914059
135749930.7307842970 0.0253512538
134247673.4457096457 0.0249895874
134248874.0862278044 0.0249891231
134199191.2252193689 0.0249807701
134520019.0738100111 0.0251156491
133996049.7619003952 0.0250153093
135799345.6865564287 0.0253607223
134004601.5486500710 0.0250169468
134126541.3165988773 0.0250402965
133985554.2629935741 0.0250132996
134271811.5868802965 0.0249940340
134237888.6137697697 0.0250616186
133930284.3490877897 0.0249995393
134045592.8345917910 0.0249516905
133983498.4468272477 0.0250129061
135435436.2911742926 0.0247891637
133917036.9189021289 0.0250001802
134324806.0269787908 0.0250782625
134185727.3944934607 0.0249776491
134005294.5713919252 0.0250170793
133944620.1193100661 0.0250054617
134604578.4878314435 0.0251318427
133924120.8204114884 0.0249983606
134852045.6244176626 0.0251792406
133942475.5710851252 0.0250050510
134089047.2893787026 0.0250331171
134135056.7066984773 0.0249681182
133920150.8285446763 0.0249977260
133962615.8851020485 0.0250089074
134288072.2429059446 0.0249963184
134228929.6559719741 0.0249856070
134158143.9312967658 0.0249728048
134267511.9231492281 0.0249927556
136207734.7084259987 0.0249331183
134235775.7604978681 0.0249870796
133951714.8680986762 0.0250068195
133985459.1159099489 0.0250132814
134093394.9762159139 0.0250339488
133963770.6248035431 0.0250091285
135780635.3679229319 0.0248523787
133924865.1967678219 0.0249984451
136077105.0757777095 0.0249052282
133958198.0203202814 0.0250080615
134278683.1995420456 0.0249948819
133964461.2340246588 0.0250092606
133918173.3478275537 0.0250003979
134005664.4006329924 0.0250171502
133932056.9008912593 0.0250030561
134189348.3367256373 0.0249783338
133940504.5063092709 0.0250046736
134060332.7407333851 0.0250276183
133946205.7492657900 0.0250057652
134233332.4702782631 0.0249864189
134163213.2866173834 0.0250473182
134286022.2862552404 0.0249962357
134141087.7106550932 0.0250430815
133932454.5119182765 0.0250031323
133919725.7151851207 0.0249974893
133926984.2850559205 0.0250020849
133930332.7542480528 0.0250027261
133932631.0464951843 0.0250031660
134275035.9633335769 0.0249941608
133937097.8257670552 0.0250040214
134252814.4231652617 0.0249902114
133920934.1339786798 0.0249977246
134161991.1703210771 0.0249730883
133932158.8385633230 0.0249998705
133928530.8944129050 0.0249992171
133922920.0162248611 0.0249981034
134236818.2250314057 0.0249872146
133919800.8431783020 0.0250007095
134234419.0991201699 0.0249864794
133922541.2390710860 0.0249980210
134245955.1495311558 0.0249888184
133922562.9030115604 0.0250012383
134251071.6608809233 0.0249895864
133916863.8993327320 0.0250001472
134252161.7930655479 0.0249898358
134266700.9957257211 0.0249927008
133999447.0761248022 0.0250159600
134288718.0129572451 0.0249968734
134168776.4822119623 0.0249743766
133943851.3847171813 0.0250053145
133933870.6095593870 0.0250034035
134022690.7487006634 0.0250204104
134290144.6676652730 0.0249970882
133918803.4877019972 0.0250005186
133920199.8301299363 0.0250007859
133954708.4233884513 0.0250073934
133930335.1562392712 0.0249995269
133933836.1161373407 0.0250033969
133931937.0045496821 0.0249998203
133924498.4265087247 0.0250016089
133917462.5243788660 0.0250002618
133921525.1482997537 0.0249978763
133929349.5242109895 0.0250025378
133917884.6524231583 0.0249972209
133920572.8778485060 0.0250008573
134256850.1620886326 0.0249909058
133931134.8536155075 0.0249996747
134263609.2230044901 0.0249920995
133930359.6265287995 0.0250027312
134018287.2637697905 0.0250195672
133927872.3276667893 0.0249990653
134234850.3727093637 0.0249867307
133915956.7366910577 0.0249999735
134005678.5807805210 0.0250171531
133923009.2917452306 0.0249981738
133966304.4430982172 0.0250096138
133921402.7514297813 0.0249978773
134283083.7960371077 0.0249957953
133921522.1718878150 0.0249978859
133917138.6514117867 0.0250001998
133964584.0041815937 0.0250092843
133928643.5065917671 0.0249992232
133970882.1934117526 0.0250104903
133925834.2670459598 0.0249987023
134267691.3909460604 0.0249929330
133915773.9889390767 0.0249999385
133921262.4135816991 0.0249978495
133929001.1813857257 0.0249992925
133959908.7148691416 0.0250083892
133916395.3301077038 0.0250000575
133927557.7428283840 0.0250021948
133931612.4236317575 0.0249997770
133923741.6282342821 0.0250014641
133916338.3501622230 0.0250000466
133919204.6886260659 0.0250005954
133924401.5196809620 0.0250015904
133915804.8131745756 0.0249999444
133920341.0625001937 0.0250008130
134238877.5698711276 0.0249875260
133924540.3471136838 0.0249984598
133926443.9703768641 0.0249988094
133927861.2392080873 0.0249990774
133929012.1571751982 0.0250024733
133924161.2344990522 0.0249983873
134258753.6210237741 0.0249912768
133928668.3228535503 0.0249992242
134278457.1015246212 0.0249948807
133923418.3807420731 0.0249982482
133923201.6913480610 0.0249982050
133932070.2585476637 0.0249998628
133918056.7857228369 0.0250003756
133916028.5833821148 0.0249999873
133916214.5991195738 0.0250000229
133916132.6961956620 0.0250000072
133916613.7056737542 0.0250000993
133916195.4642741829 0.0250000192
133931555.2444525063 0.0249997644
134289395.4552067518 0.0249969784
133917246.6973887086 0.0250002205
133945867.0611386150 0.0250057005
133931801.8781903833 0.0249998143
133928738.1338471472 0.0249992413
133930379.9537599534 0.0249995465
133931492.8966068774 0.0249997413
133919800.3172011524 0.0250007095
133928783.3249575496 0.0250024294
133925661.1409279555 0.0249986663
133940744.1003011316 0.0250047196
133918125.2909643650 0.0250003887
133928545.9560054243 0.0249992098
133930159.9457408786 0.0249995070
134289740.7026537061 0.0249970440
133916939.7451741695 0.0250001617
133919805.8665830642 0.0249975729
133918629.5866532773 0.0250004853
133917671.1846734434 0.0250003018
133930873.9115629643 0.0249996399
134288813.4299153090 0.0249968681
133930480.0189784169 0.0249995691
133924803.6350851804 0.0249985017
133931424.3092468530 0.0249997454
134287110.8743952513 0.0249965434
133918179.4621227682 0.0249972769
133929618.4173197448 0.0249994049
133916800.0550307184 0.0250001350
133930885.3262859434 0.0249996439
133916141.9148522913 0.0250000090
133929962.1404121965 0.0249994677
133915981.7463616878 0.0249999783
133919781.0505000055 0.0250007058
133930707.0150605887 0.0249996101
133931344.1236111224 0.0249997273
133916018.4823021442 0.0249999853
133932010.5930050910 0.0249998528
133931127.3333771676 0.0249996877
133928744.8212058097 0.0249992463
133931867.7377593964 0.0249998290
133931855.2701161802 0.0249998189
133917924.5021580011 0.0250003503
133915846.5684939623 0.0249999524
133920404.6721537858 0.0250008252
133917796.9492202401 0.0250003259
133931741.6989434510 0.0249998016
133932225.8450127840 0.0249999013
133932396.6262757182 0.0249999250
133927590.5570655018 0.0249990262
133916865.2904587537 0.0250001475
133916022.7692063600 0.0249999862
133931173.4124386013 0.0249996967
133932143.5768114924 0.0249998779
133917235.4841920137 0.0250002184
133919387.0150139332 0.0250006303
133916792.3039323390 0.0250001335
133929558.2409988195 0.0249993987
133917080.4484604150 0.0250001887
133927406.7340190113 0.0250021659
133929321.2751272023 0.0249993515
133931574.9563544244 0.0249997715
133929393.3037340194 0.0249993653
133916122.2731205076 0.0250000052
133931876.6019500345 0.0249998280
133916262.7493154109 0.0250000321
133931429.6469773948 0.0249997420
133916639.3403882682 0.0250001042
133915810.3091557175 0.0249999455
133916419.6814554334 0.0250000622
133916111.8129484057 0.0250000032
133915818.1888536513 0.0249999470
133915920.3275679350 0.0249999665
133917047.9188358784 0.0250001825
133916341.7376785576 0.0250000472
133918029.5167639554 0.0250003704
133932156.7545117438 0.0249998798
133932366.3782592416 0.0249999189
133916019.6722921580 0.0249999856
133931773.7316599488 0.0249998095
133915780.5747993141 0.0249999398
133931590.9808825552 0.0249997744
133932365.3991545737 0.0249999192
133932117.3835516274 0.0249998735
133932386.9919329137 0.0249999231
133930490.4537760019 0.0249995701
133916390.9079198390 0.0250000566
133932151.9364026189 0.0249998781
133916164.7518578172 0.0250000133
133916261.1902843714 0.0250000318
133916348.7687572688 0.0250000486
133917134.2691805363 0.0250001990
133931846.0939837694 0.0249998219
133919152.2584925294 0.0250005854
133916214.7811198384 0.0250000229
133931252.0176575035 0.0249997103
133932238.7288330346 0.0249998954
133916372.0160321444 0.0250000530
133932265.4168079644 0.0249999004
133931905.4717362076 0.0249998323
133932283.9773666859 0.0249999041
133916282.7785266638 0.0250000359
133915733.6111196429 0.0249999308
133931337.1326336861 0.0249997261
133919909.1595229506 0.0250007303
133916080.3277298361 0.0249999972
133932383.5986746550 0.0249999223
133916003.5220691860 0.0249999825
133932317.7966932058 0.0249999102
133932136.5876109600 0.0249998765
133932164.9678426385 0.0249998816
133932261.8658673614 0.0249998999
133932306.2626383156 0.0249999079
133931533.5934470743 0.0249997636
133932411.7840259820 0.0249999277
133916402.3745351136 0.0250000588
133915975.8443800211 0.0249999772
133932417.1723045260 0.0249999291
133915789.7645171136 0.0249999415
133915746.2466735840 0.0249999332
133916142.2058247626 0.0250000090
133916230.1212240458 0.0250000259
133932236.8539894968 0.0249998951
133916222.2140627652 0.0250000243
133932314.2103221267 0.0249999094
133916230.8205244392 0.0250000260
133932372.3751909137 0.0249999204
133932272.5422974527 0.0249999013
133915738.2708384246 0.0249999317
133915968.9505689591 0.0249999759
133932203.7093543112 0.0249998889
133932239.4467445910 0.0249998960
133915880.3910754174 0.0249999589
133915816.4574790895 0.0249999467
133932146.5386947393 0.0249998781
133916144.0136579573 0.0250000094
133932089.8332062811 0.0249998674
133915729.7606998533 0.0249999301
133915833.3345473409 0.0249999499
133915745.6841018498 0.0249999331
133916013.6207645088 0.0249999844
133932370.0409091413 0.0249999198
133915946.3654434979 0.0249999715
133915772.3419401050 0.0249999382
133932250.1927140355 0.0249998975
133932026.3537087888 0.0249998558
133915992.6786698848 0.0249999804
133932391.3530719876 0.0249999239
133915946.3092178106 0.0249999715
133915837.8724415451 0.0249999508
133932177.9682300389 0.0249998840
133915751.6253156960 0.0249999342
133916179.5889152437 0.0250000162
133915800.8452291191 0.0249999437
133916672.6026181877 0.0250001106
133915780.8613985479 0.0249999398
133932155.1800767183 0.0249998801
133915814.5429211855 0.0249999463
133915962.1355495900 0.0249999746
133932392.3838180304 0.0249999242
133932353.4712792933 0.0249999168
133932367.8678309768 0.0249999194
133932276.9735284895 0.0249999029
133915732.0543782562 0.0249999305
133932362.3280500919 0.0249999185
133915752.8650826961 0.0249999345
133932321.8672624677 0.0249999107
133915754.1485429108 0.0249999347
133932276.8533098102 0.0249999029
133915732.8244684339 0.0249999306
133932367.1848712116 0.0249999194
133932405.8603650630 0.0249999266
133915839.7260785550 0.0249999511
133915790.4233467132 0.0249999417
133932074.7224541008 0.0249998649
133915762.3416819423 0.0249999363
133932396.8031678647 0.0249999250
133932410.5404033512 0.0249999275
133915745.0980576277 0.0249999330
133915820.4284516722 0.0249999474
133932392.4241782576 0.0249999241
133916223.1482068300 0.0250000245
133932409.1051537246 0.0249999272
133915879.3260240555 0.0249999587
133915735.6914671510 0.0249999312
133915890.3719751090 0.0249999608
133932396.3737340271 0.0249999249
133915900.7648082078 0.0249999628
133915761.5506301820 0.0249999361
133915805.9815131426 0.0249999447
133932353.7720912099 0.0249999169
133915874.1567378491 0.0249999577
133915734.7137253433 0.0249999310
133932338.6543194354 0.0249999142
133932410.5901803970 0.0249999275
133915847.2303314358 0.0249999525
133915730.0401235819 0.0249999301
133915740.7155916840 0.0249999322
133915739.4001556784 0.0249999319
133932406.0323812366 0.0249999265
133915744.1669084132 0.0249999328
133932300.2653810084 0.0249999069
133915749.9289673120 0.0249999339
133915740.3871928304 0.0249999321
133932403.2153702825 0.0249999261
133915876.1503871828 0.0249999581
133932368.7137585580 0.0249999197
133915915.8576658368 0.0249999657
133932277.1952702403 0.0249999025
133915728.0000000000 0.0249999025 0 0 0 0 0 0 0 0 1 0 0 0 0 0 0 