748506900.9468605518 0.0000009890
724622292.2952836752 0.0000003415
722057388.4282870293 0.0000000584
743810939.3575009108 0.0000004382
807123675.0211129189 0.0000004277
736115723.9077743292 0.0000000088
775599874.3016862869 0.0000003092
725600600.5328572989 0.0000003715
768874457.1958768368 0.0000004108
796707545.1250721216 0.0000002743
773593812.5970405340 0.0000000849
699179927.4003924131 0.0000010006
810590333.4996209145 0.0000000841
696985110.3396955729 0.0000000742
695293788.0851398706 0.0000005737
745879764.1699427366 0.0002542028
738733652.6357187033 0.0000007479
700376909.0195997953 0.0000020265
676495287.7436022758 0.0000007707
673010917.7168651819 0.0000023261
663775813.2193775177 0.0000026401
647426080.6017777920 0.0000026724
720506864.2455507517 0.0000000717
608302082.4007627964 0.0000029888
597487694.8558495045 0.0000018520
657140446.3663805723 0.0000000017
686495904.4661239386 0.0000002992
725332381.5162773132 0.0000000141
643668071.2370048761 0.0000003171
584062095.6232072115 0.0000004528
625678456.1000506878 0.0002006270
462369331.0548611283 0.0020048759
562610364.2714618444 0.0014942387
462887302.3348136544 0.0019230410
474827119.1525732875 0.0015491842
460069916.9838970900 0.0020505170
495555180.2257159352 0.0026375021
463106392.7419086695 0.0020133564
481195732.7525523305 0.0019958475
446370816.0483376980 0.0024977989
445448956.1848298311 0.0012831557
435193083.7210028768 0.0019764355
471849142.6069622040 0.0064635831
432749284.2729724646 0.0015310415
436575252.0662374496 0.0054899228
433256095.1793879867 0.0014993833
445011078.3049123287 0.0017418846
438268881.1579965353 0.0025402637
486684306.9918130636 0.0002434380
425615141.9236094356 0.0016597740
422024867.7436193228 0.0021561566
420790963.7602649331 0.0021919470
462545611.0851415992 0.0001390240
414431630.4763209224 0.0022865764
368308499.9732188582 0.0037809003
362248883.7930815816 0.0045600223
396431756.4265252352 0.0068123314
369676643.7870537043 0.0051809075
425079379.9488806725 0.0007761365
387866855.6848268509 0.0025548722
359706989.6862626076 0.0118603796
364412084.1010844707 0.0115531473
395801378.8624793291 0.0172135500
370050952.8500261307 0.0103822772
459485329.9383181930 0.0058931083
369669691.6289750934 0.0150847622
476290436.5974965692 0.0008522122
358585220.9689060450 0.0137547777
410878062.2025999427 0.0085147918
362436724.0460785627 0.0126681761
380362881.1802124977 0.0070826851
373752629.9891601801 0.0150122137
355993690.0301015377 0.0062040174
361904980.7624632716 0.0043913453
371820967.8908348680 0.0051178176
346699822.0377717614 0.0037024093
357226350.3465151787 0.0181283293
342862752.0919027328 0.0041408951
427403715.4389505386 0.0018701846
327086684.6936331987 0.0038018989
340530612.3849673271 0.0000119025
324188772.4423931241 0.0029998443
337523737.4069609642 0.0022349190
323142154.5973348022 0.0018395432
372248878.7529323697 0.0000340979
319600402.7943773866 0.0015123010
364090211.2952038646 0.0014936546
313004496.1141402721 0.0010093732
327502381.7688657641 0.0047860624
314405948.0151042342 0.0006699178
372390216.1769828200 0.0004219558
303984961.1302875876 0.0010876843
326996115.8128730655 0.0014583446
315272733.7638987303 0.0012437675
395503940.2908170819 0.0000149017
301300500.3778487444 0.0008188082
433491812.1902031302 0.0000108745
292212558.8727949262 0.0018007267
354107675.0423129201 0.0008462169
292513720.3509771228 0.0012293744
326613815.5871041417 0.0003722666
286532613.6257321835 0.0011202687
321425632.1284050345 0.0041961529
285348358.4663910866 0.0012908226
286629463.7589285374 0.0000121592
287599384.0365626812 0.0012645016
312733961.4932643175 0.0012051509
286009830.8967996836 0.0011206974
322885735.9894559383 0.0031657790
277117487.1269853115 0.0013697976
327097935.1912922263 0.0017936512
261640381.2321909368 0.0013958895
320238575.2531568408 0.0013081159
276877044.3046319485 0.0010155647
302347436.8966725469 0.0000065430
269035971.0254080296 0.0004212496
259855351.7363522053 0.0000034400
277459039.4085905552 0.0002180270
263602541.8234352767 0.0000225478
255319765.6244157553 0.0006266405
251391789.4365861714 0.0001193306
273229314.2601566911 0.0046965799
248938178.6305534840 0.0001274595
251939205.6600191593 0.0002334553
250766680.3153479397 0.0001149755
253719067.4191265106 0.0001453679
251853560.3254141808 0.0001124170
265202199.7378366590 0.0000607819
255410086.0911385119 0.0001437464
242897968.4044829011 0.0006334446
246737883.2596331239 0.0007908133
246154627.9109161198 0.0001042721
243644432.1358852386 0.0005625932
245417719.2580547035 0.0005245378
238298291.1567194462 0.0007271138
307783533.2187021375 0.0001248292
238960230.0373224616 0.0006687667
245625803.4168604314 0.0000167424
241836064.1619239748 0.0009010573
232313315.3253675401 0.0001020636
240320678.8820891082 0.0002220593
240003122.4546920657 0.0000027077
231994888.1683642268 0.0000087686
222874432.5824232996 0.0003136346
230744129.9096972048 0.0002255843
237048781.2463600934 0.0000071007
224306017.7130988240 0.0005021675
229218099.8690706193 0.0000248547
220602826.4882394969 0.0001561695
226964779.6772220433 0.0056347924
227165283.2079878747 0.0000470085
231193775.4272515178 0.0000000013
220282894.4476734102 0.0000964293
224285210.6806236207 0.0000028081
219261514.1304011047 0.0001142673
242940597.2262697518 0.0000040423
220835848.7632558048 0.0003912439
210345694.6803060174 0.0000022868
208784756.6238816381 0.0000038066
221403240.5118829310 0.0011784947
210093224.6981640160 0.0000003804
227037862.5820223391 0.0000686415
209621287.3776032925 0.0000333236
208665029.0651794970 0.0002176357
213793560.1254506707 0.0003281702
223337140.6229875684 0.0017079266
214072745.5098563731 0.0002022665
221936751.1877164841 0.0002333946
210338866.4975115359 0.0002521237
219008233.2609758377 0.0000475927
211476747.3773484528 0.0002751747
211946617.8725878298 0.0000121527
208637601.9413484037 0.0001600355
227303515.4446306527 0.0000292240
209458572.8754117787 0.0001536735
226972730.9673740864 0.0013143013
209967529.9827405512 0.0003041504
225000055.3972921073 0.0003816059
211514714.0329048038 0.0001811561
223763942.7442761064 0.0001575137
208792579.0412513316 0.0001978397
224309182.2743039429 0.0000090087
208198963.2526677847 0.0003852252
208976744.4246803224 0.0004751712
209954581.1235838830 0.0004198269
213198690.7964298725 0.0003604867
207137689.4717959464 0.0004943119
223271716.7627772391 0.0007915071
208302006.8656938970 0.0005519158
220349675.8126775324 0.0051549929
202571377.6284694076 0.0005741017
208055772.0680895746 0.0000085544
202866428.6951413751 0.0009831673
213394375.4186923504 0.0013212000
204836499.0143856704 0.0009282916
223238901.1034872830 0.0011429573
201923721.8663804531 0.0000487794
204020434.4051664472 0.0000738577
202225396.9643219113 0.0001083549
208661081.8508308828 0.0030185593
202356304.2937193811 0.0000330364
201559030.2415494919 0.0001891074
198218674.2432827055 0.0001238325
223630241.8847180605 0.0009442443
202137164.1107288003 0.0000282536
207099923.5868295729 0.0000663486
197891349.5022042394 0.0001272969
206272181.9434528351 0.0000940961
204404950.1888853312 0.0001282892
242668031.5700408518 0.0002529461
202975619.9074551761 0.0002381407
195731753.4691799283 0.0000449257
196213411.9216615558 0.0000189510
196658067.8279330134 0.0000721029
198337465.6948519349 0.0000115258
218202604.6251410246 0.0001470498
196360824.3998576701 0.0000619157
189972101.6134873033 0.0000003791
191047101.0376450121 0.0000000268
197350628.5472241044 0.0000030815
195024695.9421168864 0.0000007994
193279606.0387206376 0.0002606338
192405320.8604437709 0.0000026745
206306731.5167657733 0.0000117163
190506242.5811980367 0.0000057140
206303646.3986762762 0.0000292138
197967648.5615873635 0.0000000387
206815606.8071314692 0.0000034280
192758479.9767266512 0.0000009085
197119619.0130130053 0.0000166734
189850220.6786878705 0.0000000238
210138334.2072456479 0.0000260321
188753499.3758644164 0.0000005691
189780883.6807036698 0.0000000386
188347733.9095427990 0.0000000376
213452790.5107106864 0.0008720632
200566817.0644989610 0.0000036530
212845484.9559922516 0.0000132138
188526879.5303304791 0.0000100095
199818673.3712204099 0.0000009772
189384999.8106881678 0.0000057261
187011854.5498648882 0.0000508866
190681822.4689347744 0.0002236873
200785429.4977253675 0.0014915841
188871947.3131329417 0.0000339735
199843398.5098648667 0.0001400253
187039145.4286900163 0.0000142608
203189027.7499201894 0.0016008952
186243643.3287890255 0.0000000026
202833731.4370182753 0.0000167248
188009148.3322844803 0.0000000166
195665986.9123720229 0.0022022882
184468944.0624271035 0.0000501156
191350709.4804191589 0.0000028649
182755730.7029386461 0.0000080389
192124585.3975020051 0.0001716727
180061694.8554640412 0.0000061976
188114566.0342999697 0.0000121554
180911522.9867540896 0.0000000410
195289324.6143046618 0.0009263098
185594392.5857770145 0.0000065566
187194321.3622746468 0.0003270784
184351964.2627010942 0.0000159815
191784314.4381987154 0.0000534370
181242326.5284402370 0.0000815312
188262327.4672721624 0.0004784133
184441452.3533346951 0.0000007946
191645629.1596151590 0.0004294851
181546004.4753243327 0.0000132506
194474363.7261236906 0.0003385117
185389901.3952545822 0.0000124851
184092134.0689970851 0.0000322479
184331150.2036834359 0.0000115672
181870367.7529039383 0.0000063811
179381576.6780000031 0.0000634773
180378144.8379857540 0.0000432162
183085825.3465529978 0.0000320948
181498717.7219136953 0.0001357796
181380804.3795530200 0.0000031446
180318652.0179377198 0.0000560223
189456785.1078194082 0.0000660895
180352893.1563191116 0.0000141501
181556188.1205661297 0.0000144747
179284631.4571827352 0.0001102526
181731663.2549039125 0.0001054691
180530155.4817218184 0.0001019914
182454648.2023812830 0.0007137048
179483882.6533132493 0.0000997599
181722115.5181626081 0.0000192648
180347209.7917309105 0.0000937604
181354307.8206108212 0.0010382444
179234790.1952773035 0.0002512777
180817917.3451552689 0.0004110480
179308310.8395153284 0.0002447400
172954588.7166296244 0.0000656127
172690096.1844039857 0.0000512162
172554428.6223783195 0.0000428570
172958220.2470585406 0.0000249545
176537650.7235343456 0.0001116587
172786802.8287819624 0.0001466508
175543998.0505845249 0.0000964324
174267007.7550829947 0.0000315100
177152916.2992463410 0.0000372902
172367426.7214218676 0.0000355923
175814611.7124720216 0.0000191350
172158182.1192247570 0.0000529602
177539893.0991524458 0.0001763593
172044675.2024121284 0.0000146323
171226317.2255410552 0.0000510958
169427194.5330322087 0.0000725968
167140833.9368373454 0.0000629647
165548718.6532099843 0.0001183697
168480127.3278505206 0.0000023202
167093065.6917764544 0.0001900948
171089460.9527737498 0.0000011274
166611643.9806208611 0.0001165214
167860210.9167748988 0.0000975333
165421989.1187835932 0.0000503938
168323868.0221154690 0.0000012440
166642498.3017889261 0.0000322449
168102815.4998309314 0.0000210076
165621720.4863097370 0.0000502461
167075130.4979505837 0.0002309638
165069494.2913189828 0.0000542496
167570309.6153255105 0.0000007069
164218285.1631709337 0.0000503217
165829863.0963664353 0.0000136001
165015531.4855944812 0.0001292613
169494500.1989800334 0.0000520893
165087245.9163043499 0.0000472446
164838890.8619150221 0.0001736804
165185440.6830011606 0.0001506730
167160160.6389597952 0.0000055680
164192864.4867902100 0.0000157307
165797267.7162240744 0.0003217757
164528554.0125481486 0.0000196900
167274059.8223120272 0.0000321801
163760241.2996587455 0.0000077395
162819975.4475411475 0.0000040832
164245177.0930545926 0.0000024663
172623242.3161987066 0.0000016403
162604863.1062565148 0.0000137220
161190449.1002862155 0.0000129325
164039362.9289453626 0.0000074468
165831206.3419940472 0.0000280409
165919433.9008745551 0.0000102157
165091660.2710792422 0.0000159146
163119865.7115667760 0.0000088809
163572437.3823320568 0.0000129323
165583147.9254226387 0.0000037142
161615264.5478104055 0.0000069884
160704804.1657965779 0.0000164628
161520009.7070057392 0.0000249930
160506495.2970609367 0.0000244526
165977533.4198221862 0.0000509287
160529967.0642227232 0.0000422751
164024505.9799435437 0.0000184262
160973213.3716905713 0.0000311867
164487457.3847579658 0.0000519468
161122975.9165346324 0.0000103751
166653254.8407971859 0.0001407828
161264008.7162520587 0.0000194738
161875928.4378714859 0.0000871887
166193567.4169670641 0.0000280076
166219477.5304379463 0.0000002053
161346661.9526596367 0.0000318692
161845138.9971966147 0.0000084392
160685335.1828075647 0.0000535272
168397117.8045346141 0.0001278727
160934048.2586206794 0.0000376057
170473825.8507432640 0.0000014534
160810072.1664036810 0.0000565610
163806376.8412176967 0.0000059878
165830346.3217338324 0.0001052404
162676648.2493660152 0.0000114835
161414081.0925609469 0.0000081687
163450611.7958929539 0.0001574513
160826756.5248792470 0.0000168459
162889845.7027619779 0.0000056600
164369652.1429757178 0.0000390748
163817935.8104073405 0.0009309292
161541816.1592397988 0.0000201793
160255955.4252278805 0.0000117276
160342954.1661847830 0.0000278336
162660102.0988748968 0.0000447669
160464942.1700705886 0.0000216488
160645402.6431648135 0.0000895628
163571166.9276067317 0.0000118002
161094649.6115615666 0.0000694182
163508455.0464989245 0.0000111467
162791195.8374825418 0.0000024648
163789680.9580018222 0.0000069236
164229695.6649752557 0.0000058787
161107829.8875392973 0.0000102059
157804909.1067855358 0.0000364993
157633735.0239754319 0.0000383878
165324407.4553024173 0.0000594268
158573385.8588661849 0.0001101092
157297990.6280371547 0.0000161809
156016687.2887611687 0.0000067154
157065384.3373220861 0.0000425676
157205853.2583079338 0.0000062991
159228034.6846431792 0.0000002972
156491086.3049386144 0.0000069372
156217913.0153385997 0.0000137932
156007269.5825844407 0.0000039035
156279758.1009714603 0.0000016254
155307319.6893818974 0.0000096135
160287054.0042412579 0.0000040314
155079432.2739891112 0.0000051419
158163179.9692167044 0.0001205811
154862838.6023258567 0.0000100690
159309803.4755237103 0.0000000032
154481371.4371349812 0.0000113005
154206584.0908796191 0.0000181703
155094802.7178313434 0.0000115978
157765331.8954423964 0.0000349095
154355383.6639557779 0.0000167971
156253275.2061115205 0.0000747624
155623921.1039190888 0.0000284606
153807227.0210464895 0.0000008356
153777056.6060749888 0.0000047770
150886707.8985529244 0.0000053243
154289809.5051731467 0.0000004967
151281434.0061482191 0.0000045059
152120495.8264985085 0.0000010383
150201733.7646462321 0.0000032168
162251825.9010246694 0.0000079723
150004999.3658736050 0.0000098099
149946835.2735976279 0.0000009522
149499490.8093488514 0.0000011848
148140999.5300801694 0.0000051858
150028830.6911317110 0.0000210446
148418856.1732822061 0.0000000187
149870362.1547345817 0.0000072481
150823391.7038727701 0.0000157811
149972807.1458021700 0.0000072393
154757146.8843089938 0.0000008084
148643557.4868060052 0.0000051066
152668759.4624948502 0.0000017804
149182319.3721385598 0.0000022943
150237509.5704614520 0.0000004442
148092077.3263833821 0.0000070611
148696521.2517392635 0.0000026888
148965059.9920825958 0.0000099595
150855382.8858685791 0.0000000123
147860739.4047418237 0.0000044834
149373445.9792262316 0.0000030682
148474312.0589354932 0.0000152149
151126377.8505378664 0.0000016846
150226082.8468490541 0.0000040711
150594530.0658981502 0.0000333229
147451013.2598649561 0.0000025061
152452673.8025509119 0.0000020571
147666508.2758710384 0.0000013672
146243492.8405897617 0.0000037174
147314920.0895842910 0.0000013511
151468993.0419902205 0.0000001248
146413919.5626271665 0.0000021988
155028639.2576103210 0.0000319442
146971544.4389023185 0.0000074578
152568484.0665924251 0.0000520877
146741516.8318723142 0.0000049689
147338359.6334515512 0.0000026412
146921057.3703687191 0.0000046906
151037868.5646206737 0.0000000075
146828731.2732177973 0.0000033888
146560476.8960745633 0.0000000004
149328074.8107005954 0.0000082354
154081277.4384168983 0.0000000555
146999620.4848107994 0.0000032530
149416995.2886830270 0.0000313570
147355748.9291920066 0.0000031266
145056911.1224720180 0.0000002629
145480072.3626422882 0.0000000002
145630299.4589110315 0.0000000077
145252504.3207673430 0.0000029200
147008065.6155647337 0.0000009136
145563240.9265052080 0.0000000179
143833816.4380770922 0.0000057965
144314482.8182202280 0.0000043401
149575632.2804657519 0.0000077553
144277331.7023403347 0.0000044922
151057873.0595535040 0.0000177196
145109599.2181290984 0.0000051701
145602140.8526785076 0.0000000146
145138221.6162486374 0.0000034002
147534500.6492660940 0.0000007436
143822159.7865387797 0.0000131462
145430643.2202846110 0.0000468047
143989039.1407213509 0.0000186612
145311734.0415338278 0.0000745224
144147535.4776129425 0.0000070257
145626868.6550605893 0.0001185326
144125461.7444931567 0.0000164200
145259212.0293924510 0.0000066778
143861858.0477462113 0.0000117684
146866893.0175499916 0.0002180092
145020667.7996799052 0.0000099737
146219247.2372487485 0.0000008135
144019378.8794651330 0.0000180770
143367135.5776852071 0.0000000442
143229337.3024224043 0.0000000002
143661214.8370551169 0.0000006054
143827440.4789812863 0.0000000005
145188855.5346149802 0.0000007200
143618948.3226957917 0.0000001399
157089130.4106882215 0.0000006394
143507865.2853094041 0.0000000010
155390695.3667009175 0.0000002855
143038036.5553755760 0.0000000635
144397542.9059717059 0.0000001787
142802296.0984641612 0.0000001783
146695010.0721825659 0.0000079868
143397558.3381487429 0.0000001816
150195957.5632064641 0.0000100354
144432412.9450901151 0.0000002762
146637763.0521465242 0.0000480345
142811544.9966138601 0.0000010745
141778546.4463077784 0.0000012316
142938053.2761913836 0.0000004446
144748516.1736751497 0.0000105982
142096146.8309587538 0.0000013455
144243387.7181648612 0.0000068178
142264671.7118436098 0.0000021221
145154981.5174560845 0.0000252289
142963394.8074277043 0.0000021242
145702672.5788374245 0.0000012770
142151286.1829840839 0.0000018972
145556732.7949771881 0.0000525827
142824359.5786912441 0.0000001310
140692757.5803727508 0.0000000347
140589445.9804937243 0.0000000437
141570737.4758737087 0.0000000294
142750067.3196547031 0.0000000112
140551113.1466031373 0.0000041980
140421492.3937602043 0.0000022792
153272128.4695175886 0.0000063794
141038607.7513460815 0.0000030613
147235193.1002357006 0.0000036565
140476156.7855080664 0.0000006223
146524622.3424300849 0.0000001782
141561643.4071841538 0.0000001521
151934294.2483272851 0.0000062670
140786972.6447092593 0.0000043248
147573001.6900691688 0.0000095440
141117606.5157903731 0.0000030026
142863363.7115281820 0.0000002378
140660807.3543217778 0.0000005248
142685759.1075242162 0.0000073911
144707771.7704390585 0.0000006652
141237704.4536751211 0.0000002084
140453681.8589438200 0.0000016723
139808799.6147057712 0.0000068537
142312876.2455268800 0.0000074276
140834637.8102045357 0.0000000012
141872021.1437230706 0.0000085116
142423725.7244693041 0.0000011436
140214738.7465625703 0.0000163154
140011997.2134658694 0.0000002806
140000542.8648979068 0.0000039686
141096990.2355981171 0.0000870260
141616911.2324404716 0.0000026131
140607951.8970470130 0.0000222289
140121271.5831187963 0.0000046985
141419150.8945161998 0.0000016359
139695614.8304051161 0.0000199869
139485302.0616086125 0.0000114136
140668786.5072916150 0.0000138650
142659862.2430950403 0.0000094863
140222024.9652945399 0.0000182731
140557039.4790496826 0.0000050406
139738905.3446270823 0.0000110169
144073929.9332443178 0.0000000899
139941394.2236331105 0.0000169630
140105958.3275852501 0.0000003669
139714846.2823048234 0.0000326559
150841418.8790711164 0.0000086774
140440887.0649246871 0.0000059648
143398229.8267517090 0.0000830332
140091393.1340400875 0.0000035946
140872605.6985386014 0.0000008471
139372829.7470458150 0.0000041194
139532180.0522557199 0.0000000231
139420944.2096758187 0.0000076472
139880847.1622965336 0.0000229381
140006168.2467969656 0.0000066830
140030079.5794119537 0.0000002547
139444319.5607720017 0.0000088761
140655915.2392996252 0.0000000075
140024330.2811146379 0.0000021453
141007062.9802825153 0.0000001926
139845703.5289395154 0.0000017432
140405965.8764908612 0.0000306143
140023711.1873418987 0.0000042648
143572924.6377505660 0.0000245662
139395894.0881354213 0.0000011220
140562472.0138330460 0.0000070632
139396242.9770367742 0.0000083327
140129565.8513512015 0.0000244843
139592003.5564878285 0.0000029951
139676104.1310226917 0.0000000341
139419272.9307196736 0.0000042866
139389093.1613330543 0.0000001064
139370145.1742291451 0.0000045674
140047569.3486728370 0.0000000128
139824729.2428775132 0.0000043898
140527604.2312101126 0.0000130143
140095756.8943121731 0.0000042678
145401880.5734104216 0.0000002216
139394806.1215543151 0.0000081134
141000677.5641551018 0.0000279156
140213950.8785535097 0.0000023657
142455915.9776419401 0.0000002651
140184018.5122921765 0.0000088506
140330928.5153945088 0.0000013898
139438821.1177806258 0.0000035616
139656283.0246322751 0.0000011516
140138358.4760548472 0.0000002382
139508013.7335207164 0.0000052722
139793560.1824170053 0.0000111578
139378773.5583559573 0.0000038020
139469263.7925115228 0.0000072600
140152032.8564453423 0.0000070775
139531451.6611135602 0.0000067269
139945153.7726474404 0.0000054629
139444951.6255743504 0.0000062899
140136982.3443034291 0.0000065411
139419519.6828275025 0.0000009282
139403644.4745752513 0.0000040594
139393165.6258666217 0.0000031510
139391973.2239964902 0.0000045205
139365753.3908193111 0.0000014109
139380204.2662104964 0.0000015431
139381522.4600552917 0.0000001155
140061371.7870785296 0.0000007786
139502303.6540133655 0.0000007552
140044825.2376657426 0.0000014148
140165318.8237411976 0.0000000602
139391249.8293795288 0.0000024086
140378967.9309146404 0.0000001901
140058596.6848072410 0.0000015215
139363331.5053628683 0.0000003210
140003070.8320326805 0.0000002386
139425933.0497778356 0.0000021835
140105980.0449920595 0.0000001220
139512636.8482594490 0.0000016295
139843776.5903927088 0.0000002506
139368668.7809393704 0.0000000032
139386189.4745263457 0.0000002034
139904295.1332251132 0.0000013131
139362017.8700938821 0.0000002286
139472270.5255961716 0.0000013783
140026433.6783368289 0.0000001520
139520085.9957517684 0.0000004323
139738681.3211577535 0.0000004661
139392830.2846035063 0.0000000155
140001771.9841220975 0.0000005317
139863071.2096331120 0.0000015371
139386477.3757335544 0.0000008183
140000395.6488296986 0.0000000038
140081526.5346048474 0.0000003821
139381173.0548330247 0.0000002629
139360121.6456252933 0.0000000569
139423780.0231821239 0.0000006119
139374921.6935633123 0.0000000932
139444389.7932867408 0.0000001571
140128567.1446985304 0.0000002559
139371306.4739885032 0.0000000360
139362230.0723422766 0.0000002156
139363595.7379524708 0.0000015823
140145034.8925522566 0.0000000256
140222026.7080272436 0.0000005895
139708722.9576304257 0.0000001221
139400140.7637150586 0.0000001246
139413463.2584363520 0.0000000455
139882161.6709376872 0.0000000265
140105277.4776828587 0.0000003058
140059280.4938789010 0.0000003403
139385170.0874359012 0.0000000008
140158075.3509632647 0.0000007335
139389665.6550418735 0.0000000060
140151479.6048369706 0.0000001195
140126912.8764501810 0.0000000028
140291064.9538773596 0.0000000005
139364653.8377699256 0.0000002250
140578025.0717836320 0.0000008594
140249035.0770587027 0.0000000667
139370572.0113562942 0.0000012516
140183308.6625791192 0.0000000362
139381160.2155818343 0.0000012718
139887229.9842225909 0.0000002078
140248025.9215540290 0.0000000377
140206921.0960163176 0.0000000028
139374172.9329238236 0.0000000643
139367453.4041019082 0.0000001599
139413208.5615279377 0.0000005358
139618126.2366639078 0.0000001528
140040335.0657611191 0.0000004491
139386698.9060470760 0.0000001421
139650916.1169714332 0.0000010855
140045647.3669095933 0.0000000186
139687851.0020579398 0.0000000091
140484550.2986325920 0.0000001835
140153045.1884920001 0.0000001388
139371715.5263955891 0.0000000447
140016623.6035907567 0.0000000335
139378571.3202703297 0.0000004202
139982670.7644101083 0.0000000001
139418463.6424911320 0.0000000049
139392010.7963781953 0.0000000939
139392635.4559015036 0.0000000553
140117941.1418636441 0.0000000117
139451495.1396227479 0.0000012360
140186297.7282753587 0.0000000695
139364307.3814746141 0.0000000324
139371868.1787928045 0.0000000085
139363217.4662763178 0.0000001318
140053130.4412704706 0.0000001006
140141695.6070903838 0.0000000475
139375895.6042855084 0.0000000501
139366953.5194269419 0.0000000985
139369080.8452250957 0.0000000515
139366135.0826589465 0.0000000582
139369268.2757571042 0.0000000660
139361446.5796530545 0.0000000159
139366671.6202916205 0.0000000731
140196750.7765051126 0.0000000648
139371448.6496934891 0.0000000183
140220100.9951355159 0.0000000753
140241784.9462012053 0.0000002547
139362800.5183943510 0.0000000534
139373188.2103603184 0.0000000148
139364023.4030836225 0.0000000610
139397206.2246513069 0.0000000751
140242447.9598948061 0.0000000657
139366560.6095113754 0.0000002126
140163353.0399893820 0.0000000410
139361677.1983405352 0.0000001861
139365426.8229176700 0.0000000439
139868543.1051070392 0.0000000354
139375009.4119232595 0.0000000389
139369138.0968232751 0.0000000616
140231238.2075631320 0.0000000579
139379336.4797416925 0.0000000313
139362883.9426073432 0.0000000862
140029890.8055419624 0.0000000931
139361265.3436914384 0.0000000883
139365947.1926569343 0.0000000020
140168312.9452197850 0.0000000393
139371771.1503014863 0.0000000550
140153695.7788351774 0.0000000542
140182995.4287153482 0.0000000189
140105257.2102760673 0.0000000255
139364253.1322416067 0.0000000561
140228687.8452419639 0.0000000812
139398187.4938765764 0.0000000879
139367107.0124816895 0.0000000943
140083460.3238622248 0.0000000061
140200428.2308816612 0.0000000312
139392951.5904348493 0.0000004175
140219796.8072219193 0.0000001875
139363405.1479318142 0.0000000994
140214734.2532582283 0.0000000510
139365232.8344673216 0.0000000673
139368243.4827739894 0.0000000426
140226617.2811105549 0.0000000673
140224266.2330549061 0.0000000405
140149505.8610219061 0.0000000796
139366736.4625381231 0.0000000514
139361564.0362507105 0.0000000545
140201159.5774461925 0.0000000791
139360445.3834309280 0.0000000590
139360430.7283687294 0.0000000578
139361052.6058429778 0.0000000551
139362871.6254105866 0.0000000634
140222442.7760313153 0.0000000567
139371832.6816892922 0.0000000593
139361128.2900686860 0.0000000588
140193397.0379915237 0.0000000600
139361257.2702254951 0.0000000600
139368546.2138619721 0.0000001081
139361091.1731194854 0.0000000572
140228482.6981972754 0.0000000874
139360143.5060742795 0.0000000599
139362989.7620111406 0.0000000817
139361161.1001659334 0.0000000592
140149738.6327065527 0.0000000475
139363667.1819787025 0.0000000602
139364441.0708867013 0.0000000186
139360359.9576225281 0.0000000574
139366050.2827499509 0.0000000481
140207099.6719438434 0.0000000576
139362576.1369707882 0.0000000594
139361317.9815743566 0.0000000611
139365493.0175622106 0.0000000487
139361939.5915097296 0.0000000584
139365163.4893493354 0.0000000477
140210531.5449760556 0.0000000562
139363403.6357245445 0.0000000609
139360539.0252312124 0.0000000616
139363818.6662662923 0.0000000431
139359835.5413876176 0.0000000548
139363588.9017273784 0.0000000414
139361940.1793516874 0.0000000577
139372531.7629649937 0.0000000810
139363300.2913604379 0.0000000412
139361589.6790442765 0.0000000478
139360233.8621417284 0.0000000552
140197548.6198616028 0.0000000431
139360330.5897516906 0.0000000597
139361131.5033889413 0.0000000613
140225532.3082355559 0.0000000571
139360500.6841804683 0.0000000326
139360921.2840083838 0.0000000536
140220097.3993166089 0.0000000579
140227035.2342553139 0.0000000580
139360503.9790271819 0.0000000535
139360156.4408588111 0.0000000604
140217851.2544511557 0.0000000376
139361268.5524466336 0.0000000546
139362223.4340797663 0.0000000544
139359956.0769370794 0.0000000536
139362045.3922227621 0.0000000807
140223075.2452836931 0.0000000551
139362992.6165193319 0.0000000691
139360134.4125774205 0.0000000610
139360798.4840734005 0.0000000664
139360044.0483643115 0.0000000617
140225993.7814588547 0.0000000810
139361460.3401792347 0.0000000547
140225993.4859051108 0.0000000453
140229178.8063010573 0.0000000499
140231190.4953292906 0.0000000547
139360901.9799418151 0.0000000600
140230613.2132427990 0.0000000552
140227641.1377952993 0.0000000574
139360188.7125561237 0.0000000544
140233509.4791363478 0.0000000484
140223794.2727597356 0.0000000543
139361779.5424537957 0.0000000591
139360302.6965998709 0.0000000554
140232075.4899189472 0.0000000569
139360799.3863103688 0.0000000537
139361854.6297933161 0.0000000660
139360243.4096645713 0.0000000542
139361903.5847899020 0.0000000578
139359958.6902253628 0.0000000552
139362592.4371043146 0.0000000618
139360108.0891903639 0.0000000546
140219970.2391920388 0.0000000601
139360032.4588586688 0.0000000538
140227974.6312283576 0.0000000483
139360005.5583393872 0.0000000537
140216612.1515335143 0.0000000623
140225903.4838933051 0.0000000558
139360539.7464367747 0.0000000532
139360579.1893801987 0.0000000537
140212784.4841974080 0.0000000635
140222521.8941859305 0.0000000591
140231219.2720643580 0.0000000550
139361036.5531325936 0.0000000545
139359822.0892097354 0.0000000536
140231342.5257661045 0.0000000508
140230834.1027248502 0.0000000528
139359929.5208239853 0.0000000529
140231397.8521074951 0.0000000534
140228542.7194801569 0.0000000542
140231552.5679121614 0.0000000534
139360185.6719997227 0.0000000543
140231816.7059308887 0.0000000544
139360095.0283193290 0.0000000537
140231021.3982171118 0.0000000528
139360407.2360024154 0.0000000540
139359948.2734339237 0.0000000522
139359985.1301041543 0.0000000535
139359927.3506742716 0.0000000542
139361419.4832164645 0.0000000540
139360022.2102104127 0.0000000536
140231047.9809403121 0.0000000541
140231831.0382065177 0.0000000558
140229519.7134097517 0.0000000516
139359889.5825576186 0.0000000532
139360006.2530520260 0.0000000490
139360726.4498858154 0.0000000518
139359962.3003282249 0.0000000544
139359942.5629765987 0.0000000542
140231577.1150470674 0.0000000520
140231973.5678343475 0.0000000540
140226288.5030873418 0.0000000508
140231843.3546070755 0.0000000536
140230427.9057990313 0.0000000531
140230312.3176246881 0.0000000540
139360039.3068656921 0.0000000539
139360022.9550207257 0.0000000538
139360558.4350613952 0.0000000531
140231949.5397172272 0.0000000537
139360524.6394689977 0.0000000550
140232289.8133808970 0.0000000530
140231880.3388460279 0.0000000563
140231820.3257176578 0.0000000526
140230734.2854625881 0.0000000558
139359844.8238592446 0.0000000536
139359942.8855260611 0.0000000558
139360151.2133790255 0.0000000526
108408764.0000000000 0.0000000526 1 0 0 0 0 0 0 0 0 0 0 0 0 0 0 