595952794.4308120012 0.0000009890
580308501.8630889654 0.0000003415
582080290.7093682289 0.0000000584
611342661.0676854849 0.0000000015
631794912.1343448162 0.0000000969
613555318.6679009199 0.0000000164
653247308.2997999191 0.0000000007
584763503.5194053650 0.0000012535
641123072.2522417307 0.0000000025
595052146.1478198767 0.0000000007
622111534.3156720400 0.0000004952
576499334.1624183655 0.0000000479
621029729.3543542624 0.0000000568
571891055.4743576050 0.0000004368
571099514.5723232031 0.0000018952
579046963.9842374325 0.0008397408
600467191.6359734535 0.0000009135
537983814.0711095333 0.0000032554
506760950.0291051865 0.0000043206
502007605.3225772977 0.0000046900
474548020.0842937231 0.0000006809
455310356.7156183124 0.0000004642
515593795.9924074411 0.0000022454
424862254.4936915636 0.0000002651
418842160.8841602206 0.0000000557
458912749.8537650704 0.0000011163
460969317.5253269076 0.0000000994
451652435.9719246030 0.0000010604
470713030.8384281993 0.0000022276
396707864.6340177655 0.0000028870
424301334.9135511518 0.0012791812
334167639.1663002968 0.0004046204
337533952.6797696352 0.0016595288
321448388.7602533102 0.0004193199
365934055.6701096296 0.0008696958
323372491.6190865636 0.0003938627
325487725.8771708608 0.0007330915
317561687.0872654915 0.0006820345
341730967.8160751462 0.0002632277
308512027.5266451240 0.0009220632
351912737.2200297117 0.0000320576
319747781.3239251375 0.0009090476
350423568.9759161472 0.0013353149
309288557.7405329943 0.0009335812
342486625.5490832925 0.0003054216
308387194.2129222751 0.0006002834
324997679.9412127137 0.0000346984
306086729.3277578354 0.0006117035
323640490.1297327280 0.0009890046
308416430.2124665976 0.0005485277
286299329.1268389225 0.0015904258
282224838.9933131933 0.0017156734
333902306.5536701679 0.0038939275
277596818.2789112329 0.0014850528
227983750.1398200393 0.0033787480
219361914.3400763869 0.0037881689
221310211.0467562973 0.0001365334
222582778.1260809302 0.0032663407
265510897.3351659775 0.0036236919
229934316.4015564620 0.0016073308
214355541.6024177372 0.0324583778
216797935.6198158860 0.0321817487
252364881.2014074922 0.0281484659
235537907.8643065989 0.0192721233
205942681.4678564072 0.0151998405
216507339.1899286807 0.0100921433
229661648.2689228952 0.0097789516
203199144.4938168228 0.0168267665
224771440.5570430458 0.0040262321
215426833.7466241419 0.0094465067
177024153.5598123372 0.0228672282
176174487.6911041439 0.0233369885
171647981.9241221547 0.0182853644
174108458.0979360044 0.0148051327
203847264.3123070002 0.0067598430
165197706.4971075952 0.0173695779
254388385.6713709831 0.0299328717
163312661.6156249642 0.0161172656
195050550.9241662025 0.0067068532
175440681.4894163609 0.0317098726
210987412.3286206126 0.0015401251
161914506.7900291681 0.0130962595
172999974.8353853822 0.0103924980
171376141.0754796565 0.0105155496
192833441.5382024050 0.0074039722
160837765.0692876577 0.0136523301
181227193.9558721483 0.0197973110
163133491.8425887525 0.0116938051
196245989.6289061010 0.0054256140
164430937.9516413212 0.0094497570
199948888.7445513308 0.0082511282
165495352.4241302609 0.0163366127
179505580.9353570044 0.0000448317
164537575.8733681738 0.0099337697
228959443.3916524947 0.0170156232
169092824.5227559209 0.0057972757
214572998.4046687484 0.0014506965
161560825.5378536284 0.0062933882
199374217.2029692829 0.0003664942
169854128.8335489631 0.0066042588
174683940.4345913529 0.0070832022
161906427.3970241547 0.0148883458
200263764.8541250825 0.0161482592
162857359.0350949168 0.0116262676
186599144.7912567556 0.0080527248
174891449.2009518445 0.0249231844
177475464.9894363284 0.0000018015
159710866.8007559776 0.0073485796
257996924.0065610111 0.0004045719
171511384.8419516981 0.0111892017
177987146.5341743827 0.0000000019
164422649.2378823161 0.0123989854
178901353.5360600054 0.0033575809
161639233.7461106479 0.0050142710
187942489.0928936005 0.0042276879
257883067.9512313008 0.0019984632
168702744.2511760294 0.0044682692
159744410.9620668292 0.0070254715
165967701.5556914210 0.0011317947
159667528.4289261103 0.0081918955
170609806.4372759759 0.0049332020
160038313.1973226070 0.0125959466
160870618.5586339235 0.0044333073
158487719.7126029730 0.0070749823
162107018.9775492549 0.0042679010
157169461.0073314905 0.0085700496
161432223.0393946767 0.0253662879
160391584.1394522190 0.0075336020
162697538.1899155974 0.0112082848
157808059.5890217423 0.0093578714
158569327.8923244476 0.0072098308
157238880.7525572777 0.0073817279
166598117.1128557026 0.0199810113
159207849.8237945139 0.0068744130
163624637.1235216260 0.0016204858
157625185.7665736377 0.0036450267
167838482.0778828263 0.0142266889
157216601.2922875285 0.0080734693
170061765.7689266503 0.0082985863
157823945.6766175032 0.0074316265
159694326.1124270856 0.0063570046
163457877.5850018561 0.0067018898
156957874.5308602452 0.0089198722
156604941.6940691173 0.0064050968
157425807.7428977489 0.0063013022
156134329.8521335721 0.0040748161
156748208.5003401637 0.0042501640
158439682.3801673353 0.0013476144
156503273.4920711815 0.0037702127
154068291.0108868778 0.0039247560
155829453.3109914362 0.0034502609
156758492.9797819853 0.0031964677
154039374.1584102213 0.0040663695
157688550.4307618439 0.0009034945
154245721.0170471668 0.0040966491
159558262.7506294549 0.0103033370
153552464.4963467717 0.0040256783
158360724.1727056801 0.0052741423
155548484.5273482203 0.0038688933
152641824.4820645154 0.0079926928
154407725.3119847476 0.0072825243
154121061.8077754080 0.0080440137
154171007.0486416519 0.0083158530
155212633.7590039074 0.0050196600
153092501.9018796384 0.0090195269
157646978.2487726808 0.0109770617
154050922.4881896079 0.0087317246
154284669.0643691719 0.0078028642
155116908.4603444934 0.0098935454
157036372.8404247463 0.0101299617
152451115.8390702903 0.0074181176
160918501.6570890248 0.0090680416
153175840.6862404346 0.0070310045
154037824.2481255531 0.0089766185
153454291.1521250308 0.0087347876
150909916.1983895302 0.0039573720
150208979.4073429406 0.0039357560
149533339.3421984613 0.0031113450
152092641.6125859618 0.0028035199
150544419.1858049929 0.0056490290
151788002.7198099494 0.0034048393
153983172.9703756869 0.0066548529
149980180.4131510556 0.0024901520
151887458.5285468698 0.0002347357
152676431.3044345975 0.0025474225
151641213.7073767185 0.0024495682
149746778.3743173778 0.0032825271
155386642.8165309429 0.0034912769
150929043.0032079518 0.0035833591
154211623.8615674376 0.0025882015
150362989.7890720963 0.0031170743
154037378.6930675209 0.0006740690
149620924.2624973655 0.0028935400
149431331.1524468660 0.0016087464
149323968.2193594277 0.0012820901
150399943.4970512390 0.0012672957
149036892.3321012557 0.0017848095
153340072.9220620096 0.0024221239
148898033.0569220483 0.0016447292
154073515.4718519747 0.0026478647
155443156.9390020967 0.0016822211
157789462.4569800496 0.0004379710
154045743.6553283632 0.0016761629
155956504.9345799088 0.0015807139
152682248.6990372837 0.0021796737
158777692.7423320413 0.0008907235
149250272.3746999800 0.0018116752
157257205.5493597984 0.0023891127
148823374.7275648415 0.0023977476
152930148.6591179073 0.0015974401
148856602.5018379092 0.0030323743
150381592.3982730210 0.0041414696
154451825.5582540333 0.0020907284
152957635.9472544491 0.0058062385
149778100.6504443288 0.0020830341
154331857.7354552746 0.0017363868
155912256.0204769075 0.0036502830
152664978.9233143628 0.0034214901
150326251.1563810408 0.0021427715
149221223.1910616159 0.0017198280
148747365.1158747077 0.0026011605
154617349.4300102592 0.0009369717
153832625.5088745356 0.0037021360
153598295.6578217447 0.0023321172
148651187.1601150632 0.0022958409
151825490.9136603475 0.0049482077
156394101.0333942771 0.0013666908
155237120.8709700406 0.0011527100
149966145.3114706278 0.0018805623
150021183.8715907931 0.0056195983
149231997.8100683689 0.0021023562
152572998.5312060416 0.0036563978
149010463.1942363977 0.0033010422
151930742.1177299321 0.0003051878
148716022.4226464033 0.0029528540
154460942.3427943289 0.0032129253
155955359.5077708364 0.0022428862
153065956.9170148671 0.0059311101
151931217.0326938033 0.0018061577
151412338.1220582128 0.0055289169
149540343.6217298806 0.0022158448
152265690.2797161043 0.0014117290
154520011.6925679147 0.0023488409
156511255.5294278860 0.0029062205
155243479.0146298707 0.0026809692
158899545.4824227691 0.0009952852
149267442.4352082610 0.0016432146
152888311.5265883505 0.0025791261
149060984.2121784985 0.0022519235
149558830.9459115267 0.0021422803
149165790.6560574472 0.0021239179
148592916.7716809213 0.0024889564
154341762.1319846511 0.0015415443
155012237.9909610748 0.0022718757
149156170.5073621571 0.0035886831
154454046.3734506071 0.0029307425
156225145.4899287820 0.0025694423
150298471.4719188213 0.0026958764
149034157.9859105647 0.0025073882
150034534.0392655134 0.0023388315
148841149.1600126922 0.0023440573
154425736.3605142236 0.0030851552
148836831.1838351488 0.0026023550
150178467.9268691838 0.0020473550
148700225.6196627319 0.0023808962
156521488.5205677748 0.0031950990
149336958.2762655318 0.0022555510
151631234.7794724405 0.0021329876
149061521.0311702788 0.0024852210
156024968.4553633332 0.0025978050
148562928.0941622555 0.0026749705
155053265.6588750184 0.0024113531
148906404.6765812933 0.0025516887
149196552.3168987036 0.0028613263
156372080.6567653418 0.0027455119
148747678.1596207619 0.0026286501
148969023.6123711467 0.0026120463
149713569.4080156386 0.0023520960
148627325.4222356379 0.0026350721
150500382.7863700986 0.0028607407
149091635.2817900181 0.0025435727
149797336.1709748209 0.0024923680
148911496.8571992218 0.0025682392
153994281.4123086929 0.0030917976
149464794.2838014364 0.0026205340
155477262.6318203211 0.0022367625
148615039.7600464821 0.0025995901
151071733.9554529786 0.0020548974
149080607.4841251969 0.0026861649
155443462.0575695336 0.0022731228
149102402.3560373783 0.0027630382
155474978.6737438440 0.0022386887
149129621.4110377729 0.0026065483
155438017.6681491733 0.0022481244
149203867.9365142584 0.0026267635
155457944.6591472328 0.0022410061
156324248.0592305660 0.0024510741
149109891.4391900897 0.0027233165
148730325.5692715347 0.0030687746
148596992.6181493104 0.0025758143
148511320.5272717476 0.0029698168
148475136.0910847485 0.0029812537
149116511.7491682768 0.0031740229
148534765.2912559509 0.0030207093
148768692.3027335405 0.0029885988
148543420.9086653590 0.0029131492
150512231.5019471049 0.0027510301
149089197.2113519907 0.0030171597
155163043.5868174136 0.0031931209
148473270.6504604518 0.0029940949
150167233.0870686173 0.0025953189
148512828.0254154205 0.0030587113
149895438.1545353234 0.0030302421
148511145.3514658511 0.0030113064
148909441.7584908307 0.0031150974
149226815.3862197399 0.0030061828
149443325.8150577843 0.0028953723
148502162.7402843535 0.0029505912
155741450.7316843271 0.0030247545
149051839.6928495765 0.0031150522
148895426.2938511074 0.0029727608
148813269.6783877015 0.0029030758
148868698.2389654517 0.0024693902
148814492.4476732314 0.0030350089
155691726.0675020516 0.0029388536
148979253.6784620881 0.0030201644
148885677.2883724868 0.0028821424
149108357.3086475432 0.0029382481
148530807.2911607623 0.0029699434
149548219.7569774687 0.0028525789
148518958.9243885875 0.0029269784
148516641.1718598306 0.0031206470
148494187.4394113719 0.0029080088
148578688.3261938691 0.0029801311
149180891.4549210668 0.0030155072
148436586.2332874238 0.0029375269
148453829.3114685416 0.0028875777
148993562.5116965473 0.0029307092
148426778.8216727078 0.0029968835
148692707.6769265831 0.0030517402
149122896.6957995892 0.0030347427
148876709.6710603833 0.0029845821
149127579.6241540909 0.0029623419
148810750.0569368601 0.0028518067
148468575.5379166305 0.0030256791
149040423.3423970640 0.0030176081
149138146.3538123369 0.0030331935
149398445.9332538545 0.0028550231
148423773.4547443390 0.0030047292
149143301.6769538820 0.0029171186
148408978.1049655378 0.0030221741
149183978.0480873585 0.0029792140
148567063.7659119964 0.0029926496
148971158.7591194212 0.0028809203
148432372.5546514392 0.0030400884
148628214.5635069907 0.0028999286
149121666.2040881217 0.0030843122
148941900.7465486228 0.0031158734
148968297.5784386694 0.0030445910
148972487.7113363743 0.0028751746
149053007.4600432515 0.0030634619
148496237.8339888155 0.0028053207
148439210.2151561677 0.0030392102
148519676.6699165404 0.0030280120
148445103.7697210014 0.0029875822
148800130.7862979770 0.0029756895
148610042.3947480023 0.0030206880
148984182.9042751789 0.0030828255
149156399.3348552585 0.0030721491
149119101.9910655618 0.0030559155
148448705.0649285316 0.0030125671
148799447.6409154236 0.0032710583
148452145.5488954186 0.0030185734
155084285.2670249045 0.0031705378
148416269.9365436435 0.0029961493
148906998.7560970485 0.0031713589
148399764.0626643598 0.0030116943
155158428.6084576845 0.0031594050
148564776.5242314935 0.0029932665
149008225.2700726092 0.0028325816
148531625.5626367629 0.0030986716
148401841.3761152029 0.0030059755
148400388.5810098648 0.0029660754
148427804.7566072941 0.0029809701
148913930.5946696997 0.0029293090
148385974.9218192399 0.0029984929
148676650.4978693426 0.0029312557
148433011.0170030594 0.0029667213
148963717.3285261989 0.0030367698
148417492.1844379604 0.0029821233
148624623.7514825463 0.0029743393
148422751.3528562784 0.0029795215
148606478.5058379769 0.0029191215
148434831.6872037351 0.0030195766
148493662.3331379294 0.0029423147
148394559.2010204792 0.0029957016
148385488.2226350605 0.0030406015
149070409.8532233536 0.0030147570
148446851.1891348958 0.0031378123
148398573.2537930906 0.0030271710
148578230.3061473370 0.0030441417
149116604.6863552332 0.0030264782
148382333.9678519666 0.0030938425
148409591.8538377583 0.0030992733
148396468.9956786633 0.0031466351
148390127.7777055800 0.0030992765
148706243.1223748028 0.0030436454
148457866.0325255096 0.0030873013
148661218.7996044159 0.0030711967
148448625.8859321177 0.0030969838
148657402.4763405621 0.0030552343
148470067.7233301699 0.0031141772
148860342.0490448773 0.0032876590
148452256.9161826074 0.0031197232
148388779.5464971364 0.0030825301
148476435.0508563519 0.0030858055
148419836.7807053924 0.0030345035
148439746.6114700735 0.0030773835
148421802.5650238395 0.0030636934
148407354.5900143087 0.0030927122
148629784.7697944045 0.0030226002
148398166.8695089221 0.0031033476
148582434.6715303659 0.0030416936
148408591.6282756925 0.0030997616
148613745.1905429661 0.0030747583
148402574.0733394027 0.0030831728
148446320.9512088895 0.0031538802
148461256.5474679470 0.0030752523
148523932.2860028148 0.0031327837
148515878.2436814010 0.0030685973
148396636.5590220690 0.0030654864
148392992.6011679173 0.0031088926
148504348.9069832563 0.0030203168
148400710.5675335526 0.0030933619
148759077.0021832585 0.0033050742
148395774.8341713250 0.0030957537
148940185.2072006464 0.0030988390
148396404.2542652190 0.0030871191
148574011.3294194341 0.0030961547
148417111.1842212081 0.0030988852
148594810.9745317996 0.0030441500
148394229.9251511097 0.0030896406
148827401.9967276454 0.0032883693
148407931.7508881688 0.0030844140
148827400.9554990530 0.0032889508
148403035.2672723532 0.0030810858
148828939.0529337227 0.0032941800
148434574.6380760968 0.0030944180
148838780.9222516418 0.0032964804
148428125.2966488302 0.0030836839
148802354.4572621286 0.0033046100
149028432.9335405529 0.0031980350
148395189.0169681907 0.0030967386
148556164.7752173245 0.0030463820
148401591.8081089854 0.0031038078
148440098.7264114320 0.0030647782
148390665.2590226829 0.0030934920
148525282.3325200975 0.0030660384
148422030.5750946105 0.0030800324
148442033.4796097279 0.0030821654
148392961.0038964748 0.0031115429
148390877.0037942529 0.0030525829
148386526.4215066135 0.0030905376
148461813.5455438197 0.0030919898
148399778.8931733668 0.0030859757
149063261.5098904967 0.0031869236
148400213.2976089418 0.0030933018
148489469.5338191688 0.0030843380
148405513.8774734735 0.0030979171
148555756.6773839593 0.0030504245
148394172.6765610576 0.0030983218
148501856.0171620250 0.0030484583
148382116.6794659495 0.0030980010
148471816.7224749327 0.0030534092
148470180.7889926732 0.0030968692
148397572.6401620507 0.0031131802
148404173.6031323075 0.0030946261
148937360.2732304335 0.0030810463
148419479.1156620085 0.0030949069
148448911.5515859425 0.0031171350
148418127.8698289096 0.0031054937
148428523.8640995026 0.0031864626
148393722.5486095846 0.0030957579
148439276.6984529197 0.0031865153
148400973.7580777109 0.0031420474
148383957.3882222474 0.0030995261
148466206.9575124085 0.0030767335
148410088.7029305398 0.0030955470
148482516.3256980777 0.0030763112
148379539.2631204128 0.0030997108
148448252.5066111684 0.0030988752
148382411.1191607118 0.0030988178
148442771.5167819560 0.0030779631
148379268.7044222057 0.0030938750
148386099.9896794856 0.0031038609
148385202.8190362453 0.0030860706
148429690.6119129658 0.0030983230
148381991.2185703218 0.0030965660
148430139.1211770475 0.0030681310
148445996.1167177558 0.0030866073
149133440.9848301411 0.0031097208
148381604.6537500024 0.0030916578
148411164.2190303802 0.0030981560
148386019.7950026393 0.0030937088
148392786.5892749429 0.0030885181
148379301.5473463833 0.0030931298
148391689.5304655135 0.0030944409
148381318.7576324046 0.0030944076
148396600.1662718654 0.0030939562
148407053.4542272091 0.0030949216
148439380.1678488553 0.0030818363
148385477.0859984756 0.0030880771
148424143.6966852844 0.0030894065
148385228.6674977839 0.0030927309
148410827.2734168768 0.0030838731
148382265.6372424364 0.0030940812
148417435.3086169958 0.0030915965
148380643.8524620235 0.0030946116
148416325.7988675237 0.0030896843
148410866.8217040598 0.0030939891
148421723.4557124972 0.0030887950
148384702.2826624513 0.0030954335
148405098.8059014380 0.0030818716
148380935.7365112007 0.0030940093
148417597.7100789845 0.0031101011
148387607.3555316925 0.0030980025
148437424.3726186156 0.0031059533
148410721.3808259964 0.0030978104
148398376.9253599942 0.0030773835
148388925.7233509719 0.0030894744
148427118.0910998285 0.0031087168
148412960.6334141791 0.0030931528
148428625.2235723138 0.0031127620
148407759.4784166813 0.0030926701
148395525.8062396944 0.0030924600
148380347.8362480998 0.0030953898
148432591.9416185319 0.0031047062
148408478.1038756967 0.0030952938
148447342.9099989533 0.0031018391
148406262.0616499484 0.0030908676
148390806.8895012736 0.0031075425
148402474.4176688492 0.0031041598
148383963.5042656362 0.0030925780
148411026.0143007338 0.0030851340
148379386.1137974858 0.0030921026
148397383.7620836794 0.0030936327
148380895.3887419701 0.0030936698
148396478.2488605678 0.0030938477
148383076.6014067531 0.0030927151
148386749.5034034848 0.0030890837
148380737.2229016721 0.0030942630
148384289.5329967141 0.0030923900
148379175.9300936759 0.0030935713
148385024.1276531518 0.0030942428
148384958.9070664346 0.0030926573
148388422.2404933572 0.0030952412
148391172.2095758021 0.0030916807
148380345.5197410583 0.0030939781
148405021.7467139661 0.0030970885
148381332.4122158289 0.0030935498
148404603.7550706565 0.0030957425
148379517.3034122288 0.0030936555
148390559.4641262293 0.0030918151
148412315.6910430789 0.0030936613
148385190.0062852800 0.0030916203
148412015.4407706559 0.0030936908
148380507.0970465839 0.0030907545
148412353.5086798966 0.0030935003
148380844.8808789849 0.0030905495
148378690.5205361843 0.0030938538
148388924.2027944922 0.0030945469
148410835.4497262239 0.0030935811
148389400.2730111182 0.0030946505
148378565.5848856568 0.0030939884
148404817.5405499935 0.0030932879
148379168.5389336050 0.0030929652
148381484.5537910461 0.0030953579
148379545.1033794284 0.0030936624
148378948.7740634382 0.0030925306
148379616.8001536727 0.0030941673
148411982.9632685483 0.0030907392
148378003.5609237254 0.0030938248
148396924.2511802018 0.0030989412
148412611.7537146211 0.0030940386
148383366.1456494331 0.0030917047
148378801.2048402727 0.0030933853
148386487.3805791438 0.0030924759
148378818.7206664383 0.0030934857
148401792.6170053184 0.0030974269
148412186.0800238252 0.0030942184
148382559.7004531920 0.0030928026
148411584.7583590448 0.0030926091
148378407.4760677218 0.0030937395
148378004.9234001338 0.0030936284
148378500.1898537576 0.0030939315
148383540.5530594885 0.0030930860
148412051.2819378376 0.0030940727
148378563.3991563022 0.0030920895
148412329.6720455587 0.0030941705
148407924.4603871703 0.0030930825
148410294.8326976299 0.0030936761
148381639.0009000003 0.0030927648
148379036.5087202787 0.0030938810
148381299.2873294652 0.0030949778
148378719.4526354373 0.0030937481
148381655.1538599730 0.0030940412
148412198.8185805678 0.0030939435
148381378.7322404385 0.0030936535
148409958.5432855785 0.0030945792
148380635.8402151167 0.0030946905
148411715.1481649876 0.0030940040
148381702.9375727475 0.0030918415
148378529.5758596063 0.0030936838
148379160.2227770984 0.0030935615
148412266.0912681818 0.0030941696
148409830.9554944634 0.0030946858
148411415.3664827943 0.0030939430
148410947.2730136812 0.0030955888
148379176.4865003824 0.0030937632
148405994.9965030849 0.0030955411
148380187.5330817103 0.0030921097
148379095.6493894756 0.0030929672
148412135.4276768267 0.0030937333
148379113.3781371415 0.0030944300
148412243.9405076504 0.0030938038
148412067.7970030606 0.0030933305
148378210.4840173125 0.0030940093
148410056.3411644101 0.0030945793
148411969.3239549100 0.0030939064
148410337.0411833525 0.0030941524
148378468.5208993852 0.0030937542
148379693.8315439820 0.0030933763
148378196.2093763649 0.0030938257
148410068.2143502235 0.0030943047
148378099.1408366561 0.0030937725
148411210.2781057060 0.0030940153
148378423.2732085884 0.0030938236
148379423.4601789117 0.0030937496
148378358.0982520580 0.0030939462
148381730.0123052597 0.0030930768
148412297.5149776638 0.0030937559
148379438.0230540633 0.0030935907
148378068.5530524850 0.0030939485
148378450.9162497222 0.0030937562
148412132.9893070757 0.0030940558
148411567.5889019370 0.0030938662
148378231.6183936596 0.0030937378
148410928.1656154394 0.0030938800
148378594.1032940149 0.0030937756
148379393.7249093652 0.0030937193
148378713.4175685942 0.0030937399
148378574.7795378268 0.0030938325
148378224.2587445378 0.0030937240
148378514.4978823960 0.0030938459
148378259.0682424903 0.0030938353
148412148.3225594759 0.0030939714
148379342.2565000057 0.0030932525
148412065.2172256708 0.0030937620
148378662.9504707158 0.0030934061
148412309.2688292563 0.0030937944
148379271.2133498788 0.0030934973
148412366.3556846976 0.0030939279
148412377.5933184326 0.0030936694
148412238.5557506382 0.0030938805
148411911.6390583515 0.0030942451
148378145.9770965874 0.0030937828
148378088.5573011637 0.0030935108
148378381.5581468046 0.0030937269
148379538.8417571485 0.0030939396
148412269.8277315795 0.0030938900
148378579.9724518955 0.0030937091
148412080.6980734468 0.0030938632
148378525.2136104703 0.0030938382
148378341.1932717860 0.0030938242
148378858.7744696736 0.0030938957
148412147.5296965539 0.0030938876
148379318.1055558324 0.0030933874
148412295.0280169547 0.0030939164
148411795.3416689634 0.0030938282
148378033.8025490940 0.0030937778
148378418.7512651980 0.0030935306
148412252.8647378385 0.0030938548
148412397.2085842788 0.0030938555
148412358.7750313580 0.0030937824
148411541.1981177330 0.0030939727
148412372.9333235025 0.0030938433
148378035.9640035033 0.0030937159
148412372.0231879652 0.0030938265
148412420.8194843531 0.0030938290
148412343.8212038577 0.0030937438
148378141.4587017298 0.0030939224
148412205.9728086293 0.0030938305
148378124.9812746048 0.0030939341
148378152.9460836351 0.0030937964
148378708.6866529286 0.0030938978
148412357.5876477063 0.0030938060
148378027.2877651751 0.0030938199
148412189.2765707374 0.0030938525
148378474.3716682792 0.0030937236
148378107.1768844724 0.0030938439
148378267.9074941874 0.0030938761
148378000.3798166513 0.0030938139
148378066.0540721118 0.0030938707
148378368.8159714639 0.0030937903
148378042.3743627071 0.0030938471
148411958.3542225063 0.0030938443
148379434.4436812401 0.0030936439
148412091.5701788962 0.0030937970
148412355.7139030993 0.0030938091
148378144.7340831161 0.0030938352
148412283.8060360551 0.0030938634
148378322.7894834876 0.0030936854
148412364.2290845513 0.0030938415
148378280.9619244337 0.0030937272
148412307.3144675791 0.0030938330
148378228.9966476560 0.0030937685
148378009.4995493293 0.0030938327
148412328.7011331618 0.0030939333
148412354.8355869651 0.0030938008
148412406.6947662532 0.0030938674
148412332.3315627873 0.0030938081
148378162.4056261480 0.0030937682
148412338.8520098627 0.0030938532
148378095.2891189754 0.0030936676
148412359.0188581944 0.0030938168
148378032.8213172853 0.0030937884
148412384.0464506745 0.0030937885
148412294.7843440473 0.0030938456
148412394.8336776197 0.0030938011
148412351.2961412370 0.0030937570
148412387.3381612003 0.0030938210
148412310.3468593657 0.0030937199
148412391.3236807883 0.0030938271
148378073.3242195249 0.0030938249
148412358.5187651813 0.0030938253
148378121.4209099114 0.0030938501
148412331.2971598506 0.0030938178
148378138.7324343622 0.0030937988
148378086.9894384146 0.0030938275
148378057.6296947896 0.0030938794
148378011.4070997834 0.0030937898
148412218.4696373343 0.0030938894
148412371.0044307411 0.0030938137
148378147.6466950178 0.0030938364
148412362.6443537772 0.0030938154
148378123.6675097644 0.0030938145
148412405.1271167696 0.0030938033
148378021.7206692100 0.0030938411
148378049.9430589378 0.0030937709
104300066.0000000000 0.0030937709 1 0 0 0 0 0 0 0 0 0 0 0 0 0 0 