833013774.6144709587 0.0003696950
808782433.7705558538 0.0001328477
820283575.0367366076 0.0000190272
810431241.0620443821 0.0009115246
906460366.4054464102 0.0000339039
871591004.4304544926 0.0000064498
906929067.8128571510 0.0000005312
814659909.4822707176 0.0004686375
896158899.6604592800 0.0000005233
858210496.4627245665 0.0000000959
916798136.9434869289 0.0001861678
779710679.9211350679 0.0000149892
924256685.5908662081 0.0000228284
781521279.4541352987 0.0001699292
777885141.6571882963 0.0002655045
849241413.4490211010 0.0001415215
826984318.3312976360 0.0003078417
656816148.6442978382 0.0003642092
648688379.3024371862 0.0000572874
651593636.9502867460 0.0002092865
623055651.3598420620 0.0003687302
601857863.1170308590 0.0004177322
637714045.1600074768 0.0000500789
557692104.7854659557 0.0005363905
545783784.9731717110 0.0005313839
677933901.3685566187 0.0000532000
634353407.2866417170 0.0001192837
648912704.3482487202 0.0000920381
563735544.1294069290 0.0001021366
530222650.2852309942 0.0005425010
601064167.4015692472 0.0002891687
463325634.5918314457 0.0020299785
567216440.0344129801 0.0010059875
454390510.1333584189 0.0021396882
541150948.7504194975 0.0013249845
451289201.5652925372 0.0020989096
459694796.5048820376 0.0013611008
449056428.7002567649 0.0023696567
505550181.2788030505 0.0008771375
478259046.6687700748 0.0019928111
532337938.8477938175 0.0014922620
446587478.7765519023 0.0024624084
446819938.5677273870 0.0026075702
447521291.9311685562 0.0021832240
489623961.6546740532 0.0007751116
446356112.7496191859 0.0024534181
430274020.3149740696 0.0013415266
434040284.4782589674 0.0013147173
441800078.6586924791 0.0016076202
432046980.9689515233 0.0013913779
460156397.7090520859 0.0015344240
482670494.7392371297 0.0010948656
448967077.9006369114 0.0024489520
425720386.5222792029 0.0012941550
399529759.4538874030 0.0020723280
396698555.0970521569 0.0020257454
430083534.6444408894 0.0029813675
383323660.6286630630 0.0029131256
451566857.3153600097 0.0007758929
414508570.0895341635 0.0018852982
344533295.1892688274 0.0047989558
353926514.7167487741 0.0048640704
332721782.1082187891 0.0048506593
340074098.9108906984 0.0059621431
374594262.3912428021 0.0035701890
338006516.9648845196 0.0057431438
319726766.2223623395 0.0117088719
327110301.7415912151 0.0113269981
348409279.5130973458 0.0040199488
340479056.9145476222 0.0083215953
411421771.2584675550 0.0143016977
362096366.0471475720 0.0109935847
420738179.5755098462 0.0043571355
326644957.4033145905 0.0066828171
337775170.4517645240 0.0065579373
316188922.3524158597 0.0142573624
401014517.5762813091 0.0003993735
326367474.7128002644 0.0133487477
390031462.7834311128 0.0160293600
315881363.6615327597 0.0142489158
299699694.6442030072 0.0279688699
293861552.8695803881 0.0299301867
338621535.9651713371 0.0228255302
298013515.3824720979 0.0153756916
415696773.7760278583 0.0317737997
286843845.7176558375 0.0303901172
309185687.2139565349 0.0435599337
288685783.4148932695 0.0243604107
326830563.7782890201 0.0168733131
287447481.5152298808 0.0260346122
302417337.8163737059 0.0586506610
290272840.9205304384 0.0345185118
380683285.8176540732 0.0075099307
294851830.6614398360 0.0304727576
319061312.0413081646 0.0119898175
292284795.2957139015 0.0325856414
354038107.8355607986 0.0076884430
293671024.3269568682 0.0296266305
320319155.2583668828 0.0221606187
292134856.3088198304 0.0268865470
289484372.8531913757 0.0300590704
285703979.5487540364 0.0286147335
310806029.4942803979 0.0211475197
287332979.6862291098 0.0196870122
305794833.2746827006 0.0010042964
296884203.7262979150 0.0213367838
400146662.9110216498 0.0011170120
310315091.5403646231 0.0256658771
371907646.8255064487 0.0351190212
285916794.7414900661 0.0292973511
392025646.9463046789 0.0166735387
293460442.8195654154 0.0295458890
307114381.0840620995 0.0113926872
260407351.3489959240 0.0274556119
391840960.2623614073 0.0021750140
243149378.7703917027 0.0244195031
370296395.1005448103 0.0110796837
255967623.2003463507 0.0307338701
317036158.2274900675 0.0278253191
251155920.9268634319 0.0231460381
291728747.1016801596 0.0120316639
242924567.6234357059 0.0218545115
336170771.7729268074 0.0205296357
256784619.8422555625 0.0211611380
313821040.1400873065 0.0110454745
253165693.4134237468 0.0259545335
340538568.8716055155 0.0116564878
238023870.2725942731 0.0171285036
294213111.7847120762 0.0038159845
274637072.7039433122 0.0215948504
271866227.6161252856 0.0269755015
243176515.7135293484 0.0124332890
315267522.7755356431 0.0000231022
250920285.8796845078 0.0119949741
307334639.5766693950 0.0124025008
241040091.9226934314 0.0139472726
295973163.8972517848 0.0562182194
242744934.7711623907 0.0114584700
279311010.4577964544 0.0047335812
235876608.9589033127 0.0112354630
344431311.4477761388 0.0005190610
228273398.2417797148 0.0147197632
299741703.8372243643 0.0019095514
234230939.8481076658 0.0122722841
299364115.4862019420 0.0079258367
222323615.8293424547 0.0063504146
295329667.4280190468 0.0299239104
228724825.7579653561 0.0056840531
373736954.2897125483 0.0003752452
216035508.4172525108 0.0102465834
266335235.0458210409 0.0064093846
214298620.9333306551 0.0092483133
234074798.7419428229 0.0013700341
211526856.8977979124 0.0109228637
298260427.8653801084 0.0158151103
212944513.7809897065 0.0181590123
283053873.7507683039 0.0239220377
208473822.6613751054 0.0113152978
262497221.0210258365 0.0122450238
207027294.3308030367 0.0007902442
265939525.0225400329 0.0026227315
216127112.5299143195 0.0031597791
257321079.4621541202 0.0000795322
205268793.8017329276 0.0008591185
251406502.0573692620 0.0268676328
225498462.6317493320 0.0000543422
261327087.1229223013 0.0382887588
211714453.7277810574 0.0015387735
208882820.2707795203 0.0059079674
212786849.1901841760 0.0013712022
240655093.2579241693 0.0092249356
209801240.7880930603 0.0020515315
213211041.3290817738 0.0012522271
218786695.2644263506 0.0011342190
205328565.9348798096 0.0009607530
225950051.7577649057 0.0005894951
211252416.7926691175 0.0004309203
205706538.7920235097 0.0006620927
206578249.6491035223 0.0006717191
209843620.0128701627 0.0047399957
206011994.6119402051 0.0005869734
226812711.9588593841 0.0010755579
210468756.5263369381 0.0001830509
214371547.5635715723 0.0011209348
207941971.5060119331 0.0015451547
230654004.5523130000 0.0000000239
205917350.7400788665 0.0012668970
226315753.9984367490 0.0023263631
205848957.3720561564 0.0012110383
234169567.6511920989 0.0031913045
206357529.3506259918 0.0005478468
206913423.4258814454 0.0007928179
207165796.1206788421 0.0016498532
214363513.9329038560 0.0006955402
205464949.0376137495 0.0014908379
217043932.5960522592 0.0010129261
212020487.6440191865 0.0006852453
212478649.8229536414 0.0191317674
206505755.6064871550 0.0006647038
218576511.5386135578 0.0110041038
201407302.9778510332 0.0018747542
201043307.6735309958 0.0083809036
206359178.9712146521 0.0072611931
226154339.0679319203 0.0217312042
208620481.0988913774 0.0072098072
198518949.9416425228 0.0085839357
199274546.2005068958 0.0087564341
214207075.2291596830 0.0049759772
200419803.3440236449 0.0097036233
215377864.0867838562 0.0154780244
195027266.1829267740 0.0095813184
221278816.3935950994 0.0005692409
198178241.8486674428 0.0091891403
201044118.5619289577 0.0223912771
198676160.4265308380 0.0052424158
215960507.3836680055 0.0011778657
197005953.6024787426 0.0106824323
201757688.8834455609 0.0149008379
195192526.7304053605 0.0075356214
221894509.2670387626 0.0058935124
205823705.8222562969 0.0108969376
207559807.5032789409 0.0143940486
194917273.8893766999 0.0116231016
206931694.8739290833 0.0521405306
192381589.5144023299 0.0198273225
203129507.5250357985 0.0162904245
191906069.8790990114 0.0155906885
194716821.3110268116 0.0247654328
191459353.1945456564 0.0175269102
200566546.2078145444 0.0081278954
194178493.3067739308 0.0146336919
211979552.4787926376 0.0139771831
190325007.1134097278 0.0234635228
206211101.3982356787 0.0161711896
188828649.5673750639 0.0221006961
202590443.2166228890 0.0236223178
190249522.5387373865 0.0217407656
204115313.8524283469 0.0099564677
190615591.3729236424 0.0236798419
198494599.3990889192 0.0082753723
194441438.7774540186 0.0238117814
206877592.1944426000 0.0406792101
187888245.9650544822 0.0265902034
203553289.4743349850 0.0247465453
186069348.9248020053 0.0194698221
186208723.3812515140 0.0196750533
195616569.6182981133 0.0164512857
186101120.2321726084 0.0183239972
197172918.3731898069 0.0231512541
186411535.8989081681 0.0191135217
200667964.0966883302 0.0201792680
186626231.4656977952 0.0202660490
184300951.2277913988 0.0121679795
185915667.8499492109 0.0109018843
182380762.9699032605 0.0127172648
183106806.6905981898 0.0129777085
184165362.3043237627 0.0204077992
182854811.7978582382 0.0112208833
183080707.9057192504 0.0328548819
185947155.1034318805 0.0112488685
187398180.8165012598 0.0150689505
182256771.0541796386 0.0118505030
186722766.7726098895 0.0160558446
187878994.2743658125 0.0101460158
182755382.7337137163 0.0089623984
184562061.6177155375 0.0125205783
186699943.8064631522 0.0080047406
182883299.5569540560 0.0122116795
180567170.9707172811 0.0151314331
182539724.2574287057 0.0144767565
189560890.0108034611 0.0134981777
181519584.6190130115 0.0148944506
198393614.9435464740 0.0217228189
184352954.9460260868 0.0149398570
181828625.9090017974 0.0126517714
183607053.8848789930 0.0147346385
180559757.7525043190 0.0224431839
184605137.1483093500 0.0192079040
178320993.4072262049 0.0297860717
179869602.1787952483 0.0289521420
181088727.3056492209 0.0239473959
177723413.8901528716 0.0317637296
184512453.1811194122 0.0376450259
182492329.8016318679 0.0331345614
188990348.8086269796 0.0239021416
180222059.8163347244 0.0328457959
185756221.5500936508 0.0214611926
178648625.9979012907 0.0321937776
184154492.9230419993 0.0389055851
178034555.2988868952 0.0290876021
185942292.7642057836 0.0243547545
179790683.7893112004 0.0476788652
178142411.1537917852 0.0196144365
178484844.2267377973 0.0325039286
179572735.2765416205 0.0316723917
182141061.9790181518 0.0315160530
178517781.3440063894 0.0446836976
181364120.2215520144 0.0351776862
183192313.9338162839 0.0270412022
181336757.3876166344 0.0282894939
180482883.4766397774 0.0313970930
181534871.8340774775 0.0310411175
181856223.4569711387 0.0328970333
179469365.6424139440 0.0298820104
205747500.2311057448 0.0289081779
178234244.4039403200 0.0322372013
179115963.0154920220 0.0214952532
178697854.9395944178 0.0335712580
186573862.5669011474 0.0342301174
179772917.2643134594 0.0332749363
181301058.2192648053 0.0241444136
178099242.6621461511 0.0327045372
176389233.1237086356 0.0314906454
175903778.9851313531 0.0316674801
185945105.7608230114 0.0321997804
177696093.7048881054 0.0309417136
178308889.4521611035 0.0365912930
178439488.0906740129 0.0325393579
182449362.0246260166 0.0287797988
177638849.0215228200 0.0315871759
184347019.1173862517 0.0273786772
176649914.9619076252 0.0329898450
179949837.3306491375 0.0299243033
181625470.1421067119 0.0306708164
175854025.2312605679 0.0291121624
176275319.5823614001 0.0281947010
180763027.8888319135 0.0192251499
182777335.9536707103 0.0280064642
183838607.1903955042 0.0347706641
185520310.8693501055 0.0319383727
183963935.0322799981 0.0228329370
175465712.2430676818 0.0302264844
178522793.9956423640 0.0269781740
175429539.5511316359 0.0288145111
177091270.4931800663 0.0291946033
176833880.3955019712 0.0281085279
178344444.1508498490 0.0232509537
176228214.3340389132 0.0297556177
177480472.5561204553 0.0287311737
176523090.1772591472 0.0286868915
175599050.8586023152 0.0346095162
175536969.9387815595 0.0258927804
184726420.7100574672 0.0216379758
177951394.9750612378 0.0306967621
178433944.6194658577 0.0340012323
177234101.5120977163 0.0272370911
177847754.0795839429 0.0243534650
177860705.8872322440 0.0297291256
182674806.2673895955 0.0365031466
175243116.2277963459 0.0270929284
182840366.0926255286 0.0219036996
177054755.2945512533 0.0276307281
186941802.1312426031 0.0233570819
178061156.2886139750 0.0259701334
180708547.3822945654 0.0338858500
176325698.0325077474 0.0253954113
180191177.0173051059 0.0126035439
176110102.0510818958 0.0263530857
181575156.5922181904 0.0212832010
176014036.8721038103 0.0288132759
181711281.4858497083 0.0337580790
175202759.8203349113 0.0304965514
176828608.4165968299 0.0597165033
177116880.7788079977 0.0290954208
175739064.0288713276 0.0507830806
177925384.9725006819 0.0310751931
176261091.6774697900 0.0337805472
177056604.1257466674 0.0308778553
180567446.4890971482 0.0270777159
175881764.2847424448 0.0322376659
177999350.6402296126 0.0288704928
175868387.4810780287 0.0301806046
175863512.0494341254 0.0379062323
176804369.1414395273 0.0305430699
179337101.2410349846 0.0272214092
175038704.1667686403 0.0283990454
176818941.1414444149 0.0258952109
175173809.0001699328 0.0281339709
179427748.0987780690 0.0206548595
177073946.5613746345 0.0276859495
183673207.2584790587 0.0268888732
175444572.0591251254 0.0253633386
176377349.3320596814 0.0276323009
175056395.9784187973 0.0281736771
184719398.6246888041 0.0366617252
179150169.0019423962 0.0268228569
180000595.5137884915 0.0374220952
175184196.6074388027 0.0271516506
183426985.9673677087 0.0268518614
177575663.0839550197 0.0279535476
177456339.7490846217 0.0129503308
178295186.6321331263 0.0287234347
178896081.3027981520 0.0392186522
178189479.7564223111 0.0285233175
174902486.0067065358 0.0266711326
174630669.4530468881 0.0260424350
181876728.5120448172 0.0235872041
177544713.1208172441 0.0239102751
179968782.7789681554 0.0298707067
182388817.0994902551 0.0265148722
181072418.0401926339 0.0209726913
175186257.3769313693 0.0269567965
183754942.7025831342 0.0262603609
175694213.6332500279 0.0250984964
183828335.3534983099 0.0357732396
181286006.8330956101 0.0175143269
174085610.8917311132 0.0268279846
183969532.9416824281 0.0227938485
174178413.2721340060 0.0262380518
177966590.6734794974 0.0312126766
176550404.0931921005 0.0271825251
174014165.0511061549 0.0286208544
175043438.3904586732 0.0277130760
179174313.7762311101 0.0320587340
174304956.6559924781 0.0289466745
179157974.5634483695 0.0258648962
173984919.3591538370 0.0315585735
177180674.5561579466 0.0404680479
181412839.6052198708 0.0306738907
175011332.2454292774 0.0317243188
174082960.8718776107 0.0312365530
176406627.8794345260 0.0203266005
174031202.2666294873 0.0315423902
178661233.1669483483 0.0328340380
181457307.4097568393 0.0304283892
174913704.1515384614 0.0340505120
173688553.7057552934 0.0317930071
173998828.1724632978 0.0333233170
181483149.6868479252 0.0296238317
174076858.9284843802 0.0416422046
181540438.5292206109 0.0305807711
174309099.4430824816 0.0285413889
174087697.4755562246 0.0322104997
176016359.8652142882 0.0296569760
181636165.3127073050 0.0328481206
179095343.6453012824 0.0293020194
182470248.5672587454 0.0309833622
173689469.3088898659 0.0334333598
175235760.4419553876 0.0295965469
173596856.3333898485 0.0306288539
181472028.5239755511 0.0312092863
177726549.9482873380 0.0270231450
173456177.6317527592 0.0313590945
173464550.8402643800 0.0298895481
181531000.1636623740 0.0334623784
174485519.1908552051 0.0287130204
173419752.4623858333 0.0307718530
174156512.3688009977 0.0323226779
173710100.2622328699 0.0314676212
173614503.3622911274 0.0286675895
174431895.9567348659 0.0308863902
175289506.3293053508 0.0296763029
180243124.1940320730 0.0292101730
172608309.5250754356 0.0364319962
179974290.4881916344 0.0349016683
179020575.6419530511 0.0388166163
174340935.2274900079 0.0357450085
172604532.4412816167 0.0353737182
178705970.1560212970 0.0397165188
179910954.4294371605 0.0352707578
172027834.7641864717 0.0363936498
172194655.3038510084 0.0365790137
171990788.6146982312 0.0360156541
179769397.2717404068 0.0348325627
179169615.0790466368 0.0348500693
172136811.3533969223 0.0354673632
172597514.5107784271 0.0383812219
172400124.4594889283 0.0352023646
179884585.5088736415 0.0383951049
172441616.3878658712 0.0361581184
173978512.1666954756 0.0350605732
179980104.5103288591 0.0356191117
171980816.6029353738 0.0367167535
172465597.9813579023 0.0365606376
171819633.0034529865 0.0367584327
171537414.0313676298 0.0363178642
179320393.3492745757 0.0377722858
171532682.9686666727 0.0373001637
173312876.8223584294 0.0401171316
171890346.0450229943 0.0370159957
173046272.7758962214 0.0444171841
171439339.5658176243 0.0374514732
178284180.4228670001 0.0355315528
171513425.6176235378 0.0383109581
172365804.5164515972 0.0367609663
171359660.8558322191 0.0395842153
175537468.4989107251 0.0407286597
171690682.0747189820 0.0393774777
171764000.9348554015 0.0392045255
171417666.0771570504 0.0397324995
177611269.0009896159 0.0420936723
170918092.7483600676 0.0396590568
174366941.4149647355 0.0386310294
171690448.8993057013 0.0391617005
171418531.2426953018 0.0370137113
170852989.5240833163 0.0393204363
178848527.3212522268 0.0361835063
171087003.8785645962 0.0402925804
179016251.8596644104 0.0384634008
179255656.6695529521 0.0392267221
170767811.6539042294 0.0405217965
171190627.9169256687 0.0407268817
171454675.1426491737 0.0402372150
171010748.2606485486 0.0403443607
171740928.7546434700 0.0400935829
171197065.6698642373 0.0412049660
178607444.1566535532 0.0439266103
171156907.8260957897 0.0415634366
171584575.5054372251 0.0368560155
170779319.8184499443 0.0402157000
179492203.0621791184 0.0363094655
170785783.9767847061 0.0405721114
175924913.5159626305 0.0420230600
171416479.7330125570 0.0412772678
173469463.4563989341 0.0420176671
171002515.7478304803 0.0421579684
171620945.7107173204 0.0455959692
170608971.2625444829 0.0404185289
173115070.3952930570 0.0399611236
170876077.4838300943 0.0399828157
170847238.5124998987 0.0433496530
171097020.3854438663 0.0396925859
178543647.3266878426 0.0393050051
171069657.8771360219 0.0397842323
174579039.2345308661 0.0439099153
170480596.1284020841 0.0416469966
179199711.3785305321 0.0402935291
171019980.0397322774 0.0413138787
172870662.7759138346 0.0428462380
170952549.5286794901 0.0416989539
171017820.3439936936 0.0376302042
171263509.0875725448 0.0413630763
171369903.7417350411 0.0448680175
170614212.2559154034 0.0411775472
179289432.3346916139 0.0432401586
170507807.9483141601 0.0422698246
179357208.0627755225 0.0382552341
170718257.3342720568 0.0408855762
179137189.3475504220 0.0452226535
170769043.5279109478 0.0407564145
170689330.2481754422 0.0445190753
171050608.8548583090 0.0430932326
171181098.4448684752 0.0415005953
178897906.2969259024 0.0429036482
171307560.5329781473 0.0418317553
171845363.1518210173 0.0419075812
170762150.7383520901 0.0419757926
170913494.1560903788 0.0405352012
170623357.9015896320 0.0409459281
170616102.8645862341 0.0402131385
170670738.6839680970 0.0419285771
171161411.6865170896 0.0421000043
171158737.4079241753 0.0424505226
170809667.2305492163 0.0425432280
171207935.8566501439 0.0416960683
170855483.1602449119 0.0404864903
170872889.6820766032 0.0419369765
171339837.3083196580 0.0417532095
170794515.9590747654 0.0413725985
171741257.7993232608 0.0421383835
171203165.1906791329 0.0406697717
179095313.3811149299 0.0421762335
170672429.0324537754 0.0417803896
171107778.9129303396 0.0405531075
171248255.3315610886 0.0414734813
170740784.4894112945 0.0414811454
171321219.6276991665 0.0419888294
179295426.1377069652 0.0398887248
170687228.6338292062 0.0419332851
171096985.8243605494 0.0425769979
170769396.2000769675 0.0418623453
170537072.0035428703 0.0444272060
170500732.0643975139 0.0415379938
170694829.8108332157 0.0422391861
171310375.6558348536 0.0417584612
179131184.6662887633 0.0434527821
171351260.2675004303 0.0407324664
179398812.8687666655 0.0409772308
171100509.9277951121 0.0403390794
170742452.0268459618 0.0415692470
170493194.8497043848 0.0416306108
170771436.9574066401 0.0416758324
171379334.5120266676 0.0415411009
171169887.0153625906 0.0423349566
171350784.8672839701 0.0416082920
170538192.3812507689 0.0418683072
170473427.2778646052 0.0417123935
171297697.1825837493 0.0422482218
171386481.0682874024 0.0416708496
170623847.0760678053 0.0419204827
171394737.4000287354 0.0417284239
170806126.1169435978 0.0418273653
171232177.1524838209 0.0416841449
171277907.3614811003 0.0416026032
171318223.0082899332 0.0416483398
170808862.3752865791 0.0416222583
171435407.9389648139 0.0418543373
170729062.5124439001 0.0416814586
170509699.4764033854 0.0416749164
171290482.4526152611 0.0409709862
171365828.5016157031 0.0418296818
170735277.4383670986 0.0415923443
171360586.0898205936 0.0416761151
170819781.5710402131 0.0418594079
171373688.2567857504 0.0415369385
170557602.9245585501 0.0417004736
170480192.6752879322 0.0417392136
170583064.3776786327 0.0417079925
170529627.7670985758 0.0418538426
170586733.4088642895 0.0421627153
170478825.8497819006 0.0416813636
170637926.1194732487 0.0420736499
171389672.1575343907 0.0416363975
170531175.4047910571 0.0415854026
171110650.4654252231 0.0418583803
171387734.8556363583 0.0417312071
170481648.4094658494 0.0417689618
170480006.0892056823 0.0421373195
171393888.6321740150 0.0416944516
170552308.7750917077 0.0417034551
171390702.3788720071 0.0417709017
170683864.7337662876 0.0416480803
171399432.0573870540 0.0417008472
171294888.0242084861 0.0415266572
171358822.7434081435 0.0416990515
170472264.3537979722 0.0418438642
170496834.6957656741 0.0418049679
170507804.0053935647 0.0422045784
170478742.2795359492 0.0418689724
170588101.8105514944 0.0415789408
170474723.3601128757 0.0418577944
171438546.8030181825 0.0419873166
171359910.8133297861 0.0418099493
170649315.0632531345 0.0419070912
170479639.2544818223 0.0418766568
170719406.3027358055 0.0418657676
171391531.0754888952 0.0417924627
170512615.8910915554 0.0418240914
170465654.4338448346 0.0417866791
170548382.6672267318 0.0418817401
171387273.9885668755 0.0417598430
170685514.5687691569 0.0420377577
170489442.6822811961 0.0417127500
170590558.4279809594 0.0418163906
170461538.9146994352 0.0418106002
170594503.6264459491 0.0418067370
171377582.5487653613 0.0417905589
170572550.4719491005 0.0420043989
170521408.4621948004 0.0417531797
170524686.3305558860 0.0416978209
171398051.6769070327 0.0418560276
171369864.5557844937 0.0416357415
171354439.5360388160 0.0418480114
170487163.9186960161 0.0417196086
170486083.8525057137 0.0417850951
171162227.5569671690 0.0417013528
171381465.6089420617 0.0418143459
171332273.5648677349 0.0417747526
171374879.0469138324 0.0418702635
171408607.5119187236 0.0417967283
170573029.7558024824 0.0419644625
171408712.3092563748 0.0418154556
170463742.0166948140 0.0418456785
170457873.5951112807 0.0418331371
170502614.4277507365 0.0418747609
171398127.8483608961 0.0418678723
170492737.4235812426 0.0418134627
171389777.3482175469 0.0418250732
171401274.1560750902 0.0417449898
171402117.7326430082 0.0418693991
171403643.8683741391 0.0418512647
171407457.0668435097 0.0418268042
170510657.4849422872 0.0417366895
170462305.0798637569 0.0418116617
170565071.6760499477 0.0418254345
171407589.1325873137 0.0418291424
171340129.6668077409 0.0416970779
170463154.0597218573 0.0418573330
170480351.4765417576 0.0418451691
171394855.5522983968 0.0418397699
171380150.1104582548 0.0418494206
170462275.2973564267 0.0418149560
170500956.9923879504 0.0420230256
171391721.1068162024 0.0418121981
170522407.7439228296 0.0418875018
171394418.0487527251 0.0418118393
171349790.8231374621 0.0418234645
170461741.2514519095 0.0418323948
170521324.7016870975 0.0418729317
170466005.2664284110 0.0418353056
171409771.0451208055 0.0418327838
170460317.9418697953 0.0418475257
170472443.6859972775 0.0418732317
171406315.0844239295 0.0418372173
170495883.5007298291 0.0418347626
171402167.5305096805 0.0418336300
170472857.7142221332 0.0418369342
170458981.0913907588 0.0418237441
171392432.4002867043 0.0418233488
170463184.1740243733 0.0418160182
170486658.5759519637 0.0418511732
171400156.2062584758 0.0418492278
171396292.3777514696 0.0417772208
171405084.4768916070 0.0418365226
171393279.1034071743 0.0418482150
170462859.5876685083 0.0418515561
170469966.8555916548 0.0418432345
171400268.5402276218 0.0418255179
170482200.5277011096 0.0418585324
171408306.2919190824 0.0418330741
170460545.1019262671 0.0418407578
171405569.7864035964 0.0418273993
171398804.9595042765 0.0418567530
170460148.9569823444 0.0418351435
171407411.4795128703 0.0418369520
171406455.1603154242 0.0418218493
170489023.0594361722 0.0418268820
170461313.3487158716 0.0418363562
171402855.5601321757 0.0417994391
170460203.5862197280 0.0418329075
170464517.5275467336 0.0418083066
170461679.9379523396 0.0418224120
170476498.4173684418 0.0418137467
170461637.0807031989 0.0418376017
170461221.9708613753 0.0418746875
170460484.2085579038 0.0418408001
170481848.4968585372 0.0418628942
171404648.1087000072 0.0418400314
170463911.0126654208 0.0418296877
170458416.0853835642 0.0418410141
170472859.5029084682 0.0418041883
170457452.0220483541 0.0418336913
170459564.4861930311 0.0418333319
171394095.2153592110 0.0418295154
170492540.2166061997 0.0418589368
170463728.5127293468 0.0418340508
171396081.9447520971 0.0418050478
171405071.4292681515 0.0418376404
170466931.6771098673 0.0418202676
171404356.0720010102 0.0418345517
170474855.2636668384 0.0418337634
171406999.5127091706 0.0418274500
171404415.7147406042 0.0418350362
170465960.2877320051 0.0418390936
171407574.1973844171 0.0418333692
171406016.1685739458 0.0418439622
171407315.3887083530 0.0418363299
171406298.2974929810 0.0418345044
170460574.8334307373 0.0418338406
170459722.5251587331 0.0418342716
170459172.6210278571 0.0418331453
170465950.6262898743 0.0418280510
171407079.2164887488 0.0418342595
171405285.9634427130 0.0418363421
170459524.6583909690 0.0418368874
170458922.2025175393 0.0418407827
171406395.0548037887 0.0418323889
170459010.5827761889 0.0418432689
170459037.5905249119 0.0418332236
170461493.1576121449 0.0418136348
170460502.1349172294 0.0418374524
170460679.6773687005 0.0418260552
171405917.1650678813 0.0418345255
170462163.5550048947 0.0418279242
170458300.7266914845 0.0418309927
171403560.9603293836 0.0418360338
171404297.1022650599 0.0418319204
170465952.7718108892 0.0418400688
170457715.6389561296 0.0418388944
171394970.4302230477 0.0418303892
170459627.4430141747 0.0418375771
171394487.1715736389 0.0418284308
171401314.5266658962 0.0418310612
170458679.4763875008 0.0418334727
170459016.8061479628 0.0418290831
171405516.3725999296 0.0418306437
170462967.5119545758 0.0418277112
170458904.3260652721 0.0418340433
170465143.2466252744 0.0418443312
170457998.5909237862 0.0418315593
170461015.9842897952 0.0418405219
170457870.3389475346 0.0418339460
170457187.8601430953 0.0418357422
170456740.5044744909 0.0418361744
170457974.2661003768 0.0418346952
171407333.6286605000 0.0418344769
171406095.0925720930 0.0418387621
170457454.3667438030 0.0418354779
170461821.7806577981 0.0418358036
170456706.8904263675 0.0418372455
170458140.2313095927 0.0418376862
171407719.7269043624 0.0418355353
170461495.7939168215 0.0418342700
170457127.1023493409 0.0418363436
170455748.8056945205 0.0418316162
170457279.1916863024 0.0418301281
170458164.7524627745 0.0418300137
171405469.2974707186 0.0418307288
171404016.1010408401 0.0418413064
171405865.6447519064 0.0418305603
170466023.5731325150 0.0418389134
170456198.2618113160 0.0418331468
170459813.3003024459 0.0418291683
170455549.2145098150 0.0418360966
170461797.2860403657 0.0418388603
171405285.9448774755 0.0418324977
170458679.6364579201 0.0418416683
170455909.2702655792 0.0418359178
170460130.0949798226 0.0418391542
170456779.1487099528 0.0418369704
171405440.7063097060 0.0418528107
170456381.8649122417 0.0418371561
171401001.2831485271 0.0418326872
171406151.9851486981 0.0418362698
170456643.6582477689 0.0418279158
170455760.3044273853 0.0418376658
171405202.9887079597 0.0418312724
171406777.0708991885 0.0418350559
170455924.2057162523 0.0418348121
170456177.1833406389 0.0418369883
170457706.6435098946 0.0418364117
171405706.3059233725 0.0418348573
170460947.1500724554 0.0418355353
170456192.5713464320 0.0418367255
170456691.3050779700 0.0418243331
170455665.4920557439 0.0418361646
170457085.2986506820 0.0418389925
171405239.3668256402 0.0418321740
170455354.8173112869 0.0418356450
170456033.5306802094 0.0418361025
171406493.9766946435 0.0418355299
170455922.8473446369 0.0418318132
170455371.7584879100 0.0418363826
170457951.3551115692 0.0418363237
170455580.1217586398 0.0418359037
170455903.3245311975 0.0418365256
170455648.4350274503 0.0418353566
171405539.2155258358 0.0418401440
171406118.2679834366 0.0418355930
170455944.5030038357 0.0418301626
170456035.1658137441 0.0418352428
171405706.3657445610 0.0418377712
170455404.0528591573 0.0418354720
171405640.7962929606 0.0418349401
170455738.0631244779 0.0418356949
170455734.6025548279 0.0418380572
171405992.8019303977 0.0418360779
170458312.8821108937 0.0418351659
171406313.0858676434 0.0418361908
170456086.8513650894 0.0418324731
170455557.3035209775 0.0418358852
170456233.3189273477 0.0418365668
170455349.0875695348 0.0418361733
170456215.7371504605 0.0418373362
171406319.1668811142 0.0418358999
170458290.8484032154 0.0418351120
171406003.8634496927 0.0418357659
170455846.3592840135 0.0418332682
170455236.7202149630 0.0418360761
171402777.7005196214 0.0418322242
171406008.2843913436 0.0418357116
170459002.2454933822 0.0418360014
171406554.4351308346 0.0418360029
170456226.4651192129 0.0418342706
170455463.6318376064 0.0418359753
171406512.4084447622 0.0418347825
170455749.1302041709 0.0418382506
170455939.9891704023 0.0418365815
170455728.5788902640 0.0418371994
171406487.2195592821 0.0418359038
170456335.4340373874 0.0418366539
171406523.5420817137 0.0418354685
170455205.7000509202 0.0418386652
170455225.3838014007 0.0418389732
171406328.0147945285 0.0418410420
170455322.6767570078 0.0418388495
170455668.2656114399 0.0418376476
170455177.4169587791 0.0418385497
170455222.5227261782 0.0418391632
171406382.5456838310 0.0418386591
170456336.3599686623 0.0418393028
170455114.8517117798 0.0418388414
171405468.4195490181 0.0418370951
171406188.6450616717 0.0418391624
171405866.2027476430 0.0418389287
170455374.0078236461 0.0418389070
171405951.5719138086 0.0418396176
170455226.7639204860 0.0418383661
171406483.0660846531 0.0418387895
170455570.2233939171 0.0418388346
170458306.0585346222 0.0418392051
171406244.4249445796 0.0418385079
170455700.4856505692 0.0418406065
171406124.6189880669 0.0418383260
171405798.0041081011 0.0418367284
170455210.4641634226 0.0418394251
170455651.3979218602 0.0418422019
170455070.1807028055 0.0418388271
171406362.2426371276 0.0418381326
170455248.7104796767 0.0418386523
170456185.7691835463 0.0418389727
170455187.1409822702 0.0418384954
171405914.3028975427 0.0418400551
170455230.0105139315 0.0418389329
170455816.8670198321 0.0418392832
171405992.5758926570 0.0418389959
171406348.8959801793 0.0418389813
170455223.9721553922 0.0418388008
171406356.1978658736 0.0418388226
170455150.5437915623 0.0418392139
171406354.6154779792 0.0418392090
170455207.3477073014 0.0418383481
170455109.7851097286 0.0418388470
170455401.2809020281 0.0418391409
170455173.6381193399 0.0418389313
170455158.0787413120 0.0418377267
171406384.6983710229 0.0418384617
171405973.5554084182 0.0418384777
170455195.6545472741 0.0418385793
170455160.4444708526 0.0418394847
170455126.9455796480 0.0418389474
170455270.8263182044 0.0418389262
171406380.9542106092 0.0418390471
170455432.3113625348 0.0418373952
170455075.0648196936 0.0418386213
170455074.8488856554 0.0418383827
170455131.4763905406 0.0418388137
170455506.6402586102 0.0418390842
170455193.6676065624 0.0418388429
170455250.7382603288 0.0418387383
170455247.3330184221 0.0418388448
170455217.0913500786 0.0418392060
170455143.0455664992 0.0418388386
170455083.4158101678 0.0418391651
170455303.6395875514 0.0418389674
171406299.0997492075 0.0418393815
170455083.3792062998 0.0418389758
170455233.6848859191 0.0418384383
170455075.9836652875 0.0418388596
170455172.7717738450 0.0418383711
140336777.0000000000 0.0418383711 0 0 0 0 0 0 0 0 0 0 0 0 1 0 0 