387723201.9155482054 0.0005510867
371638310.0655326843 0.0010496245
379345822.0130580664 0.0003813602
407175548.6602687836 0.0004110700
412882022.6792300940 0.0000745767
456134515.6256579161 0.0000713334
398358863.0437344313 0.0003791402
380289560.5478603244 0.0007070821
405509537.9261189699 0.0003649905
444671769.6195904016 0.0002628258
410875933.5185315013 0.0003900622
358184012.0441846251 0.0005740219
441594828.2028675675 0.0003820071
357136674.3751407266 0.0000454363
359494757.8961462379 0.0005050280
400134947.2862218022 0.0000242188
385620740.4975897074 0.0000756448
308869811.3516060710 0.0001879309
286822029.0089646578 0.0002394821
289283776.1484809518 0.0004182920
266936812.6739806533 0.0020862322
261464696.3274649680 0.0027247194
270642300.1179440022 0.0024625005
248504094.9464802146 0.0040739074
237487515.5502460003 0.0059514225
309756661.7035059929 0.0017868358
274164729.8498339057 0.0016202584
301709837.0381960869 0.0024060385
248399538.5498188734 0.0150018902
247100314.8567948043 0.0018616298
272430422.8132843971 0.0031722797
221497214.0256865323 0.0014819133
216300386.5341036022 0.0023981465
221551017.9339896142 0.0043515323
220128246.7741422951 0.0015868072
250001762.4379543066 0.0003891422
216760973.1132998765 0.0024155700
234192741.6788259149 0.0041958882
217874936.9829196632 0.0026439173
217034439.0620626509 0.0073059049
220144780.5388760269 0.0023375795
200181142.0831899047 0.0111458657
200211940.5454037189 0.0110915140
228327177.4364490211 0.0072757847
193628940.9993836582 0.0120447386
200025939.4880160987 0.0108823825
193403423.1129572392 0.0116841213
201787650.7914280891 0.0138587854
191236645.5358031392 0.0127879117
191214144.1189694107 0.0130633823
204828891.6808898151 0.0078028833
224355342.1696358025 0.0027202866
197620949.2891211212 0.0116623640
137982591.5503897071 0.0272972248
136741463.2312609255 0.0286590208
148005269.9584122300 0.0152433284
127643615.1847445071 0.0337957365
135442727.9598143697 0.0229741424
152134176.6065505743 0.0246734954
117071388.5658197105 0.0426584930
115563400.0854550004 0.0666178418
117740166.9663431793 0.1042110825
114236027.7743195444 0.0607388200
169691135.4733100235 0.0307020979
120142753.0526006371 0.0556129586
116691978.7490328252 0.0394572734
122417452.7219310850 0.0413507894
143334720.4433115423 0.0600033621
119461014.1272684634 0.0589513581
112256620.1357223243 0.0618481761
136162861.4171988964 0.0422008714
140671717.3864164948 0.0384729390
119714491.4392473102 0.0545108058
154124306.2173999250 0.0212968698
115566611.7115582526 0.0643855655
130501100.3357627839 0.0267823775
115074131.4534802139 0.0625316242
145081003.7102311850 0.0487428134
120672404.4537654817 0.0720488435
123928982.3219886869 0.0277652212
109231738.7829463482 0.0675593349
137851247.1290002763 0.0541959709
130381615.3507026434 0.0511345128
143048130.9744404852 0.0278973111
114099673.2279614359 0.0679148831
124183016.4027493447 0.0447522600
114992553.1416410357 0.0673941319
107662156.4783890098 0.0612122325
111788643.1855571121 0.0565955526
144233118.6132131219 0.0416461114
107039479.6827998459 0.0631614387
125487646.3882994801 0.0337889990
119586116.7349889278 0.0515499554
139065088.7066592276 0.0259240688
122200298.8523563445 0.0556387031
109890835.9106926024 0.0569020556
106663542.6224438250 0.0651203877
139554745.6079892218 0.0208535566
109113974.7366936505 0.0668568970
143150044.6011452675 0.0391917741
105881249.5520434082 0.0725304145
123219624.8123506159 0.0415513475
109337086.6475837231 0.0648156031
143272123.1592141986 0.0476740354
111426444.4508401603 0.0636357863
115504578.3229508400 0.0597351247
108859407.4508978575 0.0674023642
131221664.4996412545 0.0514466995
104550701.0224301964 0.0837157163
150221107.4042657912 0.0296061996
106286566.1061287224 0.0736619552
124953188.8378474712 0.0743697670
103928223.2575127631 0.0885922918
127708004.3456027806 0.0598384746
107119492.1840507388 0.0877469547
154656413.8766891360 0.0395190637
111660244.2641740143 0.0994744427
148486929.3946197033 0.0521185341
105563007.1965420395 0.0855556972
119521775.3994259536 0.0518862028
108839894.5321893543 0.0856769896
176060809.6336956024 0.0278729569
119354190.0756129324 0.0672696649
156391501.9541430175 0.0433204683
108895580.8614308089 0.0729094369
134812812.2415213287 0.0695830445
97798564.9015607834 0.1064917432
113821128.9046038538 0.0613755910
102561405.4803918302 0.1051302506
104036348.3666783422 0.1027853316
95505111.5849345922 0.1332043199
112186230.3526123464 0.1145361433
112118341.4485076219 0.1093729065
110412557.9773360342 0.1098065488
108998119.1115017086 0.1173310855
107239628.3404380083 0.1471087660
109817448.2998256385 0.1311434325
138544543.9719432294 0.0442230464
118024908.1362702847 0.1102801075
112238441.8283145279 0.1531367626
98214868.4864301980 0.1230734394
126947136.2738483250 0.0875415005
124385550.8028644770 0.1261433524
122725266.2302160114 0.1420932889
108761862.9210081697 0.1267769704
124253887.9733740240 0.0629537893
95347630.0810085237 0.1316900556
147162580.5815094709 0.0733444712
112826078.2589598298 0.1224829178
133345120.9453257173 0.0401743019
105554647.3806177974 0.1130918146
110964737.0962537229 0.0758059139
100083019.4747867733 0.1348122574
126310067.6862168461 0.0750983512
104078614.1861808598 0.1347373109
128542584.8205448538 0.0742988988
104771352.6289674938 0.1019254743
114406866.2016310543 0.0865358707
100123258.5338063389 0.1498590343
100367103.6277866960 0.0977018192
102188198.0039951503 0.1306488612
95677944.4221875668 0.1288039742
108116708.4327561110 0.1163442940
116732693.4259280413 0.1310511266
103796579.9179984927 0.0889402101
96603400.3956905901 0.1357638274
103546889.6343978643 0.1265700050
114448608.0408372730 0.1303856342
95703013.1913883835 0.1282950675
104825482.7126791477 0.1209329360
95731197.3868101388 0.1351280253
95233702.2203595787 0.1218500439
96970698.0788556784 0.1235022133
109643316.1309532672 0.1171145543
95152587.5258761793 0.1184488905
109845267.6715851128 0.0989601710
95922341.4481390715 0.1177984675
118944343.0484810770 0.1292838083
95686870.6756117493 0.1149844672
96324783.9369228929 0.1133409048
96326381.2869693637 0.1161610109
120388075.3027826399 0.1014432217
95808835.2524046302 0.1207328116
97564492.0430754274 0.1208504402
96772982.9348270446 0.1182407939
117686974.0778147429 0.1201805640
96144659.5777390450 0.1134150669
96077465.0602441728 0.1021883278
95240574.2181827128 0.1175659154
97076641.7445724458 0.1106953002
96153338.6511936188 0.1182868793
102471201.7708661854 0.1210778538
96766065.5220612139 0.1181357987
97633278.9978984147 0.1188735418
114601301.9365154505 0.1118966660
114273522.2956067175 0.1075826601
96705131.4251598418 0.1155195896
99204981.1467570513 0.1365913770
96284689.6818850487 0.1220858239
99940464.8674121946 0.1072884352
97602737.2347185314 0.1227648342
104839380.6638755053 0.1191033138
94847025.6817453802 0.1225898472
97154972.0740776658 0.1196396118
95151863.5361079723 0.1229035013
96785691.3817612678 0.1302016464
113055320.7782169133 0.1107450875
96250117.0638533235 0.1262693530
96560549.8454711288 0.1220110326
98411929.7424371392 0.1528140898
95048455.6262043864 0.1232412757
106708936.2179007977 0.0971012329
95606880.6496750414 0.1238292127
108218112.8103237897 0.1020865772
96630598.2229777128 0.1253170296
97393721.6288490295 0.1142164171
96065906.8333765715 0.1202090888
96118565.7863892019 0.1203818870
96230104.3976174891 0.1204364599
94971987.6549019367 0.1342662813
96868526.3587870300 0.1256220793
97382744.1698261797 0.1283323797
96197360.9967823327 0.1218904047
96490612.7372643352 0.1147447084
96671471.1222443432 0.1158737552
94136093.6819327772 0.1377223128
94079783.1975306571 0.1369276444
94629900.3929807842 0.1367135851
94672566.3161052018 0.1394764520
93648356.6705157757 0.1451359483
93904533.7860681862 0.1411159945
118716961.6169641167 0.1470451818
94246601.7669982165 0.1500919816
114861649.0567288697 0.1299569806
94588468.5604653656 0.1526599707
120275234.6053577214 0.1540441705
120150816.4975795895 0.1413336922
93815255.7614911050 0.1413469799
122344941.7630705684 0.1396614138
93841269.2527394444 0.1455519457
100291824.7666128725 0.1545579471
93906473.8767945021 0.1466416251
93937810.6732268333 0.1403014687
93901372.9011603743 0.1460607781
93747162.9253764302 0.1415070064
93888909.6654923409 0.1436282705
91903757.2571134716 0.1675008818
91951414.8808812201 0.1662406249
91719462.3020565212 0.1650424134
92159254.7670210600 0.1672958455
92876613.8366986811 0.1722142700
92562038.0623759329 0.1668652677
90848832.3788313568 0.1645331226
91902026.8539911807 0.1700507986
99494652.0170610100 0.1602240453
98490351.6561001241 0.1616650106
97826375.0141744912 0.1618101709
97906229.1010198146 0.1614528056
92547370.2461376190 0.1762307197
98441669.4140074551 0.1631481243
96132882.1099177152 0.1611682134
97873780.2247170359 0.1646169407
92614326.1053345501 0.1655824419
91000926.4966458082 0.1642462503
96446263.9635301828 0.1623424227
98646682.4823746979 0.1617268722
89888448.6794706434 0.1696171649
89644069.9206304550 0.1692143342
92088218.3934696317 0.1693537908
89950279.0987549722 0.1689316106
90488641.8906230778 0.1747836760
95903088.8150584549 0.1648380154
89741423.1482198685 0.1678929209
89833439.6596639901 0.1692159391
94658093.1691813022 0.1870369028
90417092.2152366787 0.1722574146
92125724.3811551332 0.1701903247
90122613.5716147572 0.1712407197
94534700.1196704358 0.1582062518
90195134.4912209511 0.1699540203
92471894.2003756911 0.1731089477
95318785.8221571296 0.1663389046
90057508.7831811309 0.1743065326
89993108.2292372882 0.1702518632
95444907.1287720948 0.1591594646
95720978.4550872594 0.1696640799
92822943.7070866674 0.1598695857
90245034.6378247440 0.1711495875
89979746.2008636892 0.1786900514
89958995.2685619891 0.1704672066
93346637.4594397098 0.1621337257
95486147.2596049607 0.1649401463
93328300.6508785486 0.1797050636
95392104.0953719020 0.1676288498
92431662.2438660115 0.1543402855
90052712.8821636587 0.1703641852
100937558.9139394462 0.1551896959
90085429.9745699912 0.1686547571
91549681.7818935066 0.1747042371
89702075.6789606810 0.1672845372
94071382.7144464254 0.1821503923
89799251.4670835435 0.1691718989
94173779.4087802172 0.1821586221
89987155.3217421919 0.1706126490
94095097.3907543719 0.1811686957
92056686.8945045322 0.1755752363
89821686.2416048199 0.1696857574
92616745.1969717890 0.1787774436
89934331.7318036854 0.1695794674
90757244.8628695607 0.1712801228
89856468.2757133245 0.1696878582
90841002.4918741435 0.1734446010
89856002.5439156890 0.1688379478
89917245.9590518028 0.1660008361
90005083.3734083325 0.1684011877
94143232.8691244125 0.1667381947
89793149.7135831267 0.1695278113
95406493.4906269163 0.1639995615
89794847.0246119350 0.1685187055
94219351.9403292239 0.1649744122
89728913.2105918825 0.1685890895
89863656.6609247476 0.1723538383
89907888.9370647371 0.1675729471
89686341.2901292294 0.1696535928
94990154.6473476887 0.1674768587
90045528.6853786558 0.1685213820
90022340.1069297791 0.1698784380
90069847.8506943434 0.1681732317
89925792.7364170700 0.1679830660
89829297.6895071715 0.1696393737
90329507.9735422283 0.1719190443
89742890.9447388649 0.1690479285
89941844.1702401787 0.1685543643
89798016.1208778322 0.1700392893
90937665.8049965501 0.1716126875
89798237.3433390856 0.1698501340
90156957.8701255172 0.1702857484
89865119.1145842373 0.1698499830
94751251.2459792942 0.1664989400
89715616.0535814762 0.1689625574
89855144.0084329396 0.1692203830
90063974.1935794801 0.1686948333
91234580.2266832888 0.1753188435
89813365.4520320594 0.1697893876
89973578.1101698130 0.1670262070
89626823.5298086256 0.1693685671
95823775.1056883484 0.1666258745
89594371.2563235611 0.1693043039
90790661.8412374258 0.1724338963
89988765.9068495184 0.1690938701
90061436.0073544979 0.1690548773
89831692.0974658579 0.1695212550
90629727.9178078920 0.1710800367
89875020.6960708052 0.1701388642
94676669.0205017179 0.1666847396
90064445.0626601726 0.1688484005
89833631.1194388568 0.1681465969
89863467.2479578257 0.1688876320
95688362.0307258964 0.1661681979
89626209.9357531816 0.1693279068
95717446.5805376917 0.1690750525
90078317.5108454674 0.1693558014
94667022.9497767538 0.1666999916
89767229.0784478039 0.1696603578
89701054.5793242455 0.1700612308
89573296.6364238709 0.1698969623
89820174.1282513142 0.1709127220
89629649.3279370815 0.1699760965
89729797.4419871271 0.1708649978
89556753.9386689514 0.1696668588
90122838.9134281874 0.1699193067
89600707.6557046622 0.1697568674
90132097.6319538206 0.1696888373
89612071.2305347472 0.1699232721
90070600.6138134748 0.1683438186
89586857.9170104712 0.1699476914
90325555.8527617157 0.1723072140
90169190.3644195497 0.1701701156
95417229.4155752659 0.1667581514
90174746.1906171143 0.1697056385
90171806.9688024670 0.1711225713
90163215.1435254812 0.1694979849
90155354.9440005422 0.1687470039
90143352.5913786739 0.1692844529
89599847.4855031371 0.1697131653
89578771.6286662817 0.1698826157
90278165.5012451410 0.1708204946
89630372.6184962690 0.1697708218
90152595.2241503298 0.1696158037
90063277.2952647805 0.1693680545
89683810.2394877970 0.1703887755
90127218.4014520198 0.1694433156
89713913.1101633608 0.1701225883
90180937.4291327298 0.1698644943
89956145.8997433633 0.1707947307
89689169.8912012428 0.1698669037
90004540.4425643235 0.1707132022
90165307.9653955698 0.1697409397
90205203.6672122926 0.1692995985
89601598.5134836435 0.1699327397
90028824.1468148082 0.1682181939
90163636.1509867907 0.1695569726
89976268.3460403830 0.1692941602
89581099.4374071658 0.1696292018
90012625.3299811482 0.1700715326
90209998.9322979152 0.1696098857
89753416.1926914752 0.1685706048
90199955.3975853771 0.1695936518
89996648.8514579833 0.1686452210
90079045.8893596083 0.1695237305
95627459.9675868005 0.1679213235
89558593.5435203016 0.1698379020
95638055.3944928646 0.1678188648
89639830.5182578713 0.1701627379
89574302.6976768821 0.1697194416
89703170.2278481722 0.1703328096
90205710.0527695417 0.1696934788
89926984.4346743524 0.1687900673
89592564.3911899924 0.1697697817
90054290.3031424284 0.1696500942
90199213.4795777053 0.1696815242
90223046.7430614084 0.1693106860
90206815.1624325663 0.1696133369
90161980.1845164448 0.1689705802
89582054.4756392688 0.1697136087
89580655.5165425539 0.1697712174
89589179.8825182170 0.1698589058
89563009.9210847467 0.1696771912
90160771.2433646470 0.1696085218
89592345.4734577537 0.1697553677
89624465.2810621560 0.1697325881
89566797.6190704852 0.1697091263
90177999.2853515595 0.1695951102
90200715.1402707994 0.1696924356
89747082.1937585175 0.1702940906
90175877.1935712099 0.1695503930
89646432.6125210524 0.1698669895
89565300.0418901742 0.1696759441
89694660.1169474721 0.1697615312
90212583.7089236975 0.1696657413
90112900.4415488988 0.1692011128
89576343.3645813167 0.1697012069
89630368.5331474543 0.1696386265
90199706.5034419298 0.1696178487
90177932.8630578220 0.1693416094
90194577.0126713067 0.1696545515
89689496.7713031322 0.1702797452
89551724.5046582818 0.1696791583
89554252.8991157860 0.1697007038
90215066.3782324791 0.1696360312
89699562.5150287747 0.1701228580
90202686.0837790072 0.1696053617
90171951.0281363428 0.1699738886
89579637.3802843243 0.1697205435
89603689.8074822724 0.1697260718
90205009.7623192221 0.1696509432
90206290.7908171862 0.1694779205
90141888.6409735233 0.1695733424
90191315.5330471247 0.1696974685
89555004.2820732743 0.1696916824
89597836.0972705930 0.1698192872
89565364.7191416919 0.1697251350
89610183.4912856072 0.1697821239
89561774.3545018286 0.1696896947
89578678.2467986047 0.1697348722
89556763.8508760631 0.1696836078
90158166.3406820893 0.1694389716
89553004.8214364350 0.1697287480
89618936.6067737788 0.1699476607
89555558.1264781654 0.1696937872
89555171.9760589302 0.1696793981
89558067.2687502056 0.1696801300
89640242.2523466945 0.1699637112
89564789.8269254416 0.1696765766
89605452.3041604906 0.1697874582
89556049.6558778584 0.1696706414
90201158.9065087289 0.1697241549
90212171.1197638065 0.1696712357
90207518.2816827893 0.1696420925
89562772.9813233167 0.1697100791
89566671.1430969983 0.1695869854
90208169.3413807601 0.1696939472
89559155.2800271213 0.1696204930
89563257.6674230248 0.1697021596
90186160.0757653415 0.1698568907
89560521.6115035415 0.1697180671
90219467.0794518739 0.1695835218
90208944.6374703348 0.1696830545
90213686.3535355628 0.1695592078
90189532.9921193719 0.1696100714
89551735.3630809337 0.1696758469
89556084.4198121279 0.1696337010
89553589.7751944065 0.1696834218
90206288.9832746983 0.1697805349
90202943.5367962718 0.1696489106
89580557.7375549823 0.1697605663
90211359.8583961725 0.1696752211
89577845.7612314224 0.1697092865
90211323.2596208304 0.1696700076
89565744.1306007057 0.1696931856
90211560.5777630210 0.1696741373
90204198.3639874905 0.1696498946
89552095.9611573070 0.1696714113
89555565.5685203522 0.1696451998
90205614.6750148237 0.1696643274
89560600.6422943175 0.1696778885
89562563.1422390789 0.1697282648
89572969.9600816518 0.1696795085
90210217.1104921550 0.1696511040
90212631.7509112507 0.1696773320
89563605.8851686865 0.1696884430
89556022.3298043758 0.1696899386
89563844.5465014577 0.1697276451
89551742.6935705394 0.1696785697
89573224.6522949338 0.1697265075
89552728.4846238345 0.1696822587
89552861.3685347885 0.1696638771
89551723.4771951884 0.1696802508
89554958.8235081136 0.1696913754
89552879.4056902230 0.1696787658
89562521.5022580028 0.1697109236
89553048.3319580406 0.1696816770
89574659.1015856266 0.1697352519
90209333.5238596201 0.1696657824
89568924.7785716802 0.1697099258
90210716.5604061037 0.1696780680
90211238.0518185645 0.1696624942
89554414.8882025927 0.1696857576
90205461.5372384936 0.1696561934
89555561.8291653097 0.1696873435
89557838.1464908421 0.1697499270
90209403.1899558604 0.1696759476
90211785.3650899976 0.1696740654
89557472.4926326126 0.1696950516
90212836.4903167784 0.1696784160
89557229.5364149958 0.1696994733
89551566.0105817914 0.1696768638
90209305.4023077339 0.1696814995
89552678.9051944017 0.1696786844
89553860.8055810481 0.1696802225
89551232.1400055885 0.1696742837
90208226.0855526477 0.1696507095
90212480.1202629507 0.1696770592
90211403.6407717317 0.1696652305
89551850.9267467707 0.1696768695
90204706.1408868134 0.1696635131
89552863.5501094013 0.1696800045
89567028.0257502943 0.1697031843
90210867.2950635552 0.1696723721
89558010.6608169228 0.1696906686
89551638.4653683752 0.1696771238
89554408.5864805430 0.1696759178
90210503.1254954189 0.1696687612
89556208.1038614362 0.1696804882
90213079.0429167300 0.1696711744
89556398.1169822067 0.1696965204
89552199.2038451880 0.1696788139
90209943.8288800716 0.1696737269
89552552.3657022417 0.1696804905
90212032.1798993796 0.1696620251
90212587.9996728003 0.1696681554
90212638.1446767151 0.1696735861
89552948.9763483107 0.1696810098
89551228.9567165822 0.1696770552
89551710.2628142834 0.1696846841
89552509.5426948816 0.1696789410
89556770.0141918510 0.1696856882
89552257.2336636037 0.1696797846
89554765.6134291440 0.1696886475
89551532.0140502304 0.1696784780
89554981.1067752391 0.1696843765
90212431.1856090575 0.1696718377
89553334.8743522763 0.1696805472
89551353.7545021474 0.1696787596
89551788.9714442044 0.1696796950
90212526.4394338876 0.1696758635
89551514.8014857173 0.1696802531
89552215.8600293696 0.1696800232
89553579.8873684406 0.1696977402
89551576.9141611159 0.1696769392
89552257.2255841494 0.1696867701
90212763.6766685992 0.1696778814
90212656.3293439597 0.1696735616
90212658.0602182150 0.1696734611
90209475.1124291122 0.1696710406
90212523.1484130174 0.1696765288
89553157.3610692173 0.1696878699
89551152.2885537446 0.1696762520
89551692.7178016156 0.1696771567
89553295.0022646636 0.1696809823
89552823.0937660784 0.1696797614
90212518.1222073138 0.1696735436
89552541.0194912106 0.1696842572
89551752.6529838443 0.1696763459
90212884.7900781184 0.1696755539
89551255.0115225166 0.1696783238
90212899.8927464038 0.1696764452
89551934.2283936590 0.1696807062
90212809.6252782792 0.1696756412
90212060.7255923003 0.1696739476
89551557.6632798910 0.1696772236
90212247.2989667952 0.1696731691
89551577.3988375962 0.1696771858
89552024.5936592817 0.1696779532
89551354.5355122387 0.1696764693
89552043.4198396504 0.1696778183
89551481.1244186759 0.1696771246
89551715.3254081905 0.1696797183
90212501.4868228137 0.1696757955
89552582.6822408140 0.1696778547
89551539.6905268282 0.1696770107
89551492.4160951525 0.1696781935
89551333.3458758891 0.1696766169
89551220.4348468632 0.1696757238
90212432.2099496126 0.1696748967
89552388.9543656409 0.1696792213
90212934.9087379277 0.1696759932
90212794.6877724826 0.1696784451
90212841.5659731925 0.1696758120
89551485.7001693398 0.1696772850
89551203.0513074547 0.1696756851
90212870.3327675760 0.1696761103
89551391.3042634577 0.1696762738
89551309.2979910523 0.1696764962
90212810.5437643379 0.1696767816
89551232.2455298156 0.1696770887
89551668.9537747502 0.1696784734
89551538.5503560305 0.1696776466
89551084.2060391754 0.1696798666
89551070.6974122822 0.1696800072
90212682.0670456141 0.1696800845
90212890.1367010772 0.1696798078
90212283.4489976913 0.1696789554
90212718.9671569914 0.1696798103
89551585.6978053749 0.1696813051
90212808.1667621136 0.1696797134
89551606.8677265495 0.1696809507
89551271.7517217398 0.1696804755
89551671.5158693939 0.1696815400
90212690.9194906652 0.1696795416
89551153.2538943738 0.1696814140
89551110.8513471037 0.1696798318
89552728.9932624847 0.1696854710
90212658.8038887382 0.1696797071
89551399.2823142707 0.1696798895
90212745.1580345780 0.1696792318
89551425.0702131242 0.1696815704
90212775.2335711122 0.1696794601
89551379.4983335584 0.1696819144
90212723.7177143395 0.1696792579
89552219.2713254839 0.1696835874
89551255.1057623625 0.1696806990
89551517.5152121186 0.1696799783
89551090.4940315485 0.1696802326
90212774.1240974218 0.1696788830
90212850.6652337760 0.1696796774
89551099.5710870326 0.1696802740
89551217.8390857875 0.1696797807
89551158.7838113457 0.1696797036
89551114.7508651018 0.1696798555
89551025.0954096168 0.1696799229
90212908.3271111250 0.1696800243
89551102.2355305254 0.1696800217
89551274.0458224267 0.1696801525
90212685.1131508648 0.1696796121
89551976.9480698109 0.1696827938
90212854.0716861933 0.1696800089
89551375.7035612166 0.1696811316
90212854.2762739062 0.1696797445
89551294.8250032514 0.1696809030
89551043.4093838632 0.1696799594
89551645.7109471262 0.1696817182
90212841.2854797691 0.1696798395
89551284.5319863558 0.1696799614
89551025.5600682199 0.1696799871
89551380.4658060819 0.1696806375
90212787.7231512070 0.1696797228
89551314.9535570294 0.1696807360
90212845.0683318973 0.1696800173
89551375.0099868327 0.1696803179
90212900.3108751625 0.1696795783
90212799.8201226890 0.1696801783
89551099.7860907465 0.1696796232
89551166.5342823267 0.1696792292
90212856.4401490092 0.1696801348
90212849.5256331563 0.1696793565
90212820.7574231625 0.1696797875
89551100.3100565970 0.1696807353
89551077.5516285002 0.1696800628
89551136.6221553534 0.1696808511
90212840.3610409051 0.1696798436
90212807.5243754536 0.1696802173
89551135.5023302287 0.1696801694
89551081.4424422085 0.1696792594
89551047.6892950833 0.1696798602
90212679.2753201425 0.1696794668
89551113.7770050168 0.1696793961
86676556.0000000000 0.1696793961 0 0 1 0 0 0 0 0 0 0 0 0 0 0 0 