1176699328.0161478519 0.0000009890
1154422678.2392568588 0.0000003415
1160798559.1358988285 0.0000000584
1252223878.1315288544 0.0000000015
1338585338.0779488087 0.0000000969
1265208419.3339011669 0.0000000164
1247530433.5386235714 0.0000000007
1168864805.4339535236 0.0000012535
1267598179.8031601906 0.0000000025
1254749735.4155223370 0.0000000007
1239931804.4030959606 0.0000004952
1128431469.1770565510 0.0000000479
986410999.7905697823 0.0000000568
990493338.5316497087 0.0000004094
975320363.4046481848 0.0000005220
1104319050.7255280018 0.0002312966
1046916122.9847303629 0.0000003130
907389719.3522167206 0.0000008572
831014255.9964739084 0.0000011406
815363237.8125942945 0.0000016152
780609291.1245824099 0.0000005696
759286847.3233733177 0.0000004888
885840299.0171926022 0.0000004560
706844857.0700278282 0.0000004306
703603736.8546527624 0.0000000662
885522916.0544219017 0.0000001918
749185699.5528608561 0.0000000002
739551201.8201955557 0.0000032133
810602503.1224297285 0.0000010912
667521715.9836827517 0.0000002628
760582996.6582151651 0.0001164412
562485312.7432767153 0.0000406954
659855582.6825890541 0.0000241553
583229062.9620752335 0.0000653766
557606360.9134726524 0.0001145149
570957387.3735183477 0.0001241836
582561327.3037054539 0.0009059964
552653331.7807534933 0.0001960929
717063304.9188258648 0.0001853443
555415061.6452367306 0.0000537580
600869108.6449888945 0.0019547373
540334766.1224137545 0.0001514892
496561545.5332816243 0.0000042112
502162390.0756338835 0.0000025272
632430366.2606647015 0.0000011942
490697226.8324424624 0.0000053558
468855073.0817358494 0.0000019557
520548827.2970601916 0.0000006224
537148144.2172728777 0.0000001375
475201651.3754419088 0.0000019552
382112331.4019250870 0.0000003151
382987673.4088891745 0.0000003061
421661274.6916553378 0.0000000002
359758863.7374992371 0.0000003427
363646392.0518665910 0.0000303760
360536692.5961151123 0.0000003460
423377910.4584574103 0.0000042683
369906118.5482606292 0.0000001829
414471639.2824423909 0.0000179674
371804404.3396519423 0.0000003753
383709737.2598912716 0.0010450425
369533573.9560723901 0.0000005151
401836696.6218247414 0.0000302401
357928614.7858533859 0.0000008960
363465047.5786864161 0.0000055522
399679695.5253964663 0.0000177319
417122635.5110196471 0.0000018985
368814400.1407674551 0.0000001005
355789158.8645288348 0.0000084397
365486104.4456419349 0.0000020091
435666240.7375869751 0.0000124150
355886843.4442386627 0.0000161478
381086953.3805096149 0.0001202298
373151965.9251478314 0.0000616608
423578649.4297683239 0.0000026220
373893372.8277688622 0.0000108275
380542738.0202842951 0.0000020916
359387700.5518575907 0.0000280001
465222197.0103390813 0.0000012340
367327573.7638558149 0.0000233266
430909573.3138602376 0.0001667725
367065077.2647452354 0.0000062268
462100920.6046528220 0.0000221466
361690072.0987446904 0.0000018994
359545906.3279255629 0.0000068967
357103213.2247302532 0.0000228679
382476192.0590828657 0.0000053580
354934118.0126733184 0.0000012476
454127855.2887216210 0.0000000024
343387009.3986065388 0.0000006912
341876463.6972062588 0.0000968404
348415426.9958991408 0.0001634091
405297787.1938478947 0.0000654624
337956591.6724367738 0.0001064881
480249883.2379280329 0.0000199245
330285988.8914257288 0.0000127575
484574707.4806657434 0.0000025404
335552885.5090918541 0.0000619638
374442672.1106611490 0.0009780839
330375919.6651231050 0.0000548251
408470852.9239177704 0.0000486315
342788757.8053872585 0.0000508991
463968314.3655613661 0.0000259270
334728692.9076116681 0.0000008822
358276897.4637872577 0.0000104384
332410811.6313109994 0.0000299435
359572933.3728530407 0.0000003442
352866222.7632734776 0.0000027685
425473839.8797935843 0.0000043788
314805100.3351749182 0.0000143916
415823383.2851879001 0.0000000000
330816697.1654906273 0.0000199377
331898847.0615653396 0.0002772908
324648740.3780493736 0.0000019930
396085515.0926778913 0.0000002724
319823467.4247541428 0.0000167952
312659172.2319589257 0.0000177689
335094643.9020721912 0.0009615381
388239520.1215880513 0.0004024393
346474636.4327942133 0.0004544591
386799748.7149209380 0.0000165046
322479393.0439863205 0.0000267064
309241304.4719893932 0.0006420348
333094581.9232910275 0.0003624993
334281037.8389521241 0.0009205651
313327096.5359791517 0.0006922186
340427714.3379974365 0.0000863661
319725093.4157335758 0.0006244442
411468407.7149902582 0.0013687151
334083029.7433388233 0.0006677912
353409828.6978031993 0.0026842502
310302198.8328854442 0.0005147101
451412697.7909952402 0.0020393849
310401780.1268225908 0.0018743832
363345384.9937906265 0.0000152374
319286502.8821992874 0.0003034729
354457633.1836780310 0.0009508445
302244711.6208336949 0.0001722008
428167531.1197682619 0.0000117033
312005129.6547979712 0.0004932434
396681177.2625189424 0.0000107499
320138072.2944437861 0.0000306388
374484637.8093819618 0.0000840125
309549899.8773208857 0.0002093895
396259897.4080267549 0.0009502013
313874669.8391325474 0.0001813026
437661412.0889223218 0.0000003189
303464950.7488994598 0.0001245463
299415253.8981091976 0.0000319380
310273372.5917326212 0.0000379789
411351116.3481604457 0.0001092511
307458218.6219893694 0.0000287065
324709320.6967237592 0.0002000509
319885832.9969142675 0.0000474869
351613391.8937321305 0.0000000588
309585717.6074851751 0.0000520879
370529826.6037074327 0.0002966635
303709464.2322965264 0.0000532390
356391981.3146672845 0.0000412173
319732158.6118209958 0.0000471073
299801331.7207840681 0.0000121704
324225045.6934283376 0.0000659896
653714524.7653105259 0.0003040974
303075243.0072599649 0.0000074304
505149711.5363298655 0.0000493987
291233262.0250151753 0.0000146585
326368898.4520148635 0.0000253503
319048255.1760611534 0.0000000140
365670318.1453596950 0.0000001922
284822932.4494287372 0.0000152727
366654180.7862095237 0.0000904925
297289855.3102770448 0.0000464429
400644810.3459508419 0.0000090601
279784345.9639630318 0.0000112155
300225074.3940143585 0.0003937105
306116292.9860554338 0.0000038918
343017440.3533776999 0.0000043966
283215386.7688321471 0.0000252513
377531874.8108394146 0.0000728731
283919740.1856938004 0.0000581829
289173754.5376913548 0.0000113021
303944034.9403576255 0.0002639912
298218838.4856244326 0.0000000224
275205511.0836135745 0.0001058706
322120457.0763847232 0.0000784344
277399785.4754117727 0.0000168585
288009470.3416424990 0.0000798663
279380011.1752690673 0.0002823905
364242062.4115639925 0.0007211213
284748284.0837904811 0.0000667877
337737048.0791571140 0.0064233879
273341464.0876476169 0.0000868193
282253591.4021608233 0.0001106943
276191603.7308648825 0.0000002717
313732848.9172180891 0.0005092113
276564346.6520797014 0.0000028579
363597696.1374421120 0.0021310221
287107405.6049878597 0.0000016273
299225775.8471602798 0.0000094359
276642787.8152406216 0.0001523324
321925045.7294017076 0.0006687960
269118465.7178952694 0.0001227346
337607386.1922146082 0.0006514993
284013614.5689663887 0.0001124420
320032915.7403507829 0.0000157872
282535857.1310142279 0.0005289381
299735175.1962771416 0.0000036948
276654380.6833645105 0.0000776030
374770989.0508722663 0.0008070124
274033735.5774639249 0.0000042316
306089349.5861684680 0.0014997220
277434546.7731536627 0.0001397739
304608952.6027768850 0.0002787399
271216082.4636520147 0.0001919885
300863841.1574795246 0.0003928989
275117496.0845323801 0.0002257489
376518242.3671631217 0.0103262767
269541167.1294576526 0.0001146330
406192404.4055851102 0.0000000932
279189572.0214062333 0.0000471186
349026845.0557860136 0.0000071062
272293901.3903845549 0.0002018002
282577749.0895504355 0.0006286542
282383334.5169661045 0.0000784965
269092570.0072191954 0.0002477882
277237832.8838216066 0.0000924776
272089306.2296305895 0.0003068767
279094578.1950711012 0.0003732576
269125797.9485947490 0.0002630112
281378088.7936975956 0.0005144693
279911768.1390833855 0.0003951651
275398839.7396852374 0.0000683172
273784503.1347138882 0.0002311736
272685550.8156145811 0.0000934233
271151495.1701463461 0.0001529337
286157389.6061196327 0.0001426421
275638321.5933569074 0.0002872468
286552765.9932640195 0.0000496018
275764794.9944673777 0.0001088574
275549376.6351680160 0.0000372619
273518746.6136751175 0.0004671616
276478962.1390674114 0.0001225557
272872816.6605557203 0.0003539485
279796328.0260872841 0.0000726600
274595449.9481242299 0.0003202575
269970210.7745653391 0.0005266295
276603812.1766712666 0.0001289946
278170184.0740298629 0.0000206207
269530566.0815673470 0.0004203049
274023886.9257100224 0.0001659141
269714776.3746246099 0.0003734524
271991107.1748822927 0.0002333403
282269902.2332378030 0.0013713610
270938928.5745525956 0.0001490284
276899241.8806219101 0.0002579871
275862889.8910676837 0.0003415269
271065335.0782023668 0.0000968649
267820633.9072966278 0.0002554970
272088368.3652643561 0.0001469973
268305549.2671955228 0.0002912703
279059114.6091624498 0.0001609400
272805072.3466749191 0.0002244090
271519333.5782680511 0.0001522028
272646804.3795907497 0.0002604777
270666615.6400932074 0.0001568511
274793458.6229321957 0.0003433213
275052586.4680904746 0.0000803455
269051889.4343456626 0.0001207568
272652190.6019314528 0.0002439307
271079828.7854499817 0.0002129369
267887040.6782458127 0.0002559198
268136278.2179597914 0.0003076296
268198534.5222914815 0.0002771481
268869221.1884005666 0.0003813075
269532758.8188345432 0.0002475352
270580747.1141517758 0.0002138545
274811594.7169203162 0.0002796697
272613451.0559496284 0.0001210466
270508306.3876496553 0.0002996975
267982711.1721445024 0.0002778990
268514154.6687913537 0.0002491742
268078930.6940828264 0.0006835165
274758705.5876474977 0.0002271949
268491482.8516229987 0.0002607357
268472717.4490128756 0.0002582200
270028502.0516574383 0.0001362927
271658612.9859471917 0.0002538852
268417794.8164275587 0.0002365904
267603884.4635685086 0.0002501692
267643771.8698168397 0.0002055613
267249296.8096109331 0.0002370137
266952589.1637360454 0.0002405353
266958071.6275888085 0.0002270532
272838112.0538172722 0.0002072514
280586512.7062847018 0.0002386980
268087297.5023295879 0.0002527727
282406876.4848018885 0.0001790454
279417175.7726017833 0.0003110032
279506616.5276598930 0.0002272337
272008771.0016024113 0.0003049926
279688170.6937622428 0.0002216350
269816131.2877554893 0.0002352089
266557499.5349020958 0.0003069032
277533984.3776283860 0.0004195391
267622509.8496047258 0.0002342347
275148787.8480808735 0.0003316755
267386100.1946697533 0.0002607824
274281927.9742932320 0.0001231729
266575095.1017027497 0.0003087207
276650569.6841887832 0.0003809912
267958694.8852216601 0.0002819508
266668375.3705095351 0.0005201499
278297917.2435663342 0.0003225707
267870516.6981741190 0.0004270689
274349001.1304360628 0.0002970656
267127260.9200278819 0.0004381114
266582458.1028347313 0.0003081330
266832793.6739837229 0.0002647288
279992791.5978619456 0.0003269725
266800041.7576091588 0.0002300392
267922710.9636133909 0.0003583069
268545192.6749464869 0.0003925179
279470759.1051256657 0.0003155906
278120993.9121658206 0.0004244811
266734058.5863124430 0.0003270237
269194324.1024481654 0.0002030855
280224258.3070987463 0.0003397832
267454370.7937460840 0.0002629651
279434417.9709416628 0.0002942530
276172060.0499083400 0.0003977814
266609128.2086408436 0.0003225745
266854416.7649166584 0.0003563894
280314119.9663940668 0.0004127478
274063245.2289883494 0.0001653284
279931745.5033971667 0.0002904626
277802757.3063373566 0.0007187378
280523789.8761527538 0.0002986070
275643004.5114891529 0.0003123508
266694547.6306348741 0.0002582773
276834037.7068617940 0.0004392974
266888662.6958054900 0.0003675726
270014913.4386439323 0.0000821833
278697274.0412738323 0.0002274836
277270208.4213119745 0.0003240539
268866810.3019251823 0.0003526163
270022865.0492420197 0.0003138588
268069338.0418892801 0.0002925492
280421620.2938327193 0.0003079206
266544969.7028052211 0.0002804263
266568204.2072661519 0.0002730544
267025187.1988986135 0.0003168700
266628709.3405506909 0.0002823092
266697318.8115917444 0.0002636892
266949740.8944211900 0.0002861783
266938743.6380912066 0.0002726021
266689680.1042708457 0.0002856605
266685870.4424082339 0.0002125565
280177259.4983188510 0.0002817491
266927512.3591854870 0.0002590071
266936837.9885058999 0.0002800373
277246911.7610573769 0.0002488100
266618167.4886558950 0.0002830428
278044351.7697281837 0.0002962044
266871279.3713407218 0.0002713021
267039992.5628198683 0.0002622148
266800705.6857354045 0.0002893289
280151403.7406756878 0.0002644371
279735105.7313666344 0.0002841651
267401497.1169053316 0.0002403028
266728275.2293604016 0.0002757826
268740803.2502385974 0.0003160498
266815468.8524427712 0.0002883624
267592569.5533928275 0.0002492877
266935639.1276739538 0.0002937903
280359437.2472317219 0.0002994234
266915948.6416908205 0.0002717282
267870551.0227421224 0.0002751549
266578649.9860109985 0.0003044544
266956799.3184954524 0.0002585209
266859006.2725814283 0.0002706937
266694083.6251968741 0.0002834940
280166620.7181169987 0.0002840354
266576830.2738195062 0.0002800070
267088822.9895683825 0.0002809772
280290692.0905865431 0.0002979193
266969208.4234995842 0.0002676375
266576948.6636301875 0.0002956885
279995869.7106264234 0.0002744159
267636489.3396781683 0.0002747628
266847770.7608632743 0.0002710038
268047374.4732020199 0.0002928665
280217071.5196222067 0.0002819266
267426917.2776585817 0.0002484846
266558776.1119133532 0.0002722184
279818189.0875999928 0.0002752728
279148608.9798740149 0.0002849908
268203524.8029835224 0.0002924159
279048187.8734854460 0.0002926277
266901604.2640302181 0.0002725587
266868994.2288495600 0.0002789625
266728062.1725838482 0.0002784988
266935741.2445501983 0.0002807171
266870726.2524089217 0.0002655549
266891273.8113612235 0.0002824139
280080474.7176868320 0.0002873998
266596645.7896826267 0.0002797395
267135900.0493607223 0.0002794067
266912286.3366050720 0.0002796536
266573875.0416895151 0.0002748590
266864890.9741801620 0.0002760041
266729736.2743304670 0.0002848120
266547380.1821392179 0.0002785411
267347524.7559052110 0.0002877274
266583699.3513242602 0.0002793695
266866911.0754216015 0.0002791351
266546256.6445810795 0.0002814638
266563464.2796657383 0.0002837371
266927730.1676700115 0.0002818761
280131031.6883816123 0.0002813873
266565483.3224362135 0.0002802035
266572141.9730849266 0.0002832039
266551600.4141171873 0.0002802296
266774583.0611634254 0.0002611645
266910841.7069772482 0.0002803878
266775891.7849546373 0.0002812604
266576737.8573328853 0.0002761800
266633545.3526652455 0.0002851013
266799046.7017355561 0.0002815418
279868632.8027808666 0.0002839891
266574777.8854652941 0.0002798732
266951672.1869965792 0.0002797080
266925902.1325074732 0.0002801584
266552636.4655863047 0.0002873319
266852440.5311724544 0.0002777515
266742949.8337061703 0.0002767238
266848005.9364435077 0.0002803194
279891660.6853184104 0.0002912214
266899931.3866839707 0.0002789338
280283605.4898777008 0.0002821481
266581537.5289964378 0.0002795788
266586227.8620822132 0.0002714911
266961929.3754484951 0.0002775768
266612408.5948283076 0.0002837990
266957493.6773298383 0.0002812395
279372720.7190282941 0.0002854846
266910926.4592645466 0.0002848216
266571676.5098732710 0.0002800319
266709275.7994048595 0.0002771977
266568567.1100870967 0.0002802700
266641276.3742001951 0.0002809633
266578298.6493958831 0.0002820142
266952484.2445601821 0.0002837862
266549396.3173589408 0.0002802147
266875905.5949162543 0.0002848920
266570335.8548673093 0.0002804514
280012076.9286748767 0.0002833999
266707864.2093464434 0.0002800883
266560042.2687707543 0.0002805057
266924640.7632122338 0.0002807082
266955866.6152313352 0.0002801071
266903100.6330891550 0.0002793930
266546424.8695986271 0.0002807783
266581547.0508131087 0.0002803218
266543310.8874608576 0.0002804081
266609356.9268156588 0.0002769982
266551635.9211571217 0.0002811839
266581974.6015988290 0.0002757894
266565905.3270453215 0.0002795936
266642080.7057170570 0.0002795489
266953484.5463549197 0.0002801270
266594736.1185335815 0.0002788546
266964234.8246395588 0.0002798067
266733739.0756255090 0.0002820958
266961625.7666150928 0.0002804585
266912883.9601062238 0.0002819313
266567612.8830850422 0.0002808003
266632183.6745751500 0.0002828078
266563131.6782006323 0.0002797406
266927705.2960640788 0.0002813789
266965181.6339647770 0.0002797723
266887864.6313311160 0.0002832381
266927933.1528240144 0.0002798257
266565113.3044613302 0.0002814362
266546355.9721353948 0.0002802231
266941200.8740452826 0.0002804153
266549936.9063950777 0.0002804884
266960366.7474312782 0.0002805239
266552072.5927610397 0.0002815889
266547866.0144686997 0.0002802813
266544404.4408948421 0.0002819897
266543105.1885531843 0.0002804685
266566350.8520248532 0.0002791127
266545295.6220155954 0.0002806502
266590912.9500479996 0.0002806803
266959985.4026647806 0.0002803952
266551064.5158530474 0.0002811409
266964691.6309041679 0.0002803213
266954797.0469593406 0.0002808553
266544571.4953764379 0.0002807686
266932618.8510940671 0.0002807011
266554749.1883398890 0.0002802902
266569988.8973918557 0.0002812645
266931638.0275617838 0.0002805880
266940038.0063773096 0.0002797939
266547739.5766080320 0.0002804171
266550131.3693498373 0.0002801714
266949030.9724687636 0.0002806958
266851127.5496666133 0.0002809395
266546668.9856323898 0.0002801322
266612291.7514647543 0.0002801153
266951920.0753948390 0.0002807871
266563919.6787886024 0.0002802224
266544725.6997770369 0.0002806398
266925061.1648683548 0.0002821599
266560444.3612286150 0.0002808480
266949909.1855760515 0.0002804028
266566223.2560440898 0.0002791349
266963484.1615214646 0.0002804200
266547500.4995252490 0.0002801841
266949365.5197695196 0.0002804002
266562017.5622158349 0.0002804926
266544289.4517745078 0.0002804297
266568856.3670957386 0.0002807404
266544924.9177563488 0.0002805613
266549009.6721116602 0.0002807898
266964416.0364536047 0.0002801708
266552471.9912638366 0.0002807995
266958112.1059202254 0.0002806238
266576217.6688187718 0.0002811371
266544721.9362021983 0.0002804456
266546907.8269353509 0.0002800833
266547040.0421796739 0.0002805805
266922718.6506671607 0.0002810186
266553530.5434783995 0.0002804962
266553422.1012097597 0.0002795262
266547370.9157211781 0.0002804700
266552267.6124129295 0.0002804353
266545442.5084621310 0.0002802798
266556395.9933385253 0.0002809362
266544720.1032290459 0.0002803318
266553703.2827211618 0.0002803485
266965298.1528624296 0.0002803323
266943567.6014987230 0.0002805346
266547624.2962374389 0.0002802404
266940226.6103632152 0.0002805445
266548764.9389301538 0.0002804687
266964823.4121521711 0.0002807982
266545105.6266616285 0.0002803867
266962244.2901858985 0.0002802111
266958035.0514928102 0.0002806427
266558784.2006355822 0.0002803814
266962761.8482895792 0.0002804659
266957325.3417903483 0.0002806512
266955191.9618757069 0.0002807983
266542988.2632725537 0.0002803666
266966379.5133895576 0.0002803999
266961447.9565169215 0.0002802952
266964335.7886701524 0.0002804273
266543890.5008257031 0.0002802840
266543338.0438557863 0.0002802937
266548038.2885972261 0.0002804133
266959611.6823912859 0.0002804929
266544029.8724564612 0.0002801529
266960200.8927842677 0.0002803895
266543893.0605815947 0.0002801879
266963200.3695944846 0.0002805778
266563575.1071746051 0.0002803112
266545173.7597428560 0.0002804202
266551298.5113315880 0.0002805461
266963449.8671308756 0.0002803861
266557545.5793715417 0.0002803237
266544616.8428279757 0.0002803579
266547605.5669300258 0.0002807792
266544398.7378698885 0.0002803655
266551845.6518725753 0.0002805363
266543513.4480385482 0.0002803521
266549951.2814961672 0.0002802055
266544711.6943038702 0.0002803144
266965452.1364279687 0.0002802320
266964609.9438065290 0.0002803508
266554293.5964428484 0.0002798433
266544287.5238014460 0.0002803399
266961142.9797581136 0.0002799490
266965953.5728318691 0.0002804609
266546495.5907400548 0.0002803022
266546437.9492844343 0.0002801998
266544712.9584543705 0.0002806853
266966199.6924788952 0.0002802799
266957276.0972172320 0.0002807537
266961568.0124623179 0.0002805995
266966087.0227515399 0.0002802311
266965437.6254200935 0.0002803807
266551588.1701830328 0.0002804110
266545225.9422691166 0.0002803548
266543741.7822483480 0.0002804542
266964530.5038216412 0.0002804408
266965616.5918736160 0.0002803457
266545089.6110328138 0.0002803648
266543090.3851589262 0.0002803621
266546217.9967274368 0.0002804582
266964103.0963594615 0.0002803617
266545851.9458079934 0.0002804137
266965448.8581152856 0.0002803640
266965701.2031911612 0.0002803636
266965630.0162440836 0.0002803579
266543055.7191441655 0.0002805098
266965494.9477659464 0.0002803610
266544024.5466342568 0.0002803541
266543745.6910235584 0.0002803676
266966033.7474715114 0.0002803414
266543522.8311276436 0.0002803287
266543521.0472448170 0.0002804108
266965569.6083635390 0.0002803568
266545094.6984354258 0.0002803368
266543032.8352131546 0.0002803612
266547689.4401885867 0.0002803690
266542980.8577151000 0.0002803734
266544783.7849419415 0.0002803596
266965520.1994755864 0.0002803649
266548177.3072545230 0.0002803084
266965089.2163032591 0.0002804217
266543176.6226175129 0.0002803601
266542958.7530582249 0.0002803944
266544484.2660923004 0.0002802826
266965984.9023049474 0.0002803919
266544614.0219151974 0.0002804489
266542994.6237051785 0.0002804075
266965858.5505340695 0.0002803869
266543877.8426759839 0.0002803565
266966092.2429741025 0.0002803958
266543051.7899948955 0.0002803685
266543060.9148240685 0.0002803959
266545032.2996543348 0.0002803954
266543021.6618342102 0.0002803929
266543115.2526327372 0.0002804101
266543015.2967068851 0.0002803950
266543134.0731701255 0.0002803635
266543236.9739437699 0.0002803892
266965417.3793821931 0.0002803580
266543102.9474677145 0.0002803946
266545267.4489299953 0.0002804065
266543332.2558260858 0.0002804044
266543550.3584451377 0.0002803791
266966049.4344682395 0.0002803912
266543989.7388256490 0.0002803998
266542960.7791760564 0.0002803896
266543573.8455273509 0.0002804346
266543197.6967342198 0.0002803908
266964701.9282402396 0.0002804179
266543184.4217571020 0.0002804007
266543631.8740210533 0.0002804241
266543099.6772421002 0.0002803779
266543751.7192004919 0.0002804006
266966331.3638170063 0.0002803881
266966280.9523570538 0.0002804161
266965939.6607187986 0.0002803971
266543996.0307385027 0.0002803727
266542962.2500704527 0.0002803945
266964372.9957693517 0.0002803851
266964907.8065289855 0.0002804105
266545168.2001734674 0.0002803426
266965678.1241557300 0.0002804150
266543094.6881777942 0.0002803475
266966290.9358717203 0.0002803955
266966186.3185966611 0.0002803911
266543090.6980682909 0.0002804168
266963869.0019893348 0.0002804159
209255050.0000000000 0.0002804159 1 0 0 0 0 0 0 0 0 0 0 0 0 0 0 