255835252.1106162369 0.0000009890
229162071.8952064812 0.0000003415
229953616.3561181128 0.0000000584
240172718.8719264865 0.0000000015
254519802.6142487526 0.0000000969
225425376.5572749674 0.0000000164
257965041.7662875950 0.0000000003
261530402.6239224076 0.0000000836
273688245.6197572351 0.0000000015
288203411.3474153876 0.0000000008
300515275.7378715277 0.0000000317
227054218.9414072931 0.0000000086
307802405.3120656610 0.0000000198
257113731.5652956069 0.0000000798
277255185.7606642246 0.0000000992
270253578.5850156546 0.0000072495
279303554.2038826346 0.0000000319
230892476.7068716288 0.0000000182
202521008.5968717039 0.0000000221
231659507.0750437379 0.0000001037
205785876.1335909069 0.0000023302
209701173.1380573213 0.0000000328
282817240.6929282546 0.0000000604
200641836.8673245609 0.0000000390
197744862.8959431648 0.0000000786
306429350.4107489586 0.0000000394
216871715.0148484409 0.0000001779
279739005.1519520283 0.0000000488
317345760.5429110527 0.0000000055
221867563.8826614916 0.0000000439
223629727.8472302556 0.0000348105
250419290.1442677379 0.0000002413
204741242.4151635468 0.0000000734
265958234.2415995598 0.0000006130
230936749.7286764085 0.0000000984
224783618.9676863253 0.0000000220
240990416.7821794450 0.0000000868
209816457.7220706642 0.0000059046
223655564.1991120577 0.0000000544
245216056.8077211380 0.0000000015
207172569.5238942504 0.0000000102
225251258.4439556003 0.0000000004
243636390.4216063619 0.0000001821
258468276.2523750365 0.0000002460
202271315.5418697596 0.0000001089
179476338.5139263868 0.0000012785
177484869.8588562012 0.0000008328
208539921.9037049413 0.0000014615
181982245.5886144638 0.0000015256
227478913.5015472472 0.0000000020
169043563.0359436870 0.0000002978
201283386.2769204974 0.0000036018
193943658.7011145055 0.0000001958
287283470.2039144039 0.0000005510
199736551.5143551528 0.0000004988
166595792.0255177915 0.0000000693
190110249.9719845057 0.0000001318
338516294.4139619470 0.0000001924
198249783.4826187789 0.0000000437
234045801.4732072353 0.0000000210
170839973.6392913461 0.0000058763
224411419.1574280560 0.0000000084
258845728.4658159912 0.0000000598
288422166.7476518750 0.0000000069
176795152.3693338633 0.0000000032
174345565.0761654377 0.0000001240
288858467.5211866498 0.0000000001
183893843.0329492986 0.0000006508
298641187.3851928711 0.0000000088
173749712.0416811407 0.0000001517
301020267.3191215396 0.0000001366
182187626.0957007110 0.0000000037
165882478.3915310204 0.0000000937
253904897.0490633249 0.0000000024
268174689.9690836966 0.0000000033
189869596.9651810229 0.0000108444
296370773.4254878759 0.0000002645
244833440.2853905559 0.0000000616
172210020.2318191230 0.0000000015
200258479.5514553785 0.0000000644
287297934.3081967831 0.0000001558
176946482.7639389634 0.0000004961
297070050.0705258846 0.0000000493
214190256.4017381370 0.0000035596
166761622.5525902212 0.0000005875
287897333.1785669327 0.0000009016
243063425.3723269701 0.0000001643
218117186.0540437400 0.0000003973
293919371.9133575559 0.0000002829
220485780.5630305409 0.0000121681
232899446.5199372768 0.0000003796
251576678.0867870748 0.0000085413
244870745.0523971617 0.0000003028
192986433.8255679309 0.0000305016
218323120.5519896150 0.0000000477
245037476.4427875876 0.0000005389
171933751.9173605442 0.0000022080
248542995.6680504084 0.0000032048
170618412.5719632208 0.0000000028
197240624.7532960474 0.0000003693
291791425.1566511393 0.0000022126
199216981.4963842034 0.0000195679
167216804.3006159067 0.0000000172
358619366.4508853555 0.0000003031
209861359.0929572582 0.0000000025
182875905.8945890069 0.0000000235
243041021.3033930957 0.0000000003
291316834.0702516437 0.0000000091
168905436.7683352232 0.0000001739
166244221.9381917715 0.0000007720
290829339.9223502278 0.0000000900
190109471.5888684988 0.0000000523
310488400.1826642752 0.0000000392
196417998.6689219177 0.0000002422
313988954.1236289144 0.0000001249
207994894.0350638330 0.0000000410
309486873.1414944530 0.0000000598
287836367.0771092772 0.0000006447
172789826.4224478900 0.0000000578
277853688.5054746270 0.0000008426
170973136.8071421087 0.0000000812
274136136.7340269089 0.0000000355
309226709.3921614289 0.0000001180
316385312.3777011037 0.0000001551
308935745.5271535516 0.0000000959
289304562.1849800944 0.0000001985
169916536.2359533012 0.0000001259
278248860.1134491563 0.0000000835
315193203.5963208079 0.0000001217
177450238.2295410931 0.0000000426
166369765.0794214606 0.0000000650
166552715.9923705161 0.0000002011
310688811.1700009108 0.0000000847
284819915.5820750594 0.0000000314
172350356.4459390342 0.0000003766
182407728.1261717081 0.0000010169
176339379.9072329998 0.0000000500
288753074.8830174804 0.0000005161
290553984.8583348989 0.0000008579
166352966.7611989081 0.0000001654
172295441.1270840168 0.0000000915
314301789.4954042435 0.0000001713
172355195.0512603223 0.0000000825
176884136.4506821930 0.0000000076
311033382.6521256566 0.0000000460
188360476.2686805427 0.0000002229
166063884.7675333321 0.0000001243
187251606.6512201130 0.0000001022
310645961.9539932609 0.0000001678
170329442.8280819952 0.0000000136
312698723.9263154864 0.0000001412
168216411.3357486129 0.0000000008
168371482.0589644313 0.0000001032
304958625.3422328234 0.0000000009
310558328.3772304654 0.0000002099
168573539.5291244984 0.0000000878
321599134.5792210698 0.0000000874
165903337.1262753308 0.0000000830
307690605.5587142706 0.0000001021
166332933.4964951277 0.0000000823
310591280.2764692903 0.0000001580
165951523.6505464017 0.0000000932
309789265.8042062521 0.0000001056
310580521.8661584854 0.0000000741
315573011.6288877726 0.0000001087
314552854.8508843184 0.0000001041
173375289.2745583057 0.0000000773
315071868.7002751827 0.0000000891
169997381.5423199832 0.0000000493
166488293.4662998617 0.0000001277
167751539.5846173465 0.0000000833
169673795.5493836701 0.0000000890
307628437.8578021526 0.0000000123
165915138.3315065205 0.0000000991
313180635.2008713484 0.0000000443
167704860.9655605257 0.0000001015
313115766.5332236290 0.0000001530
314550205.4218805432 0.0000001222
314062520.2503976822 0.0000000826
169593039.7976560295 0.0000000930
312168007.3172252774 0.0000000941
170867920.5003407598 0.0000001108
165905572.4050896168 0.0000001194
169082884.0968332887 0.0000001168
166353072.4338058233 0.0000001014
314353182.7333562374 0.0000001055
166785205.6635958254 0.0000000924
167367619.3533376455 0.0000000824
165879976.3987534046 0.0000001181
169076216.5132962465 0.0000001167
166564435.0048263371 0.0000001127
167043648.1338046491 0.0000001046
166112381.9165903628 0.0000000902
173219832.4103887677 0.0000002051
166097478.2055251896 0.0000001329
321253176.1881138682 0.0000000795
166062501.5927468240 0.0000001252
309056255.9278495312 0.0000001193
314521978.1487880349 0.0000001139
168373086.6124837399 0.0000001770
165901811.1046267152 0.0000001153
308126809.5250570178 0.0000001070
165916437.1076503396 0.0000001209
308378939.1265093088 0.0000001076
315185874.9798024297 0.0000001083
166326644.4758663476 0.0000001444
166610169.9916381538 0.0000001246
308954391.3282723427 0.0000000972
314882882.7575899363 0.0000001212
167120464.6397359669 0.0000000880
315858276.8641073108 0.0000001046
166085687.2426958084 0.0000001136
165987277.1793371737 0.0000001298
314545673.3091964126 0.0000001179
167640221.3293257654 0.0000001160
165961742.5700903535 0.0000001170
166642437.6677643657 0.0000001080
166068789.9520152807 0.0000001211
166213003.1467592716 0.0000001236
165896075.5080865026 0.0000001159
315341311.8942798972 0.0000001328
166112892.8602667451 0.0000001191
168974730.4546462595 0.0000001256
166038439.9067904055 0.0000001166
166956535.9976707101 0.0000001196
165996284.6305697262 0.0000001068
310505078.1410739422 0.0000001226
165926681.3458943665 0.0000001297
167863533.0970559120 0.0000001089
166035180.4818584025 0.0000001116
167842036.6048882902 0.0000001111
166834211.8952483237 0.0000001147
166122976.6876964569 0.0000001149
166352085.6394536793 0.0000001098
314777908.0514166355 0.0000001159
167554256.2994178534 0.0000001362
165980876.0946291387 0.0000001224
165991424.4836228490 0.0000001135
166076404.1319973171 0.0000001182
166271417.3371331096 0.0000001164
165893296.0327628553 0.0000001134
165933917.9831881821 0.0000001186
165917150.9763803184 0.0000001151
315353638.5006264448 0.0000001185
166157463.7831657231 0.0000001172
166291264.9027222991 0.0000001136
165904591.4157392085 0.0000001149
166123918.0083104074 0.0000001164
166102210.6581477821 0.0000001197
312729611.2805280089 0.0000001194
166059296.2070091963 0.0000001169
166747541.2397530675 0.0000001217
166144724.2564933896 0.0000001161
166038189.2750962377 0.0000001127
165907778.8771097958 0.0000001163
167339012.9629525840 0.0000001166
165895352.7141640484 0.0000001128
310743716.1683523655 0.0000001210
165913586.6237493455 0.0000001174
167746592.1892189384 0.0000001121
165967038.6148079336 0.0000001120
310672966.3042401671 0.0000001193
165897467.9619846642 0.0000001158
310674400.4391168356 0.0000001191
313075120.7431174517 0.0000001186
165907051.0807602108 0.0000001181
166310917.1816515326 0.0000001206
166026725.8960433006 0.0000001148
166152752.6980411112 0.0000001207
165883638.0472497642 0.0000001178
165875715.2606863379 0.0000001103
165923286.1837640703 0.0000001083
167147139.2611068487 0.0000001147
165884177.2910614610 0.0000001104
166796119.3549353182 0.0000001067
165878164.6479996741 0.0000001113
312918589.8371586204 0.0000001126
165866363.6841968596 0.0000001112
166372877.6825211942 0.0000001126
165899986.0680699348 0.0000001111
165994938.0672563612 0.0000001092
165947311.6311547756 0.0000001108
165984797.3786047697 0.0000001060
165893707.6945790648 0.0000001117
166202881.9006019533 0.0000001043
165911319.4400434792 0.0000001106
166163855.2078008056 0.0000001115
165871501.0854360163 0.0000001116
166294264.8308446109 0.0000001098
165912203.8826605678 0.0000001126
312873535.1050354838 0.0000001128
165978384.7344835699 0.0000001116
313404455.9676521420 0.0000001111
165945478.1345764101 0.0000001109
165895539.9185910225 0.0000001158
165992500.6838594377 0.0000001111
166009980.1462537646 0.0000001073
165987718.1036265194 0.0000001139
313347019.2958815098 0.0000001116
166003666.4451870024 0.0000001106
166128292.6015085876 0.0000001129
165918329.6616216302 0.0000001113
313364577.9066383839 0.0000001131
166013557.9118107259 0.0000001115
166157924.6013056338 0.0000001077
165931759.3722719848 0.0000001103
313187536.2002773881 0.0000001133
165989321.9415283203 0.0000001111
165978857.1869084835 0.0000001077
314209699.2670676708 0.0000001117
165909980.0951989591 0.0000001117
166297374.5201057494 0.0000001089
165873026.3928847313 0.0000001110
166469454.9029136002 0.0000001130
165902767.9646962285 0.0000001113
166060500.5902381837 0.0000001104
165892809.9608566761 0.0000001122
165990692.9840835035 0.0000001168
165900517.9022993147 0.0000001117
165956167.6548584700 0.0000001094
165880314.0074971318 0.0000001109
166031329.1039180160 0.0000001073
165928396.6797562838 0.0000001112
165894109.4606640637 0.0000001117
165875395.4623260200 0.0000001104
314266908.4598773718 0.0000001112
165913520.8721734285 0.0000001114
166005278.3061868548 0.0000001126
165890693.0939107537 0.0000001113
314179003.0528875589 0.0000001117
165885463.2837471962 0.0000001114
314110450.3572865725 0.0000001119
166021909.7342516482 0.0000001115
314509835.2403772473 0.0000001114
165890378.1289843023 0.0000001111
165935505.1189861298 0.0000001118
165869154.8865990937 0.0000001123
314146693.9060373902 0.0000001118
165907656.9169016182 0.0000001114
314148571.1078079343 0.0000001115
165897508.7549234331 0.0000001103
314162767.8563176990 0.0000001123
165920806.2867788672 0.0000001118
314180886.0268824697 0.0000001110
165970930.6587649882 0.0000001111
165910827.6260718107 0.0000001113
165926379.8831939399 0.0000001100
165866828.2235535979 0.0000001112
165894982.4662007987 0.0000001092
165880722.8613654375 0.0000001114
165865493.4536701143 0.0000001102
165873307.6562022567 0.0000001105
165871990.0039811432 0.0000001089
165911760.1602651775 0.0000001104
165922147.8136143386 0.0000001087
165920222.1437102258 0.0000001103
165973612.3743101358 0.0000001095
165872943.7333198190 0.0000001099
165936194.5217041969 0.0000001091
165863877.5054470599 0.0000001108
165868115.3794340491 0.0000001122
165878554.5121560991 0.0000001109
166001932.7735486925 0.0000001117
165901698.7364426851 0.0000001106
165880015.0609606206 0.0000001109
165880656.5445109606 0.0000001108
165964092.6556830406 0.0000001119
165905322.6268989444 0.0000001110
165924800.4402000308 0.0000001096
165895237.6976988614 0.0000001105
165904584.4390721619 0.0000001107
165918516.7701992095 0.0000001117
165860624.0459512174 0.0000001113
166000605.4772801101 0.0000001110
166131893.1863750219 0.0000001115
165874900.6385210752 0.0000001116
166067897.6272025704 0.0000001109
165896105.8201146126 0.0000001110
165927631.2525389493 0.0000001103
165887141.0488914251 0.0000001113
166020764.2818824053 0.0000001107
165913896.4695032835 0.0000001117
165906898.2487503588 0.0000001108
165868691.3503904641 0.0000001115
165873354.8710632920 0.0000001113
165893619.7436694205 0.0000001114
166073984.1690639257 0.0000001111
165892773.4673351943 0.0000001112
165924622.3119538128 0.0000001118
165893561.2706489861 0.0000001111
165921168.7435730696 0.0000001104
165895592.8568480015 0.0000001113
165923502.4523502588 0.0000001132
165917426.7950311005 0.0000001106
165971694.5483018160 0.0000001107
165918187.1224499941 0.0000001111
165992767.1947268844 0.0000001119
165864310.7924289703 0.0000001115
165949223.8619969785 0.0000001119
165868413.0007274747 0.0000001106
166007199.4309073985 0.0000001148
165870869.2146870196 0.0000001112
165987085.5488336682 0.0000001109
165886197.3836905956 0.0000001114
166039268.0647183955 0.0000001115
165878959.9778232574 0.0000001110
166016547.3570188880 0.0000001104
165864643.5071175694 0.0000001116
165866376.2015369534 0.0000001090
165901939.3364060223 0.0000001118
165871139.7722935081 0.0000001097
165919189.7051240206 0.0000001108
166045557.3645841777 0.0000001114
165885369.0530979633 0.0000001114
165886113.8530903757 0.0000001119
165914093.7699324489 0.0000001116
166052486.4331984222 0.0000001111
165956547.5731344223 0.0000001112
165909191.7715019584 0.0000001110
165931270.8458838165 0.0000001112
165911919.0435410738 0.0000001114
165879499.2016734481 0.0000001120
165910932.2840490341 0.0000001113
165892762.2750560641 0.0000001113
165864109.5970858335 0.0000001113
165966897.6097860634 0.0000001113
165871524.9548494220 0.0000001111
165889544.2933770418 0.0000001110
165872113.2019907832 0.0000001115
165860515.3876087666 0.0000001113
165907775.6463275254 0.0000001111
165859974.6226502657 0.0000001112
165907749.9077694118 0.0000001111
165917164.2898839116 0.0000001111
165860118.9693253636 0.0000001116
165917426.8294331729 0.0000001112
165866289.7577177882 0.0000001112
165919031.0182561576 0.0000001111
165910242.1294742227 0.0000001122
165867309.8156213462 0.0000001112
165883051.6860633492 0.0000001111
165863435.3248745501 0.0000001112
165868609.4202626348 0.0000001107
165867982.7994302809 0.0000001112
165900542.5352436304 0.0000001111
165864100.6234440207 0.0000001112
165912698.7154633403 0.0000001110
165867441.2981098294 0.0000001112
165895422.0308000147 0.0000001113
165860211.7669561803 0.0000001112
165864358.4686073065 0.0000001113
165916564.6751050651 0.0000001113
165863994.0313257873 0.0000001107
165909166.0798454285 0.0000001112
165911538.2102206647 0.0000001111
165914873.6013394594 0.0000001111
165889501.7192048430 0.0000001113
165861099.7123951018 0.0000001111
165872278.5405031741 0.0000001113
165867437.8513120115 0.0000001112
165866156.5350280404 0.0000001109
165865440.4007669985 0.0000001112
165875471.2853225470 0.0000001110
165870437.4802468419 0.0000001113
165906764.1124424636 0.0000001111
165862831.8286656141 0.0000001111
165902028.2081730664 0.0000001109
165861419.1525067687 0.0000001110
165886626.9181959033 0.0000001113
165859846.0107850134 0.0000001111
165871261.8691026568 0.0000001111
165862672.0315024555 0.0000001112
165880379.5846775174 0.0000001110
165915519.5805166662 0.0000001111
165877989.4451093376 0.0000001112
165916230.7893220186 0.0000001112
165873093.2917364240 0.0000001110
165861343.6707219779 0.0000001111
165904729.6713644564 0.0000001108
165860712.7657402158 0.0000001110
165910302.0649118423 0.0000001111
165918506.0441407263 0.0000001110
165903052.1863713861 0.0000001111
165911193.5368412733 0.0000001109
165859835.7959288359 0.0000001111
165863361.1057445705 0.0000001113
165919892.0861694515 0.0000001111
165880141.6495282650 0.0000001111
165915066.8155032098 0.0000001111
165875580.3112438321 0.0000001112
165862933.1746532619 0.0000001111
165917198.1683409810 0.0000001117
165915815.6511409283 0.0000001111
165861866.2114526331 0.0000001112
165864687.4467687011 0.0000001111
165867096.5390039682 0.0000001110
165860630.9754943848 0.0000001111
165913398.8831364810 0.0000001109
165916414.7631302476 0.0000001111
165880341.8368989527 0.0000001111
165918571.4881113768 0.0000001112
165889526.2591083944 0.0000001111
165920393.6256579161 0.0000001112
165865602.5221748054 0.0000001111
165864097.8758046031 0.0000001111
165913923.5752305686 0.0000001110
165859089.7492392659 0.0000001111
165909109.7698731720 0.0000001111
165917307.5788676739 0.0000001111
165866315.5723233819 0.0000001109
165859271.6722290516 0.0000001111
165863554.1985759735 0.0000001111
165917902.3701974750 0.0000001112
165880185.6651861668 0.0000001111
165918164.7165385485 0.0000001111
165917885.8416444361 0.0000001112
165868934.8042079210 0.0000001111
165917845.9133831561 0.0000001111
165859524.5552617908 0.0000001111
165912072.1953229904 0.0000001113
165918057.1692638695 0.0000001111
165860952.7395937443 0.0000001111
165861826.9125864506 0.0000001111
165861807.9900002182 0.0000001111
165918329.5759662688 0.0000001111
165920451.3519053161 0.0000001111
165864856.8212261200 0.0000001112
165920034.0909514725 0.0000001111
165859074.4090872407 0.0000001111
165920320.3111942112 0.0000001111
165864461.0012580156 0.0000001113
165920079.4997486174 0.0000001111
165862423.0672824383 0.0000001110
165859544.7549471855 0.0000001111
165859340.6352385879 0.0000001110
165920523.5458075702 0.0000001111
165919436.7446434200 0.0000001111
165863485.2988204360 0.0000001111
165871447.4303990006 0.0000001110
165860242.9319241941 0.0000001111
165865951.4239728749 0.0000001111
165920172.1818684638 0.0000001111
165861440.7441604137 0.0000001111
165860556.2878577113 0.0000001110
165859215.8085058928 0.0000001110
165859171.9384030402 0.0000001111
165867728.6452350914 0.0000001111
165918955.9857803583 0.0000001111
165858974.1927996576 0.0000001111
165920375.3470567167 0.0000001111
165873904.7262611985 0.0000001111
165859618.5811993182 0.0000001111
165859415.8808678985 0.0000001110
165920287.4453573823 0.0000001111
165868822.3834545612 0.0000001111
165919909.0039012134 0.0000001111
165863239.5371004343 0.0000001112
165920209.5515314639 0.0000001111
165866234.5892837346 0.0000001111
165859962.1121578515 0.0000001111
165861750.2284190953 0.0000001110
165920521.7126676142 0.0000001111
165913387.5086549222 0.0000001111
165920008.8826525807 0.0000001111
165861006.7757434845 0.0000001111
165918659.5194901228 0.0000001111
165916846.0946554244 0.0000001111
165920356.2756349742 0.0000001111
165866481.8761164844 0.0000001113
165918866.3169541955 0.0000001112
165917535.0610062778 0.0000001110
165861084.3750266433 0.0000001111
165920015.1627753079 0.0000001111
165859434.1291702986 0.0000001111
165860434.9118774235 0.0000001111
165862668.2751896083 0.0000001111
165918600.3902454972 0.0000001113
165860285.6904572248 0.0000001112
165919775.9069363177 0.0000001112
165859360.5533461869 0.0000001111
165919807.7950907350 0.0000001112
165920213.2911573648 0.0000001111
165859417.4019689858 0.0000001112
165918393.0786547065 0.0000001111
165865530.5240917802 0.0000001111
165912149.8881452382 0.0000001112
165859614.8659510016 0.0000001112
165920118.9800212979 0.0000001111
165860096.7400070429 0.0000001111
165920372.9384318888 0.0000001111
165861235.0500384867 0.0000001111
165859040.1582590640 0.0000001111
165860391.9327299595 0.0000001111
165858990.3950077295 0.0000001111
165920355.9280295670 0.0000001111
165920476.1136188805 0.0000001111
165919646.1702466905 0.0000001112
165859319.3886950910 0.0000001111
165861037.0635357201 0.0000001111
165860595.7401018441 0.0000001111
165861828.5616487563 0.0000001111
165920413.5224480927 0.0000001111
165919311.6414245665 0.0000001111
165919974.0623126030 0.0000001111
165859821.3122386336 0.0000001111
165859003.2237182558 0.0000001111
165920194.0421624482 0.0000001111
165919928.4539766610 0.0000001111
165859182.9360120595 0.0000001111
165920429.7927398980 0.0000001111
165919904.6964909732 0.0000001111
165920281.6464120746 0.0000001111
165861172.1092483699 0.0000001111
165859165.5508769155 0.0000001111
165863807.5436698198 0.0000001112
165920105.7600428462 0.0000001111
165860302.2951745093 0.0000001111
165859095.5863292813 0.0000001111
165859477.2132635415 0.0000001111
165858977.0427227616 0.0000001111
165859318.6765001416 0.0000001111
165859203.0594906211 0.0000001111
165859815.9447645545 0.0000001112
165920400.7578417063 0.0000001111
165860485.8518084586 0.0000001112
165859276.7661910653 0.0000001111
165920305.2108514607 0.0000001111
165858876.8820063472 0.0000001112
165919962.4897415638 0.0000001112
165919418.9027524590 0.0000001112
165861192.2215933204 0.0000001112
165858919.4246009588 0.0000001111
165859403.6596421897 0.0000001111
165920014.2335185707 0.0000001112
165920268.2468588352 0.0000001111
165920408.9303095937 0.0000001112
165859263.8289769292 0.0000001111
165859007.2787970006 0.0000001112
165919701.1682751179 0.0000001112
165919899.9011729658 0.0000001111
165859933.0062486231 0.0000001112
165919200.0064271390 0.0000001112
141793119.0000000000 0.0000001112 1 0 0 0 0 0 0 0 0 0 0 0 0 0 0 