434456433.4988176823 0.0002566230
418321216.2222489715 0.0001465884
418281733.4308118820 0.0000000564
458523829.4660586715 0.0000643581
450194338.3604667187 0.0000837708
454224907.4025697708 0.0000002886
452228641.2863215208 0.0005925345
420151778.6365866661 0.0001502889
458167839.8075764179 0.0000612226
477569202.9769034982 0.0000400545
483774918.7214711905 0.0000437951
399413872.6324289441 0.0001649089
447386990.8789054155 0.0000055994
390181200.1213788986 0.0000000662
384828923.3071290255 0.0002300720
452986652.8439452648 0.0001226350
425135705.8807250857 0.0002116733
380009625.1433016062 0.0005378988
351962056.7329247594 0.0007119922
349351801.4731298089 0.0005605851
324071345.0241246223 0.0000038873
316603466.4956576228 0.0001161411
367091373.2858416438 0.0000883251
294152983.9953204393 0.0001053788
289038640.2986999750 0.0000207095
388563688.1933428645 0.0000359163
415420488.6095277667 0.0000003791
351716376.2050250769 0.0000266021
388564770.3119917512 0.0001131000
281632010.9400178790 0.0000417197
335425650.3702047467 0.0000222378
184643690.0072430968 0.0003166237
197949776.7181298137 0.0006509890
183675725.1995135546 0.0004470505
229063946.6616961360 0.0000326555
186305784.2645656168 0.0004879553
208723602.1093484759 0.0000637666
181161146.5380111635 0.0006639917
218211765.4068860114 0.0002024609
203729186.5851438046 0.0005905826
246328649.3585754037 0.0017627438
195604313.6414655745 0.0002524522
260487356.3000648022 0.0001628540
191726324.0389984250 0.0003010915
215002860.6233794987 0.0006558977
172912466.2847604454 0.0009440945
150357903.9021285176 0.0034724626
149398133.0878291428 0.0034246218
164006932.9423839450 0.0000810497
145004207.4794532657 0.0024646921
138088233.7942641675 0.0026594852
150963618.7903190255 0.0008106874
166153364.5148287714 0.0122641315
136916483.5242821574 0.0002522229
146208064.4019005895 0.0003226254
139300382.5194433331 0.0002314510
138975745.9611739516 0.0001759893
143579064.5336934924 0.0002455027
152790118.7760502398 0.0006701710
176967073.7335932553 0.0001791076
166403351.1638031602 0.0002455028
144207772.3351215124 0.0003186899
184970783.1756467521 0.0007252870
149599529.0971111357 0.0002339013
177737483.8866237402 0.0015459063
146841535.0669062436 0.0001944083
148319048.0855575204 0.0000068531
141257983.1824502945 0.0006478794
141307995.6626456380 0.0028953959
136407867.4555140138 0.0010855308
165044221.0751119256 0.0017473935
145988918.0318390727 0.0007928528
233112595.4785774648 0.0083744723
137882164.0563334525 0.0012233178
185507638.3207127750 0.0033496631
138792990.1376666427 0.0000929515
143648680.6951621473 0.0062080975
140975628.4241672456 0.0016836922
178169549.4730220735 0.0011947413
143604076.1622064114 0.0014889079
153199263.6509769857 0.0027310255
142868575.9236393571 0.0001784283
163861716.4382098019 0.0000430151
140759015.0939131975 0.0010605292
207536111.3451304436 0.0001771928
136335292.7934538424 0.0007856990
163276024.2588576972 0.0014751144
142568800.2789433599 0.0010913118
164737737.5817724466 0.0030418257
139636529.8774693310 0.0028368416
154115959.4448753595 0.0006047279
158774220.5798743367 0.0056201232
142912966.0587823093 0.0042920121
143881298.4428569674 0.0010206412
138527262.5864903033 0.0009432690
138932409.9879174829 0.0005415887
161263716.8881472647 0.0000804675
137924168.5085272193 0.0008046279
140824024.8237685263 0.0003225013
136932860.2092720568 0.0006391122
138495305.6013096571 0.0024377076
139096916.3088412881 0.0008653861
142131527.0299254954 0.0037767337
140240722.1017563641 0.0006050416
137840683.7687571049 0.0026425229
137663993.9317222238 0.0007263822
148037987.0216212869 0.0014307700
138607616.2235402465 0.0008204343
150829836.7501024008 0.0000847848
141341172.5181125998 0.0009362327
137777759.0998025835 0.0000758869
142363584.8024538755 0.0006971170
153233201.2089091837 0.0032548338
139819954.7025687099 0.0008111606
168393613.9004045725 0.0007968245
139807306.9969351888 0.0005964254
154087771.1183801889 0.0001467229
138214571.5562340319 0.0009572184
137944138.5871315598 0.0033043082
144880807.8149004579 0.0014050902
142112330.1351385415 0.0015838093
140396650.6022717953 0.0011839442
137364710.5151188076 0.0014653632
138331336.8764730096 0.0004453439
144493263.6861617565 0.0000384479
143006579.9927046001 0.0010155007
160586324.7822898626 0.0012054152
138492395.3447019160 0.0010661561
161646774.9270841181 0.0009188217
142763728.8926392198 0.0008195552
135740700.7696750760 0.0008361418
139615611.1410656869 0.0018725587
138302180.2255768180 0.0008113848
141339625.5885451734 0.0012214795
136005567.0913506448 0.0007311150
144349723.6712362766 0.0007542259
138330558.2384277582 0.0003120867
136128198.9113583267 0.0009935892
136206888.0526889265 0.0009747692
142224418.6919620633 0.0009920998
141737493.9219209850 0.0009011884
136163747.3060874939 0.0009417042
143410737.4306170642 0.0006083996
136130288.2712615132 0.0007605437
139918091.2381376326 0.0005294345
142501061.3492149115 0.0007933353
136494921.0500346422 0.0008976913
135690668.7768127620 0.0009316571
136025456.0216006935 0.0011561300
136795828.6246336401 0.0009627335
140585951.8111988008 0.0005085148
136022198.0510298312 0.0010216138
135923955.1264669895 0.0008146132
137612197.0655849576 0.0008619093
143248516.0500735939 0.0009576317
140598936.1464718580 0.0009854945
144995462.0041497052 0.0014028945
141760474.8592734337 0.0010611745
140315264.9696893692 0.0005492485
141024700.5462568700 0.0009892083
136089681.3167343736 0.0009134128
138078457.6182205379 0.0010014981
140387892.6155211627 0.0010834898
135783749.8728717268 0.0008644270
141881191.9308607876 0.0013083602
139175500.2319774032 0.0011270134
135695514.1692118645 0.0012081296
135796792.9006745517 0.0009650841
141018027.8909320831 0.0010130821
136098830.7018082440 0.0009222927
143073049.4581993520 0.0008318336
136232163.5037149191 0.0009711643
135730309.2860039175 0.0008592029
143235865.1421490312 0.0008894207
136006786.4763681591 0.0008867731
135954781.0774665773 0.0009323095
137161673.5158599615 0.0010773093
136004149.0120777488 0.0009554603
135934252.1436798871 0.0009781419
135706520.1789150536 0.0009864481
140459861.9071928859 0.0009711861
135860404.5665329695 0.0009656347
136002707.6929520667 0.0009876280
135785529.1557485163 0.0009444871
143218649.5600762963 0.0010886242
136079951.0618115962 0.0009380827
136417807.4664441645 0.0009317355
135795898.6281352639 0.0009361372
135913134.7176490426 0.0009440295
143566751.2328896821 0.0009568068
135792624.6555989385 0.0007966022
135752792.3031239212 0.0009031436
136026739.0107645094 0.0008474912
135746104.0516349673 0.0009299145
135651034.7028812468 0.0008455740
143604895.3358346224 0.0008458161
136228724.3570658267 0.0008361771
135971173.7273158133 0.0008482444
136910203.1418236792 0.0007807141
143634796.5999603868 0.0008225070
135770305.8423717916 0.0009757579
143545246.2254600227 0.0009109292
136101070.7893027961 0.0007631440
136086041.9274252653 0.0008429791
136635719.6498065591 0.0007334052
143270654.3230744302 0.0008500353
137267879.5277203918 0.0008426047
143708019.1413589716 0.0008736283
135851302.1569805145 0.0008356404
142606967.2964929640 0.0008148141
135773185.3577108681 0.0008419602
136198506.1250350773 0.0009111750
135665943.2744347751 0.0008380463
136489314.9238415360 0.0008545227
135980253.3611188829 0.0008584927
136265962.0127028823 0.0008266271
135972194.2347825170 0.0008463521
135927360.1950887740 0.0008574989
135750512.2807579637 0.0008504487
135945331.3032020926 0.0008475426
136012391.6753334105 0.0008476601
136039271.7255932391 0.0009342590
135685553.3562927246 0.0008433627
136067102.8184750676 0.0008432026
135803344.1314121187 0.0008499530
135764374.7845193744 0.0008839419
135842434.5973426998 0.0008294115
135767870.5692823231 0.0007950872
136032840.6159115732 0.0008449166
135899714.2461622357 0.0008852030
135884668.0946560800 0.0008630364
135785641.3231030107 0.0008170637
135676311.0748229325 0.0008332317
136193317.3185098171 0.0007990095
135745731.7125791013 0.0008300462
142464215.5511950850 0.0007983093
136017798.1561685503 0.0008410925
135641850.6200395226 0.0008495131
135845319.9605851471 0.0008424458
136655816.9524429440 0.0008390553
135772429.3208085895 0.0008497366
135817887.3625445962 0.0008510262
135670733.8801911473 0.0008729000
135938094.3890871704 0.0008501434
135573037.0458082557 0.0008335240
142827787.2873212099 0.0007994169
135640553.9545010030 0.0008403204
136151529.8468866944 0.0008363724
135706321.3027853072 0.0008162136
136331765.6913994253 0.0008140860
136176595.7321379185 0.0008602551
136493825.8206066787 0.0008506873
136301622.6977453828 0.0008608699
136465539.5039567053 0.0008316067
135811660.8743766844 0.0008202950
135546029.3632876277 0.0008345351
135721321.0191999972 0.0008564294
136450569.1311488450 0.0008313468
135665273.0795804560 0.0008413847
135551890.0136031806 0.0008340543
136334888.9708072245 0.0008110220
135586702.4186821282 0.0008351505
136385576.6996827722 0.0008542572
135580553.8214872479 0.0008375081
135542931.4619791210 0.0008414696
136367686.4655666649 0.0008373590
135906671.8439097404 0.0008325272
136413966.7036927044 0.0008404997
135964508.8026233912 0.0008743632
135608655.8958338201 0.0008476468
135933995.0588016808 0.0008435656
136309942.6410739720 0.0008425859
136177086.4574259818 0.0008460759
135561202.3796663582 0.0008436134
135678040.8360173404 0.0008400544
135586934.6549371183 0.0008386914
136067974.7093663216 0.0008540875
136362426.2023654282 0.0008456149
135669997.3678765297 0.0008491374
135568736.4912377894 0.0008366462
135943382.4235362709 0.0008566368
136376006.3193584383 0.0008392818
136349640.8107535243 0.0008147636
135568215.9722780287 0.0008426971
136267424.8721139729 0.0008164765
135731187.7177326679 0.0008418612
135552556.1592122614 0.0008241836
135594953.7391170859 0.0008486113
135746335.2436936796 0.0008320980
136191732.1638784707 0.0008504860
135625182.1733024716 0.0008528682
135592484.8383226693 0.0008383922
136029776.0278793573 0.0008036897
136223939.7717996538 0.0008394866
135883000.1508317888 0.0008739223
136370332.6466860771 0.0008408655
135782182.9033558369 0.0008616102
136251234.7044560611 0.0008438715
136054593.9019998908 0.0008306953
135547988.6819970310 0.0008384021
135849624.4146917760 0.0008646827
135613975.9517776668 0.0008537836
135529334.8747515976 0.0008440066
135647888.5232545137 0.0008353252
136359081.0842093229 0.0008440507
135621839.0023370087 0.0008454976
135555086.5188759863 0.0008433222
135710822.8969110847 0.0008465763
135520809.8113211989 0.0008428618
136365744.2734357715 0.0008458511
136377893.1937378347 0.0008375759
135653241.6763990223 0.0008313474
135549727.7675074935 0.0008522667
136312777.2829752862 0.0008414163
135552101.4375696778 0.0008410855
135579452.9031807780 0.0008450559
136381644.9105044603 0.0008420740
135532769.4827041626 0.0008381763
135520401.1373995841 0.0008442861
135639338.9764181077 0.0008551195
136394279.6521075964 0.0008449596
135650177.1800750792 0.0008477676
135526403.3911111355 0.0008454257
135589045.9197183847 0.0008477245
135530724.3707087040 0.0008433136
136264752.2073669434 0.0008463562
136361899.8547827005 0.0008458952
135652756.6281219423 0.0008494770
135522337.6821324229 0.0008426990
135592741.8639883995 0.0008414202
136398782.4388275445 0.0008459292
135622579.2886752784 0.0008362265
135529146.6725898683 0.0008435266
135598453.9788089991 0.0008462576
135531821.9359962642 0.0008430039
135583468.0529498756 0.0008418917
135542075.8560535312 0.0008445137
136314889.6303400099 0.0008484466
136395332.8004862964 0.0008444363
135619225.7665339410 0.0008458377
136350380.5774922967 0.0008435316
135583759.6256551743 0.0008493290
136390695.2977883220 0.0008474918
136368497.8397735357 0.0008387620
136388981.2925808430 0.0008471071
135600097.0800321698 0.0008350439
136388830.6513350606 0.0008461992
136397504.8868841231 0.0008446584
135522351.5820848346 0.0008424355
136404187.9930849373 0.0008441663
135522461.7400970757 0.0008425286
136400724.2619861960 0.0008443957
136389039.7037622333 0.0008462422
135522297.0527417660 0.0008454829
135535745.6775341928 0.0008454368
136401794.5378892720 0.0008441128
135522752.1657548845 0.0008430980
136398324.3364310563 0.0008451441
135530581.8580894470 0.0008437784
135540257.0711097121 0.0008440687
135558173.4894753993 0.0008398632
135542239.1684390903 0.0008447724
135534197.3148984015 0.0008445821
135521789.3165725470 0.0008448325
136387769.9248797596 0.0008408256
135520909.2616239190 0.0008439170
136377189.8557554185 0.0008465917
136391663.4812743664 0.0008438155
135585079.7712569535 0.0008446525
135525532.3472801149 0.0008444418
136362991.6801356077 0.0008402261
136396527.4844679534 0.0008445414
136394762.6428121030 0.0008412012
136387327.3322833776 0.0008432386
136400255.5128985345 0.0008447119
135553412.7550390959 0.0008427776
135523223.2253260612 0.0008444467
136379077.4532226920 0.0008440289
136403889.6703360081 0.0008435678
135568801.3135073781 0.0008466170
135519667.8682313263 0.0008440667
136382202.1814433932 0.0008437709
136401358.2272305787 0.0008436627
135538827.6619402468 0.0008441642
136404315.2561149597 0.0008439707
135553758.2322976291 0.0008442981
135524444.2713721097 0.0008436496
135531281.4122600555 0.0008464814
135522007.9372023344 0.0008442306
135544527.9637222588 0.0008445263
136402831.3254460096 0.0008438844
135534340.0113833845 0.0008439881
135521898.1788604856 0.0008446927
135522322.8520764709 0.0008435375
135532176.0049477220 0.0008443322
135519884.8718548119 0.0008439382
135521249.6952954531 0.0008438642
135519740.8812482655 0.0008440762
136398900.7170543671 0.0008442107
136400297.5084649026 0.0008440592
135533437.1546082199 0.0008441353
136403636.9596209824 0.0008440469
135519984.3922732770 0.0008436932
135519902.9094217122 0.0008440037
136401611.4075681269 0.0008439483
135520154.4426091909 0.0008440561
135519182.6777958870 0.0008441581
136402069.9553104341 0.0008446183
135528825.8008905947 0.0008431232
135518853.3299739361 0.0008441997
136404921.1259519756 0.0008435570
136400993.2962229252 0.0008442701
135519203.1570650637 0.0008448672
136403485.3534059525 0.0008442457
135523570.0381339192 0.0008444585
135524275.9947758913 0.0008445538
136394145.2575981915 0.0008429944
135520819.8031982481 0.0008444362
135535134.1222431660 0.0008431624
136400344.6195299029 0.0008442440
135518886.7139686942 0.0008444923
136400184.8441039026 0.0008442778
136399797.8159329891 0.0008444944
135520837.1196271181 0.0008442925
135538468.5978524983 0.0008444546
136400086.9783775806 0.0008441792
135523389.7005273998 0.0008442937
135520272.4028957784 0.0008441085
135526258.9615408778 0.0008443245
136404097.4551807642 0.0008440513
136400672.2857671082 0.0008444851
136400818.6983779967 0.0008442561
135524484.5960131586 0.0008442045
136401154.7806686461 0.0008441726
135523729.0946133435 0.0008449439
135522088.9879028201 0.0008442655
136397388.5728859305 0.0008446857
136400661.9095181525 0.0008442960
135535776.3387364447 0.0008437869
136397358.4202819765 0.0008441569
135535553.8755991161 0.0008451287
136399591.7567293048 0.0008439768
135521111.8577112854 0.0008449019
100965509.0000000000 0.0008449019 0 0 0 0 0 0 0 0 0 1 0 0 0 0 0 