719118726.4702116251 0.0003696950
693584992.5457384586 0.0001328477
698341519.0459381342 0.0000190272
730720564.0285407305 0.0009115246
736044379.9286500216 0.0000339039
665001274.0347232819 0.0000064498
670628331.4790391922 0.0000000684
669606925.7872306108 0.0000313602
710612393.7860227823 0.0000004510
726191978.5624985695 0.0000002324
810409153.7603045702 0.0000119517
640223819.8547497988 0.0000028807
736778614.9528862238 0.0000008183
638324714.3147662878 0.0000082544
632551017.4214193821 0.0000474889
729292084.3731827736 0.0000253130
679883009.9834431410 0.0000251640
589006336.5240790844 0.0000800511
560338145.2924325466 0.0000137753
563472044.1437610388 0.0000177417
560184979.0247950554 0.0000843394
557686963.4753353596 0.0000725376
578749604.9023140669 0.0000660531
528236008.9723512530 0.0000641427
524261948.7790970802 0.0000101827
678226720.0006014109 0.0000276762
637045419.1536962986 0.0000000451
621214896.7989147902 0.0000213519
546192542.6916491985 0.0000817130
499183570.7074256539 0.0000372555
560722252.7953175306 0.0000198582
405083762.0035594702 0.0000069567
474433434.6639420986 0.0000077437
417999117.6102045178 0.0014471777
427198406.7038335800 0.0029411912
409190998.6570715308 0.0000047666
440246385.1988947988 0.0011106086
407290264.0229193568 0.0000000811
444506780.6657911539 0.0002600235
409573780.3976036310 0.0000489247
404457925.7124385834 0.0006107212
404752217.6444130540 0.0008669234
487298437.6823133230 0.0004327237
401815850.2614809275 0.0006047615
386416267.2378175855 0.0012530958
386672610.1050557494 0.0012098618
423024305.5003870130 0.0015511881
385192005.1757192612 0.0012658257
442507776.4304396510 0.0005169993
388391164.2703141570 0.0014171946
383494992.9960219860 0.0053854071
383354120.7646570802 0.0053459996
409176234.9680318832 0.0000589462
389272090.2514406443 0.0037831922
398596346.5585079789 0.0037627562
395652546.9860591292 0.0047250305
418264536.6047052145 0.0013235181
384250865.7262057066 0.0082525440
434558647.6354551911 0.0027174292
413436228.4209625721 0.0036207922
448766585.0275523067 0.0013573836
392201767.7162131667 0.0057541259
387361354.8005918264 0.0104784910
384115180.5318833590 0.0043010690
381908527.8674270511 0.0079908338
389520183.8139012456 0.0075290584
415281877.9347924590 0.0025562680
381169185.6002165675 0.0082642193
441904336.9432510138 0.0004494859
383926934.0896986127 0.0110066998
359638062.4194296598 0.0081759773
364020420.0901767612 0.0107655835
385760078.7658609748 0.0290017699
359120149.8910841346 0.0077719344
398485249.3902494907 0.0066928457
360578762.1038392782 0.0054576065
401451048.3336695433 0.0054271691
374405643.6318066716 0.0063120511
379802200.6714354753 0.0018331169
346889101.4703505635 0.0084357820
423106068.5748130679 0.0044170541
346836623.6652950644 0.0066856283
356730753.0458535552 0.0050700895
346060561.6733539104 0.0062604354
393580659.2022559643 0.0044985757
343125626.2037859559 0.0053255351
308898509.2559530735 0.0045900954
291966994.0601590872 0.0044528342
354716754.5433869362 0.0033398714
296229384.1500951052 0.0017013159
354656736.8224729896 0.0097678208
286613929.4790691733 0.0028176413
361985567.7620331049 0.0023131373
288093434.8507267237 0.0025491850
326251223.4072598219 0.0005407518
293049558.1420370936 0.0025709244
285884941.7815618515 0.0005605177
297475051.9357796907 0.0002599382
307590053.7179201841 0.0002542276
288418472.9438772798 0.0007634686
316115240.9275069833 0.0000015023
283993764.8040186763 0.0009476901
360940495.8496105075 0.0000639794
286566534.8272808790 0.0010346789
292037154.3264045715 0.0013302915
284531184.0501844883 0.0007009601
346415327.7457947135 0.0003824358
280888749.2257625461 0.0013956507
307043360.9614373446 0.0123672919
289198741.9367590547 0.0003350714
292189910.0250093937 0.0058091459
298469450.9887736440 0.0027413125
357655016.2516645789 0.0002396145
275909259.7313619256 0.0009201217
333953959.7012489438 0.0000103040
284416373.0170878172 0.0000764361
277095048.7979942560 0.0003276534
287064734.2837048173 0.0005438529
291296002.0620915890 0.0182678114
278730140.1967177391 0.0004255367
336540343.2803674340 0.0029159161
281238841.3331918716 0.0006179590
287728534.6735391617 0.0022061830
285850519.7373708487 0.0001103141
277649284.4334802032 0.0000000311
273932730.8025381565 0.0010918954
330825959.5128409266 0.0110327692
284551245.8143375516 0.0021625567
333098359.2191136479 0.0025563194
283203081.4830614924 0.0015766652
308597556.6258048415 0.0006137754
278726623.1397708058 0.0005265374
314726172.7017057538 0.0030010513
283225891.0703402162 0.0015643528
298668836.7709032893 0.0220119286
262577915.1824356616 0.0010045636
303988413.5994615555 0.0032052548
268346869.9851765037 0.0027222573
308868591.0504164100 0.0000156834
268924006.3720794916 0.0008554273
289916940.3491435051 0.0025977006
267314861.9968091249 0.0002621225
312849661.2653111219 0.0086208707
271976417.7445999980 0.0004685293
289333044.1823380589 0.0009178155
269437108.4004833102 0.0004039803
294212995.7469661236 0.0077110144
267117620.2940424383 0.0023233525
345550842.2843794227 0.0000001659
273866766.8774215579 0.0000818607
269103681.8469881415 0.0003835174
276085345.7736300230 0.0004298341
262111448.5587319434 0.0007970765
273361824.4633326530 0.0013575434
260797070.7755256891 0.0009310579
281562418.6620047092 0.0021239109
264257710.3752268255 0.0013668798
249885936.6837100983 0.0085235224
249163285.5135479271 0.0085014847
270307537.6237019897 0.0107839593
247672519.7594552636 0.0082936923
249589789.3704949617 0.0008662230
236835285.8156593442 0.0075181215
237162040.5404279530 0.0012713970
242644763.8787285089 0.0078409328
235488919.7306162119 0.0027261629
233297790.7792992890 0.0024179582
224727457.6539972723 0.0033775514
224298145.8577977419 0.0032281731
219153083.6472611427 0.0029207257
220478005.6065081954 0.0030501732
233018855.3503090739 0.0000353937
215347995.2083786428 0.0033871755
221392832.9757362902 0.0038614744
215580015.5649787486 0.0035794947
228481017.6125060320 0.0014077708
217673093.4713577926 0.0050498613
220611906.6500740945 0.0003295225
213975739.9351218939 0.0035435197
233251507.8575365841 0.0086679218
214793107.7729877830 0.0038227679
238846506.1923673153 0.0000827595
214488405.1332090497 0.0096172175
217402054.3986227512 0.0090005278
214657290.3650517762 0.0039603036
215586415.9786352515 0.0039642837
215999688.5189591646 0.0054708335
209194943.4518532157 0.0041789892
213955534.8277503550 0.0034375275
218770173.3664986193 0.0047579882
210482555.4649067521 0.0038096246
203958192.2495028973 0.0230835300
209232249.3999997973 0.0200603584
193003482.0500485003 0.0333137925
194345558.6862457097 0.0314626934
215332396.3141626120 0.0403012180
191083485.8357532322 0.0338056367
189248749.8972657919 0.0151211278
187299241.9158279002 0.0186741180
191615580.8503953815 0.0144709132
188280927.9755139053 0.0097457842
191762989.3472192883 0.0349590099
187464628.8056319952 0.0197676125
191357209.5265724361 0.0139611677
187329102.5333381593 0.0167146625
187993046.0459568501 0.0203631134
190828753.8991553783 0.0139298335
195963486.0025396347 0.0081565832
187616599.0511191189 0.0184737300
191616858.7681079507 0.0036585339
188496343.3325518072 0.0166335676
201685090.6817885041 0.0202186416
190552007.4201774597 0.0201603214
207834250.3807447851 0.0307667744
185520861.0465032160 0.0198242079
206793769.2721145749 0.0225722096
182192279.2637638152 0.0132925696
194939820.7132413089 0.0395547353
181573043.6099494994 0.0140310528
189192795.7754078507 0.0037779019
184185775.0671512783 0.0233220224
213764465.1937500834 0.0198340387
186927495.6816085577 0.0157283016
188639591.6415886581 0.0007131123
183134107.9700178802 0.0091296659
187315494.5218729377 0.0011125169
184658190.0773023367 0.0151494449
182293790.0910167694 0.0051396344
185248015.8837036788 0.0172483069
193018338.9280287027 0.0094489118
182156129.7998235524 0.0119984432
190452636.4871860743 0.0302219983
182283478.1050304174 0.0126887425
190629442.0160458982 0.0228292381
181950652.1085834503 0.0123482025
183924002.0399383307 0.0094172461
181565960.4304858148 0.0149363001
197410905.9488232732 0.0039589555
185512058.2668382823 0.0133433250
188775424.2776430547 0.0123300657
182031229.2469396591 0.0153127495
182490038.6829936206 0.0408914326
180803745.8094800115 0.0250501818
182304309.2614280581 0.0393227379
180732687.7694540024 0.0259424550
187816863.4786604047 0.0309198934
180529019.3397199214 0.0273045236
193873168.1326349378 0.0024662328
184904773.0548541546 0.0239743220
182559701.2035012245 0.0197410531
181143877.3034758270 0.0264427677
195223881.5979547799 0.0250801469
180376024.4645189941 0.0253103084
190153009.8848096132 0.0253873885
184605246.6459370553 0.0257226672
192078435.2662332952 0.0201064123
183345620.2854183614 0.0212528669
191284167.4272026122 0.0047589555
182143069.0233043730 0.0193756354
191780033.3660129011 0.0596108115
181541231.5465603769 0.0247089934
186640691.1819547713 0.0127505167
182909445.2154847682 0.0257741672
192085510.2336405218 0.0371836825
181211293.4892797172 0.0166979763
194101768.2543007731 0.0207669305
180517670.9338050187 0.0248015212
192547208.0403167307 0.0128371714
187706518.8098572195 0.0468964685
180395928.3308695257 0.0258189954
180188810.0805221498 0.0327727716
179557767.3653946519 0.0343497583
190350822.5999070704 0.0235862291
180190325.2917917073 0.0342993486
198597709.3751070797 0.0418492212
179787110.8796786368 0.0318143292
179451781.2737614214 0.0354050868
179217330.5461456180 0.0352876874
177968566.6706601977 0.0360620733
178640432.4988887906 0.0381656003
182307569.2559808493 0.0192576075
179416043.4605506063 0.0284488769
178771397.7752627134 0.0263019247
178854380.1351943612 0.0359034397
178977825.7003240883 0.0262592529
178408360.6557072401 0.0369047270
180917655.9987736940 0.0352052955
178046553.9560450912 0.0354679723
184956804.1250775754 0.0508028854
179011072.2703154385 0.0354512231
178396989.3570822775 0.0387918637
178887597.7267842591 0.0402828983
186776056.9838234484 0.0364554504
178376080.1153103411 0.0332840513
184496141.9366201460 0.0539915359
178254281.0691612959 0.0358706868
177869076.3422387540 0.0452121197
178697006.0027155280 0.0472948127
177385395.5833704770 0.0421256111
178068925.9202260673 0.0394183943
180590819.8621220291 0.0227965376
177886508.4423840940 0.0423581037
179686644.2723672092 0.0406517150
177442670.2838062942 0.0431298907
184196843.1817824543 0.0326346225
178552966.1544872224 0.0414718772
182703645.7190890908 0.0437091715
178259414.0479557514 0.0399833331
176431451.7094673216 0.0521098725
176502761.4259208441 0.0524420143
176801221.2581100464 0.0545153105
178585240.6984957457 0.0618618254
177723693.4584009051 0.0438467909
178190076.7663522065 0.0514644428
177900862.3756757975 0.0619834864
176181859.6828395128 0.0504989914
178246772.8985692561 0.0271837525
176524913.7559646964 0.0497675362
180556083.9517340660 0.0378970505
176346457.5200779438 0.0480460945
177158844.9973186851 0.0431740674
177387700.7581134737 0.0531477278
176255154.3630394042 0.0477887843
179703600.4223310649 0.0493932508
178253463.7326259017 0.0403525574
176697730.3759271801 0.0503643024
176892675.3148064315 0.0491091469
176551517.7291995585 0.0463554400
180444896.4626152813 0.0298189630
176744711.2610342205 0.0521887221
179739925.3765332401 0.0479714576
179563650.7236813009 0.0491075486
175563922.2995913327 0.0947580214
175110207.5656106174 0.0889889917
176923001.5881416500 0.0976242658
176584313.5493323207 0.0863355680
176678746.2533709407 0.0902166489
174416923.4245360196 0.0914388956
180246601.3930101097 0.0802573750
174753105.1288793683 0.0867574824
178044398.5993361771 0.0902605112
174091988.6155195236 0.0962262666
186937551.5935646296 0.0969070711
173937543.5335345268 0.0969838040
176198302.0598189235 0.0692602365
174309723.7561778426 0.0849820057
173757793.2070034444 0.1087073507
183177488.8292463720 0.1099440225
173802471.0887439847 0.1141491559
184375361.9166807234 0.1075307471
187151548.7281586826 0.0979840308
173821258.5265900195 0.1086271161
175999971.3854037225 0.0742210302
173671766.7354256511 0.1112859287
180830084.7054129243 0.1030104567
184577613.2311444879 0.1148250620
180707655.8165939748 0.0932713656
182845309.2526434064 0.1110747314
177411371.5428488851 0.1302841672
183350299.0418610275 0.1108321089
184014175.9889006913 0.1019721756
184846423.0557888150 0.1146707271
178269635.1631109118 0.1100128861
173650445.8723002076 0.1097598520
182713145.7563017309 0.0969274022
183638983.9596732259 0.1109407270
172363312.5675880611 0.1140355848
172372263.8644103408 0.1152404985
180337698.5072776973 0.0933637231
172141344.5000919402 0.1177976524
182366633.9300339222 0.0782990652
171587551.2663915455 0.1179769577
170418212.9574965239 0.1458986824
171232252.2712047696 0.1427897018
177850930.4657868743 0.1397922986
170580021.0752843320 0.1397474023
174348466.2611906528 0.1587770040
176535759.3735157251 0.1520580355
174183509.0709772408 0.0874784841
170909526.4115199447 0.1464388494
171892258.4492446184 0.1219481436
171005315.6239584088 0.1370248436
170597859.2618582547 0.1438130721
170688664.4193290174 0.1352410694
175253769.3814782500 0.1447262171
170462638.7084058225 0.1484085195
176944486.6687717438 0.1353940513
170210261.0250132978 0.1515413788
174132270.6020930707 0.1827975465
177300295.4474978745 0.1515765596
177100936.1847545803 0.1376421068
175977809.4013767838 0.1587786651
173334092.1431385279 0.1602204481
170238849.7346768081 0.1576762390
175137967.5850149989 0.1725238150
170256906.3554050922 0.1470492100
175986762.2592621744 0.1648789480
170596229.2863333225 0.1390070422
172566168.6243148148 0.1226937438
175777845.0266958475 0.1451752153
168128397.9650028050 0.1758919895
169160207.3737822473 0.1720688989
170593764.8426620960 0.1603528965
168924108.9269233048 0.1807025252
171561936.9462584555 0.1886535093
169463922.2508536279 0.1691275211
169690112.8419995904 0.1474617911
168496033.0488190055 0.1670449958
168878127.6788658202 0.1869737276
168923837.3992282152 0.1731849557
168446806.6123630106 0.1867427827
167711108.7491590679 0.1784740945
174498685.7051272392 0.1441084007
167603807.5090645552 0.1803397290
168848071.0659377873 0.1847961585
168034985.0170386136 0.1770939599
172540247.0289517641 0.1670247269
168192638.8440427184 0.1710239757
167092711.3016604781 0.1934344889
166398518.3195087314 0.2059329887
178116301.4669577181 0.2000678874
167485267.3703002036 0.1954454682
173427710.6543051302 0.1680616073
166718335.3680479228 0.2078287738
172990017.6371826231 0.2092802920
166992646.3179466128 0.2038334438
170300252.2713776529 0.2235216493
165303377.2709237933 0.2281989169
164968207.9444064200 0.2274997395
167221808.1607964039 0.2122113371
165201157.7706908882 0.2288688447
163277708.8203855753 0.2596768161
168188650.3916946352 0.2567367724
161934452.1611379385 0.2786672997
162239936.2666896284 0.2835757665
161907133.3031067252 0.2826544011
162103909.3138268292 0.2799389751
168335520.3088117838 0.2739570059
161761362.1584005952 0.2826406182
167983569.7772296071 0.2833849768
161648459.0543876290 0.2848946455
160931033.5110532045 0.3075873961
165404681.5301469564 0.3068010777
159817283.0012280345 0.3182789672
159396338.7025979459 0.3199863956
160958340.9219751954 0.2997273777
159799236.2773557901 0.3247572260
159889026.4359930158 0.3392848321
159849809.8335721791 0.3196118035
158609779.7801354825 0.3360220632
158728713.4527936876 0.3358792127
162242763.1578306556 0.3129484988
158729759.1192032993 0.3380465884
158454052.8468371630 0.3382189884
158695828.9970104396 0.3489222449
159969201.7821811736 0.3360307552
158659729.1550720036 0.3434838002
158991493.5023519099 0.3345982174
159233776.5833069980 0.3418326592
160428211.4202853739 0.3152243607
158978265.8887852430 0.3382800957
158574454.6360006332 0.3516785914
158949969.5859479606 0.3313572249
161190259.0064889789 0.3304570853
157880348.6192936897 0.3460075920
161599997.2491201758 0.3339448681
159135543.9992180169 0.3350007928
160174977.4133115113 0.3420964556
157758919.3587014377 0.3455217126
157935323.1033831537 0.3657792713
158130414.1067109406 0.3450133802
157759448.2789902687 0.3702571745
157991671.7346806228 0.3489682240
157541757.2641895413 0.3602994663
157769841.1267873943 0.3580111526
157821909.7357793152 0.3703082502
157407666.8477758765 0.3626880933
160704790.9388459921 0.3391463579
157250627.2801874876 0.3715677833
156053582.9252073765 0.3998731282
155912271.4673304856 0.4004377956
154498005.4694294631 0.4115501712
154882402.9535373151 0.4093471967
155684227.5424347818 0.4070848551
152972690.7897912562 0.4443203644
152851464.7862885594 0.4569800451
152089991.1549242139 0.4578875265
152105898.9001272321 0.4451819663
151667751.6394503415 0.4572453814
150945485.3025125265 0.4678501814
151358667.5670298338 0.4690335946
150814652.2682702541 0.4716717138
150143360.1642045379 0.4748165764
151501114.4013315439 0.4580471223
150494906.0368984044 0.4762548441
149081512.9656817615 0.4971031935
149760903.7615814805 0.4958168233
150598913.3999037147 0.5052938247
148236029.0864005685 0.5071760031
148715379.8676361442 0.4962995186
148489500.4010706544 0.5039769348
151765480.1667650342 0.5422771200
148228501.6339797378 0.5074361521
150722362.6774312854 0.4917071571
148477798.6537448764 0.5060255139
148993851.6063654423 0.4946211706
148083211.8737579286 0.5162947146
147063066.0545304418 0.5360511300
147438401.7423120141 0.5365178823
145514457.9967969060 0.5706326619
145449589.1598117054 0.5694177169
147988689.9024903774 0.5481373366
144926314.8784446120 0.5680372175
145616570.4637384713 0.5803563739
144809093.0392332971 0.5689637207
145872725.2698180974 0.5685366661
145213742.0214074850 0.5701305337
147062442.1458864808 0.5789501056
145025219.2814646363 0.5689016153
145608725.6718502343 0.5803512737
145193265.0029554963 0.5623009829
146586689.0447644293 0.5718600098
145467023.3570117056 0.5711864949
145485391.9008885622 0.5599154117
145176921.0560855865 0.5666775926
148865097.4981993437 0.5501242421
145431665.4405008256 0.5731707965
145504167.5310614407 0.5739654611
145153418.0820049644 0.5686388480
148483308.7681113183 0.5592702961
145742164.1074675322 0.5709861675
148007195.3827509582 0.5241345615
145386073.8947758377 0.5691955852
146330459.9700398743 0.5742645836
145486084.5894965231 0.5671121140
141800826.9974998832 0.6209464964
144496129.5937573612 0.6230909120
141778578.8520234823 0.6173396327
142798433.0547890961 0.6081822394
147717572.9341508150 0.6072059481
142421020.3761482835 0.6562083937
141736465.9030644000 0.6168157880
142983673.5247073472 0.6295779745
147614211.5473939180 0.6115310226
142618573.4824088514 0.6243237706
147216877.2123821974 0.6174054310
148639462.3421563208 0.5997042597
147528909.2284825444 0.6176591617
147569091.0294322670 0.6092624700
147402873.6908165812 0.6204446592
142366230.3595280945 0.6091358720
147503423.4077585340 0.6170664937
146475441.0628689528 0.5955277603
142469221.0514147580 0.6217762299
145864417.3948559165 0.6272533176
148272605.3577401638 0.6089877983
145010606.5376257896 0.6363136308
147343647.6698443890 0.6170648837
148087903.5684913397 0.5962266492
147808617.9299357533 0.6034380270
145321042.7265490592 0.6194887468
141824178.1544800699 0.6210631790
148246921.3232512772 0.5916739820
141393257.8999966383 0.6230169300
142461367.2757081985 0.6129917485
146622603.5449403226 0.6225985940
143282869.1615499854 0.6563479687
141177500.2473358810 0.6253789670
146568433.7180107236 0.6173685370
146458162.9698550105 0.6286624618
141614722.0761738420 0.6314948294
147604803.1735559702 0.6173530540
140323756.5447443426 0.6414033289
140430331.0332210660 0.6412827278
145392181.0840338469 0.6442407639
144994552.8275150061 0.6346427281
141444673.4034507275 0.6699930620
140327173.4590717852 0.6464540147
144996055.4581428766 0.6371826186
140480050.6919372380 0.6433660603
142508699.1134569645 0.6476844889
140563814.1805390120 0.6373443745
146030161.6397119462 0.6237178839
145269219.1141999662 0.6434938235
142736518.3834772408 0.6328861268
140529382.3618477881 0.6408221160
145337730.7772044539 0.6213392459
145135152.1206362545 0.6409100491
142445103.9957644045 0.6460408553
145361011.5669899881 0.6360414638
142705964.0399424732 0.6370308770
139966152.7186203301 0.6487084900
142819184.0279062688 0.6438346339
144708213.5100929141 0.6457929769
139882811.1234624088 0.6634189557
139911769.5970814824 0.6620865990
145999438.7216287553 0.6583419992
139402594.3210586607 0.6605317921
143258724.5486482382 0.6564156283
139866290.4387706518 0.6635877636
145941994.5576799214 0.6506480853
139871527.8550440669 0.6649666034
146485543.5995234847 0.6372022775
146157741.5100449026 0.6599791857
144782059.8249222934 0.6373586056
139782122.1487241089 0.6622017874
145121515.8608533442 0.6599453033
146121780.2089598775 0.6554413542
139467115.4068556726 0.6656553874
139836053.5489082932 0.6518108881
144245923.9396546781 0.6445166143
139372397.4024178088 0.6625643849
146257614.3561994433 0.6586487221
139347486.2572557926 0.6624701428
140902254.2885687351 0.6593445072
139684628.5854611695 0.6647104465
146683370.8357147276 0.6398858097
140249791.2942374051 0.6722233311
138003465.6284668148 0.6900677527
137949827.0879029930 0.6911040511
138559062.8106802702 0.6764926661
139019265.2752130926 0.7046564399
141648905.4700936079 0.7093515531
138238333.7587382793 0.6904519522
137402355.0876536071 0.7170688655
137933835.8509024382 0.7176317720
136895984.8607175052 0.7210058241
137059807.8480236232 0.7202857526
141371122.2522047758 0.7036646818
136486069.7182409763 0.7191646965
139843749.6824865043 0.7019610160
140565602.7677317858 0.7121297485
138651515.6329829693 0.7382939999
140400320.7768798470 0.7124951232
137450948.9856621623 0.7352376038
137532678.2465171516 0.7274395579
137833572.1262986362 0.7081188539
136236539.9741262197 0.7192759484
136837892.4891974926 0.7218261835
136377395.6361641586 0.7159430256
139620460.8891791105 0.7228301988
136386813.9778002501 0.7211955533
139927060.0404657423 0.7198249750
136465748.1727381647 0.7190205525
137833516.5919392407 0.6960976199
140334628.3157746494 0.7108937968
140529229.0694180131 0.7163953709
136110918.3176652491 0.7229305326
139271825.5140016377 0.6876125877
136158650.0574140847 0.7243711917
137350943.9827679694 0.7234166628
136328081.1734851897 0.7245913300
136179561.7502515018 0.7285146492
136238348.2116458118 0.7179621060
138135765.5389017463 0.7518513692
136121030.4602124691 0.7194054467
135697940.9345391393 0.7350058845
135452764.1190711856 0.7325635334
139789340.2327917516 0.6862070976
135533736.8595720530 0.7310038155
140915561.2827060819 0.7129792248
135747280.6457114518 0.7352033202
135667897.7377077937 0.7267470483
135894679.8072769046 0.7369257286
136843283.6480118334 0.7216435749
135405126.8536975980 0.7347763880
137487162.0512525439 0.7143402553
135417321.3120504618 0.7337732733
141425204.4624844193 0.7261528232
141017417.1833888888 0.7316661985
135729327.4107827842 0.7513009058
135352521.2875232697 0.7329083841
139398870.2314704061 0.7407954504
135913636.9750695527 0.7401934630
135712930.1336207986 0.7326339801
135450403.0542805493 0.7343449820
136280321.5196450353 0.7459201081
135389508.2435192466 0.7329546379
140817817.7922424972 0.7252038802
141454002.8431466520 0.7300490866
140594461.9622785449 0.7181475429
135506857.7501183152 0.7344227248
135454325.2319449186 0.7385428852
135326673.4114288390 0.7335777457
137618085.4583593011 0.7066601521
141227753.7983959317 0.7254226850
137650644.6014771163 0.7709440822
135540374.3112148941 0.7338012647
137392589.5498473644 0.7543130617
135400096.7958449125 0.7324939670
141516704.4015687704 0.7366828842
136062741.9205665886 0.7387362514
139982333.6880507171 0.7171950134
135403240.3104024529 0.7354072515
139502049.6189437509 0.7110604682
141852269.4990945756 0.7218875992
140300913.1639542878 0.7314129785
135399508.9335347116 0.7358183818
139954997.8564638197 0.7220505194
135066534.8398655057 0.7413232308
140210517.8466792703 0.7235373496
135479812.5083206296 0.7429377022
138564962.3242881596 0.7658179350
135395186.0874814391 0.7374436541
135061505.8335474432 0.7455135692
135378416.9177279770 0.7481771976
136422973.4558826685 0.7310381026
139384814.9946870506 0.7400895826
136150433.1647997200 0.7488699058
134943091.9576200247 0.7414094953
136894136.0111281276 0.7139470663
140086216.6632906199 0.7415979595
139367669.5791206658 0.7251554361
139336672.8429227769 0.7344405499
134999298.2733038068 0.7412673198
135761911.4042928219 0.7375539203
139518593.4564131200 0.7409144894
139503484.3329486549 0.7367874457
135053814.7269446552 0.7419197062
135602902.2934681177 0.7467115644
134880815.0786076486 0.7433717216
135397761.2934067845 0.7408972235
134858465.9601109326 0.7443623767
139050728.9699288607 0.7371057166
135146572.1789448261 0.7472170628
135106125.8444870114 0.7521786589
134920179.0827884376 0.7458183817
139149911.4225558639 0.7484714840
135150578.3411743045 0.7459743329
136216284.3706111312 0.7609795951
135081033.4322066605 0.7468152954
136470142.2589447498 0.7533401139
135594020.7280293703 0.7494290153
139413574.4916603267 0.7395115004
134971501.1587612331 0.7426552381
137617993.7578444779 0.7427626088
139256846.7857838571 0.7417862332
135259679.9468404055 0.7382301052
134918414.5262702703 0.7443710083
136513148.1535439491 0.7521641285
134883754.8146536350 0.7427770483
135073267.4863428771 0.7411479219
134905543.1879736185 0.7429481646
139009231.0756869316 0.7366571571
134841714.5774881244 0.7426238807
138677474.3575649559 0.7405888221
134867655.1188363135 0.7431772034
136003652.9838054776 0.7481693175
139393343.0788018107 0.7402421138
135215739.3815478384 0.7539427477
134930133.8446185887 0.7466368049
135328957.0600268245 0.7476768604
139412390.3926565945 0.7424610946
140059424.9492735863 0.7362175356
139130797.1300266981 0.7398080446
134724765.9413378835 0.7482561861
134675573.4838238358 0.7494083625
136146997.4308845699 0.7602303740
135152101.0333434045 0.7539250927
138794810.6890019774 0.7373664965
139489713.4251730442 0.7456012097
135069576.4840340614 0.7613945536
134943710.3614789546 0.7502110404
139174521.3404538929 0.7423804002
135207501.3247251511 0.7524144770
138650808.1627321541 0.7411071940
134660283.3367143571 0.7473003922
140121381.2987414598 0.7476736313
134864028.6359955668 0.7429330110
134663658.5056309104 0.7464607880
134487327.2487857640 0.7489292251
139895603.2456358671 0.7476127828
134289032.0648452640 0.7533837887
134385642.8291391432 0.7526737186
135002202.4238791168 0.7559557505
134409929.9934899807 0.7531443264
135068427.7749247849 0.7590475614
134432639.8860659599 0.7551555955
134357668.8289786279 0.7538292573
134408625.4635834694 0.7537806763
139306444.3357524276 0.7492864861
134385085.9813280106 0.7543351349
134441502.2024481595 0.7550779209
134283484.4727705419 0.7542761823
135302971.5792057216 0.7616368385
134320685.6933384836 0.7533458046
134685403.6699160039 0.7565228568
134452337.1927674413 0.7558408407
134275433.6006386578 0.7541381490
134307165.6345588565 0.7546628047
134575126.3339738846 0.7519264799
134345217.6649653912 0.7540786221
139271804.4981723726 0.7508744495
134360848.9382958412 0.7559954632
135188294.5949271917 0.7583921164
139470524.1966566145 0.7525867143
135229947.4094671309 0.7605050059
134470128.8399506807 0.7527476104
134460076.9314014018 0.7547523762
134284696.8716467917 0.7560820514
134579218.8296189010 0.7577458627
134430555.8785215020 0.7525542610
138975527.6313707232 0.7521175159
134203597.1573915780 0.7538200175
139551906.7987158298 0.7509775865
134418658.9427778125 0.7541249654
134205050.3370232284 0.7553868839
134424813.9461645186 0.7548382800
138847119.8811077178 0.7517905229
134354698.1070910692 0.7527994380
135265168.1911697388 0.7627466474
134461556.6712014079 0.7527503372
139472531.2578999400 0.7516676036
134293546.5901986361 0.7522784271
139471949.3408816159 0.7516598400
134252362.3649328947 0.7540213272
139647020.0058275163 0.7505730702
134231347.5253838897 0.7532741716
139512004.1071630418 0.7513875228
134380748.0464982390 0.7538103974
139595389.0646700561 0.7508657660
134359045.9972715080 0.7524389666
134390152.3980657458 0.7535712977
139416956.0959076583 0.7512058147
134247669.3820476234 0.7542827579
134715850.8536821008 0.7576456870
134210284.6186085492 0.7536494685
134564012.2485648096 0.7549543979
134407254.3577295542 0.7539092466
134484984.5905470252 0.7548612762
134214026.5975300223 0.7538936044
134680681.5800536871 0.7559420734
134422325.2540280521 0.7540918498
134481628.9712338150 0.7571335702
134406491.1551437378 0.7534638824
139289417.4444699287 0.7528836728
134449257.9834713936 0.7531500472
134428309.8541919291 0.7536161708
134267524.8277737498 0.7541875035
134454051.5108709037 0.7536911322
134250247.2468162477 0.7539418943
134417074.9922063351 0.7535838212
134425348.1553587019 0.7539107213
134423038.4312722087 0.7536009647
134445889.2062481344 0.7537411738
134248884.2308489978 0.7540305429
134456803.6086174846 0.7558211144
134196768.7633586973 0.7541134858
134506231.6003896594 0.7563650088
134236731.7952761650 0.7543022300
134295439.0695419610 0.7549197050
134198793.1383969188 0.7540663371
134288979.3133442998 0.7551515494
134283759.5413089395 0.7542541752
134253752.5416761339 0.7548828575
134433236.2209234834 0.7539849710
134437116.9453489482 0.7533765067
134423808.4994921684 0.7539754302
134240890.6928021610 0.7532584170
134365083.9092170596 0.7539231873
134195967.3001126945 0.7540671670
134408631.0929458737 0.7537563066
134443794.6109292507 0.7539186135
134280606.2798249424 0.7546524057
134205007.1518390179 0.7541875650
134226011.3250642419 0.7538630623
134194244.0907390118 0.7540512342
134194291.8905428499 0.7546381677
134436762.2523347735 0.7538083431
134457257.0938403904 0.7538904967
134204132.8168057650 0.7540791449
134263594.3745057583 0.7546043138
134199171.0646139532 0.7541172201
134422958.7605492473 0.7540015258
134196889.1610403806 0.7540083204
134324000.8162799180 0.7552999557
134433929.4570714533 0.7539238912
134242167.2558029890 0.7545975204
134419874.2021633387 0.7539279042
134307764.4458712637 0.7547911036
134194404.7419602573 0.7539956520
134223098.9706278741 0.7538874890
134201659.7159403563 0.7540754273
134452943.0265808403 0.7537010444
134187630.4004097581 0.7539897146
134415496.2866372168 0.7537544447
134211852.8362772912 0.7542860224
134255636.0505703688 0.7543274642
134187746.6695434302 0.7540221318
134335165.9801133573 0.7534340392
134447306.7114698291 0.7539006349
134424711.4363340139 0.7534109053
134421466.8440435231 0.7538412128
134208229.3586262017 0.7539361529
134417200.0493795574 0.7537645627
134246062.2706825733 0.7549874153
134206831.4594588280 0.7541800486
134357168.0995036960 0.7539501994
134209400.0266459435 0.7540379230
134349397.1560103595 0.7532585400
134197443.6174765080 0.7540398126
134259356.2199037075 0.7544768318
134212377.6533969194 0.7542364962
134207500.3875656426 0.7543635747
134432774.4940060079 0.7538752803
134240906.9931578040 0.7541669936
134199465.2051698714 0.7541504697
134202007.2625688165 0.7542938888
134437420.5887629092 0.7538481111
134388952.1059860289 0.7539355018
134410567.9867904782 0.7538683466
134428731.4540514648 0.7538597251
134439266.8645185828 0.7539257304
134196625.5194228888 0.7537763594
134217769.0169044733 0.7541349960
134187230.3595996648 0.7539730060
134445168.1053713262 0.7539763003
134439254.2320753038 0.7539482968
134210901.5239105076 0.7540729401
134192713.3841006905 0.7540523026
134238581.6113504469 0.7542015138
134191564.0314331353 0.7539939098
134219580.6728011668 0.7539741538
134432170.5296504200 0.7538782533
134220563.7609326839 0.7542398082
134199033.3367594182 0.7540633241
134428886.2114210129 0.7538369142
134441633.2573119998 0.7539126121
134185322.4815104008 0.7539692441
134197275.2629726231 0.7540793878
134401719.3285866678 0.7537427583
134190305.3032967895 0.7540109224
134208533.5849880874 0.7541470361
134190544.4079416692 0.7539820437
134203348.3692108542 0.7544791981
134444145.9891060591 0.7540019402
134418962.6547526121 0.7536207029
134434028.2219216824 0.7538809602
134230503.5399860740 0.7543337864
134430379.9785957038 0.7538359577
134205954.9065786898 0.7539797221
134188990.1044729501 0.7539382555
134175612.7981914729 0.7542029947
134190005.2301814556 0.7542380737
134188823.8195553720 0.7541967149
134434355.5054837465 0.7541900385
134262046.0759289265 0.7547698986
134176357.8483775854 0.7541718986
134234253.7009449601 0.7546577491
134181825.1412219107 0.7542421669
134211377.1916199028 0.7545370163
134178432.2995542735 0.7541409556
134186424.2418884188 0.7543404923
134435028.6069116890 0.7541794640
134198398.5607257038 0.7545442277
134422847.5551349819 0.7540966940
134439551.4189075828 0.7541285022
134178432.9710824639 0.7542015222
134188635.0553764552 0.7542661324
134182682.6314641088 0.7542564505
134393571.3934419155 0.7540940914
134181111.5482730567 0.7542473584
134178783.8089445531 0.7544195729
134431189.2565095723 0.7541706489
134411162.6145102978 0.7539906531
134186632.8566241562 0.7542802648
134185898.7272903919 0.7543514868
134430220.8824031353 0.7541493473
134233623.3310352266 0.7544203859
134182165.8919268399 0.7542522216
134186721.4787945300 0.7544534822
134172885.0443913490 0.7541908927
134422329.3456791341 0.7542605458
134424548.6312330961 0.7541215799
134236365.9080179632 0.7544992595
134424541.2030241191 0.7541432264
134180840.2374674231 0.7542376903
134186001.6255675107 0.7542469483
134414608.5890472233 0.7543382250
134176399.3652576953 0.7541670272
134416078.7402054667 0.7538675725
134182724.9451445937 0.7543171755
134429288.8535580635 0.7542233863
134180166.4863445014 0.7542554817
134190958.8015549332 0.7541437755
134426863.3206452131 0.7540869668
134200270.6767644882 0.7542901270
134427005.3692746460 0.7541448067
134175695.9149830341 0.7541463854
134429905.5719199777 0.7541313170
134208112.5946138352 0.7544867893
134178985.0017326474 0.7543117827
134403694.2070868015 0.7536607234
134427384.7983160913 0.7540937476
134195605.6615518481 0.7545435873
134427551.4814402461 0.7541056955
134186414.6678158939 0.7543146889
134180916.8628110439 0.7542853445
134167301.9208444208 0.7543296131
134430496.6258427799 0.7542786472
134167687.1916739643 0.7543437575
134419777.6816778481 0.7543136933
134164877.0537939221 0.7543382506
134408660.2152683437 0.7542697831
134166917.8432462811 0.7544050032
134413226.3049446046 0.7542897760
134169592.5068534017 0.7543967206
134204362.7844639271 0.7545713878
134169141.5219051689 0.7543664961
134193628.9818288237 0.7545480883
134165719.7133825272 0.7543207111
134197087.2680425346 0.7544775097
134426828.4435915351 0.7543083539
134179376.7654949725 0.7544295709
134166909.9456406385 0.7543599720
134180888.2003903240 0.7545015973
134165375.4574815184 0.7543577931
134196111.9998158813 0.7544855826
134164603.4267242700 0.7543552343
134176956.7200620025 0.7545114845
134167143.8797273934 0.7543649206
134174058.6653598249 0.7543686814
134423037.5519930422 0.7543095580
134170653.8835753947 0.7544061047
134167030.3911077082 0.7543608399
134181551.0943268836 0.7544969098
134422574.4227638543 0.7543297015
134186005.0411359072 0.7545003019
134163652.8916497380 0.7543791656
134194204.6919552833 0.7547065750
134168498.5109590292 0.7543762989
134183587.0620649457 0.7546184561
134170466.0238654464 0.7544100000
134164790.6824525744 0.7544503709
134167798.1512513459 0.7544098549
134170438.2098351419 0.7545920306
134164492.8058334440 0.7543694805
134169011.7859752029 0.7543730487
134163590.0017561018 0.7543744384
134172890.5119893998 0.7544026529
134415143.6779274940 0.7543096085
134193090.7782507390 0.7545176747
134420711.5166063309 0.7543521485
134175221.5670705140 0.7544256729
134164788.5662922412 0.7543816237
134181306.4158025682 0.7544500938
134164766.0764784813 0.7543798350
134411635.4980228841 0.7542373554
134420191.0223258734 0.7543611729
134164673.2033905685 0.7543526875
134413072.2938906252 0.7543515523
134424940.0316281617 0.7543471087
134164040.4975786656 0.7544308355
134165603.1412866414 0.7544029997
134174736.4145854563 0.7545090951
134164010.7946638465 0.7543921582
134408953.9898258746 0.7543006845
134166001.2381379157 0.7544011594
134164490.8320579976 0.7544310424
134164794.9081519395 0.7543866149
134166603.1322396249 0.7543695293
134423659.6106578708 0.7543627013
134417479.8591253161 0.7543298935
134165654.6425594240 0.7543807339
134185364.5642253309 0.7545357012
134164438.5726648271 0.7543743892
134173318.8774533123 0.7544148504
134165124.2980828434 0.7543672191
134176617.5835251808 0.7544198206
134163566.6947753280 0.7543729961
134166338.7423938811 0.7543678390
134424082.3776808083 0.7543590077
134182431.5912886262 0.7545250101
134164028.2123361826 0.7543675758
134422635.1050544679 0.7543164410
134166152.7791585028 0.7543797276
134170577.4250845015 0.7544187895
134165293.1788072884 0.7544112739
134174744.1975928545 0.7544219251
134421677.0397494733 0.7543532989
134176120.1604748517 0.7544026413
134165932.4618229270 0.7543922897
134424796.1857132912 0.7543699922
134169323.4257438928 0.7543904285
134163163.4342058301 0.7543793835
134168333.9931769967 0.7544323706
134164033.9006053805 0.7543840607
134166806.7711796612 0.7543911753
134424620.0778469443 0.7543743780
134415871.5202299654 0.7543075407
134162764.2699459791 0.7543800280
134164389.5700526834 0.7544085800
134424399.2219042182 0.7543746145
134166570.6537105739 0.7543884257
134424380.9546132386 0.7543732211
134161397.7520677745 0.7544006400
134422849.1163771749 0.7544026709
134419766.9630731344 0.7543960066
134422965.3718639910 0.7544010949
134161975.7537791729 0.7544147958
134422226.7286627293 0.7543995895
134163230.6121848673 0.7544324133
134422036.6916675568 0.7543960675
134421372.3220419586 0.7543729008
134421116.9138907492 0.7543880258
134417106.9086840451 0.7543610204
134164524.8803267032 0.7544210789
134171983.0572522581 0.7544383505
134161356.7282466292 0.7544089317
134422347.0162917376 0.7544061327
134161203.5810462534 0.7544119056
134170789.8571990430 0.7544815572
134161083.6426447630 0.7544171386
134166515.4517403841 0.7544368743
134421992.3154606819 0.7544130486
134164315.8768831342 0.7544424261
134161340.8208139688 0.7544139819
134421475.5453088880 0.7543997001
134161674.2550913393 0.7544269740
134167948.4486380368 0.7544815471
134161268.0970731676 0.7544213972
134161115.0036931038 0.7544472737
134160822.1172665656 0.7544183192
134163842.4693639874 0.7544780584
134160610.3128253222 0.7544214929
134165370.9750318825 0.7544794907
134421449.7930117548 0.7544129926
134166390.0942337513 0.7544685663
134160920.6211839020 0.7544245374
134420034.2225712538 0.7543981681
134160455.7971450090 0.7544233985
134421668.8770689964 0.7543958075
134422202.0381842852 0.7544191611
134165850.2328684479 0.7544629975
134163727.3641700596 0.7544469034
134163449.1664375067 0.7544464260
134163132.6517157704 0.7544477253
134163626.9408374876 0.7544667635
134417701.7412721217 0.7544186790
134160237.8173053563 0.7544241598
134162713.2200937420 0.7544343871
134160317.8650215268 0.7544261030
134161288.7499604672 0.7544299636
134421646.2847991288 0.7544257867
134161927.1436400115 0.7544275844
134160301.3033381402 0.7544222474
134420037.5036878884 0.7544105860
134160367.5042760819 0.7544221394
134160731.0004293025 0.7544269675
134160361.7844743729 0.7544228414
134161905.9291580617 0.7544404190
134160209.5118045062 0.7544244028
134165407.4113665968 0.7544605168
134421911.8118087053 0.7544229013
134164146.5455373526 0.7544585123
134160785.7679350227 0.7544313457
134160852.8380089551 0.7544140345
134160506.1265965998 0.7544265690
134161701.1751830578 0.7544210551
134421852.1368463635 0.7544158133
134162507.5546168536 0.7544378096
134421957.1662699580 0.7544250504
134163066.6445005983 0.7544487432
134160488.6775724441 0.7544171073
134160558.9652510285 0.7544244725
134160580.1889245063 0.7544249808
134161525.2108268291 0.7544425751
134161276.1019664705 0.7544312966
134160690.6818541139 0.7544146759
134160402.6543578953 0.7544260670
134161367.7760964930 0.7544422723
134160172.9566196948 0.7544244294
134162579.1642082632 0.7544406763
134421761.5853038728 0.7544199254
134165602.5463400632 0.7544571025
134160464.8398462236 0.7544277342
134162572.5352637619 0.7544237162
134159922.6219682842 0.7544265575
134161289.6686340719 0.7544196306
134160151.6884548068 0.7544250723
134410583.2610817850 0.7543583561
134161685.2885694355 0.7544426162
134421838.5792613328 0.7544241208
134160273.8974864036 0.7544321941
134421820.5886750221 0.7544236413
134160186.3789826035 0.7544297681
134159987.3304082304 0.7544258741
134160041.4561667889 0.7544306386
134160133.5298371017 0.7544279605
134159977.2792297900 0.7544274639
134421864.6929883957 0.7544259973
134422044.3735753000 0.7544240471
134160158.4289604127 0.7544285236
134159994.8473811895 0.7544301756
134160000.4801279455 0.7544254600
134160008.9204592705 0.7544245677
134159950.6432268769 0.7544254584
134159949.0646570176 0.7544301247
134421961.3451867402 0.7544260992
134159990.6614427865 0.7544307813
134421856.8623566926 0.7544249572
134160310.3143338710 0.7544293812
134160019.6062982082 0.7544266672
134160165.2476489842 0.7544315595
134421888.8387743235 0.7544218265
134160242.5219581574 0.7544366282
134159965.3008534908 0.7544274986
134160309.5296985060 0.7544317438
134159984.2144236565 0.7544264684
134160429.1156276315 0.7544366918
134160092.7967916727 0.7544291501
134161862.7718252242 0.7544347434
134421820.6394037008 0.7544236588
134420671.5752315521 0.7544262167
134421609.6972602010 0.7544219906
134159832.6157499105 0.7544344354
134159915.7620626539 0.7544373598
134163533.3328960240 0.7544587561
134160126.8756108731 0.7544378662
134420977.6741160154 0.7544339129
134159740.7395361215 0.7544330587
134161713.9541647732 0.7544445883
134159627.6163073033 0.7544357780
134160189.7833307236 0.7544337467
134159593.1965502203 0.7544357996
134416024.9407788813 0.7544017045
134421616.6250436008 0.7544333917
134160718.8647988588 0.7544513071
134159807.6801461428 0.7544373551
134161785.4207705408 0.7544481861
134159516.9271750301 0.7544346530
134415927.5973985195 0.7544005577
134159498.1039648950 0.7544356185
134163355.1978075802 0.7544579200
134159421.8116530329 0.7544345933
134160722.9889189303 0.7544505986
134421587.7298012376 0.7544329759
134159938.6556098759 0.7544365680
134159436.4365509897 0.7544356019
134160639.3907106370 0.7544356033
134159490.5071901679 0.7544358042
134160566.4141346514 0.7544453268
134159625.1986725628 0.7544352778
134415819.8961505592 0.7544004973
134421492.5080712140 0.7544327504
134160257.0275736749 0.7544440660
134159627.4496959895 0.7544379092
134160719.1981197745 0.7544406347
134159487.4261748046 0.7544359718
134415819.8973335028 0.7544004973
134421528.5675558150 0.7544332572
134160002.5907812566 0.7544346448
134159575.8063479811 0.7544367952
134415819.8927357197 0.7544004970
134421513.6302762628 0.7544341971
134159558.4550805092 0.7544397744
134418682.2038608193 0.7544175457
134159505.3915373534 0.7544344114
134161087.8274393529 0.7544445841
134421443.9511261880 0.7544345608
134159800.2196763009 0.7544396863
134421445.4781756997 0.7544347004
134159593.6680084318 0.7544332504
134159457.7832317501 0.7544339241
134159489.3105028719 0.7544343864
134421413.7844986022 0.7544336652
134159586.9594540149 0.7544335765
134421477.7790718079 0.7544341160
134159504.6683818847 0.7544353206
134159513.3644622713 0.7544353404
134421626.2454057038 0.7544328586
134159436.1264585406 0.7544353329
134159466.3985793293 0.7544336115
134421385.8846992552 0.7544333304
134159715.1051106900 0.7544399651
134421405.2694002688 0.7544340893
134159660.9123363793 0.7544349847
134159504.6366332471 0.7544340910
134159703.5420331359 0.7544362066
134421510.8194319904 0.7544346592
134159717.7249674797 0.7544366247
134159400.0448284447 0.7544358377
134159716.0612073541 0.7544411053
134159444.1046386510 0.7544373786
134159588.0503912121 0.7544377567
134159383.7328360230 0.7544354167
134159786.7504388541 0.7544387040
134421408.7504011989 0.7544352017
134159587.9944758117 0.7544360085
134159395.5240782052 0.7544350125
134160690.9080584645 0.7544443408
134421473.7885015309 0.7544339932
134159643.5555194020 0.7544419552
134159426.5441380143 0.7544357544
134420616.1079524457 0.7544315069
134159399.1830866337 0.7544366059
134420977.9911095202 0.7544330124
134421416.7499369085 0.7544345922
134159688.8547960669 0.7544388489
134159483.7191602886 0.7544366166
134160584.9067153484 0.7544404406
134159465.9751789868 0.7544358867
134159376.8849807680 0.7544354037
134159974.9615268558 0.7544379081
134421411.7873052657 0.7544352339
134159618.2274746299 0.7544366980
134159428.7136880159 0.7544360509
134420049.4170189202 0.7544268799
134159390.8495263457 0.7544350546
134160173.0930595398 0.7544403584
134421488.0134537518 0.7544351096
134159532.0208391845 0.7544366611
134159359.1003659964 0.7544355835
134159433.4566808194 0.7544374023
134421437.4412459135 0.7544350703
134421502.8345135748 0.7544345353
134421422.7443833053 0.7544356947
134159431.3667971641 0.7544362264
134159395.5805901587 0.7544358381
134159473.9271977842 0.7544384458
134159406.2714385092 0.7544357423
134159791.0439427942 0.7544385241
130270109.0000000000 0.7544385241 0 0 0 0 0 0 0 0 0 0 0 0 1 0 0 