433539321.5771756768 0.0000009890
426376159.0961852074 0.0000003415
426312695.9798742533 0.0000000584
454441419.6265875697 0.0000004382
527162100.4932457805 0.0000004277
449226470.3829278350 0.0000000088
487765334.6554595828 0.0000003092
427858577.0389434695 0.0000003715
460784439.8214455843 0.0000004108
489385700.3441269398 0.0000002743
446997556.9623284340 0.0000000849
409468489.4860694408 0.0000010006
480592430.0268167257 0.0000000841
402484689.9428866506 0.0000000742
397337620.9537756443 0.0000005737
421685831.1710211635 0.0002542028
418274872.4520785809 0.0000007479
395325127.9652885199 0.0000020265
373016758.1080016494 0.0000026883
369205569.2786504626 0.0000027706
348393179.2861220837 0.0000003129
339712461.0923306346 0.0000001944
358444266.6641949415 0.0000014597
316576890.7862368226 0.0000000887
306749106.5885207653 0.0000000846
348059227.0495864749 0.0000007438
415785985.1352110505 0.0000000885
391863656.1100403070 0.0000007258
377177192.4742228985 0.0000013974
294192904.9398873448 0.0000020734
323168066.2611793876 0.0009186982
200075608.0010342300 0.0001261584
250036274.4953106940 0.0002572463
199567167.9143828452 0.0001620290
217337583.5878158510 0.0000071106
203204600.0543121099 0.0002141998
196684749.7827763855 0.0001596193
200493765.2971493304 0.0002744126
210723957.8697033525 0.0000699065
197813536.7764156461 0.0005590202
227188694.7071292996 0.0000087918
213949447.1340004504 0.0000733680
218442812.7488098443 0.0020213428
196218675.5142141879 0.0000902905
242895372.6066198945 0.0000168490
198678065.6107079685 0.0001144513
215386062.7550169826 0.0004789313
201125704.4685233533 0.0000081048
237576143.3649939299 0.0000928388
201905547.2342198491 0.0000748914
192922556.4254434407 0.0000593294
193937310.4891700149 0.0001296422
224738928.9918346703 0.0012365783
186752533.9510993958 0.0002134910
203464300.0311738849 0.0001812552
190715364.3145366609 0.0001770179
178822144.8777752519 0.0006938950
178260711.4763951898 0.0005894899
189724011.9366717637 0.0000009525
212020327.8226383626 0.0003337653
183913022.6477083564 0.0043733758
186998575.2822006643 0.0007376592
201872199.5110734701 0.0000517916
188861525.9793646336 0.0008057160
192301747.1301356554 0.0004167002
187161358.9094219208 0.0002051288
221856216.2582312822 0.0035594059
190642947.1751008332 0.0011821214
168963532.8594380319 0.0006013409
185236991.4139573276 0.0006342302
181761203.5383611321 0.0004465684
183293144.0118138790 0.0005517521
181602214.8038719893 0.0005672208
167920697.9582858384 0.0006354032
174604559.8193627596 0.0000279050
169140110.1311641932 0.0002640561
166753122.2828708589 0.0027752867
168722828.2096939087 0.0056093252
225915217.2097244859 0.0012542296
170391005.2907867134 0.0030442254
240453180.3204154968 0.0004702451
168970516.2941035926 0.0024338676
209859113.5592033267 0.0012088514
161496018.6190159917 0.0020735662
178631350.2819145918 0.0000932107
165915986.5692436993 0.0019339690
160117009.2101813555 0.0010438130
173063533.0620686710 0.0017520404
146542267.6675777435 0.0029660444
158039102.9421398342 0.0016983861
177907518.7106721699 0.0163732862
144760409.9955680966 0.0009565549
211225058.7401300967 0.0001457758
140839047.3081796169 0.0011377567
179273538.6327333748 0.0008621080
160101806.0332599282 0.0039708204
146952311.8303962052 0.0000922211
164662517.8904639184 0.0023203599
151424355.8197517991 0.0001472921
145979333.9793639481 0.0004457773
148218116.7615247369 0.0006710365
183733431.7523926198 0.0014333640
142417918.8160654306 0.0000638044
147842210.7418640554 0.0010941864
154596478.5646261871 0.0000561349
144340905.5793456435 0.0008652003
165068366.2404597402 0.0072831411
145669219.9943979084 0.0017404779
174226507.3928106129 0.0000301269
195682714.3130650222 0.0024346103
190876640.0326425135 0.0000000026
149805128.2912625372 0.0004206114
179210570.9860677421 0.0035532963
148818724.0791139901 0.0006426416
165169117.1001340747 0.0010226907
142604486.3765751421 0.0015304100
182763937.8244307637 0.0000004295
145507493.1343073249 0.0008600965
161650256.3938362598 0.0001270612
141269804.5904727280 0.0026574562
156338652.4672754407 0.0015465343
141595749.7258900106 0.0015256980
150476609.8357613981 0.0000108072
146332269.1248520613 0.0006636217
160506521.7825724781 0.0000232174
144118808.5354704559 0.0016881977
161906307.6295473278 0.0006405087
144524909.2913345695 0.0005779152
164207658.2356743217 0.0020491855
150712754.5051831305 0.0004103897
160782268.8016927838 0.0000008127
141087072.0179223716 0.0010545509
159826673.1883297563 0.0057420787
144095199.6347681880 0.0009512403
155015109.0914880037 0.0007959441
144276681.3965187073 0.0009646896
142702775.9654237330 0.0011540361
150090465.8230260909 0.0004358809
148659068.5105286539 0.0019233860
174571887.7516164780 0.0037833389
146720676.7156726420 0.0009010150
161593451.9113743007 0.0017005398
141700341.8849225640 0.0014977640
141378682.5000469089 0.0011079679
146052613.4738783836 0.0009831375
140973657.9665654302 0.0006074943
176013723.3507311642 0.0005740141
144631439.1526852846 0.0009486889
143797665.2731766701 0.0009260231
145284999.2284991145 0.0008728698
144112900.3766348362 0.0009015176
145073207.8615705073 0.0011546537
145735718.5607042015 0.0012343150
141726106.8569684923 0.0011123317
143592437.5335922241 0.0014874754
144623117.5760281980 0.0013347863
144287110.7484962046 0.0004538444
146043958.8646716774 0.0014564912
175834010.3599172533 0.0007839273
144283453.5041199327 0.0013268305
143309031.7926512063 0.0004513880
140843145.3899948001 0.0011113896
153815816.3500985205 0.0022295934
141170640.0617448986 0.0013959695
136879524.5092344880 0.0004184741
136543056.2566213608 0.0005400739
145838824.9881962240 0.0009639173
136824758.8989187181 0.0004213540
143869179.8874389827 0.0002580650
141479372.0021862090 0.0005011826
148737742.2662543654 0.0002586097
141260336.7731126249 0.0004610016
185013058.9832202494 0.0001470322
137519080.8021010458 0.0004403850
141168214.6733213365 0.0014962155
136859143.0727570057 0.0005557867
158044954.6413145065 0.0003194328
137306796.8614196181 0.0005078399
142622387.8050070107 0.0012302351
145287605.7540358603 0.0004622658
138756524.8768872619 0.0007390139
136438071.5044181049 0.0005379331
150975976.6462852955 0.0005852618
136708601.1170713902 0.0005982616
142869983.5887503028 0.0005911609
136366734.7577688694 0.0004698059
147531776.0908644497 0.0003078961
136707137.7076321840 0.0004246818
139794443.6551027894 0.0003566078
137691692.5611527860 0.0003853093
141544528.8061851263 0.0002172748
136598405.1409290135 0.0004683899
150170102.1025026739 0.0008052666
136677507.1459505260 0.0004735138
136483192.2795054615 0.0004737316
139270199.4906162322 0.0005047150
136810043.0462289155 0.0004726979
138046353.0090708137 0.0005727946
137062271.8627068996 0.0005600417
148352363.7822775245 0.0003120560
136890818.8465225399 0.0004127130
137778501.2800585926 0.0005920847
137413248.1003088057 0.0004515048
136189441.0469156504 0.0009902676
136831801.5851367414 0.0008675030
137768717.9662650824 0.0010522780
139101110.8892777264 0.0010282671
145806777.3401006758 0.0008715934
137884432.9172486961 0.0009600232
136606899.5935297310 0.0014116981
135978258.3585525751 0.0008045906
147730887.4199596643 0.0010167730
139062511.6190393269 0.0007640966
139543065.8309063911 0.0010129907
137198487.9297313988 0.0007151934
137167412.5053275824 0.0006675091
137072967.1419899166 0.0008290800
139112684.5269140303 0.0006017879
136759906.7341321111 0.0008450890
140148003.9901900291 0.0003635049
136050923.3653324246 0.0007601543
143648180.4959953725 0.0008904518
136961041.3103921413 0.0006995356
144402618.1100259721 0.0005097239
136376314.1228224039 0.0008000665
140455201.6137712598 0.0010837288
137494708.8798211515 0.0007982944
145637941.8785826564 0.0007148387
137451030.8210931420 0.0007375739
137166538.5743243396 0.0008002091
136809675.3088051081 0.0008315720
148078453.9445454180 0.0010764511
136198211.9659219384 0.0008407352
136940796.2385590672 0.0009761648
136427893.4344273806 0.0007365078
148174009.4982615113 0.0005505169
136392206.1524936855 0.0007700429
148960481.9446260929 0.0009639746
136184189.4388341308 0.0008423367
152183066.9323496819 0.0010194582
137699018.5767721832 0.0008134777
136357310.2196981609 0.0011128024
136187084.6292739511 0.0008546261
137083397.9057249129 0.0008273039
138113324.7009997368 0.0007500499
140274093.3817094266 0.0006394275
136762178.6324100196 0.0007855931
136790784.1975008845 0.0008685460
136271710.0462163389 0.0007870078
152790707.0689420700 0.0010342176
144834464.6548818946 0.0009212621
136090954.5469575226 0.0008364025
136967333.9341150522 0.0009544290
136902283.7447847128 0.0008657094
136571496.1481696665 0.0009899688
136170405.8785038590 0.0009062108
137458952.3297026753 0.0007292572
136981756.2256716490 0.0007260873
136907003.7762947977 0.0009249402
137167797.1982166469 0.0008847790
136393609.5465059876 0.0007959357
136879764.5200708807 0.0008465339
136349461.3872697055 0.0008200480
136381010.9430781305 0.0008312667
136558596.9642392397 0.0007724926
136745267.0093633235 0.0007031777
136210640.9778955877 0.0007946779
137310612.2764727473 0.0007751262
136329280.0417261422 0.0007928253
138078885.3022368848 0.0007941039
136145530.1603082716 0.0007879506
137028126.5027047694 0.0007336396
136134369.1831948459 0.0008161202
137525716.4779582322 0.0008368008
136040128.2298861742 0.0008196594
138375938.5871277750 0.0008094414
136436045.3023126125 0.0007794528
136129237.5712010562 0.0007975787
136411024.4086223543 0.0008534789
136273984.9844859838 0.0007936456
138012822.2893722057 0.0008501848
136089953.7835559845 0.0007936446
136210695.5994752347 0.0008490554
136104433.0494772196 0.0008033287
136119255.3150751591 0.0008152062
136121583.8781349659 0.0008036642
137004887.7187240720 0.0007978775
136061637.3316956758 0.0007982644
136962287.1901937425 0.0008090382
136306226.3514355719 0.0008145253
137035349.6308320165 0.0008063393
136112827.5978242159 0.0008017058
136953739.2675554156 0.0007599244
136063789.2387762070 0.0007928133
137467250.6706598699 0.0008144453
136299068.1056972742 0.0008152746
136156278.5650682747 0.0008348678
136047592.8603910208 0.0007969007
136350629.9083811939 0.0007928869
136209856.2775744796 0.0008019810
136132153.5183834732 0.0008045813
136053920.5560815632 0.0008173803
135998605.6129297614 0.0008050758
136197792.2890339196 0.0007842388
136410070.4142628908 0.0008074053
136085431.8612955511 0.0007640008
136415600.3649892509 0.0008047161
136064204.6483632624 0.0008132996
136400768.2753329277 0.0008067621
136413758.4142334461 0.0007984365
136013257.2543715537 0.0008035713
135988137.9548622668 0.0008037348
135994110.6809891462 0.0008040338
136333711.8901003599 0.0007943047
136012347.7417660356 0.0008019723
136378764.6858355701 0.0008120691
135974549.7408078015 0.0008044042
136134610.6166622341 0.0007931242
135982950.6401284337 0.0008059985
136331837.7804593742 0.0008031101
136038305.7292010486 0.0008039839
136067103.2092339993 0.0008005424
136419466.1480933130 0.0008046251
136033262.0689210594 0.0008083407
136399421.2038452327 0.0008057822
136153840.5788592398 0.0007914703
136028114.6777568161 0.0007979078
136114296.8273999989 0.0008011999
135994992.3434648514 0.0008036557
135976575.0621355474 0.0007976581
135986167.0059494674 0.0008067779
136275893.3405430913 0.0008097479
135974943.9409091473 0.0008021344
136098654.8753506839 0.0008162656
135975646.7123119533 0.0008048891
136052360.5276376009 0.0008226170
136012450.0066224933 0.0008049103
136393226.9108433425 0.0007853720
136022192.6696398854 0.0008033606
136056413.3957761526 0.0008063440
135967582.7250795364 0.0008024716
136060145.9170394540 0.0008234353
136006714.9970654845 0.0008007080
136158365.7841760814 0.0007966331
135999292.2181971073 0.0008007460
136339813.5739857852 0.0008106968
135985404.6095951498 0.0008029708
136412849.5850461721 0.0008028944
136000220.5887040794 0.0008022029
135984259.7018985748 0.0008002612
136415464.8666041493 0.0008037243
136347417.5552654862 0.0007959910
136408610.2897049189 0.0008048529
136028119.7322259843 0.0007984577
136387435.5455265641 0.0008063908
135994441.7574934959 0.0008025263
136340529.7595959306 0.0008022020
136375298.1596432030 0.0008038298
136199659.7655660510 0.0008031840
135972754.7745569944 0.0008010547
136354062.9889539480 0.0007983311
135993274.8931827545 0.0008046612
136408578.7477193177 0.0008016478
135973335.4951402843 0.0008013929
136322607.1281149983 0.0008015881
135992677.6603835821 0.0008015686
136413405.9431318343 0.0008035717
135972352.8546100557 0.0008057629
136362208.4220952094 0.0008043973
135973029.0956556499 0.0008027991
135995312.2691230178 0.0008013446
136408630.6296785772 0.0008039535
136002966.8232525289 0.0008031248
135988129.0904535353 0.0008006821
136005660.0586826205 0.0008041596
136375389.6086843312 0.0008012149
136047009.7400294244 0.0008006958
135997590.4897610545 0.0008023628
136032642.4075570405 0.0008031151
135977100.6127873957 0.0008041963
136352606.7577795684 0.0008016297
136404940.1437110901 0.0008023373
136321673.5845165551 0.0008121856
135968436.5002792180 0.0008013109
136038514.4986543953 0.0008023436
135996317.0829052925 0.0008016141
136396854.2022950351 0.0007996697
135997125.0516182184 0.0008019065
136058832.8652569950 0.0007995375
135966087.1692911386 0.0008028804
136032071.6465108693 0.0008033008
135986422.6402545869 0.0008008156
136168870.5873386264 0.0008008667
136001847.0838451087 0.0008048242
136068480.5492885113 0.0007907320
135983526.5461421907 0.0008037432
136359413.7307058573 0.0008072069
135977784.9876331687 0.0008030178
136004290.1201404631 0.0008044265
135974142.3612283766 0.0008030428
135965675.8430176675 0.0008053447
136413392.3802240789 0.0008062246
135970610.9438517392 0.0008042322
136397931.9149024785 0.0008060478
136029694.9823472202 0.0008032982
136414196.9680860043 0.0008043577
136100417.1662055254 0.0008088299
136405322.0078111589 0.0008052623
136399318.3327393830 0.0008027315
136400567.7105026841 0.0008044268
136020436.2795497775 0.0008092874
136018528.6073895097 0.0008055828
136080115.5258823633 0.0008028134
136420777.5300032496 0.0008039814
136384841.4036253691 0.0008072463
135970092.8542408347 0.0008033313
135969145.6715960205 0.0008048397
136372221.4987157583 0.0008059142
135970171.4635555148 0.0008040330
136375316.2833334804 0.0008073160
136417990.4126801193 0.0008055151
136076575.0599877536 0.0008036533
135966488.2865302265 0.0008051507
135997714.5377821028 0.0008046894
135968326.8420456946 0.0008051021
136372272.3596073985 0.0008111636
136414981.8566598892 0.0008053439
135992580.3819833696 0.0008063935
136420267.0536623001 0.0008053349
135965819.7696923912 0.0008051960
135978938.3253109753 0.0008053011
135983332.3846491575 0.0008050290
135966809.6090978384 0.0008051204
135987780.9597817659 0.0008078829
136414383.7713912725 0.0008067497
135983475.7415438890 0.0008043657
136416994.9103755653 0.0008054015
136417173.5328164101 0.0008034338
135984281.0106857121 0.0008045832
135987075.4018904865 0.0008037102
135967705.1681350470 0.0008051606
135987958.0054675341 0.0008042302
136405647.3571904302 0.0008051959
136419943.4597956538 0.0008074787
136419237.8260782659 0.0008055507
136421110.5303530693 0.0008026334
135966978.2199527919 0.0008051820
135983890.2714326680 0.0008055262
135979895.1820494831 0.0008057812
136002002.0642923415 0.0008033022
136416447.4661074877 0.0008056135
136349083.1430981159 0.0008021810
135986429.2857909799 0.0008066236
135966851.1886110008 0.0008054906
135976913.7056362033 0.0008046674
136418769.2889367342 0.0008053530
135996657.6489220858 0.0008046442
135964963.8978386521 0.0008055778
136018759.5861021280 0.0008047008
136419959.0722056329 0.0008054609
135992326.7704345584 0.0008051407
136401290.7962515652 0.0008049297
135965617.2359069586 0.0008055845
135964862.6401165426 0.0008056027
135967822.2074443400 0.0008056526
136410813.1147585213 0.0008060265
136418802.0337857306 0.0008054287
135966014.5506074429 0.0008055921
135966237.1490533352 0.0008058334
135967866.3954947591 0.0008059799
136420355.4809821844 0.0008055619
135970633.0762343407 0.0008063174
135964791.0913561881 0.0008055413
136415618.7949132919 0.0008059515
135968749.6299376190 0.0008051491
135968338.3800862730 0.0008054352
135965318.6555527151 0.0008055436
135974013.3573058546 0.0008058477
135965879.5410560369 0.0008054723
135981346.1506700516 0.0008063174
135969072.7883659005 0.0008054194
135973169.5604797304 0.0008053110
136411524.3949822783 0.0008058023
135974593.5856180787 0.0008057087
136417773.6040690839 0.0008055470
135990120.2592437863 0.0008055591
135969807.5488027930 0.0008054002
136404784.6478798985 0.0008061708
135965779.5662440360 0.0008054962
136418221.6395458877 0.0008058669
136417931.6374523044 0.0008055245
135976967.3027991652 0.0008051418
136415729.3884984553 0.0008053386
135981158.7017076612 0.0008053024
136419396.4580873251 0.0008056737
135972362.8628387749 0.0008055018
135966913.5618156791 0.0008054383
136414060.6813407540 0.0008049009
136415688.1803911626 0.0008061415
135974328.7493655384 0.0008039235
136412371.5054219365 0.0008057910
135965681.5926159024 0.0008055011
135966866.0323153138 0.0008053851
135965663.0209721625 0.0008055234
135974345.8254243135 0.0008053992
135965158.3686605990 0.0008056516
136417943.9248153567 0.0008055324
136418891.0050448179 0.0008055538
135972976.1824633181 0.0008047324
135964617.0072482228 0.0008055199
135969636.5656399727 0.0008055430
136419347.7649056315 0.0008056610
135973740.3133228421 0.0008054585
135966346.1737696826 0.0008055170
135967143.5432340801 0.0008056139
135965501.3845763505 0.0008055951
135968424.9312890768 0.0008052344
135968226.7634555101 0.0008053812
136419895.5360411704 0.0008054810
136420449.2136210501 0.0008054026
136420190.1929175258 0.0008055274
135964569.6516190171 0.0008056074
135965214.6899813712 0.0008056082
135970057.0480767488 0.0008055974
136419550.9285947382 0.0008055999
135965394.3142619431 0.0008056325
135965026.7423402071 0.0008056027
135967239.7701976001 0.0008055775
135965496.5208690166 0.0008056348
136418559.0525573194 0.0008054582
136420186.2778045535 0.0008055905
136420025.1678431332 0.0008056733
135965129.6226223707 0.0008056197
136419514.5503154695 0.0008057330
136418880.2158011198 0.0008057416
135965769.6676809192 0.0008057017
136420244.4196335077 0.0008056507
136417326.6409451365 0.0008056463
135964878.9646441638 0.0008056300
135972014.1546476483 0.0008054654
135964600.5019074380 0.0008055803
135965799.7997887731 0.0008054465
136420211.3898669183 0.0008055731
135966002.3305835426 0.0008057238
136420199.6734538972 0.0008055809
135967380.9123237729 0.0008053977
136420332.6699966490 0.0008056430
136419856.4073252082 0.0008059660
135964504.5062391162 0.0008056346
135966299.7384372056 0.0008055245
136419788.4457966983 0.0008056573
135964865.9572076499 0.0008056498
136419353.2940296531 0.0008056396
135972363.2090718746 0.0008055895
135964676.8386448026 0.0008056413
136419889.5223685801 0.0008054552
135964774.5497183800 0.0008056258
135965228.3885829449 0.0008056307
135965153.6471210420 0.0008056277
136419905.8190477192 0.0008057563
135964774.1485649347 0.0008056322
136420228.2907164395 0.0008053903
136419536.2668358088 0.0008056535
135967460.8008989990 0.0008057371
135964548.4929148555 0.0008056131
135965492.1753720045 0.0008054642
136420259.4556013048 0.0008056783
135966010.8541709483 0.0008055977
135965376.8683361411 0.0008056292
135964426.6523802578 0.0008057806
135964612.0171432793 0.0008057541
135965621.1257234812 0.0008056078
136419413.0826164186 0.0008057338
135965438.5002404153 0.0008058929
135965392.6637693644 0.0008057827
136420139.6796998382 0.0008061622
135965603.2277237773 0.0008058392
135964979.1052453816 0.0008057790
136419560.3645500839 0.0008058037
135964425.2931180894 0.0008057718
135964984.5862538815 0.0008056211
135964640.3699590564 0.0008057449
135964521.7398357987 0.0008059087
136419278.8516375422 0.0008057856
135967938.9514644146 0.0008057118
136420140.8988125324 0.0008057761
135965278.8407059312 0.0008057575
136420211.3931763470 0.0008057828
135964416.7698575854 0.0008057349
136419498.7825410962 0.0008057450
135966864.7695771158 0.0008057151
136420210.2392317355 0.0008057604
135964722.9687662423 0.0008056499
136420127.4454196692 0.0008057092
135964756.4489080310 0.0008057873
136419886.8786747754 0.0008057176
135964740.9593705535 0.0008057615
136420143.2050488293 0.0008057475
135964691.9476345181 0.0008057238
135964392.9765224755 0.0008057376
136420216.8957901001 0.0008057212
136419963.9626102149 0.0008057592
135964576.1907204390 0.0008057208
135964507.9393857419 0.0008057517
135967683.0130849481 0.0008056918
136419851.1271491647 0.0008057277
136419564.7678708434 0.0008057051
135964668.7845789194 0.0008057396
135965533.0625058115 0.0008057070
136419629.5060392022 0.0008057518
135965431.1871789396 0.0008057617
135964491.2740968764 0.0008057380
135965018.3912094235 0.0008056534
136420220.1526303887 0.0008057160
135965596.1173016131 0.0008057079
135964494.1878353357 0.0008057428
135965539.0353219807 0.0008058092
136419707.8740319014 0.0008057591
135965467.5982649922 0.0008056608
135964734.5238781869 0.0008057337
135964433.0835601687 0.0008057934
136420119.3161720634 0.0008057314
136419560.8040335476 0.0008057970
135964656.3730653524 0.0008057155
135964462.3800469339 0.0008057361
135964540.0515733659 0.0008057364
135964930.4775094986 0.0008057282
135965686.8561055362 0.0008057267
136420173.9486341178 0.0008057512
135964713.9024694562 0.0008056446
135964507.9357636273 0.0008057389
136419937.1562724411 0.0008056683
136420202.2450387776 0.0008057401
135964790.3248261511 0.0008057459
135964420.8927592337 0.0008057277
135964375.0156243742 0.0008057399
135964506.2423388064 0.0008057420
136420137.0032100976 0.0008057370
136420001.3308901489 0.0008057309
136420167.2115695179 0.0008057386
136419688.5856374800 0.0008057488
136419471.2083365023 0.0008057499
136420045.2020871341 0.0008057324
135964470.3846169710 0.0008057028
135964496.4626999795 0.0008057265
135964632.8380337656 0.0008057679
135964489.5651966035 0.0008057381
135964580.9865172207 0.0008057185
135964407.3180503249 0.0008057415
135964868.7018704414 0.0008056892
135964437.1397311985 0.0008057391
135966780.8283644915 0.0008057411
135964412.0358095467 0.0008057510
135964705.1405360401 0.0008057930
136420101.3338985145 0.0008057396
135965085.5378850102 0.0008056844
136420170.5526345372 0.0008057366
135964574.0073527992 0.0008057753
135964375.4945606291 0.0008057397
135965060.8972310722 0.0008057130
135964594.8032134175 0.0008057371
136419602.2900997400 0.0008057637
135964375.4402034283 0.0008057366
135964506.7462046742 0.0008057304
135964440.8834051788 0.0008057352
135964473.4625895321 0.0008057422
136419889.7614632547 0.0008057498
135964369.5100913346 0.0008057494
135964753.3889630437 0.0008057373
136420174.5159090757 0.0008057492
135964717.5354876816 0.0008057182
135964406.4162052572 0.0008057502
136420155.5072629452 0.0008057459
136420123.7116854191 0.0008057521
135964430.4659014940 0.0008057440
136420172.2702455223 0.0008057480
135964355.8349707723 0.0008057488
135964482.5607104301 0.0008057439
135964595.9526408315 0.0008057502
135964386.0109815001 0.0008057407
136419942.6203832626 0.0008057613
136420143.5906763375 0.0008057521
136419956.4925495982 0.0008057739
135964539.7153603435 0.0008057426
135965406.6497454643 0.0008057653
135964355.8275993466 0.0008057432
136420036.6057906449 0.0008057488
135964417.5337656438 0.0008057440
135964414.6552482545 0.0008057606
136420167.9260585606 0.0008057439
135964599.4285668731 0.0008057035
135964382.1747297049 0.0008057333
135965179.8950595856 0.0008057269
136420002.5569640994 0.0008057454
135964778.7935394943 0.0008057227
136420117.4762032628 0.0008057457
135964610.4401063919 0.0008057291
135964372.9698332250 0.0008057467
136420054.3860796988 0.0008057385
136420121.2184797823 0.0008057412
135964647.3476893306 0.0008057408
135964384.1892766654 0.0008057452
136419973.8191815317 0.0008057378
136420153.9127728939 0.0008057424
135964612.3463594913 0.0008057180
136420145.5382885337 0.0008057472
135964483.6386221349 0.0008057362
136420071.5038065910 0.0008057436
136420125.3574998677 0.0008057604
135964408.4215798378 0.0008057414
135964417.1929723918 0.0008057387
135964388.4940762520 0.0008057390
135964472.1196101606 0.0008057243
135964398.2061829567 0.0008057475
135964422.9165517986 0.0008057376
135964369.9101620615 0.0008057449
135964567.7539210618 0.0008057417
136420116.9729050696 0.0008057419
135964402.7263668776 0.0008057507
135964383.4591875374 0.0008057405
136420098.3485283256 0.0008057378
136420154.0563383400 0.0008057439
135964504.6776733398 0.0008057395
121338465.0000000000 0.0008057395 1 0 0 0 0 0 0 0 0 0 0 0 0 0 0 