496395243.8152778149 0.0000009890
484723805.9347383380 0.0000003415
489014950.3794341683 0.0000000584
528944665.8880100250 0.0000000015
557967368.5020821095 0.0000000969
538004831.0450830460 0.0000000164
536261837.0812973380 0.0000000007
493441418.5416999459 0.0000012535
502634260.5276780128 0.0000000025
567044820.5883764029 0.0000000007
514482470.4415234923 0.0000004952
474809215.4847489595 0.0000000479
567491313.2556388378 0.0000000568
472891235.8190124035 0.0000004368
471222829.7942036986 0.0000018952
440873436.0399816036 0.0008397408
478122213.9083929062 0.0004047672
406500638.3665047288 0.0014424082
377453271.5738967061 0.0019143838
380652298.9317396283 0.0020780495
355014743.8180522323 0.0021547335
343565409.2778179049 0.0021792724
381809632.7784476280 0.0000612646
338735318.3387933969 0.0024346581
337765704.4946013093 0.0015021235
369122040.4599896669 0.0000017383
386252931.3156985641 0.0002417437
409629098.3336111307 0.0000105298
340442492.8745275736 0.0002638728
317814506.9204688072 0.0003593511
326943997.6376567483 0.0007677991
252745925.0884554684 0.0113139046
272873096.6330971718 0.0083212372
261257997.2908364236 0.0145101834
288729711.3242204785 0.0160651001
252927309.3587263823 0.0107185999
253341546.3740696609 0.0050037271
254234358.9432937801 0.0117214769
285712948.3091492653 0.0020237990
246727449.5576723218 0.0144036315
297862255.0318823457 0.0000236486
246142580.9395051003 0.0134100679
243273196.6134324968 0.0250935905
244089080.9600000978 0.0245605961
301453407.9821673632 0.0095841275
243501186.0003221631 0.0247975885
211181513.7530368268 0.0122720385
219471685.6024007499 0.0081431646
223381491.1014128327 0.0001027060
214557720.3679905832 0.0112536569
199351932.0846577883 0.0184249440
193658958.4858140051 0.0195288662
206491883.2266607285 0.0117059701
195135140.8826223314 0.0217765857
180894795.6748471260 0.0348243840
208065837.5229240954 0.0321452309
208012701.7604638338 0.0286411762
182060725.8022771180 0.0455858730
210941502.3047158420 0.0194208608
198767685.4613333941 0.0294876688
181970858.7309676409 0.0295575721
175644990.6948887706 0.0597705936
203119724.9784747362 0.0681696669
183144869.7084853649 0.0519634656
213620821.6046977937 0.0741180260
211034636.0572409034 0.0514535262
180571461.6374537051 0.0565765260
203871233.6692789197 0.0495019151
183191233.8638511300 0.0546637902
187909441.7749301493 0.0488972416
205404408.1596860588 0.0470717255
170712370.7312541306 0.0647316521
218708027.6586386263 0.0225888142
175618577.8848244250 0.0694555495
196696551.2184631824 0.0096802549
177465839.2810859978 0.0544235195
144995092.4871240556 0.1846995428
148509854.5012443662 0.1476801205
149289172.9409939349 0.1064786836
145505689.8940321505 0.1961267949
197604047.3771775365 0.1098802252
150414382.0269154310 0.1352470173
190606415.7730365992 0.1335231006
140534056.7537511885 0.1688145115
190274952.8910599947 0.0943789133
149620833.4337269068 0.1958938041
173181712.8834484816 0.0731259554
169781488.5259889066 0.1324980301
177921329.9370679855 0.0435738667
146355005.4393765330 0.1788926637
156581855.8948811889 0.1702968434
141318521.6072853208 0.1653375115
181299950.1008858085 0.1095095237
149222229.6917499900 0.1480177387
125999820.0873910338 0.2834632235
132673750.5384464115 0.1990495573
128784165.5584538430 0.2548026110
129575156.5076508522 0.2568427446
162648184.2700855434 0.1276417957
133401110.4868706763 0.2999354337
205268842.2930501699 0.1529293422
125799106.5778533965 0.2453790035
154706118.1169762015 0.1850172192
135702066.1343272626 0.2105930570
168033346.2340333462 0.0627027416
130098995.1212511808 0.2349639360
156606095.5570223927 0.1639219707
127988913.3946153820 0.2686861892
161300258.6491694152 0.1105547899
147862183.6365592778 0.1737986473
146716658.4747769237 0.2407303570
131610221.2970077693 0.2204069376
180937037.5427764654 0.1529376702
134880814.5947060883 0.2235538886
130209447.1417431980 0.2248722942
123806297.8686485738 0.2548906318
124405974.2272227705 0.2540163089
125240897.2186769396 0.2571725070
121585723.2499350756 0.2663866116
134281701.2755414844 0.2241371311
122934725.1462350190 0.2580758472
123452383.6490308344 0.3166688002
125560005.9770105481 0.2562956090
123615866.5947872996 0.3063341120
122437617.7735036016 0.2696350332
131184296.4382264167 0.2305848101
124045158.3962284029 0.2593164228
127360835.9760672599 0.2076916644
125784680.2707697153 0.2541246051
129619319.5546813756 0.2537386632
122545104.7951689065 0.2720877040
143195263.2471452951 0.2240237532
121015260.8451470286 0.2693395432
134257869.8726359606 0.2032034716
126241940.3692164272 0.2566651612
122919033.7271716893 0.2611009514
124537536.2997647375 0.2607677931
131216594.2391065806 0.2342021343
125361085.5560177118 0.2700515478
128954637.1839688122 0.3355466891
122599103.9201319069 0.2813577256
135441818.1222521365 0.2267297963
120711733.5972364545 0.2710927461
137381889.0647225082 0.1671946486
126542549.4685063660 0.2926344933
129272361.4249684811 0.2353197897
125229724.2753509134 0.2718866024
134325366.2613533437 0.2141476973
124504149.9359263480 0.2536075239
138001588.8356443048 0.3177882016
124664260.1604362130 0.2539506228
154686978.4557689428 0.1534689707
121458830.3702124208 0.2742054142
135016492.5100897551 0.2396069553
123170584.2133095860 0.2781082462
122388174.7620293647 0.2620524238
122706403.4642526954 0.2735100415
139810855.8766462505 0.2605377741
121237568.4215161800 0.2709410808
139297182.2332699001 0.2588321907
121004992.9527369589 0.2692810472
139556813.3536483049 0.2555562984
125848194.0308623314 0.2634879009
139380715.0118848383 0.2584762227
125709770.1017540544 0.2562033436
122007511.2823147476 0.2639349664
127354853.9886249304 0.2684290204
138611396.4211959243 0.2567278679
124215502.8968217671 0.2740355450
123558637.3515541553 0.2786693811
129682405.9308360219 0.2483271433
125831313.5624294877 0.2689879942
126007502.0441641212 0.2851792783
122899518.3549078703 0.2811102948
118854941.4061999321 0.2975986263
118715976.0768981427 0.3011428985
121353157.6442493647 0.3057984362
119338777.9044805020 0.2900531007
127359848.4620137066 0.2557041764
124020819.7111713588 0.2880545479
124509843.6177531779 0.3129446975
119633525.6438995451 0.3024476491
122879563.4147095531 0.2958793833
118424791.3981650025 0.3091997207
127437640.1803613752 0.2720887730
118499563.2041137666 0.3113899149
124585553.4123531133 0.3569296818
125175111.8430792540 0.3012028239
117388708.9993516803 0.3644313775
115015531.7381332219 0.3595483904
112523384.9444735199 0.3432638505
111086206.7037010342 0.3400291404
113166553.4298072606 0.3510712255
111101978.2190692872 0.3420293030
112181203.5441693515 0.3321997802
125034300.2456471771 0.3299704266
117939832.3365033567 0.3382320334
111767576.3827124089 0.3367373263
116419055.8902300298 0.3510562973
111401535.7088112831 0.3386115033
124583751.0117155761 0.3209341300
112233948.3816387951 0.3426009690
122046173.1397352815 0.3151210886
123386815.3067769110 0.3381413017
109595095.8581752330 0.3543681000
111481096.2510247529 0.3608914776
116785032.1258779019 0.3306351435
109597777.7206083983 0.3541581758
106892694.1283527762 0.3848554356
115252158.9049194008 0.3809798732
105953864.3136100024 0.3880104213
105590785.5446938574 0.3973529003
109099834.4563635439 0.4276936768
105653213.4300832450 0.3986110228
105305348.5371309221 0.4023195373
109378169.0592456311 0.4296495060
110679718.4800343364 0.3851575880
105403199.2138358653 0.4029466250
115723769.7622896135 0.3532319967
105205538.5485129654 0.4016812112
109555775.3404283822 0.3961741838
111435562.7565554380 0.3880986544
111508668.2427017987 0.3575956995
106160725.1018677950 0.3965427330
107960032.0991556495 0.4198301388
106402591.0547899306 0.4094292108
115463719.3535065651 0.3826176335
110186576.8758181930 0.3789766506
105737976.8785770386 0.4051025953
105393417.7068912536 0.3947182815
107771737.0143670440 0.4185528363
105616566.6704474241 0.4043188158
106383113.2484430075 0.4093015450
106159292.1297318786 0.3968735670
105816221.8086165488 0.4056082913
105417242.0626366585 0.3982202120
113022396.6212124676 0.3482038638
105053709.2924053222 0.3985817196
107787697.6347141564 0.4186601823
105994553.5440434963 0.4067651899
109954187.6448208094 0.3771284069
106011394.3453515172 0.3966690898
105274995.2525810152 0.4021248542
112584568.3024195582 0.3917144220
109668244.5865088850 0.3956727298
104999417.7520841509 0.4003669927
108353233.6034546047 0.3851337209
105205180.9179869741 0.4016786337
109699111.1753274053 0.4319210578
106242594.7329074591 0.4083816086
107097298.8568859398 0.4140215485
106634615.3648025095 0.3958814741
116115883.5470488220 0.3599149188
105871754.6803047359 0.3947041606
109399490.9470490664 0.4297993513
105795097.8415912241 0.3921850822
106200530.3519859165 0.3932355200
105955695.3605766445 0.3939564478
106573926.4408395290 0.4105552346
105140633.8109064400 0.4012665697
108255568.5161672086 0.3826963289
105356038.2761743069 0.3978357267
109397243.1761490405 0.3779029617
106051319.1021327078 0.4071341064
109395541.3895941377 0.3758641535
106913517.7839405984 0.3944340573
108363156.1536919773 0.3701801464
107115519.9772792310 0.4141433093
113830060.4454543740 0.3516020255
105271492.3647092134 0.3964401619
108642835.5685147345 0.3808336849
113491312.4255665541 0.3889065676
108630323.8936889768 0.3907139305
105101226.5683599710 0.3984572992
111760463.3573919833 0.3603743930
105772438.2134975493 0.4053249288
105265514.0003963858 0.3969913441
106255050.7404664755 0.4084628837
119235357.5061199963 0.3505617546
105303157.0389118642 0.4023053511
113668738.2881096750 0.3520923574
105246451.4387815446 0.3965904961
110378508.5111019760 0.4367959979
106328564.7296285629 0.3946960234
112752711.3483717740 0.3716627706
114414300.9688634723 0.3555447058
109136434.3797400445 0.3806736165
105314302.4924834371 0.3964957081
105989434.6113058329 0.4067317119
105613484.4015235156 0.4042985519
105106564.1079770923 0.3979314899
105406402.6283329427 0.3997384191
106423938.6812084019 0.4095692793
106086831.4223553389 0.3938013242
108183798.7027699202 0.4213564882
105427461.1973590255 0.4031021126
105464227.0476652086 0.3978644427
106509919.8408277929 0.3948465048
105326604.4272012711 0.4024553728
105305253.3998711407 0.4023184610
105207439.3196403235 0.3988559965
106609960.7904792279 0.3953377101
105096873.4987631738 0.4009874879
105270500.2056023031 0.3990867615
105231319.8770207614 0.4018457094
106923849.9780393690 0.4128683593
104981680.3247958571 0.4002542351
112743333.8793193251 0.3912943300
105425865.8450148702 0.3998740984
106021922.4439759105 0.4069428930
105433981.3031755239 0.3998843703
106125140.6517162919 0.3959139586
105527335.1309496313 0.4037438859
106340916.4706561714 0.4090247810
105409038.0365946740 0.4029838653
105054625.4463644028 0.3988693245
105316057.5446361899 0.4023878329
105881035.5463663191 0.4060280704
104951281.0671806484 0.3999616491
106440882.8498723656 0.4096803854
106425248.5409727693 0.3960579920
105943732.8468869179 0.4064347885
105402028.1344583482 0.4029388925
111326650.1935719401 0.3889305575
105181175.6778303087 0.4015253372
105289241.7428101003 0.3975182338
105244385.0760872662 0.4019292185
104951972.8482724130 0.4000653790
105100096.3631540239 0.3985417459
105193859.0905373991 0.3972678757
105148677.4121211767 0.3988573790
105036930.4441605955 0.4006057533
105356890.1465659738 0.3967771838
105237362.9901030362 0.3991442443
105921618.9941339791 0.4062913604
105425403.5304525048 0.3998185313
105072158.6678385288 0.3983564274
105183691.8199498504 0.3988822623
105297387.8449888974 0.4022683100
105428897.1051801294 0.3998711719
105326859.8431270719 0.3977364836
105168135.4919967502 0.4014420925
105163708.5008109063 0.4014138576
105296349.0272186846 0.3993934959
105155724.4034314454 0.4013629107
105153687.4504278153 0.4013498962
105058616.7271262258 0.3983634583
104953784.7604030371 0.3999698593
105788806.3368776888 0.4054308113
105245062.9032370299 0.3991382531
105239697.4644118547 0.3965471205
105425179.5767007768 0.3998497992
106069389.4552400112 0.3944091995
105159427.8171270788 0.4013865009
104948941.7023862898 0.4000461497
104948860.8298653066 0.3999584232
104946625.8524341285 0.3999484140
104947190.1986506879 0.4000349961
105290988.6954096854 0.3994127346
105045551.1135781258 0.3984087558
104990878.9309008121 0.4003127374
105675528.9737830460 0.4046988099
104960007.9826706499 0.4001164755
105075744.1729066819 0.4008529224
104941986.8138905764 0.4000019681
106501753.1376372427 0.3964000760
105064932.1766142994 0.4007840336
105195119.6231609136 0.4016143957
104991154.3036066890 0.4003144837
105152029.3727473021 0.3988683567
105343906.4578438699 0.3996342614
105271679.5527541786 0.4021038363
104946541.2705236822 0.4000308985
105330767.5924156755 0.3995421719
105009106.2691303194 0.4004286680
105232535.0040226728 0.4018534821
104981868.1471913755 0.4002554289
105067433.4786791801 0.3983465743
104989731.0344466418 0.4003054315
105384911.3337698728 0.3997662542
105014716.2020150721 0.4004643542
104965548.1954270750 0.4001516965
105261411.7792509496 0.3993502161
105297750.7002882659 0.4022706411
104945819.9245577753 0.4000263127
105134479.0714917630 0.3987859935
104954057.3994333148 0.4000786680
105271412.1611555070 0.3973655513
104952243.5356493443 0.3999684646
106038515.6227794588 0.3948718791
105327191.4283431917 0.3995852447
105110836.9034076184 0.4010765635
105331986.8742424250 0.3995658761
105378319.9396386296 0.3997381038
105351156.4804123044 0.3996447761
105051361.8330996633 0.3984112671
104954664.8888705373 0.3999732813
105044548.6281453669 0.3982195300
105352808.2689906508 0.3996632676
105229528.9453894794 0.3966766654
105330219.9656760544 0.3995698618
106305880.9812490493 0.3958499897
105048626.0405300707 0.4006801853
105059091.8706534356 0.3982126736
105042677.4700996578 0.4006423174
104960381.4681590647 0.3999990672
105260379.4889422208 0.4020315314
105402037.7816440910 0.3998492213
104950937.5714169741 0.3999630267
105428406.0431737453 0.3999277981
105396762.6215250790 0.3998321366
104979545.1225037128 0.4002406602
104983436.2690907121 0.4002654045
104981399.3314066529 0.4002524558
104957868.9454672486 0.3999894934
105388232.2248195112 0.3997768937
104959917.0834563226 0.4001158984
105021563.5136733651 0.4005079354
104947692.5722116381 0.4000382182
105010432.4182349741 0.4004371043
104954418.1553248316 0.4000809521
105328547.2367676049 0.3995610699
105417169.6078653932 0.3999076976
105284405.7419501394 0.3994171454
104963440.8698623329 0.4001382929
105383880.7544463277 0.3997964286
104959377.9586526603 0.4001124705
105006641.3980706930 0.4004129939
104957977.9590115696 0.3999896610
105284098.0951194912 0.3994096205
104946612.2128001153 0.4000313543
105131734.6745502055 0.4012098384
104956462.0849519968 0.4000939394
105407451.2752070576 0.3998627812
104965870.2251913249 0.4001537315
105279016.0340695232 0.3993903363
105360156.8485858440 0.3996967489
104953637.3364027441 0.3999734758
104955918.0453976244 0.3999827735
104949923.1347748935 0.3999591281
105359770.8514896780 0.3997015408
104953508.7430730909 0.3999726020
105395107.7565830201 0.3998214357
104955622.7200655788 0.3999804179
104998961.8374279588 0.4003641374
104941692.3366064429 0.4000000977
104947130.3892833889 0.3999484157
104942855.4314409047 0.4000074867
104986550.3866440356 0.4002852090
104947906.4422977567 0.4000395772
104965222.8235351741 0.4001496162
104959867.4472106993 0.4001155831
105005808.6622757167 0.4004076935
104949058.8120972514 0.4000468990
104971544.9932215959 0.4001898088
105415967.4497187585 0.3999053801
104960815.9374651909 0.3999986329
104951101.9272126853 0.3999634667
104966530.5087530315 0.4001579306
105393840.0833769441 0.3998185488
105000724.7499838173 0.4003753525
105389002.3205198795 0.3997955196
104950014.5730696023 0.3999592701
104951910.3197974414 0.4000650190
104956670.5584351122 0.3999846844
104947360.0723657757 0.4000361076
104944002.8547483832 0.4000147759
104956801.6590451598 0.4000960979
104944811.3687716872 0.4000199126
105361811.3435504884 0.3996972216
104958182.9438805282 0.3999904824
104985790.3821153641 0.4002803734
104943005.6024730057 0.4000084405
104950429.9109107256 0.3999609365
104950206.2655729502 0.4000541898
104947882.5224848688 0.4000394251
104942616.4680321962 0.4000059688
104949917.8323364109 0.4000523587
104956539.9358513206 0.3999839210
105355499.2935622633 0.3996748601
104950643.1031212062 0.4000569660
104947779.3984294683 0.3999497422
104957466.7020605952 0.3999876863
104974902.9637119621 0.4002111519
104955626.3958860040 0.3999806840
104966997.1759540141 0.4001608970
104943911.0201222003 0.4000141924
105351055.5210772157 0.3996601066
104951307.3268063664 0.3999642161
104949294.7785487324 0.3999569925
104946864.2864791453 0.4000329555
104951177.3342889696 0.3999639196
104960297.1069296598 0.3999983808
104977453.2413946986 0.4002273660
104954361.3581888676 0.3999758791
105362643.8670614809 0.3997047502
104955623.3017564565 0.3999808904
105421174.9772191346 0.3999232107
104943567.4292942286 0.4000120101
104949396.2268923223 0.3999574473
104955069.0512089282 0.3999788208
104942460.2552943975 0.4000049762
105399586.6731778979 0.3998421260
104959434.1971042901 0.3999952196
104953300.3631024063 0.4000738502
104959539.4390036762 0.3999953702
104957667.3688252568 0.3999887298
104944205.9844882339 0.4000160666
104951650.4006174058 0.3999656784
104941926.1363775581 0.4000015829
104941887.3342787772 0.4000013370
104960034.8365936279 0.3999975520
104948496.5639649779 0.3999535524
104956652.1649012715 0.3999844896
104941858.3288330287 0.4000011510
104948175.6425196379 0.4000412872
104941988.7094502300 0.4000019815
104946739.4162672013 0.4000321620
105415061.1335607767 0.3999014077
104945176.4905316979 0.4000222326
104949276.9637600034 0.4000482858
104942770.0168632567 0.4000069437
104957085.7700171769 0.4000979052
104944185.2633533925 0.4000159351
105412699.2277472615 0.3998929255
104956738.8118467033 0.3999849189
104949457.1543551087 0.4000494307
104942661.3185676634 0.4000062536
104963561.8437672853 0.4001390618
104953920.3015009165 0.3999740649
104956187.5225559771 0.4000921957
104942304.0638978928 0.4000039838
104942477.9902212620 0.4000050885
104959126.0136750340 0.3999940079
105417581.0563412160 0.3999111775
104941745.0170078576 0.4000004322
104950350.3882645667 0.3999602223
104957377.5664961338 0.3999873857
104951051.2706780881 0.4000595587
104942470.3143104315 0.4000050397
104950572.1146928817 0.3999608204
104941771.2246850431 0.4000005989
105402779.5663282871 0.3998544453
104957205.5341380984 0.3999866980
104943522.6681682169 0.4000117267
104959477.3606640697 0.3999952628
105403692.7281060815 0.3998574444
104960199.1261207908 0.3999977871
105416842.4573266655 0.3999102522
104942510.8719617873 0.4000052975
104949717.9352381676 0.4000510867
104959335.5011297166 0.3999947960
104945403.0498804152 0.4000236719
104945471.9272459149 0.4000241093
104941567.5044782758 0.3999993046
104942349.6133199930 0.4000042735
104942501.6996837854 0.4000052394
104942067.6696434617 0.4000024820
104959069.5829932839 0.3999938202
104942106.4908091873 0.4000027287
104941997.5191115439 0.4000020364
104945656.5809310526 0.4000252828
104941627.7200151533 0.3999996870
104947335.6421023905 0.4000359505
104960098.9055446982 0.3999977407
104941589.1220124811 0.3999994421
104941841.5826962590 0.4000010458
104960380.9580731839 0.3999988941
104941972.8878315985 0.4000018800
104941562.1631635576 0.3999992707
104959852.0985795856 0.3999968535
104942424.5500382632 0.4000047493
104942493.5893858522 0.4000051879
104942153.7145476341 0.4000030286
104959585.9931600690 0.3999958406
104941894.4098717272 0.4000013812
104942482.6563404053 0.4000051184
104946412.7616710514 0.4000300871
104941666.5698551387 0.3999999339
104955533.2059358805 0.3999803564
104941564.2706057578 0.3999992841
104960329.0988702029 0.3999986265
104941942.7144887447 0.4000016883
104943587.7105347216 0.4000121386
104960285.6417804807 0.3999984854
104941581.9655622840 0.3999993965
104941825.7466887534 0.4000009452
104955544.8601126969 0.3999804467
104959036.0259476453 0.3999937173
104945039.7987075448 0.4000213642
104959832.8890466988 0.3999967425
104957704.0804451108 0.3999887040
104941670.7789054960 0.3999999606
104955541.5965700001 0.3999803700
104942141.6076521128 0.4000029517
104955333.9166299403 0.3999795752
104941670.6072415859 0.3999999596
104955432.7370414585 0.3999799534
104959944.5305649638 0.3999971805
104941756.7775987834 0.4000005072
104958704.8649900258 0.3999924849
104960340.8911073357 0.3999986355
104958453.9360590875 0.3999915192
104958909.8782484084 0.3999932311
104956379.5886515081 0.3999836148
104960083.8380433321 0.3999977254
104943621.9612551481 0.4000123563
104960346.7462498844 0.3999987304
104943041.0310021639 0.4000086658
104960311.3445436209 0.3999985943
104942298.7679486722 0.4000039501
104960296.5661125630 0.3999985274
104941917.8447347432 0.4000015303
104960351.7518770993 0.3999987468
104941736.4115032852 0.4000003776
104941579.5425691009 0.3999993810
104941888.0789338201 0.4000013412
104941641.8808257282 0.3999997771
104942881.7559096962 0.4000076539
104959733.5772656649 0.3999963895
104941973.5626419932 0.4000018843
104941920.4413803667 0.4000015467
104958216.4274531305 0.3999905921
104941729.9795926958 0.4000003368
104941632.5299288034 0.3999997178
104941866.4947148114 0.4000012040
104941853.0999852270 0.4000011190
104960097.8082790226 0.3999977839
104941982.5511169285 0.4000019413
104941829.2757009417 0.4000009676
104942890.0652035475 0.4000077067
104960442.2311251014 0.3999990935
104941988.1558428258 0.4000019769
104942042.8053379357 0.4000023241
104942485.7238346934 0.4000051380
104959271.0193422735 0.3999946318
104942394.0876041651 0.4000045557
104941875.7438216209 0.4000012628
104943221.8722917289 0.4000098146
104959396.2232916057 0.3999951141
104943652.3713943213 0.4000125496
104960404.8000071645 0.3999989523
104959558.1466335803 0.3999957008
104960378.2712352723 0.3999988617
104959420.0779787898 0.3999951589
104959492.7083356678 0.3999955001
104960454.9170603752 0.3999991515
104941567.5907216519 0.3999993052
104959874.6965521574 0.3999969118
104941628.3872060925 0.3999996914
104960090.1903893203 0.3999977468
104960306.5851517618 0.3999985745
104941671.6233768016 0.3999999661
104960090.6622305363 0.3999977530
104941799.0262213647 0.4000007754
104941573.3857333064 0.3999993420
104959664.8033996373 0.3999961335
104941649.0250661671 0.3999998225
104942285.0370501578 0.4000038630
104941901.8781622797 0.4000014288
104941570.9971540719 0.3999993268
104941585.2144752443 0.3999994171
104942739.7956487685 0.4000067520
104941921.5780390799 0.4000015540
104960425.4753317833 0.3999990422
104941591.1778968424 0.3999994550
104960373.7199221253 0.3999988435
104941566.8022489995 0.3999993002
104960330.4025723636 0.3999986768
104960449.9266353399 0.3999991290
104960424.7723543495 0.3999990172
104941650.4587726742 0.3999998316
104960386.1815710515 0.3999988981
104960408.9784073830 0.3999989578
104960357.2759957910 0.3999987676
104942226.5509541035 0.4000034914
104941609.7917241752 0.3999995733
104941572.9853392392 0.3999993394
104960416.1178822070 0.3999989935
104941888.5784845203 0.4000013444
104960449.6991001070 0.3999991223
104941990.3361316025 0.4000019908
104941630.1065833271 0.3999997023
104941701.6281634420 0.4000001567
104960461.0403153002 0.3999991641
104941742.4934618026 0.4000004163
104960470.7327338308 0.3999991998
104941900.0365111828 0.4000014171
104941571.3270746619 0.3999993289
104941930.3430307955 0.4000016097
104941596.3787387908 0.3999994881
104941810.3947859704 0.4000008476
104941654.4561833143 0.3999998570
104960422.1161287427 0.3999990182
104960430.0338278562 0.3999990476
104941807.0330812484 0.4000008263
104960404.2303137183 0.3999989489
104941553.4858256578 0.3999992156
104941601.9905207604 0.3999995237
104960320.2865225673 0.3999986344
104941589.0396194607 0.3999994414
104942302.0190358460 0.4000039708
104941583.5760190636 0.3999994067
104960470.2115778327 0.3999992005
104941603.6429277807 0.3999995342
104960465.9073658586 0.3999991802
104941566.5449585766 0.3999992985
104960374.7469713241 0.3999988323
104941592.9775235653 0.3999994665
104941586.1167687923 0.3999994229
104941628.9919099659 0.3999996953
104941552.4321537316 0.3999992089
104960413.3076637536 0.3999989787
104941931.0296215564 0.4000016140
104941567.4946259856 0.3999993046
104960326.4451685250 0.3999986448
104941576.9531169087 0.3999993646
104960419.5870002657 0.3999989981
104960457.1922767311 0.3999991448
104941672.6710669249 0.3999999727
104960349.4255668521 0.3999987385
104941552.0000000000 0.3999987385 1 0 0 0 0 0 0 0 0 0 0 0 0 0 0 