367384736.8454206586 0.0000004722
352332783.9402409196 0.0000004482
351424057.3368543386 0.0000000374
378446789.6885442734 0.0000000388
382160163.8193361759 0.0000005277
387821064.0658470392 0.0000000582
367536854.5874198675 0.0000000195
353811096.8184323907 0.0000004380
391324398.9779535532 0.0000000385
366471553.3174588680 0.0000013330
426291275.8075144291 0.0000001530
340667026.9061658382 0.0000001358
349687414.1427959800 0.0000000007
337938004.7171851993 0.0000000480
336887586.7440451384 0.0000006658
348348325.1583405137 0.0002950027
385932647.9998003840 0.0000004337
332219697.5876679420 0.0000010190
311745096.0347655416 0.0000013450
312448653.1164696217 0.0000002433
287484901.2928746343 0.0000005433
282366647.1687735915 0.0000005336
315898701.4780839086 0.0000000498
262150074.8685550988 0.0000005733
256831020.3677246869 0.0000010523
362593527.5586249232 0.0000002295
301177857.9626215696 0.0000002684
279902072.1885886192 0.0000003289
282461258.2917169333 0.0000001145
244035831.6790502667 0.0000016036
259124675.9347322583 0.0007105386
187661435.7405871153 0.0000576395
224949345.5419254005 0.0000622707
189569603.8894263208 0.0000596406
220798618.4014651477 0.0000408671
192634491.7612203658 0.0000457801
200138051.5878703594 0.0001557326
193650009.8243669569 0.0000506645
199766249.0884709954 0.0000744437
197235947.2274483740 0.0000514851
217993269.1541432738 0.0000866871
215007250.4337129295 0.0000355511
183739003.0032714009 0.0000580030
186682216.5601290464 0.0000463235
215886098.3729551435 0.0000205425
185939438.4965220392 0.0001115683
215950647.0974241495 0.0000455547
186044622.4053668678 0.0000592305
227621896.1877749860 0.0000105439
183795686.0935792625 0.0000534313
184224889.3915368021 0.0000757987
205931860.8305750787 0.0000872615
207415854.2941231132 0.0000839064
191112363.5480986536 0.0000479462
176790857.6137773991 0.0000821089
177075476.5621927381 0.0000916042
173990426.7824649215 0.0002069265
171788459.5996811092 0.0002843960
186225393.4446834028 0.0002029965
178959943.7946162820 0.0007969444
179163420.0079492927 0.0000729822
175346006.7401346564 0.0001201212
166212677.5788019896 0.0004991483
167003873.8358175159 0.0004795202
230400864.1729938090 0.0000618556
175324031.5202938318 0.0008443794
198207822.8903550506 0.0012677887
169131480.8878084421 0.0004823060
181848293.4514401853 0.0000327290
168589797.0665225983 0.0002081077
247996450.5015567243 0.0000000259
177171843.9556232989 0.0004040489
162322197.2746749818 0.0000336616
178865952.5301381648 0.0000628713
182065505.8508856297 0.0000200566
154965017.9898629785 0.0000616034
134204331.7400870621 0.0000109070
126357044.0129447728 0.0000100448
134911136.4898657203 0.0000055086
150523534.4729306996 0.0000135884
174290331.9758720398 0.0001184258
127931687.3660832494 0.0000098801
178788397.6012097597 0.0000012871
122549735.6849768162 0.0000225989
123325434.8023991734 0.0000534740
123231106.5165678710 0.0000246199
124693957.7197912335 0.0000000008
120487474.3529584557 0.0000169495
168095772.6913767755 0.0000011610
130393895.3046447337 0.0000161702
144451616.1414725184 0.0000199226
122090044.3896216452 0.0000125579
134148430.6174239665 0.0000112647
124789186.8207684904 0.0000245104
137153460.5321870744 0.0000072929
123479235.3130624890 0.0000062982
167389908.4104644656 0.0000064040
131670283.7398487180 0.0000175743
151163344.3032963574 0.0003833403
125259186.5416223407 0.0000150066
141184990.4667314291 0.0000028037
129262777.6031468809 0.0000046903
133202218.4130256623 0.0000011575
123326784.3422308266 0.0000014113
136368316.5351027250 0.0000076749
130419833.9668514431 0.0000184666
129507381.4675556421 0.0000014649
125043076.4574106038 0.0000130342
135145227.5419544578 0.0000007313
125376062.7874691784 0.0000196032
165887813.0511006415 0.0000425941
124948170.5534735769 0.0000203045
171964185.8631280065 0.0000011250
129654105.2901426405 0.0000083768
153463680.9196937680 0.0000073743
135622213.4555589855 0.0000116886
135370802.5300894082 0.0000084496
122839165.1943346709 0.0000168991
169868152.4740149379 0.0000000716
130910828.6225776374 0.0000210421
136880653.8233907819 0.0000000057
123764409.6042230278 0.0000095400
153667898.9923952222 0.0000605272
121607712.8956026286 0.0000120062
151576087.2680922449 0.0000050052
121874292.2846184969 0.0000072069
148373513.7494836748 0.0000464989
123578426.4360491782 0.0000479626
136172144.6662890017 0.0000426168
125799451.8711321652 0.0000327412
149794188.3570272028 0.0000243356
123883385.7975485772 0.0000609472
125467097.5049803257 0.0000063072
122070690.8953728527 0.0000142478
122038176.2590611875 0.0000235278
128118469.1533763558 0.0000199643
126016753.2697333544 0.0000147700
124847116.1442604512 0.0000911779
126070998.0656651556 0.0000147268
121433877.2565156519 0.0000171363
133723951.6589701325 0.0000067375
126317005.9004276693 0.0000146752
122396003.8548222780 0.0000193860
121137646.6152017117 0.0000174907
136730078.7910897136 0.0000132402
122208443.4486769736 0.0000198494
122175720.6133467108 0.0000162703
123089808.0245854557 0.0000196385
125434887.6001240462 0.0000124391
125075390.0239714980 0.0000154114
126173280.0318126231 0.0000222423
120560613.5056402981 0.0000170405
123232361.8531651944 0.0000197084
121908909.3935586661 0.0000141513
123659182.9678722024 0.0000237671
126223995.4639344960 0.0000240114
124074248.6061089039 0.0000148993
123161863.1934761256 0.0000393225
122191454.7518418431 0.0000161708
125540561.5923109949 0.0000120512
124156552.5017766953 0.0000388050
123036800.1764281690 0.0000162622
127478448.6091063172 0.0000202323
124401082.7047035545 0.0000185473
132301658.3844214827 0.0000173725
120847189.1571610719 0.0000201178
122650885.2287645340 0.0000068117
126245884.9531797618 0.0000157497
131776176.9097151011 0.0000118130
120867671.2583080232 0.0000225472
124669690.5979101062 0.0000287005
126296691.6834561080 0.0000116053
131878488.8437318653 0.0000133426
120536566.2455330491 0.0000155831
124148066.1908497065 0.0000205860
122604115.4387178421 0.0000165779
131243992.6138395071 0.0000068572
122992813.6058709174 0.0000185139
124996384.9853863120 0.0000175001
125067244.4685741216 0.0000137079
127458207.8387911320 0.0000316328
123278396.9110101312 0.0000157797
125210347.2442289293 0.0000035454
123437282.2898679078 0.0000167761
135954665.0887818336 0.0000095175
125924356.1283972114 0.0000149387
121496946.0265818983 0.0000045839
123267337.6013911068 0.0000080156
125684362.6512661129 0.0000125660
126057362.0219443589 0.0000164915
124001655.5010759979 0.0000197537
126910184.7839028388 0.0000171204
125125016.2111162543 0.0000163479
120907377.4479593486 0.0000166469
123155459.4929894954 0.0000174586
120558022.2051227391 0.0000183731
122286994.2539866418 0.0000159411
126385198.5971069336 0.0000172146
126787968.5801506341 0.0000154516
120541068.5549103320 0.0000170782
122751461.6376791000 0.0000152269
120939865.3119038939 0.0000160858
125083798.4455909431 0.0000171370
124590244.6485766321 0.0000181061
123779421.3139810562 0.0000151060
120971903.1630657911 0.0000162812
120527188.6634524018 0.0000197865
125974237.7243571132 0.0000173189
123783274.9732641429 0.0000182885
120527072.9913519770 0.0000173973
124627950.5025186241 0.0000187112
121263467.3979804069 0.0000148311
121539195.1448625475 0.0000148485
126078335.6259730905 0.0000174016
121525976.1772709042 0.0000173926
120501357.2674661726 0.0000165835
123979186.4119681120 0.0000179476
121122277.9306606203 0.0000164899
120579956.2942949682 0.0000175910
120796858.9550385177 0.0000163887
122812101.9699143171 0.0000178562
126274368.8034227341 0.0000169679
124794242.2456436753 0.0000169122
120621217.0377252251 0.0000164982
124077428.0545639843 0.0000313117
120488057.9703356028 0.0000183207
123442128.5246204287 0.0000167082
126712638.3951137513 0.0000166705
122320493.1643472761 0.0000174636
127258939.6965973526 0.0000158049
122379775.5446943194 0.0000172550
120526445.7179378718 0.0000169508
125507019.6377754956 0.0000181933
126590103.0830802768 0.0000163068
125449757.1452099532 0.0000166137
120489122.0984832197 0.0000169359
122489423.5527086705 0.0000164839
120512761.1709125489 0.0000168218
120659673.6457126886 0.0000171438
120489319.2444698513 0.0000174953
125876716.4678376913 0.0000165209
126093874.0063603520 0.0000173150
126458217.0916295797 0.0000165987
125652750.7583371550 0.0000167680
120574423.0856601745 0.0000167515
121103214.6094388515 0.0000170711
120490969.2489516735 0.0000170428
121318023.2348387986 0.0000160896
126671921.6642997414 0.0000172043
120507769.2689687312 0.0000157196
120609447.7834055275 0.0000161971
121002539.8940990716 0.0000186388
120610912.6340599507 0.0000169072
121267851.8147097379 0.0000166203
126634140.7750203758 0.0000168224
126117699.1843000948 0.0000167531
126763218.3853591383 0.0000169914
121086342.5814042836 0.0000172594
126616754.1520585865 0.0000170146
126434058.3996737897 0.0000174676
120547037.9943726957 0.0000167742
120505795.3585265428 0.0000169090
120680681.4107730091 0.0000169416
120519157.5298285782 0.0000171687
120539877.7590844780 0.0000169049
120529199.8011522889 0.0000170325
126624630.9204894751 0.0000167408
126657306.3259199858 0.0000176811
120641909.5848718137 0.0000168528
120980907.8337764740 0.0000163916
120574749.5232984722 0.0000169963
120486492.6766906232 0.0000168087
120460119.0740410089 0.0000171398
126547359.3724462092 0.0000174559
120601863.3447241932 0.0000167399
120494188.5562450588 0.0000171589
126745624.6263915896 0.0000167024
120491702.8341647536 0.0000172143
126513778.0715155602 0.0000169368
120484510.6214195788 0.0000172108
120845345.3088557720 0.0000167467
120483364.9811174124 0.0000171244
120829298.0141350478 0.0000168602
120468487.2723474950 0.0000172367
120695951.3285677433 0.0000168142
126732966.0853551179 0.0000170260
120833384.3758341521 0.0000170614
126568091.9895628542 0.0000171381
121032415.6951869577 0.0000171566
120466451.6725192815 0.0000171686
120559371.7259631455 0.0000177974
126701821.6608426869 0.0000168973
120456972.8557793498 0.0000175519
120469926.1930370629 0.0000175659
120502456.7265780270 0.0000176141
126463785.8594104797 0.0000175478
120549691.7959159613 0.0000173997
126565297.8117208183 0.0000175556
120774405.2070792615 0.0000174155
126618438.6979379505 0.0000178067
120883188.4452482313 0.0000173125
126560484.8622750193 0.0000175377
126461154.0784930736 0.0000176513
120462458.2463406026 0.0000175664
120863843.4145144522 0.0000179668
120462901.8288900405 0.0000176743
120629108.0786716938 0.0000170036
126559820.2569460422 0.0000176244
120470646.9002666622 0.0000179546
120510224.5241763890 0.0000174753
120472610.1111332178 0.0000176069
120535345.3706866503 0.0000173612
120481338.5733123273 0.0000165270
120521139.4657898396 0.0000174809
126288540.2596946955 0.0000171796
126596800.1081713438 0.0000177003
120550509.8603660762 0.0000179024
120513170.7840537429 0.0000174450
120466942.0543048382 0.0000171879
126544142.9892244190 0.0000175856
120604517.9662741125 0.0000178423
120454426.7187233418 0.0000175431
120474712.0458643585 0.0000173356
120497501.0509877056 0.0000174306
120537517.0419064313 0.0000177830
120527797.2588913143 0.0000174976
126610282.1027123481 0.0000178797
120509338.6665964127 0.0000175191
120674713.0958742499 0.0000172967
120535301.8388404101 0.0000174954
126586614.2002581805 0.0000178835
126596024.8641434759 0.0000175596
120655492.1808510423 0.0000175129
126592309.9036747366 0.0000177222
126599554.9385038912 0.0000174480
120569556.4776389301 0.0000178152
126575003.2752192467 0.0000175558
120527941.4232283384 0.0000174674
120476823.7765208930 0.0000175275
126457449.1385449618 0.0000178990
126641336.7148374319 0.0000175648
120667861.5239638686 0.0000173087
126616323.2941231430 0.0000176044
120451868.8387100399 0.0000175215
120466644.4200114757 0.0000175086
120465485.7656041235 0.0000175903
120557433.5735824555 0.0000175637
120596087.9424989820 0.0000174127
120471705.6948944777 0.0000176711
120665144.1525337845 0.0000177971
120526338.0115263164 0.0000175255
120567997.1047780663 0.0000173213
120547133.5116089731 0.0000175021
120518791.9689157754 0.0000178099
120451247.8565512002 0.0000176208
120562868.1180832237 0.0000176428
120551615.2686796933 0.0000176357
120660028.5709962547 0.0000173280
120532813.8768081069 0.0000175710
120478252.7293320298 0.0000175096
120557603.8122616261 0.0000176443
126627744.1457735300 0.0000178887
120521407.2326822728 0.0000175927
120711495.5205484480 0.0000174888
120554937.1544290930 0.0000176563
120840078.8141667992 0.0000174440
120562350.0809406191 0.0000175604
126488619.5642255843 0.0000178211
120451480.6945419610 0.0000176142
120740558.9327817559 0.0000172948
120566664.0504664332 0.0000175925
120553377.6446789652 0.0000177109
120483338.3535982221 0.0000176658
120526975.9580798894 0.0000175083
120517747.4676301330 0.0000176632
120510940.9113902301 0.0000174790
120504314.6934856474 0.0000176736
120551057.4583715945 0.0000175152
120540742.6350830346 0.0000176292
120548402.9954221398 0.0000174925
120562692.2357871234 0.0000175672
120550497.4213301092 0.0000175105
120509354.9752782881 0.0000175949
120555520.0079716593 0.0000175112
120500508.4403386414 0.0000176394
120548023.7471960038 0.0000175102
120561045.4896392077 0.0000175658
120457980.9757647514 0.0000176069
120467911.0648933053 0.0000176994
120455948.6782009304 0.0000176507
120607009.6989905089 0.0000174089
120569748.7752994299 0.0000176406
120500421.9512076229 0.0000175377
120562095.0146181732 0.0000175846
120475821.9417522997 0.0000177760
120558121.6167819351 0.0000176348
120465339.9918238521 0.0000177755
120504829.4747444987 0.0000176186
120466332.9882360846 0.0000175920
120450880.5226591974 0.0000175505
120601045.1342779845 0.0000175182
120564480.3133690059 0.0000175474
120556092.5171882957 0.0000175233
120462294.0803188235 0.0000175402
120531744.6179055572 0.0000175243
120455811.7712248862 0.0000175614
120538153.2903405130 0.0000176294
120568372.5689549744 0.0000175635
120490450.1677562296 0.0000175525
120470778.1429301649 0.0000175291
120479869.0530182570 0.0000176294
120483301.3156580925 0.0000175198
120487055.5420211703 0.0000174409
120540508.7347764969 0.0000176041
120527774.3708523959 0.0000175367
120563207.5302118361 0.0000175226
120566037.5977856815 0.0000175437
120500115.0333851725 0.0000176411
120455334.2635366768 0.0000175520
120542297.6348813772 0.0000175376
120457374.7325728536 0.0000175762
120454555.0167935044 0.0000175120
120463310.2975044399 0.0000175550
120458701.2478298247 0.0000175090
120471269.3362659663 0.0000175492
120516463.9030427337 0.0000174703
120562835.3619996458 0.0000175625
120564488.9248211533 0.0000174879
120452108.4169265032 0.0000175456
120485125.3582893610 0.0000175605
120535779.8904046565 0.0000175553
120486160.1243312955 0.0000175648
120471402.7414631844 0.0000175426
120565783.9931316972 0.0000175928
120465385.5801388472 0.0000175091
120476620.8434768915 0.0000175791
120556554.2207975984 0.0000175567
120467645.6566859782 0.0000175846
120451797.7039302588 0.0000175458
120566955.2290961295 0.0000175688
120456466.6089940220 0.0000175205
120568351.7315418571 0.0000175484
120464355.6163413227 0.0000175450
120448037.3708182573 0.0000175570
120448546.4307453781 0.0000175357
120450915.6985691339 0.0000175562
120460920.6300473064 0.0000175328
120448005.2066260278 0.0000175351
120556062.2288028300 0.0000175335
120567780.3666994572 0.0000175352
120468495.5963942409 0.0000175351
120567160.5704902261 0.0000175473
120471995.4474477470 0.0000174806
120450152.3236046135 0.0000175348
120549670.7782638371 0.0000175229
120450392.7537916899 0.0000175279
120462882.7685488015 0.0000175287
120455718.2467790097 0.0000175224
120463159.6347259879 0.0000175462
120454862.0558258593 0.0000175425
120451264.3824585676 0.0000175063
120563487.2551639378 0.0000175540
120484264.9441637546 0.0000175023
120449913.0915891826 0.0000175239
120449360.8928331584 0.0000175612
120565706.6087356508 0.0000175400
120450939.5453281403 0.0000175380
120452991.7689422369 0.0000175275
120455266.6643121988 0.0000175663
120447620.2144032270 0.0000175382
120519156.7917941958 0.0000175326
120558508.3014448881 0.0000175453
120499585.9823915809 0.0000174802
120453148.4988070130 0.0000175346
120452858.0113659799 0.0000175713
120448109.3544622064 0.0000175383
120452786.5740703046 0.0000175645
120452332.2163610309 0.0000175513
120463774.8713295460 0.0000175720
120450788.5712198168 0.0000175325
120470504.1393100768 0.0000175383
120567847.3650316298 0.0000175335
120553766.1631716639 0.0000175686
120450381.5302110314 0.0000175408
120565727.6469952762 0.0000175401
120461354.4271975309 0.0000175457
120558886.6923850924 0.0000175471
120563919.1543066204 0.0000175426
120447562.2190559953 0.0000175327
120464010.4639517516 0.0000175247
120447958.4316584170 0.0000175333
120455477.6030295193 0.0000175318
120567999.3020334244 0.0000175383
120452947.5110267848 0.0000175155
120568382.9724265486 0.0000175356
120457651.3322895765 0.0000175188
120567930.1364854872 0.0000175328
120561836.4375593364 0.0000175234
120567510.5805060863 0.0000175359
120563024.2993483245 0.0000175321
120567923.7507539243 0.0000175326
120455064.3994660676 0.0000175396
120565723.7158655971 0.0000175317
120567549.2147244662 0.0000175455
120447495.0940904915 0.0000175306
120448120.8423828036 0.0000175478
120452009.3006567657 0.0000175209
120461074.7814030349 0.0000175312
120451245.1958259642 0.0000175315
120464884.2959216088 0.0000175180
120566418.5113681257 0.0000175319
120454351.7006177902 0.0000175196
120449173.5588089526 0.0000175311
120562554.5296204239 0.0000175301
120564127.2052067369 0.0000175409
120461985.5203954130 0.0000175069
120559479.9884698689 0.0000175319
120448054.8336686641 0.0000175343
120568685.8294178993 0.0000175366
120566784.1244303286 0.0000175318
120449979.6133922189 0.0000175255
120567981.6047382653 0.0000175324
120453825.7324182391 0.0000175168
120567822.3836736381 0.0000175304
120452132.5973348767 0.0000175227
120448414.3152264953 0.0000175314
120454393.8194449693 0.0000175235
120568167.3106305748 0.0000175309
120448593.2006877661 0.0000175297
120448741.1962640733 0.0000175298
120447729.9222228229 0.0000175329
120447482.4022695571 0.0000175312
120453081.8865112364 0.0000175303
120566903.4164428115 0.0000175305
120457642.2152139395 0.0000175377
120448599.9000727683 0.0000175316
120453854.1537013501 0.0000175173
120568562.7163070589 0.0000175308
120453097.1081529558 0.0000175282
120567921.2121564746 0.0000175315
120568339.5018909127 0.0000175346
120568032.7863651216 0.0000175323
120451831.4612291902 0.0000175208
120567125.3347426057 0.0000175314
120448547.8171309829 0.0000175264
120568519.2896853238 0.0000175280
120448192.3595730215 0.0000175308
120449131.5271604061 0.0000175319
120567700.8216773868 0.0000175318
120450464.7291823030 0.0000175294
120448762.6328086704 0.0000175308
120449833.9136174768 0.0000175328
120448395.6833842099 0.0000175330
120566514.4780659378 0.0000175331
120447708.2522767782 0.0000175304
120448632.9577535540 0.0000175329
120447831.5714143962 0.0000175303
120568141.0993525684 0.0000175313
120448286.4622981995 0.0000175306
120451970.2525608093 0.0000175307
120568220.7046869397 0.0000175301
120568371.2773348093 0.0000175351
120567680.5353624970 0.0000175286
120447999.0378129929 0.0000175344
97489831.0000000000 0.0000175344 1 0 0 0 0 0 1 0 0 0 1 1 0 0 0 