1004903371.3163492680 0.0002566230
929619522.5064663887 0.0001465884
938710947.8653575182 0.0000000564
970641764.9710803032 0.0000059674
1081519239.5014772415 0.0000072871
1017998250.8043204546 0.0000081021
1004611784.6058690548 0.0008760127
933338143.7771774530 0.0003260951
1019575801.3317489624 0.0000045325
1165649286.4271168709 0.0000040372
995819255.7997095585 0.0001390117
907028368.6166018248 0.0000004826
933310406.1965268850 0.0000342766
903463246.9513381720 0.0001873897
886283901.7136845589 0.0004913399
1007421203.8746649027 0.0002618983
1038609043.5275666714 0.0001894770
775560464.8877865076 0.0008787055
738312614.6075527668 0.0011635944
735210776.1722353697 0.0009671252
684668554.4354172945 0.0000181223
665422996.3328020573 0.0002232886
705087516.5198988914 0.0001291175
612480471.4431450367 0.0002096988
596882542.3655476570 0.0000529410
701786922.6606019735 0.0000498387
699277930.1233568192 0.0000022715
603406038.4694782495 0.0000342636
687310505.8535742760 0.0001751120
555656824.2536888123 0.0000432295
650044892.1844745874 0.0000230426
423105825.6687840819 0.0004725756
443675812.6395865083 0.0004310034
467689978.2087293863 0.0005691802
584204452.7985931635 0.0000002813
420237057.3050845265 0.0005322571
474285620.5370067954 0.0001645501
419963204.5532752872 0.0045340430
472613642.3435590863 0.0030830317
451668607.3561491370 0.0042169589
455784013.0930032730 0.0020456695
421201838.9696299434 0.0050416834
443602774.7546941638 0.0003100760
432467006.8596459031 0.0031534920
449130028.3777087927 0.0008305668
443279711.9436770678 0.0038169749
388645554.6492678523 0.0098469610
379684866.1600714326 0.0104111095
468668263.5235580206 0.0044710416
387679010.8975298405 0.0097907969
360719897.6301714182 0.0109422315
358581025.6616743207 0.0125905929
400849827.5881260633 0.0111700251
362815041.4298006296 0.0042622074
327574020.2516643405 0.0036402281
313328339.4182464480 0.0039652669
366072642.9618812799 0.0021747202
368727635.4455022216 0.0024482078
359755784.1178438067 0.0017762000
312179990.7831652164 0.0040844578
325098275.4739466906 0.0029602899
326530533.2976827025 0.0035943660
309779769.1748479009 0.0064645520
300278126.9823250175 0.0053414407
296356455.0476174951 0.0049460445
295724911.1717023253 0.0053198129
309875465.4688248038 0.0062355990
288545306.1797087789 0.0061886935
237015494.3754515648 0.0078880927
252124674.3481615186 0.0064789626
291871518.6585047841 0.0047410893
241745240.0255253315 0.0083236160
368838276.9313139915 0.0036076700
279852038.5218564272 0.0062416165
289775986.5885639191 0.0056328773
240478667.5385184586 0.0204203323
266088470.0825566649 0.0041208256
238046795.3415279984 0.0082856218
334168203.8436887860 0.0060987157
283739006.8526781797 0.0071682605
359755356.2694168091 0.0033804513
234131473.6449165642 0.0075256409
324070616.5055056810 0.0036085361
254838789.6272213459 0.0122624142
277092252.5894662142 0.0026693217
228902657.9521622360 0.0083173897
288708875.4381619096 0.0065226949
236298189.0691179335 0.0063629464
265560036.2057703435 0.0156776037
231769590.3173709810 0.0070443653
284920612.0805498362 0.0029300264
242627744.5708027482 0.0035188530
293400020.9240909219 0.0017698237
232170263.7412207723 0.0043757696
315907237.5001193881 0.0207478172
243399706.3338460028 0.0238378652
294987316.4518516660 0.0002641992
256016035.4414346814 0.0062097272
267323246.2389752865 0.0016767365
223636950.6710990667 0.0100825437
341346270.6623349190 0.0038774051
219454591.4759558737 0.0092508824
229379594.3932684660 0.0174217649
223130011.8434909582 0.0084990779
228023625.5136169791 0.0009212085
220389168.8695934415 0.0092316694
269517207.7869869471 0.0095317439
219014410.1535731554 0.0102722942
263296033.5288095772 0.0066631426
234737493.0646672845 0.0101207519
302809199.2003847957 0.0083963523
246582226.6522800028 0.0154882598
258063329.0124520957 0.0013057094
244327712.2199664116 0.0066856739
218333848.4195240438 0.0109654218
254129379.2811771929 0.0053178762
217505453.2100304663 0.0113114890
219005081.5777085423 0.0176721922
206850201.2782915831 0.0139843976
211641048.6721366644 0.0131756000
227450293.3893227279 0.0304646402
208406837.2075659633 0.0096093324
209907629.1465112269 0.0128304009
221939341.6893325448 0.0115857573
205685067.4087713957 0.0113979822
198466509.5396934450 0.0079290341
208537166.8160677552 0.0075005142
194340096.8641905785 0.0020267467
198501033.1554520428 0.0018222376
203342015.8365875781 0.0001364780
196452523.2754676342 0.0024399121
208330571.9087424278 0.0042666530
199739361.0291194022 0.0020900709
202542569.0065971911 0.0008355287
196841382.7073020637 0.0029597035
201069544.0177006423 0.0000262058
197262373.5492736101 0.0020750008
217810323.8984498680 0.0002961598
197895283.7673519850 0.0012917506
224515289.2215663493 0.0004423385
194474518.8245783448 0.0019779280
214017014.5191072822 0.0005986711
191187814.9608338177 0.0020430095
223993918.4919980466 0.0051767515
199613569.8877662718 0.0019030107
191183141.2745239139 0.0000607712
207710931.6023096442 0.0000686097
210932316.7450923026 0.0011152988
191658367.7051299512 0.0000208363
208762240.7629139721 0.0014132469
190595896.5240487456 0.0002593347
193301075.0921574831 0.0000523582
187740597.1348840892 0.0002583560
206795265.9748411477 0.0000156294
187944679.5590032637 0.0000449270
215530286.8388578296 0.0144972535
187822382.9179213643 0.0005469201
189038079.5456992984 0.0005270847
191874087.9675383866 0.0002677445
202022040.5535877347 0.0000045321
192374786.8986437321 0.0002005109
204219954.0896888673 0.0000048596
194803521.5103011727 0.0000272893
202892755.2944865525 0.0003139137
188497314.5287853777 0.0000146202
245988815.3540982902 0.0000581373
190381608.3375274539 0.0001815019
213195265.6878126562 0.0026659194
189340809.4050457776 0.0004885417
204564894.1086517274 0.0000005630
190601246.6166483462 0.0003346830
201239436.1722873449 0.0002601779
188633814.5339927971 0.0000077327
202644264.9172686636 0.0000069884
189340867.5915055275 0.0000082869
183187111.4308967590 0.0000736537
189462451.1269753873 0.0000343427
178824254.4402064681 0.0029721310
176999573.3022119403 0.0049254970
219375271.3893487453 0.0078517595
179676611.2004700601 0.0066326638
176479212.1106836796 0.0157137884
176205284.1013090611 0.0162542008
180559052.9765537977 0.0268764668
177304906.9528736770 0.0133570807
190508008.6116211414 0.0003062707
176743797.5913174152 0.0165295731
194387997.4727551937 0.0063179000
182145283.2817993462 0.0146537939
204570249.8238062859 0.0145463463
172978244.4171420336 0.0167248446
175828868.4956197143 0.0198042927
175860435.6479682624 0.0165439449
182634328.7281026542 0.0214772753
173807939.1755604744 0.0159482440
182418258.2578816414 0.0203041554
176811981.5957180262 0.0156989795
181729455.4734094143 0.0225407366
175673946.8809126019 0.0200778171
170654054.5011795759 0.0043284027
172064095.4754736722 0.0051404013
178285402.7010017037 0.0089188856
174593321.7606776953 0.0040196043
170525788.4264768362 0.0001023495
171666041.5381917357 0.0000544649
183192872.2934207022 0.0011123143
170645565.9234079123 0.0002450540
177233378.8009174168 0.0010570260
172923540.5008931458 0.0001717935
181779491.8038761914 0.0005634947
172886986.4502746761 0.0006407613
181795347.1527236998 0.0000085574
171288726.4524403512 0.0001221315
177297884.7638185918 0.0006240336
173209341.6469984949 0.0001249595
172200321.1855266392 0.0013629659
175570663.2905821204 0.0000975302
196090529.7835748196 0.0001737389
174715198.8010900021 0.0000447984
174395022.8208479881 0.0002304442
170693390.3097957969 0.0000026459
174394464.9233624935 0.0003438612
172520742.6067062616 0.0000182329
199542445.9034425914 0.0002334115
173355180.7754874229 0.0001699148
205817983.5574678779 0.0006872015
171982981.6407403350 0.0017569661
173579360.8544914722 0.0048112924
175596255.7017243505 0.0008745989
172514026.8965261877 0.0009162444
170619252.1597790718 0.0000928501
173839611.7421494722 0.0000183573
170194267.0648873448 0.0000335019
201036823.1233468056 0.0002267309
171578225.2082350254 0.0000025591
175767246.2272329032 0.0009389324
172287491.4791238904 0.0000315882
188421082.4941977561 0.0022578853
173464137.8484286070 0.0000029112
172034874.1406828761 0.0026437928
171249719.1163439751 0.0000014071
201108581.7299493253 0.0001376733
173546188.7378333211 0.0000134545
181582088.5731557310 0.0000397257
175147051.8316595852 0.0000001500
194892931.5184813440 0.0002632306
172924833.1857257485 0.0001360108
170360944.5724978745 0.0000670746
176941818.2765803337 0.0000000313
171228762.7995697260 0.0001857254
177158881.6552320719 0.0010085692
173557206.0297869742 0.0001271524
173978383.4965451062 0.0003715117
170291615.1781380177 0.0000791437
170157180.7018541098 0.0000755796
169373762.0580517054 0.0000680378
177927956.2652936578 0.0000221849
169524934.9194729030 0.0000942241
175030424.3061967492 0.0001337397
170530853.8410581648 0.0004850404
181137535.3202131093 0.0000109641
169147274.0730375946 0.0000587926
173339271.6955201924 0.0000055025
170074182.3922925889 0.0000488763
168484712.9275127947 0.0004246663
169769642.2391253412 0.0004274397
174192121.1023788452 0.0001039176
171963231.8163445294 0.0002235344
172247161.3506086171 0.0003854470
169368638.4889529347 0.0009266044
178821447.4472673833 0.0001935415
168852183.5242718756 0.0004378996
167843025.4167369604 0.0000436674
167744680.4609978795 0.0001923383
178773178.2323383093 0.0005660509
175949827.3735952675 0.0002185834
169010475.2947976291 0.0000003010
169118760.8119271994 0.0001564129
173715546.7130601108 0.0000064769
172557916.3391153216 0.0000759447
173533591.4332002401 0.0004975037
167488483.9782601893 0.0001968485
170603855.8572856486 0.0004285893
168984540.5885928273 0.0000847802
166905268.0863619745 0.0002030242
165170563.1976877451 0.0000038149
171049975.2348838151 0.0000144697
165890438.1393896341 0.0000377078
165662633.7619458735 0.0011222863
171080339.6651591659 0.0000439409
171972924.6812564433 0.0017833141
165577384.1043273211 0.0000002001
167546078.9775118232 0.0000701792
166379402.5921989977 0.0000122701
165882985.8499488235 0.0000300463
166055715.5991338491 0.0000049898
167966409.6584134996 0.0005905618
166267358.9764301181 0.0001172864
164564437.2624464631 0.0000262709
166977498.1391124725 0.0000038168
171125161.2457392216 0.0000191214
167028459.6586768925 0.0000336875
176968483.5416580439 0.0006364705
167642410.6686299443 0.0000735952
165671602.3503018022 0.0000397744
167260236.0215560198 0.0000236514
169922827.6843919456 0.0007128422
165021269.4761276841 0.0000003436
166177135.4287231266 0.0006112321
165113356.3335464299 0.0000017057
169940622.3745626807 0.0004390632
166007688.3123693168 0.0000064583
165884006.3560954928 0.0004921601
164996945.5913826227 0.0000767733
167014315.4958902895 0.0000014926
165876589.8489148915 0.0000715103
165268586.4094761610 0.0001328480
172214316.8019138277 0.0000587876
166793174.0702761412 0.0017844218
165291672.3307704628 0.0000271642
167446128.8924019635 0.0007442805
166905870.3647632301 0.0000148664
167572048.8846518099 0.0000502666
164628873.1025961339 0.0000126276
174840471.5734836459 0.0005044398
165048648.9592659473 0.0000558168
168304926.2007667124 0.0000421252
165643751.4626570642 0.0000596622
170560454.4517170489 0.0001495587
164917101.4005595744 0.0000041957
167239297.6636391580 0.0002811397
164525615.8779236078 0.0000285543
173234851.5233562887 0.0001835926
165891680.3370212317 0.0000128357
163524737.4962115288 0.0013545544
169135060.1808104217 0.0009225312
178765601.5724979043 0.0014547409
169911368.4837272763 0.0017460472
165290364.7446466982 0.0030488282
166468307.7299676836 0.0012388819
166135550.0983305573 0.0001101451
170233373.0280260146 0.0015916171
163612817.6694255769 0.0027674243
168245883.1471459866 0.0015495847
170495064.0406115055 0.0006945378
169320352.5929022729 0.0011894524
170452184.8661257029 0.0018556171
165057430.6296830773 0.0011176940
164693010.3860448897 0.0021349252
166608322.6523328424 0.0015405760
166422305.7509787977 0.0011297196
164007593.3022862077 0.0017746295
173829115.7119896114 0.0012084546
165629820.2741832435 0.0019051849
169015058.9414138496 0.0002285188
166272289.2405733764 0.0014374103
174125113.6348740160 0.0020739447
170038686.9790750146 0.0010558778
166514708.8378663659 0.0049712640
163719826.7037655115 0.0013638694
165938527.6172415614 0.0009443366
169316819.7997044623 0.0011093520
167948756.7224787176 0.0008257198
169206198.0344528258 0.0024776465
170797924.7282058597 0.0001305761
165208227.8775839806 0.0004273604
168843698.4386563003 0.0004463538
164194862.7956258655 0.0018360701
174190769.2972576618 0.0029868288
166889039.0849732757 0.0010758237
170081298.8097826242 0.0018202206
168748429.5977365673 0.0011264913
170039374.8386648893 0.0015614237
167933616.1125598550 0.0008616432
168634805.6842882037 0.0013170744
169248494.4738127291 0.0006060535
168661890.9565463662 0.0012956702
164185397.6291708946 0.0012500566
163952349.7225526571 0.0012525591
166638987.7395382524 0.0017469575
169590858.8767726123 0.0010850777
164530253.3924439251 0.0021792458
169477750.6626373231 0.0015741269
170124147.7367599607 0.0038521418
170553833.9816463292 0.0011821218
168077895.0778445303 0.0018845651
163522299.7272732854 0.0013525529
170558716.7911770940 0.0011258543
164187767.7509257495 0.0014559858
168612393.2202734649 0.0021447609
169462950.2444705963 0.0013182858
168072606.6468248665 0.0004306803
163535259.4589335620 0.0012293638
169972515.0443612337 0.0021890067
170142804.3274001181 0.0008823206
165872572.1766391098 0.0008806871
164036745.7892857492 0.0014212248
166781433.8695963025 0.0009480730
164269618.7060837746 0.0016852235
167583290.2022937536 0.0005509077
168998817.1484158933 0.0013399098
167287351.6665948331 0.0014869698
169073730.9189457893 0.0008820702
166142749.0161961913 0.0030749363
164919791.4517822266 0.0014800742
165552770.2003869414 0.0005586439
170501566.2660057247 0.0012123512
166375911.4303421378 0.0015719426
167775907.5865764320 0.0012220753
165833300.8104709387 0.0023415672
164592880.7040798068 0.0012712353
167060526.9022652507 0.0013621934
164210929.5842956305 0.0014488095
166220478.7636991143 0.0011420508
164216143.8875832856 0.0010109732
170185190.5837016702 0.0013715876
170072056.4643956423 0.0011226070
169641069.4673983753 0.0012751974
163749765.2983588874 0.0013136128
163427680.3856728971 0.0013085912
168670151.5952437520 0.0013747165
170183702.8320775330 0.0013344003
164178062.1728636324 0.0023051592
169457232.9264175892 0.0012571410
164581622.3961675465 0.0007729430
170102986.0461933017 0.0013507329
169775173.0742805600 0.0013308402
164647616.8810224533 0.0013636818
170142085.7167243063 0.0013185808
170344635.4390113056 0.0011867922
163574675.4099804461 0.0012316080
164568569.6919138432 0.0013548068
170356056.2403686047 0.0013760768
163799504.1330857873 0.0011825827
170004008.1128064990 0.0013240379
170422623.0445201397 0.0012391820
163884346.4631518424 0.0013121984
169740382.9238789082 0.0012366031
170268452.7111831605 0.0012901702
164699466.2723006010 0.0013154255
170206965.0935973823 0.0012529414
163642104.0220074952 0.0010904809
170276580.2276351154 0.0012138804
165121213.8622707725 0.0014171939
170402316.0057211816 0.0013999332
163774382.8221201003 0.0010217459
163533050.5494562685 0.0012777858
163489933.7460249364 0.0012170069
163486018.8317675591 0.0012609977
164593959.1644912660 0.0011607289
170460565.2588711679 0.0012823486
163688582.6851801276 0.0018772274
163570886.8228036761 0.0013163461
169320907.4796590209 0.0015914708
163630665.3919438422 0.0012971068
169776330.5392170846 0.0010836531
163472138.1981946230 0.0012610227
170062395.4442325830 0.0013920604
163651887.0359701216 0.0015355873
169745619.2431410551 0.0012200472
170344937.6314610243 0.0013141247
164139420.8179477751 0.0013757476
169684497.0103643835 0.0013014822
163699733.5602392256 0.0013079261
170267680.8412627876 0.0013030582
164411670.8644793034 0.0012027226
163618977.9784483612 0.0012989690
164064961.7218558192 0.0013161390
163773051.7630186379 0.0015906195
170424862.3614310920 0.0013009244
170348050.9121295810 0.0013760393
170387218.9623328149 0.0013041299
169907816.6699289978 0.0013506492
163586078.3885803223 0.0013231896
163729032.1230444312 0.0012531766
163614473.5316982865 0.0012870993
169951223.9184420705 0.0012031621
170248656.7132761180 0.0012975570
163556821.7453435361 0.0014396563
163724729.8338177800 0.0012993784
170096006.8492938876 0.0013038177
163763170.8185257316 0.0013494133
170404034.1989939213 0.0012991562
163577792.8598246276 0.0012110020
163488063.1935453117 0.0012669722
163743084.7182388306 0.0013880427
163437944.4195966423 0.0012978022
163414114.2921202779 0.0012917273
170438888.0754895210 0.0012947258
170388450.7196907401 0.0013063775
170349312.0103880167 0.0012895592
163583802.6107738614 0.0012813272
170240581.3162959516 0.0012859416
163529164.3112476468 0.0013052833
163447266.7056391835 0.0012946384
163418078.9111965299 0.0013068019
163459841.6623229682 0.0012884364
163578825.6892003417 0.0012934271
163416930.1371083856 0.0013054062
163443219.4556426704 0.0013240609
163473852.3993196785 0.0013016400
170265074.2305338383 0.0012731733
170429413.0957702994 0.0012811947
170323031.7725249231 0.0013139595
170360612.5673376322 0.0012866914
163607132.9111667871 0.0013642014
163462771.1279685497 0.0013022608
163422773.0223202407 0.0012770731
163438258.6318509877 0.0012837630
163978335.6973010600 0.0012054590
170374317.8917793036 0.0013077789
163617825.2051319778 0.0013117506
163454756.3537053466 0.0012973378
170383722.2125094533 0.0013027861
170365793.8012409806 0.0012995571
163591341.1976651251 0.0012752272
170401148.1938362420 0.0012879990
163879736.5923535526 0.0012408031
163419540.8181474805 0.0012921673
170278093.5382796824 0.0012505725
170314933.4103116095 0.0012812952
163587957.2823082209 0.0013381549
163502118.0225741863 0.0012970725
170304526.0593893826 0.0013148958
170399579.6851375103 0.0013197414
170319195.4284549952 0.0012119732
170387326.9421295822 0.0013953564
163426070.2781648636 0.0012870197
170405609.8601819575 0.0012884224
163555688.6029047072 0.0013060670
163457021.7274177969 0.0012976728
170411157.0112905800 0.0012797211
163435372.6552180052 0.0012975650
170424360.3080632985 0.0012464626
163479030.5068567693 0.0012831243
170373005.0963736773 0.0012799132
170394953.5950899124 0.0012757110
163496781.2547857165 0.0013417253
163436505.4292904139 0.0012922364
170376650.3573121130 0.0012688833
163422421.8579465449 0.0012923868
163421329.5119141936 0.0013683604
163430530.1511026621 0.0012879896
163476420.9407863915 0.0013114748
170418893.5064229369 0.0012932430
163449297.7731899023 0.0012952883
163413032.9552852213 0.0012859581
163414336.1959921718 0.0012858074
163411706.5790263414 0.0012684896
163436946.7720781565 0.0012609871
170438672.4021249413 0.0012694780
170405153.5835364461 0.0012722174
170421389.0499990284 0.0012620941
170436390.8898606300 0.0012650139
163503657.7318389416 0.0012809905
170417569.1578043699 0.0012656218
163499152.0897476971 0.0012680351
163414464.8484873772 0.0012692160
163463267.3007797003 0.0012727054
170440904.1237500012 0.0012677716
163412129.9063269496 0.0012618590
163413724.3946889937 0.0012686786
163432661.0667513907 0.0012732880
163428908.2226270139 0.0012683328
163515929.9016059935 0.0012893530
163410239.9662758410 0.0012724851
163437118.1358805895 0.0012721807
170440616.1221956611 0.0012663904
163408994.4058731198 0.0012742025
163414692.1905028522 0.0012704639
163473881.4362885356 0.0012789867
170417953.4849860370 0.0012734874
163435095.3916461170 0.0012743295
170406874.5331654549 0.0012737674
163520104.0752753019 0.0012930339
163418820.0732083917 0.0012762997
163470327.2907462418 0.0012517692
163415192.6046289504 0.0012749223
163428133.5413740873 0.0012833349
170413709.3656339347 0.0012752498
163443151.5965111852 0.0012689186
170388640.3110316396 0.0012738154
163423510.9851480424 0.0012684307
170404637.0658868551 0.0012765830
163464033.4774579108 0.0012700211
170393790.5862919092 0.0012759749
170429271.9841370583 0.0012956865
170416840.7973821163 0.0012721492
170310836.3689104617 0.0012731411
170409304.0623304248 0.0012712066
163460123.1360602379 0.0012715616
170404100.6191848814 0.0012758830
163433161.0276485682 0.0012603365
163416809.4576917887 0.0012749854
163469442.5761135817 0.0012541542
170406996.1094861627 0.0012742126
163416526.5780667365 0.0012723199
163418080.2585158348 0.0012706650
163408846.1266566813 0.0012725962
163430778.8392419219 0.0012793226
170400837.5868350565 0.0012749173
163449934.8529764116 0.0012681787
170412297.1186508834 0.0012722016
163415270.1495166421 0.0012741330
170401349.2601439655 0.0012712488
163449623.3236896694 0.0012772451
170401733.8741503060 0.0012725192
163447528.2998655438 0.0012741207
170406973.7873452306 0.0012711481
163407486.4881762266 0.0012753847
163410955.8021466434 0.0012756191
163457436.8194144666 0.0012868411
163414280.6442286074 0.0012743874
170410846.7167919576 0.0012737011
170408169.6374153495 0.0012781561
163432529.0796894729 0.0012687935
163406283.8164772987 0.0012776628
163436693.7295930982 0.0012731114
170408845.8309318721 0.0012755576
170412639.9617218077 0.0012870983
170413463.3464325368 0.0012770123
163418358.7000076175 0.0012741807
163410498.6794080436 0.0012740510
170386512.7681661248 0.0012834240
163414368.0484799743 0.0012788986
163448370.4085309207 0.0012828726
170411517.5131805241 0.0012751549
163454943.1833314598 0.0012706668
163412504.8737801611 0.0012781546
170384151.0693291128 0.0012752672
163408164.0119346678 0.0012772628
163413489.2574765086 0.0012817198
163407444.2673082054 0.0012738701
163434367.3794497550 0.0012791733
170396579.8232803345 0.0012767275
163404228.6258177757 0.0012731083
170396107.8011949658 0.0012724130
163478250.3420749903 0.0012675125
163405423.3724448681 0.0012731192
163417977.5148615837 0.0012732895
170395478.5657970011 0.0012751358
170413264.4830141962 0.0012592189
170395926.7136914432 0.0012727472
163418791.9633554816 0.0012638746
163406937.8799669147 0.0012737332
170381759.0179817677 0.0012777933
170400393.0472930968 0.0012761063
163438802.3127408922 0.0012764476
170399080.2139399946 0.0012733905
163426962.1713369787 0.0012618341
170394177.4596325457 0.0012728606
163439918.4148747027 0.0012706259
163404118.0836396217 0.0012724694
163411691.8355999887 0.0012743988
163407588.5338576734 0.0012728300
163441597.0588833988 0.0012746165
170402809.3450277150 0.0012722685
163416378.6936615705 0.0012774253
170387772.6507600248 0.0012710874
163405068.1521627307 0.0012726607
170406150.5122434199 0.0012695665
163430038.4081805050 0.0012828034
170396189.6089268923 0.0012709973
170398739.9052081704 0.0012825948
170405891.1984649599 0.0012753241
163427821.7188345492 0.0012760214
170401282.3967690766 0.0012726149
163403092.1184200346 0.0012697181
163404628.3201320469 0.0012687691
163424906.0165502131 0.0012723945
170398530.7221100330 0.0012713411
163450361.4227494597 0.0012696447
163407293.6034001112 0.0012697275
163448016.7372908890 0.0012637558
163411738.8351293802 0.0012708385
163439130.7098414898 0.0012754667
163413362.4329905808 0.0012704979
163418704.5490906239 0.0012626482
170409612.8131527007 0.0012707062
163430524.5090967715 0.0012637831
170405013.1964053810 0.0012693640
163418857.2864556909 0.0012764806
163402420.6665820181 0.0012730896
163422455.0415347517 0.0012804821
163402051.8531240523 0.0012722297
163457508.5044987500 0.0012776013
170402668.9144757986 0.0012723956
163443730.5985630155 0.0012689887
170399255.9436703324 0.0012715967
163416534.9384736717 0.0012807358
170401605.6438708901 0.0012723237
163408713.2867124975 0.0012676610
163408875.5253515542 0.0012734940
170369678.5277032256 0.0012737296
163404764.9911085367 0.0012720462
170364281.7926082015 0.0012646059
163407093.8766834438 0.0012726889
163442971.6145654917 0.0012767485
170393103.1895155013 0.0012730343
163432773.4498622119 0.0012638271
163401766.9879083633 0.0012775356
163434349.2164246142 0.0012846561
163443493.9052696228 0.0012890695
163418016.5668772459 0.0012810786
170400636.2166539133 0.0012778305
163410381.6202891171 0.0012736203
170399486.3892625868 0.0012785675
170387691.4206765890 0.0012786848
170396787.6637772918 0.0012785501
163431460.8838144243 0.0012767981
163404553.0436354280 0.0012776217
163401469.3352972567 0.0012756414
170397789.2504270375 0.0012751545
163402544.1238684654 0.0012791065
170391368.2844782174 0.0012753998
163407578.1757527292 0.0012757943
163403867.6660569906 0.0012752032
170393304.2799535990 0.0012767164
170396399.0631074905 0.0012752667
163413102.4222679138 0.0012727362
170397716.0286178589 0.0012751240
170384674.7967563570 0.0012756080
170398646.8507986367 0.0012749527
163412664.4108989239 0.0012772417
163405296.5906022489 0.0012757643
170373892.0167545676 0.0012749354
163405955.0513324142 0.0012759286
163415777.4669777155 0.0012746400
170391397.4669894576 0.0012750923
163403108.5835314691 0.0012791890
163404638.5552910268 0.0012758493
163429241.2948054671 0.0012801278
170391224.9918747544 0.0012750763
163419088.7268774807 0.0012776131
170393031.7036202252 0.0012738981
163422064.6862521172 0.0012710040
163403599.9260677695 0.0012753452
163415619.8040654063 0.0012763489
163406738.8065828085 0.0012754981
170400309.4525450170 0.0012743970
170397709.1433880031 0.0012753502
163405611.0239948034 0.0012807026
170397566.7418829501 0.0012760198
163416457.0965421498 0.0012766598
163403056.2045866251 0.0012779094
163403128.3036407828 0.0012779886
170397586.8916297257 0.0012760621
163413551.7634259164 0.0012701075
163403183.7138346136 0.0012757678
163409044.6237323284 0.0012751729
170388698.4532121122 0.0012759895
170386040.2670834363 0.0012780120
163406062.9514227509 0.0012754671
163423548.9882734716 0.0012742602
163404140.4230760038 0.0012757245
170387631.0370107591 0.0012734180
163406349.6044676602 0.0012755265
170385976.3852145970 0.0012736279
170394106.0238373280 0.0012769983
163409612.8269679844 0.0012725239
163403148.5316000879 0.0012797064
170377048.1827425361 0.0012759216
163407093.0999281406 0.0012742060
170397042.3050286174 0.0012760894
163403585.5429848731 0.0012751685
170395700.7229566872 0.0012756623
163407653.9572810531 0.0012777692
163402455.2243671417 0.0012757500
163405109.5001758933 0.0012762373
163402868.5457791686 0.0012755846
163404112.0272059739 0.0012778900
170394501.9457643032 0.0012756070
163408757.9075266421 0.0012764718
163402744.9604967833 0.0012755045
163401706.5279335380 0.0012763830
163403835.1901690662 0.0012755024
163404562.4784757793 0.0012776977
170397676.1017226279 0.0012760227
163412221.4540804327 0.0012740350
163403450.5478294194 0.0012752520
163409093.8392582238 0.0012758539
163401435.9759433866 0.0012757582
163412145.0609733164 0.0012760020
170393576.0647027194 0.0012755901
163417187.0445747972 0.0012764696
170395362.2322145402 0.0012755906
163410718.7447628379 0.0012764862
170396075.1939857304 0.0012753824
163407713.9485537708 0.0012764129
170396496.2468417883 0.0012759748
170397402.9012561440 0.0012758465
163402098.1439276040 0.0012751631
163403741.9354623258 0.0012759263
163403366.2645390034 0.0012753583
170397011.6363005042 0.0012757150
163403386.4018085003 0.0012760689
170396664.7284621000 0.0012762398
170395911.6548134387 0.0012755099
163401967.4260880649 0.0012756357
163402893.8201014996 0.0012753260
163401703.5152973533 0.0012757037
170394386.8294322491 0.0012761727
163401517.1801044643 0.0012760554
163401843.6932516098 0.0012748461
163401726.7826653421 0.0012755034
163403397.7033104599 0.0012750877
163401446.0058132112 0.0012758088
170395388.4062823355 0.0012763360
163401842.6691180766 0.0012757161
163405527.9733662307 0.0012755183
163401315.9772899449 0.0012757481
170396675.2243317962 0.0012762654
163401776.2337713242 0.0012759511
163407985.2975801528 0.0012752519
163401736.5565715730 0.0012759447
170397008.0713075101 0.0012757099
170397183.1877162158 0.0012759288
163401910.3589848876 0.0012758568
170396767.8979273438 0.0012757513
163401571.8955601454 0.0012757318
163403333.0450720191 0.0012756641
170396503.9727843404 0.0012756847
163404670.2944895327 0.0012758050
170396591.5837947726 0.0012758702
170395480.1970236599 0.0012751616
163401946.5076485574 0.0012757677
170397314.0143250823 0.0012758381
163401836.5365378261 0.0012758139
170396194.3203179240 0.0012755313
163401427.4639809132 0.0012756941
163402900.6766621172 0.0012762750
170397251.8857519925 0.0012756233
170397477.7752132118 0.0012756816
170397299.0677545667 0.0012756808
163403235.9315008223 0.0012760334
163401353.1471737623 0.0012756423
163401998.7483946383 0.0012750534
170397126.7463090122 0.0012760617
163401815.9527770877 0.0012751815
170397298.6797156930 0.0012754879
170394430.2298468947 0.0012768410
163401444.2324992418 0.0012758693
163403023.7245613635 0.0012757193
170397349.6181541383 0.0012755201
163402705.3109920621 0.0012761354
163402398.9982475638 0.0012754108
163401857.5774925053 0.0012755795
163401408.8374508023 0.0012757172
163401554.4697691202 0.0012757494
170397111.2174867094 0.0012757151
163402025.4311989248 0.0012755264
170397265.6743319333 0.0012757348
163401766.0977956355 0.0012760206
170397225.1706430316 0.0012757511
163401413.0700081885 0.0012755372
163401347.4744911492 0.0012756844
163401721.6181787252 0.0012757755
170397111.2440831661 0.0012757431
170395094.5208532512 0.0012758910
170397241.8029084206 0.0012757357
163401622.8930258453 0.0012755756
163401557.6955719888 0.0012757625
163402051.3124127090 0.0012756091
170397176.0013239980 0.0012758643
170397465.7948969603 0.0012756500
170397093.2404582500 0.0012757205
163402202.8435156047 0.0012755545
170397195.5759743452 0.0012758290
163402364.5874529481 0.0012757649
170396883.2011941671 0.0012759720
163402023.4781682491 0.0012756564
170397131.7219391763 0.0012757557
163401922.7712932229 0.0012753895
163401499.7849414051 0.0012756982
163402164.3536865711 0.0012759128
163401512.8753843009 0.0012757832
163402167.7516885400 0.0012759087
163401514.2424336076 0.0012757198
163402175.6560622752 0.0012758937
170397203.4814742208 0.0012758179
163401677.4537562728 0.0012754080
163401427.7269024849 0.0012757019
163402101.3362407386 0.0012760069
141104822.0000000000 0.0012760069 0 0 0 0 0 0 0 0 0 1 0 0 0 0 0 