705771644.2137159109 0.0000009890
674280514.8282525539 0.0000003415
676272766.6804572344 0.0000000584
718508890.8465942144 0.0000000015
745545191.8094097376 0.0000000969
733010254.1347212791 0.0000000164
710893276.6469833851 0.0000000007
682821630.4422296286 0.0000012535
730919422.5146468878 0.0000000025
714464379.5296317339 0.0000000007
698550975.6345560551 0.0000004952
675471315.7530388832 0.0000000479
703007885.0360426903 0.0000003205
674518177.7359625101 0.0000012241
671255762.7379885912 0.0000014840
733218157.0056792498 0.0006575435
735701201.1324441433 0.0000007158
656209598.2104450464 0.0000025488
613098228.6933037043 0.0000033828
606673253.0615938902 0.0000036747
563607653.8177150488 0.0000005353
552014089.6985365152 0.0000003653
605625464.8821767569 0.0000017569
518783044.7963030338 0.0000002092
511776221.1021550298 0.0000000429
585295383.2392660379 0.0000008731
507876022.8561149836 0.0000029862
543804341.1891256571 0.0000025237
535896360.9092824459 0.0000007863
486230146.8691968322 0.0000096679
519052739.1442459822 0.0042836811
403667890.7167384028 0.0001299772
515502806.6592952609 0.0002827690
410378675.2588180900 0.0001700781
378667363.1789266467 0.0010535378
376523972.2162007093 0.0008792176
403799186.0030778050 0.0065834578
371677142.2967482805 0.0009523044
449866222.2502558827 0.0038830609
377740927.2669243217 0.0010257816
432825682.9990880489 0.0000818711
365266882.1302579641 0.0006073192
466178439.0874018073 0.0000001294
380727756.7465779781 0.0003391619
321278316.7861514688 0.0000065397
309585199.5473407507 0.0000047913
328376577.9541003108 0.0000063027
329002200.7756097317 0.0000082167
265133798.4643596411 0.0000121736
273773245.8269088864 0.0000099812
290635670.3004485965 0.0000002845
258176813.0033675432 0.0000105659
334339113.3279281259 0.0000380280
264564874.8157941103 0.0000058780
238555834.5140339136 0.0000000927
251778002.9776066542 0.0000001798
239886124.0509606004 0.0000003191
240253477.9239204824 0.0000000305
300978952.2475064993 0.0000144248
231053709.2824258506 0.0000000013
262213949.8988752067 0.0000493104
235316979.8055254221 0.0000000003
200105092.0725427866 0.0008110723
200299533.8966499269 0.0008865906
269457054.1518123746 0.0000792175
215593605.9247830808 0.0001507998
202619093.0435283482 0.0000775393
200784597.5949647129 0.0012367259
260649074.9385564327 0.0007533623
211596278.4930305481 0.0029612143
235147086.7288897932 0.0159646923
194896827.1343012452 0.0007799595
245305036.1335069537 0.0005919194
198930076.0916265547 0.0007310921
219794065.6518966556 0.0027312769
201533813.5313018560 0.0010073774
219158285.6691145897 0.0351215754
209257904.0489234626 0.0008608294
232041609.1507024467 0.0000950225
201956167.3184707761 0.0003750590
297232329.0451948047 0.0003573995
199381470.0141776800 0.0007859246
189400398.9927087128 0.0000240074
200078109.6004486084 0.0000034054
258658767.3455887735 0.0000283201
208066690.3572568297 0.0000012932
270028709.9732457995 0.0000396207
194926601.2566871047 0.0000011253
222692801.3554421365 0.0023782924
190498621.5733858347 0.0000146001
297913273.5243798494 0.0000177313
205310857.8482630551 0.0000003835
294972441.6658956409 0.0048616606
190166593.3768182993 0.0000008141
262318948.1549502313 0.0001005309
189603907.0426258147 0.0000442225
266278797.5198352337 0.0003814182
179865373.8098682463 0.0000105244
219898118.3193928599 0.0005728343
180962472.9957106113 0.0000321930
224461324.4465480149 0.0000485309
180369318.5303310454 0.0000003257
238810087.8374001384 0.0005293577
181295685.3984707892 0.0001800579
252099289.2218885720 0.0011431898
175373170.7770113945 0.0000260557
275598695.9293099046 0.0002128964
197892817.5282275677 0.0000000286
183162865.4029055834 0.0001767990
188448179.2971001565 0.0000003500
232966969.5455301106 0.0003917255
174901392.8853786588 0.0000580669
242674543.1882215440 0.0000695267
168433210.9305015206 0.0000362270
202382881.2272781134 0.0000391639
170205036.6485759914 0.0001341914
184470085.1074481308 0.0000142199
157206740.4087262750 0.0000054220
197670173.5000639856 0.0000382068
156256837.2864620686 0.0000106271
163427571.4670755267 0.0002261207
162006371.6875328720 0.0000578102
202324205.0524892807 0.0002350473
160344857.7522906065 0.0000063353
188274240.5934076905 0.0024459899
163945217.0680007637 0.0001761831
246187980.5737477839 0.0041145175
171374827.4990633130 0.0000338494
155096849.8871647418 0.0000117540
169534413.6364561915 0.0000004586
156386069.4879342616 0.0000081068
160135310.2706820071 0.0000003247
155794025.8889471591 0.0000188809
165454864.0912237763 0.0001321134
156952921.5257296562 0.0000004399
159207598.6176784039 0.0000059440
158447987.6335885525 0.0000005514
160197220.9295284152 0.0000023853
155312398.6827455759 0.0004037665
177070399.0366911292 0.0001322415
157275172.4458085299 0.0001026679
175195844.0427462757 0.0004601357
154829194.8932181895 0.0000031379
158317893.9273780584 0.0000000930
153894628.0565718114 0.0000091285
154673018.4400019348 0.0000176961
157155601.5810550153 0.0000072911
159372037.4242645800 0.0000041590
155488080.1834562123 0.0000077639
161878755.5198409557 0.0000000417
155674848.1626716554 0.0000305849
161154884.1157902479 0.0017458864
154362972.0896194577 0.0000067560
169260179.0673223138 0.0002323837
159728934.0047063231 0.0000096350
163936587.2493718863 0.0000003841
159417758.2156335413 0.0000040053
153309575.4171222448 0.0000267711
152090179.1835379601 0.0000168968
160870219.2327640951 0.0000857123
158020787.4493893385 0.0000034926
166192390.2818042040 0.0000003621
151975054.0415901244 0.0000005524
150213858.3610115051 0.0000077356
149927781.9677937627 0.0000047103
161733891.5187465250 0.0000020385
150567276.6760438979 0.0000025414
168798423.8971078694 0.0003624014
149807657.9659396410 0.0000027511
168633080.8126971126 0.0001300221
150900525.1522316039 0.0000147556
166628811.6291896105 0.0000019926
151960054.5335197747 0.0000125593
150185606.1518110037 0.0000009359
148978521.1168453693 0.0000007412
148640124.5076729059 0.0000006208
148381382.0970173478 0.0000013118
148991800.3396589458 0.0000025597
160206011.0285980105 0.0000127425
150209422.1474868655 0.0000001025
150720498.1832975447 0.0000323959
150018878.1519187391 0.0000009762
163426931.5409174562 0.0000000022
148303587.8383205533 0.0000002054
148045274.8685973287 0.0000023495
148523455.0799629092 0.0000012739
148996547.4983697236 0.0000041015
149750052.7153017223 0.0000000118
149328885.5971568227 0.0000431294
151478594.8181206584 0.0000031583
149821337.9755415022 0.0000001107
148788269.0526455045 0.0000008473
148132059.0337281525 0.0000114634
148191024.1794669926 0.0000002126
149025597.2043959498 0.0000002752
151278533.5595998168 0.0000001276
150166164.9573780298 0.0000628851
148183888.0247005522 0.0000074360
148699141.0749727190 0.0000057441
149818992.9233045578 0.0000017854
149754774.5207309723 0.0000708148
149043220.3636541367 0.0000025833
162662840.1158278286 0.0000002348
148979866.4085608125 0.0000032446
150837171.2566382587 0.0001095403
150464795.1773903966 0.0000028228
151126625.8665110469 0.0000000606
148431115.5239664614 0.0000000070
149875063.6850196123 0.0000100883
148434167.4196232855 0.0000002140
148089349.0380358994 0.0000453211
148670243.6598488390 0.0000044432
148657227.7479090989 0.0000131010
148907873.7052480578 0.0000000022
150322476.3792954087 0.0000064138
151285517.9096398354 0.0000012495
152311932.9399598241 0.0000005842
148075581.7636099160 0.0000107381
160841121.6930703819 0.0000210279
149054060.3679356873 0.0000013874
148841845.8060449958 0.0000075857
148833781.9039180577 0.0000034269
149870109.9268606901 0.0000005390
148101521.8783517182 0.0000035005
149399789.6353653073 0.0000020311
150002311.8922433853 0.0000000051
151585643.6068834662 0.0001424078
151378727.1236400604 0.0000183409
150878194.7725638449 0.0000993058
149493804.5123895705 0.0000001154
166079211.1282821000 0.0000531156
149441288.9177110195 0.0000024108
160553399.5947440863 0.0000369473
150845520.2393889427 0.0000029466
151788039.6964677274 0.0000282162
150431773.1106624305 0.0000037349
150549589.0158623159 0.0000161403
148070481.8465153575 0.0000009071
151888033.8469460905 0.0000236855
151694689.1770825088 0.0000021834
152510014.1579833031 0.0000952811
153151587.9443382621 0.0000000038
150417717.2363470197 0.0000065737
148156617.1125640571 0.0000014920
149831590.5526614487 0.0000061070
148954767.4886889458 0.0000000867
149226326.3527987301 0.0000018428
149986547.4315325022 0.0000053681
148632527.8320910037 0.0000017032
148843114.2833985686 0.0000006377
148674132.3298796415 0.0000052255
148886653.5568498671 0.0000072928
149346064.2159911692 0.0000023024
148980565.0589751601 0.0000041256
148717954.0634002686 0.0000023552
148616074.8765894473 0.0000007947
148079047.9714727700 0.0000014452
148522857.0596943200 0.0000079263
148705264.2787923813 0.0000006816
148323818.0833059549 0.0000025803
148166203.1270088851 0.0000025955
152105768.2024589479 0.0000108976
148037719.2504037321 0.0000018542
148697896.2887650430 0.0000021167
148268185.0816367567 0.0000003559
151118722.0769364834 0.0000004458
148202570.8843417466 0.0000016358
151760947.3091293275 0.0000079260
148190731.0909544826 0.0000031588
150050116.1884159446 0.0000002725
148138750.0185096860 0.0000012108
148514675.6259540915 0.0000015474
148196732.3922242522 0.0000021519
150328220.1078880429 0.0000008938
149119365.4780677557 0.0000020602
149579659.0753061175 0.0000007600
148061877.8654569685 0.0000011255
150767392.4682551622 0.0000021619
148482214.4719181061 0.0000010738
149302128.5791796744 0.0000008159
148176104.7660473287 0.0000019754
147824722.5118129849 0.0000000667
147829066.4007597864 0.0000001107
147874666.9221940637 0.0000002582
148125668.0768987834 0.0000000324
147867950.2860845029 0.0000000243
147881726.7220282555 0.0000001149
149141219.2123644054 0.0000022354
149869722.9893087149 0.0000000005
147671279.0804823339 0.0000011224
147750814.9297039807 0.0000006185
147964907.0148749948 0.0000000085
148056234.1655211449 0.0000016293
149045041.8321678340 0.0000004703
148797872.4065373242 0.0000007057
148767253.1817470789 0.0000035191
148290332.5415278077 0.0000013983
148914353.4138828218 0.0000002874
148003043.7351916432 0.0000010812
148794771.3955024183 0.0000008116
147999091.9036918283 0.0000017418
148024576.5877408683 0.0000019422
148153180.9144828022 0.0000007203
149312420.0591630638 0.0000005743
147766830.6999605596 0.0000007507
149324661.0622851849 0.0000031460
148314362.1086387634 0.0000014682
147740454.4279698133 0.0000018317
147969692.4086047411 0.0000010242
147858112.6869392395 0.0000002346
148578252.7778649628 0.0000004758
147652195.7894367278 0.0000014116
147740218.3954474032 0.0000016636
149764424.9383639693 0.0000002183
150076034.2040553987 0.0000011195
148718704.1293382943 0.0000008476
150062688.7476510108 0.0000015294
149285679.4192743003 0.0000003957
147832552.6344511807 0.0000016408
148960781.6101856828 0.0000017896
147839898.7733628452 0.0000011063
147904181.6506429911 0.0000021111
150236869.7100253701 0.0000015833
149191602.9962324798 0.0000038614
147718239.3861064315 0.0000014225
147725159.8171075284 0.0000063060
147805150.7639147341 0.0000013214
150463431.8468921781 0.0000046519
150062911.1195563376 0.0000013874
148621988.8439509571 0.0000009131
147833524.4699996114 0.0000018979
147763360.0750367939 0.0000000195
147710023.8690050542 0.0000012543
147725689.8343632519 0.0000005422
147666568.2777071595 0.0000026132
150001496.7619445324 0.0000025153
147721177.6762055457 0.0000009726
147866758.4476438761 0.0000006141
147786873.5727085769 0.0000011543
148307651.9430993497 0.0000001129
147707186.6955531240 0.0000008189
147811704.6282267869 0.0000015732
149522396.1622203290 0.0000011294
149038271.8990760446 0.0000015066
149243322.5652636886 0.0000017144
148252787.0315844715 0.0000001588
150021365.5130468309 0.0000014593
148439573.7694396973 0.0000005794
147673654.6256978512 0.0000009140
148100650.5436680615 0.0000043365
147728235.9261867404 0.0000011196
147755968.7839780450 0.0000035251
149698184.3981513679 0.0000009880
148050722.2433319092 0.0000037009
147740987.3806603253 0.0000010195
149438683.0488174260 0.0000020160
150055639.5215689242 0.0000011015
147757710.7288116515 0.0000010886
147780305.3615467548 0.0000019629
149124477.1991583407 0.0000002114
147666195.1282391548 0.0000006958
149673737.6267985106 0.0000049045
147750406.4446827471 0.0000022205
149569969.9298640192 0.0000001838
150014175.1148009896 0.0000014872
149505359.3569172621 0.0000034352
147641506.7441847026 0.0000010773
147693643.2155901492 0.0000012583
147582359.4520941675 0.0000025469
147648182.5376641750 0.0000023872
149518455.8018666506 0.0000015438
149869456.5539642274 0.0000022586
147604530.3348979652 0.0000061951
149982176.8301309049 0.0000032593
147802488.2852809429 0.0000011840
149988461.6469625235 0.0000028101
149859393.9712533951 0.0000012538
149957799.4591164887 0.0000027161
148217768.0213115811 0.0000019103
147639717.9767901599 0.0000028102
148176920.5115404725 0.0000024596
149808495.6574670374 0.0000023401
147624201.0208020806 0.0000018249
147602324.7243352234 0.0000021168
149548280.8806650639 0.0000022363
149851854.5489886999 0.0000022863
147903687.9235742390 0.0000033268
147621317.3191944361 0.0000026836
147849405.1846685112 0.0000016875
147690816.1017897129 0.0000025553
149762328.6663804650 0.0000035498
147580934.1839306056 0.0000027902
147486991.1896035373 0.0000046843
148174301.9455748498 0.0000055634
147872961.0718852282 0.0000045694
148337477.6184739172 0.0000043716
149411573.8373960257 0.0000038358
147636708.2153784335 0.0000047014
147986113.6918810904 0.0000046482
147497961.7413481474 0.0000058084
148509362.8224098384 0.0000028867
148266329.3402328491 0.0000041184
148083128.2686051726 0.0000063942
147544577.3924162388 0.0000052719
147478817.3097192049 0.0000059218
148513763.4990200400 0.0000054185
148179943.6045360267 0.0000066879
147615403.6048170030 0.0000057289
147864587.7802510560 0.0000083498
148270610.6115845144 0.0000050730
148537732.2238153219 0.0000106249
147794505.3604041636 0.0000059839
148144605.2989623249 0.0000049197
147728054.8088941574 0.0000056057
148027912.2852870822 0.0000089206
148388773.4251042604 0.0000061194
148048674.1690962315 0.0000029750
147737281.0880182683 0.0000061470
147718962.8935176432 0.0000030807
147575094.5306068957 0.0000062699
149695965.7129688859 0.0000057032
148403586.1715782881 0.0000054364
147994923.7812370658 0.0000085471
147810675.1174558401 0.0000061294
148421324.7088883221 0.0000053323
148138365.2935190499 0.0000060869
147680750.4068100154 0.0000056675
148438510.6166734397 0.0000063146
148143125.8456881046 0.0000059158
147597470.3656722605 0.0000056992
147846313.8268741369 0.0000032449
148347136.0416066349 0.0000061301
148038864.5386695862 0.0000046875
147525736.3607015014 0.0000054053
148643996.8995896876 0.0000038229
147927401.3282386363 0.0000058802
147765668.4313173592 0.0000051657
147540102.2611767650 0.0000072919
147731144.4876689315 0.0000025684
148354419.7517625988 0.0000053142
148521143.5741951764 0.0000116509
147940440.8896933496 0.0000058857
148076360.8243905604 0.0000050831
148632338.8330620229 0.0000054732
148542718.6727167964 0.0000064516
148269477.7725418508 0.0000059519
148495877.5299379826 0.0000058287
148051110.4923147559 0.0000061620
147523008.3756224215 0.0000056682
148240822.6838202477 0.0000058851
147571666.7049812675 0.0000061141
148520354.9877764881 0.0000049978
147481104.0881887376 0.0000051809
148510715.0106630623 0.0000060611
147599609.6284303069 0.0000059189
147707617.8355733156 0.0000064269
148434425.9841263294 0.0000057659
147577982.1164402962 0.0000060166
147565637.9746343195 0.0000058499
148026982.2076528370 0.0000069594
147613049.6324833035 0.0000058957
147681974.3050286472 0.0000069994
147478713.4894866645 0.0000061154
147771768.1569971740 0.0000066893
147495055.6669255197 0.0000063851
148212072.0401454866 0.0000058770
148524954.8390216827 0.0000066415
148354046.1597913504 0.0000057480
148493284.4785194695 0.0000061114
148523443.4872370064 0.0000095862
147603437.7373937964 0.0000059771
148345014.1154059768 0.0000048793
147502256.3172093630 0.0000058235
148412912.1816476285 0.0000057595
148429637.7274701595 0.0000059616
148268411.6289491057 0.0000082491
147560365.5578688979 0.0000063150
147748031.8836287856 0.0000050023
147485983.3175342977 0.0000059003
148125469.9115653038 0.0000054206
147584941.6409345567 0.0000058687
147495043.7371618450 0.0000083678
147536611.9591993690 0.0000058283
147508517.9561392069 0.0000039212
147540170.1973665357 0.0000057441
147590754.4507925510 0.0000049153
148398548.7861661315 0.0000063413
148259317.9312779307 0.0000054605
148395733.7801691890 0.0000062257
148507287.5216726065 0.0000067040
147530618.2780320942 0.0000061124
147865653.6281740367 0.0000062384
148404955.6006521881 0.0000063985
148379507.7462359369 0.0000055773
148320005.7630635798 0.0000063419
148455181.6604353487 0.0000061251
147685281.8380399942 0.0000061294
147551291.2442508042 0.0000061519
147477120.1405709982 0.0000061458
147505559.0503856242 0.0000063548
147479706.5224863887 0.0000061687
148501058.3315384984 0.0000061718
147484752.4568392634 0.0000061513
147511114.4379933178 0.0000059494
148523533.7442386746 0.0000063937
147520951.6089119017 0.0000060851
148510915.6819053292 0.0000060985
148521213.5437915325 0.0000059527
147482847.7419981658 0.0000062593
147474706.3201816082 0.0000056426
147517378.9332015216 0.0000056342
147689476.6090698838 0.0000055120
147482790.9400258958 0.0000055835
148412956.3252601027 0.0000052132
147483618.8621087074 0.0000056825
148386253.0153090656 0.0000061553
148482756.2444754839 0.0000057962
147560721.6851490140 0.0000056883
148490411.8589321971 0.0000057383
148308350.5700153410 0.0000055537
148493952.4642710090 0.0000056906
147703011.0969248116 0.0000053760
148477069.0655172765 0.0000056224
147610840.9448426962 0.0000055116
147481262.5326048434 0.0000056674
147536462.1011691093 0.0000054532
148497932.3954572082 0.0000055788
147524270.3799121082 0.0000053720
148491226.6523011625 0.0000055714
148534592.8833175898 0.0000057369
147499917.9003123045 0.0000057296
147498752.5948886275 0.0000059537
148497127.1238262355 0.0000056856
148491632.8584781885 0.0000051263
147477695.4449425340 0.0000056409
148481441.2591260970 0.0000053619
148493786.2147322297 0.0000056262
147527051.7331839502 0.0000060771
148467775.4657633603 0.0000055419
148493889.6374097764 0.0000058435
147475883.7710478604 0.0000055846
147516230.4673311710 0.0000059145
148498546.6310912669 0.0000056575
147539262.2682241797 0.0000058191
147483625.2072949708 0.0000056342
147495958.8037270904 0.0000058831
148458655.5413644612 0.0000055275
148505639.9361322224 0.0000057925
148492152.1178446412 0.0000056727
147509018.0421489179 0.0000054028
147475950.2232124507 0.0000056440
147497574.5957224965 0.0000057683
147473759.8515965641 0.0000056546
147512345.0425544083 0.0000055330
147471922.9307400882 0.0000056172
147477436.2592898011 0.0000056127
148498067.7485159934 0.0000056146
148474158.1201602817 0.0000053377
148472482.3719673455 0.0000056073
147509768.2152954340 0.0000056788
147479338.7079931498 0.0000055741
148491819.5014028847 0.0000056380
148488779.9007093608 0.0000056743
147508984.7718201578 0.0000055914
147482625.2839988768 0.0000056203
148474167.9642899334 0.0000055431
147478594.1446111202 0.0000055270
148474663.9251210392 0.0000058754
148492883.3897441328 0.0000056946
147489262.5948833525 0.0000054364
147486002.0232515931 0.0000055410
148486649.1176562309 0.0000055514
147509579.3943714797 0.0000055986
148495128.3469079435 0.0000058576
147489680.1191986203 0.0000056140
147495986.2559818923 0.0000057791
147471270.1627933681 0.0000057524
148497796.8394851089 0.0000057590
147487477.0444588959 0.0000057602
148498511.3861563206 0.0000057466
147478165.3695149124 0.0000057580
148488110.2445173562 0.0000057612
147497160.8259854019 0.0000057421
148498375.9666664004 0.0000057437
147481080.3643465340 0.0000056888
147475450.0064610541 0.0000057506
147471173.1857590079 0.0000058431
147476487.9091580510 0.0000058586
147487063.0416072309 0.0000057750
147475058.4096732736 0.0000058335
147490540.6072912514 0.0000057703
147475683.6000963449 0.0000058508
147484707.7112746537 0.0000059191
147477378.7949851453 0.0000058278
147474617.0344269574 0.0000058478
148495470.6349331439 0.0000058139
147486064.2395580709 0.0000058495
148497040.4912814796 0.0000058374
147482473.9713118672 0.0000059563
148499684.0934112072 0.0000058536
147515573.9711655974 0.0000058512
147471083.3828438818 0.0000058500
147478429.8747990429 0.0000058734
148503534.0899287760 0.0000058457
147521695.5984029770 0.0000058814
147481195.4746621847 0.0000058110
147480598.2868863344 0.0000058759
147481639.0167391002 0.0000058673
147476588.5947702527 0.0000057938
148498966.0651353300 0.0000058538
147478125.2803059220 0.0000058088
148500593.4395285547 0.0000058526
147484421.9751754105 0.0000058050
148501400.9893667698 0.0000058506
148500213.0728533268 0.0000058030
148498283.7312528789 0.0000058392
148507938.6427233517 0.0000058951
147488132.6730765402 0.0000058351
147473044.9525077343 0.0000058302
147471411.1898928285 0.0000058413
147472999.2267310023 0.0000058314
147471525.7613322139 0.0000058364
147472554.0892098844 0.0000058427
148503250.5013894141 0.0000058740
147474404.8818498552 0.0000057853
147470753.8562040031 0.0000058704
148499188.8032292426 0.0000058644
147473344.8448596895 0.0000059003
147475940.3782703280 0.0000058847
147470098.0266478956 0.0000058397
147470101.2173149288 0.0000058296
147472682.9828022420 0.0000058842
147471206.8906899989 0.0000058425
147471402.8169809878 0.0000058865
147472807.1403781772 0.0000058233
148478238.8647826314 0.0000059000
147470991.2727497816 0.0000058345
147476889.6390819252 0.0000058551
148498133.8834618926 0.0000058275
147492152.0411524475 0.0000058261
148497282.1008968055 0.0000058492
147477925.4152851105 0.0000058139
147471094.4324012399 0.0000058461
147492072.7161418200 0.0000058502
148498481.0620540679 0.0000058418
147478932.7104519606 0.0000058355
148497855.2297955751 0.0000058383
147474337.7858347297 0.0000058068
147470220.7917793393 0.0000058460
148497239.4774762094 0.0000058660
147469825.4329344332 0.0000058280
147471391.1403606832 0.0000058555
148497656.4827522933 0.0000058348
147473138.3357919157 0.0000058293
147470566.8094162047 0.0000058233
147485505.7925823927 0.0000058176
147473354.8847732544 0.0000058282
147482523.1253700554 0.0000057907
147470523.5405898392 0.0000058112
147480261.1073036492 0.0000058110
147471326.1117633581 0.0000058198
148495045.3239879906 0.0000057834
148491342.7109391391 0.0000058293
147499525.7799945772 0.0000058147
147469723.4677475989 0.0000058399
147469918.4736288190 0.0000058250
148492339.4126164317 0.0000058362
147485733.5400085151 0.0000058539
148497447.9319691658 0.0000058397
147472362.6053417921 0.0000058330
147469792.1989745796 0.0000058369
148486561.7968641818 0.0000059086
148497025.2644371092 0.0000058482
147471979.3352867663 0.0000057910
148498541.5400412381 0.0000058533
147473954.5418056548 0.0000057862
148498598.2752659619 0.0000058422
147481908.8925179541 0.0000057868
148498056.5886908472 0.0000058145
147475153.0223225653 0.0000058852
148499865.3952412009 0.0000058147
148496600.8366399407 0.0000058401
147476170.9280168712 0.0000058407
147469994.8145392239 0.0000058379
147472245.8757472634 0.0000058262
147470629.8026905358 0.0000058422
148500859.2702887654 0.0000058580
148495453.6579577029 0.0000058349
147476051.2299586833 0.0000058200
147470467.0861098468 0.0000058400
147473930.6640834212 0.0000058267
148497149.3013733029 0.0000058384
147479006.3101544976 0.0000058373
148497947.1603272259 0.0000058365
147476494.6548451185 0.0000058487
147470339.7504239678 0.0000058494
147473070.9662258327 0.0000058744
147470105.2493740618 0.0000058334
148494500.1084616482 0.0000058203
148497506.2770945132 0.0000058396
148498540.8260863125 0.0000058631
147469739.6417271197 0.0000058379
148498575.1822359860 0.0000058238
148497517.1848559976 0.0000058359
147470213.4077502489 0.0000058513
148492904.7382889092 0.0000058438
148498803.9557715058 0.0000058327
148498117.7344560921 0.0000058427
147471228.5742420554 0.0000058435
148498140.9390216768 0.0000058372
148497910.3973786831 0.0000058363
148498693.3051132560 0.0000058392
147471455.2698039412 0.0000058363
148498225.5087472200 0.0000058400
148490485.2298531830 0.0000058450
148497559.9854022563 0.0000058387
147471441.9277491570 0.0000058430
148498525.3759603798 0.0000058373
147471662.3863486052 0.0000058530
147470005.5520261824 0.0000058406
147470931.9961841404 0.0000058397
147469827.2827421129 0.0000058383
148497399.6081593335 0.0000058474
147470217.0619807839 0.0000058353
147472001.7094066143 0.0000058321
147470656.8743509054 0.0000058399
147470057.8596054018 0.0000058353
148498581.0515822470 0.0000058381
148497803.8470658064 0.0000058472
148498431.9594604075 0.0000058412
147470129.5960835218 0.0000058378
147469746.1596230865 0.0000058391
148497076.8104156554 0.0000058390
147470281.2359338105 0.0000058400
147469715.7352025211 0.0000058371
147469840.0254673064 0.0000058379
147469912.6949394941 0.0000058347
148498717.5007436574 0.0000058366
148498638.7696726024 0.0000058454
148498959.4190428853 0.0000058371
147471286.3346779943 0.0000058337
147470172.6163184345 0.0000058372
148497635.5299676657 0.0000058397
148498827.0912003219 0.0000058349
147471866.5745281577 0.0000058384
148498786.7188011110 0.0000058349
147470501.7524780631 0.0000058342
147469725.9429360926 0.0000058368
148497990.3904538751 0.0000058345
147469677.2685983479 0.0000058365
147470655.0513884425 0.0000058386
148498453.7217392027 0.0000058380
147471851.5709273219 0.0000058351
147469879.8197500110 0.0000058370
148497695.9642357528 0.0000058359
147469852.9765394926 0.0000058357
147470590.9378055930 0.0000058356
148498471.2646075189 0.0000058356
148497965.4575926661 0.0000058316
148498832.9971052706 0.0000058372
148498386.3142330050 0.0000058392
148498732.2503868639 0.0000058340
148498809.9817290306 0.0000058441
148498058.4426106811 0.0000058380
147470108.7287321389 0.0000058404
148498264.7816649675 0.0000058375
147470557.2887261510 0.0000058426
148498874.6379808187 0.0000058378
148498732.4894815087 0.0000058348
147469926.2609111369 0.0000058351
147470296.2280204594 0.0000058277
148498571.8545159698 0.0000058364
147470644.7876585126 0.0000058363
148498544.4778443575 0.0000058371
148498896.3112221062 0.0000058333
148498612.1338609755 0.0000058361
148499366.6056881547 0.0000058398
147470285.9377077818 0.0000058357
147470777.0209895074 0.0000058292
147470179.6849515438 0.0000058354
148498114.2240189910 0.0000058338
147469716.9698037803 0.0000058365
148498125.7956260741 0.0000058337
148498705.2796883285 0.0000058377
148498409.3983305991 0.0000058305
148498535.2202141285 0.0000058381
148498764.4069917798 0.0000058365
148498926.2986443639 0.0000058393
148498643.7155964077 0.0000058354
148498606.7503915429 0.0000058364
147469790.0645907819 0.0000058359
147469937.3946780264 0.0000058388
148498800.3933933973 0.0000058371
147469870.7162848413 0.0000058377
148498735.2286472619 0.0000058378
147470100.4957996905 0.0000058326
147469730.0329114199 0.0000058352
147470020.0788454115 0.0000058350
147469835.4387245178 0.0000058364
148498719.3227347136 0.0000058347
148498746.3360928297 0.0000058369
147469728.5422115326 0.0000058323
148498788.6453037262 0.0000058360
148498864.9634526372 0.0000058362
148498688.2976587415 0.0000058373
148498586.5789731145 0.0000058364
147469729.1203741729 0.0000058357
147469760.7742284238 0.0000058352
147469711.1925234497 0.0000058376
147469844.1225188971 0.0000058381
147469755.1320457160 0.0000058368
147469827.3198645115 0.0000058368
147469803.3666574359 0.0000058361
147469866.3698135614 0.0000058364
147469699.8785426021 0.0000058365
148498790.0078713894 0.0000058363
147470143.3251291215 0.0000058346
147469746.7752472758 0.0000058364
147470101.5502585769 0.0000058367
147469748.5989289284 0.0000058365
148498327.9912038147 0.0000058387
147469880.1993159354 0.0000058364
148498281.9899452031 0.0000058365
148498643.8446184695 0.0000058365
147470227.5313535631 0.0000058362
148498596.8304424882 0.0000058362
147470108.6234423518 0.0000058382
148498767.2377941906 0.0000058365
147470222.2885376811 0.0000058361
147469803.8448748887 0.0000058366
147470273.3115241528 0.0000058359
148498795.9154462218 0.0000058367
147469939.5349329710 0.0000058348
147469736.7879889607 0.0000058365
147469975.7541848123 0.0000058342
148498800.6151783764 0.0000058365
147469734.6367699504 0.0000058365
99985175.0000000000 0.0000058365 1 0 0 0 0 0 0 0 0 0 0 0 0 0 0 