773522649.0872138739 0.0002566230
722674530.0192329884 0.0001465884
726919846.3989481926 0.0000000564
770508706.8137650490 0.0000059674
824975437.6998848915 0.0000072871
783917918.9073156118 0.0000081021
703355721.4769119024 0.0008760127
703911801.0406948328 0.0002988049
732115285.2768881321 0.0004742158
797377001.3704699278 0.0003350452
754926070.0642579794 0.0002027291
678212591.5519534349 0.0008417856
786704435.7547191381 0.0003650472
677426521.7786571980 0.0011182206
673882938.2814551592 0.0004394419
707067905.4091448784 0.0002342352
763254943.4643423557 0.0000043888
624183441.0094777346 0.0010248899
582020360.8513767719 0.0013384911
577346160.2886517048 0.0000164227
556857786.5839791298 0.0032140897
555716232.8622287512 0.0053039992
586157805.1860084534 0.0005712656
533951443.4812944531 0.0067784778
525077757.4197617769 0.0066225094
611273632.0925117731 0.0006252329
613003901.6054883003 0.0014747306
661090183.1345411539 0.0010997059
563935789.1070492268 0.0000549027
508579830.7748947144 0.0065801577
544057648.8019917011 0.0035074137
363015433.9672248363 0.0355749336
422208121.1251965761 0.0170116344
358227274.9270724654 0.0380393855
420755538.6894584894 0.0230497291
362797995.4265081882 0.0362334996
377809737.8434594274 0.0341094505
356832526.3902997375 0.0383792732
370635526.0805390477 0.0351584901
361655661.6762487292 0.0492477878
395919702.5487649441 0.0182762846
356708823.1016365886 0.0381400338
382925218.6842966080 0.0173629890
356851954.4361022115 0.0380027589
434518834.7381335497 0.0180790597
356796548.0972151756 0.0381600565
347489330.0035898089 0.0322678394
344348216.4695339799 0.0336487534
386599299.1473624706 0.0137699775
349900115.6095857024 0.0329528900
325653766.9368947148 0.0448412882
320598583.1022168994 0.0466594583
341543540.1975312233 0.0021867205
321470811.7382627726 0.0480675889
323870005.2376614213 0.0478434612
307674055.5700410008 0.0510425309
310119417.4369338751 0.0491289082
296163215.7722325921 0.0580086318
388826522.6359623671 0.0212723451
332230937.8383961916 0.0379703149
310508101.4148444533 0.0102498460
304903568.9792129993 0.0489739801
276630170.5783195496 0.0348510838
276713387.5052871704 0.0372682924
285785896.8932772279 0.0321266330
289533592.5239681602 0.0337003051
348136210.4076994658 0.0172992295
276950553.8832311630 0.0407622500
257879509.1737812161 0.0333973386
255354085.0626252294 0.0374031996
222099697.5732120872 0.1031994874
225102047.6747907400 0.0917221111
234232918.3687513769 0.0670799146
203464788.1855265498 0.1458536108
257910177.6004246473 0.0736684015
203469572.1335625648 0.1453529297
266036952.4332512021 0.0485825107
203165716.2942722440 0.1612855895
229961306.5390567482 0.1229528326
221673005.0533693433 0.1162565076
253482857.7370817363 0.0941586601
196970484.3849190474 0.1646444707
184937820.7559324801 0.1990147195
220819333.8247967660 0.1347362464
222121212.4197854996 0.0120788152
191493251.2793673575 0.1801422855
221807424.9112019539 0.1230451189
214799659.3487697542 0.1278099917
190552934.5559616089 0.1764504903
188831915.4883553684 0.1935596221
224066181.9585237205 0.1372687362
186677983.2469004095 0.1874878320
179258671.4105545580 0.2463304309
179481266.7303202450 0.2536487234
177775208.7931260467 0.2850047442
161606325.2400739193 0.3516673414
209211921.1562190652 0.1733669983
167076224.7536345124 0.3143788771
219630485.9904201031 0.2059100864
158958104.7967126966 0.3358432554
181644987.7150471210 0.2550237299
169816632.1649232209 0.3321559048
157820522.1039658785 0.3240493390
160319385.6351332068 0.3190100820
177599273.0845110118 0.2029541494
167560047.3050032854 0.2888540302
221742414.2966128886 0.1029733801
162175949.8574792743 0.2977221807
190270013.7790821195 0.1859850029
158087650.0336336195 0.3166772505
186261155.0476960242 0.2198558155
200232714.2473538220 0.1809956651
235688622.5019434690 0.1007752956
167206505.4461203218 0.2851694938
178282962.7871048450 0.2224712926
166433844.4771821201 0.2972099472
193789706.0875377059 0.2612431535
156905180.9173148274 0.3109200440
203823893.1950032115 0.1868874885
150050854.1902241111 0.3475253741
175786169.5635831952 0.3360975810
156064934.9437039793 0.3120390531
177442823.2883519530 0.2804281074
162769234.3477686644 0.3389006285
215608742.0753130317 0.1518221869
155483204.9260610044 0.3281113772
166279934.0793975592 0.2236786117
156141010.2551557124 0.3309951715
156551776.4446398914 0.2759005912
154420460.2552978992 0.3363824172
156239804.8352443576 0.3710736192
150162779.7521945834 0.3294254575
189626770.7699600756 0.2560759338
149558728.9071235657 0.3546524562
187559929.4709021747 0.2526216838
152696572.1776916683 0.3127940554
232789858.1221191287 0.1168791951
149742377.6530644894 0.3456548470
275091306.8109840751 0.1118397676
156704198.0548046231 0.3224055093
209593431.0031649768 0.1900630908
162288879.4765822589 0.2930829409
172888503.7141606808 0.1796738720
150584777.7740714252 0.3433628495
180940957.6480174959 0.2519921876
145627956.2173158526 0.3521638325
166252325.8367386460 0.2794075849
146600519.6058181226 0.3615387654
179322712.8688750565 0.2148982360
139090082.7912358344 0.3743365075
196133460.8702512681 0.1952071862
143802129.3777500689 0.3683213746
167945717.2044780552 0.3069107283
143509441.6232748926 0.3590616655
189512115.8725892305 0.2382384544
131212544.2076111585 0.4239663566
184451087.3902588785 0.2394125134
148391356.0751854181 0.3478084156
156508523.1484286189 0.3037037333
128293003.1350973696 0.4311688497
214761800.7045989931 0.1575128673
136430473.9742869735 0.3921078142
161043030.1144443452 0.2509168610
139134710.8865759373 0.3641899668
216162788.5472073257 0.1812915401
127830329.2077516913 0.4388292015
133491206.3781169206 0.4776181140
128315344.9911150634 0.4568824269
190005095.8998082578 0.2258988377
129249738.3837294281 0.4403183522
162483775.6797868609 0.2783977909
126540734.0426883698 0.4705218770
169726719.7476711273 0.3439165404
132044709.6659187227 0.4275862344
197964536.2771154344 0.2195004980
130255173.0889418423 0.4562835368
135791289.8694140315 0.4818268789
130459751.6531948447 0.4494717832
159426025.6487946212 0.3154988775
130370722.9094937593 0.4713224962
194518672.8268468976 0.2143550286
132873821.2285207808 0.4424921782
176985167.5951721668 0.2544084399
134506574.3636598587 0.4322780236
193601795.8002091646 0.2200856067
136573723.7993858755 0.4149076689
131533778.2382537723 0.4646260266
134736548.9993141592 0.4284670653
125897487.8928328007 0.4775270518
139255121.9521089494 0.3838153893
132186789.6782643199 0.4640910854
130153167.0109419972 0.4525759837
125639173.5849640071 0.4935003972
138304669.6177487075 0.3877436674
126257939.1223507822 0.4819439286
125904843.3362108618 0.5070451377
125135471.9624861777 0.4856902044
143630399.5973129869 0.3758421302
125786619.1178346425 0.4717216270
132875148.9729375690 0.4237353880
132601354.4635419995 0.4659644130
145016844.3904050887 0.3271241999
124874102.3203502297 0.5096395650
128644428.3267508149 0.4667149914
124900012.3756190240 0.5104519108
129953540.4707039297 0.3750181347
119821731.8399611712 0.5669841502
113713056.7406552136 0.6339139900
115209029.5073332191 0.6135947046
121430135.1408658177 0.5600907308
115738335.7278900295 0.6125154137
131141968.8450259268 0.5930422235
121167110.7185095400 0.5714441235
106208231.5279395580 0.6952476066
112016794.7725070268 0.6577688304
103290528.6424461901 0.7116078922
108406395.9613041133 0.6996584161
102084018.5698914230 0.6822287548
105191491.5576115549 0.6503311257
108008128.9265306294 0.6483098257
105717690.4129721224 0.6522240740
115200299.2833244950 0.5948179743
105792217.0472599268 0.6640230330
112422981.1845211238 0.6517306782
103572703.9046973437 0.6831354747
102270560.6997672319 0.6457085865
104382495.6128900498 0.6883052556
106021666.0198860765 0.6841967335
101193387.2775747776 0.6990131979
111842889.9309348017 0.6210135114
105036746.0601013005 0.6864144940
108136485.6273231953 0.6228860483
103903650.5172627568 0.6800493355
108716969.7975020707 0.6092274035
101463971.5967795402 0.7027243708
107760945.3132021576 0.6032417666
100824204.8826351315 0.7074084755
104375955.1862357110 0.6594660105
101261890.4047292322 0.6903403411
113214726.7215328515 0.6308182234
101526025.2639432549 0.7098234873
110587554.3170202076 0.6202603475
103026681.8880884796 0.6735073980
114130174.0702730864 0.5891005761
100309972.1161171645 0.7029636744
112721715.0545469820 0.5670769714
101518171.0158088058 0.7014112577
106970488.5150530338 0.6409111602
101713571.2979027331 0.7040248347
110901910.2349238098 0.5338783486
100840555.8515671492 0.7169181023
105841093.4870393276 0.5610694843
100920694.6469532549 0.7181473461
111618556.9945139140 0.5520492837
100081721.6267474294 0.7012863112
108928011.7757000476 0.6241604028
100615790.6032419056 0.7013440444
107832969.5063342899 0.6413237392
100905987.9005293548 0.6946325863
108163701.7160186023 0.6276076156
99941939.0408607423 0.7144377062
101543246.3894085139 0.7140606813
99675946.1519415528 0.7696078726
114820672.2653551251 0.6217419050
100505632.8156085312 0.7466275855
102194441.3228966743 0.6870932000
99844297.8971835375 0.7184962609
102207111.0245211422 0.7353927801
99388599.3071355820 0.7555420934
110509106.8352943063 0.6465371581
98553077.9187027365 0.7980369246
105007234.2937995642 0.6906466150
99525519.9558041394 0.7421156249
98660762.5551533401 0.8055180942
101101062.2094882876 0.7876455594
101075595.2663339972 0.7581088515
98071825.7852733433 0.8133230505
110165994.8442777544 0.7040325634
98197428.0550682098 0.8110688583
103763351.9279929250 0.7289678828
100302436.1316042542 0.7934015797
109650067.2445309907 0.7012589356
98859683.6788980365 0.8022585078
102923210.3005838990 0.6939583533
98856243.5597414821 0.8111184157
102002054.8986385763 0.6540424936
98920791.9354790896 0.7781969377
103231521.2445347309 0.7586450920
103267988.8876172602 0.7696295304
102365637.8083024323 0.7608145205
98880666.0996952802 0.8102684685
103765676.1362055987 0.7193559262
98060358.5854686648 0.8089739434
104417088.0243803412 0.6911475695
98393365.7062279582 0.8073033188
105545573.7932209074 0.6934727854
101449177.6645358056 0.7663027666
99463017.9520616233 0.7901029176
98643620.1213022768 0.8037846366
99159113.8626758903 0.8068395709
98554263.6767662913 0.8031226672
99691391.1826105118 0.8303314532
98942724.0703729689 0.7807095701
98788064.0185018927 0.8035240592
99247231.7123033851 0.7861811753
98895289.1770071089 0.8045515342
98368811.8183225095 0.8043307985
97958725.3154805005 0.8197893031
97995527.2317307889 0.8210706384
100009990.4909201711 0.7955198206
98308551.8135231286 0.8152202921
97974670.7161307931 0.8230769963
98824217.0295535773 0.8189994960
98497795.9650355428 0.8256207729
98059681.2725645453 0.8190725361
98260139.4924175441 0.7968780347
98402559.0550580323 0.8141504033
97969182.9799491614 0.8256721447
98644230.5084321648 0.8163818348
98467364.7634429038 0.8134026579
98072975.7506897599 0.8210169586
99382589.5019561946 0.8057998912
98728239.7101382762 0.8194019731
98871757.2488753200 0.8203164830
98585719.5947967768 0.8154280071
98791704.4000999331 0.8184926891
98238765.1820748895 0.8220626532
98824648.1468150020 0.8249168069
98078283.1024648994 0.8168736366
99184233.7959854603 0.8291535429
97953828.1943089217 0.8192763490
102511841.2193483412 0.7943148799
98098024.9117902666 0.8213565601
98171356.3837779015 0.8123587918
98374503.1165785789 0.8231092307
98267163.8430240303 0.8038338024
98354923.9523233920 0.8231095769
98972388.1218726337 0.8322865177
98899458.5137722492 0.8194148919
98455749.4542945772 0.8226920528
98331972.0467437059 0.8082047457
98441051.0708626211 0.8018722300
98869851.7489443570 0.8167635632
99117151.8446970731 0.7971512850
98195562.3089978695 0.8214099491
98265556.8515499234 0.8226474863
98017896.5033736527 0.8195103767
101645993.4487458169 0.7924155698
98483061.1928186864 0.8244604806
98239751.0708387643 0.8201831441
98920143.7222076058 0.8196893851
99980408.0527499467 0.8365171618
99059586.1620379686 0.8179651099
99554071.0551036596 0.8159817718
98157938.9146684706 0.8216688387
101777445.8660071939 0.7877123661
98726785.3027025461 0.8186068220
98842787.8693381697 0.8070310039
98661193.5253864527 0.8265106996
98805134.3759875149 0.8173063996
98403671.9029091746 0.8211430824
98696700.3716725409 0.8172587557
98069142.5812497139 0.8175898866
97965057.5279861987 0.8223874561
98361524.4813008755 0.8223550067
98046475.5253693014 0.8205963494
98225168.0135570168 0.8123442812
97963518.0573747605 0.8202627495
98676935.0559585243 0.8184742711
98904650.9012290984 0.8186595335
98703451.4783807844 0.8086024564
98874723.9481694996 0.8181606451
98330721.7405547500 0.8059299338
98835709.8823597580 0.8201245722
98039474.6902247965 0.8203627806
98305244.7270329595 0.8240817679
98035245.2449173778 0.8203721686
98057789.2806623280 0.8213280155
98019520.1772704273 0.8201750270
98240386.1122813523 0.8219769622
98943851.0189505517 0.8188844724
98007986.2046532929 0.8187137924
98779275.6853123456 0.8178372133
98429658.5407546014 0.8237465777
97978598.6832175702 0.8192270411
98532469.9273788631 0.8139973343
98069968.3921227753 0.8204117599
98450470.4587868154 0.8199430993
98003406.4099365175 0.8199457329
98166229.9589850754 0.8192244246
97954126.2312363237 0.8195744398
98121220.3331284821 0.8117291903
97961108.0590192974 0.8195503197
98352806.5960908234 0.8233072363
98007480.0078447163 0.8196708216
98659582.5471902341 0.8158637170
98865076.5924333781 0.8184306808
98085424.5354108661 0.8218752784
98088218.3687271625 0.8203535392
97953692.1470047086 0.8196859989
98785370.2511072904 0.8192465295
98679054.9470687807 0.8181265383
98815419.4117923528 0.8194432409
98373936.4988508075 0.8230008105
98708375.2331787050 0.8185544981
97999735.2621175796 0.8206878991
97952820.8064450622 0.8197283902
98408601.6318254918 0.8241473695
98824929.3905380368 0.8197640088
98662364.0078310221 0.8195685529
97953391.0954601914 0.8196529627
98052140.8766826540 0.8227184057
98681792.4396475852 0.8169683489
98607914.4394887537 0.8201431904
98795342.2163569629 0.8196701964
97940703.8776837438 0.8200505664
97956909.9261941761 0.8201877723
97939890.4753919542 0.8207090503
98801444.3474292606 0.8195808795
98558081.5596923083 0.8232988706
97944634.3616791964 0.8207737633
98425750.6037673205 0.8257331223
98038850.6349927783 0.8220547073
98730341.1111534834 0.8175264872
97995314.6690590829 0.8212269132
98699750.8706323504 0.8201491913
98914592.9886540174 0.8207816975
98946909.5052749515 0.8195463793
98790992.2503544092 0.8188132683
98755062.1984043568 0.8207385850
97995131.6224140674 0.8214354570
98438778.2368727326 0.8258232091
98119102.3803140819 0.8223866820
98321069.4405747205 0.8170261821
98063850.1322781146 0.8218315188
98845988.0912122875 0.8177348794
97974425.1385199875 0.8210583263
98645437.1251790971 0.8183820146
98920041.9001496583 0.8202789618
98625054.1408071518 0.8119791865
97993858.2750907093 0.8209271832
98621666.5153601021 0.8281414515
98946185.0516511500 0.8198563154
98749925.8278060406 0.8172309581
98096065.3269894421 0.8219035847
98830628.4947178513 0.8214870044
98086695.2022626400 0.8219768153
98684558.3957346827 0.8165448913
97993178.8676776290 0.8210527759
98889907.9374746382 0.8196043179
97971902.4638111889 0.8210435115
97973988.9634788036 0.8219263888
97959087.5860941112 0.8204393445
98195840.5530885160 0.8213201983
97977439.5019195527 0.8213826082
98642665.3533118069 0.8176317013
98040679.5969971269 0.8212813727
98634611.8735106736 0.8149178263
97998674.3225604445 0.8215688259
98994428.3528267145 0.8203817506
97988298.1003531814 0.8214309410
98954422.0048037469 0.8199139585
98978230.6368434429 0.8204119117
97959578.2459091544 0.8205104123
98845116.7697632462 0.8189626450
97953763.4921351373 0.8206539050
99013961.3373305053 0.8207819762
98891580.0332236439 0.8198708477
98588587.1319591552 0.8175081890
97958907.4442817271 0.8211427120
97967738.5024010688 0.8199477593
97943050.4103526175 0.8204226519
98930504.9533545077 0.8201373343
97943940.4690714926 0.8205655912
97992699.8470870405 0.8226250442
97952289.6010021418 0.8205929072
98276711.7734644264 0.8241517440
98003677.4529584497 0.8215544311
98286199.2316325158 0.8243969007
97951422.8852600157 0.8203933543
98667721.5013825744 0.8174864148
97994062.6240034699 0.8210242898
98192133.5437878966 0.8233465806
97958111.1181494147 0.8201947629
98707182.3295325041 0.8195916691
97934155.3646547198 0.8210695083
97966387.5726795644 0.8200887278
97939073.0113199949 0.8208400391
98277222.7005706578 0.8250090217
97992924.8041661084 0.8210333617
98132302.3750374615 0.8221728003
98915597.4496964067 0.8208398736
98010402.5171132535 0.8213502480
97944318.5113432258 0.8210548425
97967559.0997043699 0.8218919750
97940811.9769130796 0.8212763442
97985408.9568178505 0.8194104408
97944175.5124761313 0.8211059270
98692691.1870701015 0.8194777580
97948559.8114981651 0.8212112904
98054115.9658914059 0.8226541013
97930063.4342905283 0.8210417068
97990359.9730029553 0.8219078446
98896454.8477968574 0.8204410410
98214458.9700267464 0.8227239670
97954101.5395280719 0.8207064123
97989402.1469184756 0.8206700538
97954575.0635791123 0.8211368752
97971633.8708461672 0.8213838074
97947672.5366108865 0.8212507836
98064781.9825338274 0.8213908957
97999266.2916689068 0.8212379656
97938891.7230187654 0.8211236579
98074699.6079421192 0.8223461763
97976828.6345240027 0.8215030373
98946337.0625714362 0.8211774286
97987068.2002981901 0.8216184218
98829147.5581230074 0.8196329530
98007236.7891707569 0.8217367084
97945655.6455951184 0.8208929505
97961289.8629520535 0.8214548766
97929150.4348670393 0.8211594579
97934126.8778282851 0.8208114730
97929764.6291933805 0.8211513350
98925738.4381299168 0.8204559052
97933105.8434868604 0.8211972644
98018121.2901972234 0.8221341576
97940148.3201429695 0.8210440254
98006233.0603929162 0.8216204499
97933214.9633039385 0.8211789491
97959000.7415845096 0.8215156456
97953836.0261913240 0.8210342314
97997799.8537774831 0.8218308088
97954823.5600947738 0.8211530680
98931007.8883149624 0.8209508241
97938938.1491806954 0.8212447726
98005798.2568645924 0.8218646812
97934558.9934111983 0.8211540575
97955076.3282570690 0.8211270144
97945463.9257006049 0.8210648602
97949095.7468548715 0.8211960128
97933704.5695190728 0.8211440974
97971780.1989903003 0.8217152313
97946540.7099986821 0.8211005831
97938686.5042769015 0.8214778161
97937722.8934329897 0.8212308910
98950971.1999765188 0.8207795140
97947565.6374151856 0.8210551735
97933038.0575853437 0.8210535926
97940320.2882170677 0.8211680016
97949111.9389187545 0.8211204426
97933561.2198052555 0.8211155396
97955992.9704374671 0.8211488084
97971607.3030328453 0.8216573466
97932626.9109445065 0.8211984141
97966688.6258618385 0.8214189148
97941527.4991285801 0.8212722868
97937003.6125970632 0.8211250399
97935363.8755036592 0.8212014361
98931548.5169669539 0.8206914291
97946777.9856841862 0.8213399676
97929966.9162367582 0.8211655523
97940909.7090757936 0.8213236586
97929590.2503801584 0.8211548083
97930918.3409834653 0.8212749990
97956508.5795510709 0.8211543315
97945702.1177223176 0.8212332290
97956337.6849743724 0.8211462459
97935107.6996430308 0.8211839566
97930081.6654227376 0.8211470114
97951297.8013027608 0.8213522706
97929814.8773903847 0.8211534591
97949494.1502443403 0.8211722275
97933624.5364723206 0.8211712572
97945808.0176900476 0.8210710440
97957030.8996254653 0.8211308105
97943168.0153478086 0.8210539433
97935650.5462270528 0.8212180888
97948488.4343044162 0.8209919824
97930112.5177233368 0.8211764642
97936768.1637428403 0.8212901946
97930525.5467547625 0.8211689955
97937960.8303224295 0.8211610425
97930187.8679680824 0.8211636428
97950536.5533336401 0.8211131840
97952050.1496333778 0.8210902902
97934179.2966653109 0.8211110188
97951685.8638216704 0.8211045701
97950310.6329852045 0.8210757738
97956647.7862557173 0.8211491434
97929873.4301440120 0.8211973928
97955086.1293207854 0.8211407709
97950242.9654338807 0.8211183550
97929273.4428631514 0.8211392925
97928619.6514736116 0.8211932296
97938177.3536459357 0.8212815088
97945818.7527378350 0.8212959821
97951416.9263628721 0.8211417897
97952172.0971310586 0.8211986555
97931941.7089964598 0.8212238363
97943276.8500194401 0.8210189551
97955819.1919387877 0.8211886335
97935895.4012018442 0.8209931961
97931359.7616129965 0.8212128127
97937913.1948647201 0.8209706237
97955370.3906063139 0.8211698768
97936484.3543042392 0.8212899524
97955556.7297136039 0.8211830076
97942158.3179518580 0.8210427288
97930374.5154110789 0.8212093722
97934078.2739794105 0.8212789839
97954312.7808564305 0.8211725158
97945316.6936709434 0.8211417092
97933389.9557479471 0.8212239956
97931382.8842829317 0.8212756635
97931397.6873914003 0.8212115052
97934799.1233638227 0.8210477283
97956311.6487630606 0.8211865158
97942674.8834000975 0.8213371401
97928400.5893125832 0.8211832575
97947119.8806305230 0.8213055203
97931321.2302094400 0.8212164807
97935596.4883133769 0.8212416141
97954460.8746930361 0.8211724201
97955208.6001086980 0.8211225334
97931756.2670908868 0.8211814520
97942457.0662251562 0.8210494342
97929346.7852608711 0.8212151312
97952397.3751607090 0.8211338432
97953714.0646038204 0.8211471517
97943574.3472215682 0.8213587226
97930388.2529736161 0.8212100654
97935138.6410142630 0.8212171167
97930084.1617920846 0.8212071462
97928648.4503513277 0.8211897218
97931074.2733306885 0.8211814324
97928967.7952178717 0.8211838249
97928361.6309827864 0.8212406285
97928481.2286054641 0.8212438375
97954670.3210151047 0.8212500295
97955730.0808483660 0.8212303973
97935808.3565512300 0.8212926265
97928471.2995612919 0.8212428841
97946189.0595605075 0.8211328315
97954523.7008329928 0.8212216004
97927571.7672949135 0.8212525957
97954918.6633052081 0.8212357427
97932244.4815260917 0.8213545370
97955100.2770563811 0.8212535393
97929493.6875918657 0.8212923354
97952992.7018067986 0.8212278777
97932031.3777161241 0.8212736262
97952163.4929207265 0.8212262841
97943637.8735504746 0.8213664919
97929968.1172376126 0.8212869469
97936156.9863187969 0.8213445084
97954841.9433975667 0.8212430099
97932978.5640670657 0.8212861717
97929748.5047129840 0.8212693824
97929876.7206774205 0.8212667322
97954871.9655681551 0.8212350995
97953183.8229791969 0.8212445440
97928103.5453264117 0.8212520523
97934808.7270881236 0.8213035444
97952842.6551058143 0.8212231086
97929531.8273582011 0.8212709758
97928640.8133551180 0.8212635247
97952179.2239343077 0.8211989779
97928810.7309675515 0.8212695405
97928632.1932315975 0.8212817571
97930625.3161306828 0.8212794182
97930133.1267457604 0.8212567006
97954320.6731845140 0.8212368973
97950230.8980053216 0.8211882360
97928440.1479406953 0.8212576193
97951904.3619244993 0.8212455381
97953591.1594050080 0.8212335371
97930569.1030640751 0.8212834131
97955009.8732942343 0.8212468344
97955058.4127201289 0.8212158304
97928313.7749788612 0.8212741364
97946221.5169275552 0.8211847505
97954711.0870984048 0.8212398869
97951041.7279961705 0.8212467605
97953564.0323518664 0.8212286111
97952359.0986022055 0.8212136969
97955742.9007232785 0.8212515796
97952404.5101396292 0.8211943369
97928918.5213203281 0.8212641544
97950991.7828848213 0.8212491059
97929465.6341478974 0.8212701081
97950503.4155313373 0.8212448421
97953235.2131295949 0.8212281963
97927744.6514895856 0.8212883107
97954711.6791944504 0.8212488211
97951867.5713859349 0.8212051348
97951334.0755761415 0.8212137174
97930322.5097481906 0.8213184876
97930151.5005415380 0.8212883530
97955408.3077384233 0.8212519839
97929252.0879500806 0.8212727433
97955723.7101181895 0.8212513533
97930069.3407568932 0.8212652940
97955158.5017558038 0.8212466783
97929300.5319787264 0.8212594882
97927624.6415059417 0.8212629301
97928610.5288094878 0.8212610543
97928532.4248209447 0.8212595959
97929043.3611246347 0.8212850026
97928619.0711313188 0.8212574364
97928021.2030151039 0.8212574994
97955723.7042867392 0.8212455482
97955475.7611788958 0.8212478537
97929000.8548835516 0.8212651880
97955482.0706224293 0.8212477880
97927942.9688419104 0.8212605666
97927817.5190091729 0.8212543288
97928045.5942800641 0.8212669562
97955857.2163847536 0.8212511121
97929328.0494073778 0.8212679815
97928171.0642154217 0.8212573339
97927924.2846627682 0.8212509140
97927775.9197492599 0.8212548245
97927604.5811078101 0.8212507338
97928301.2133065909 0.8212600136
97955298.7109229118 0.8212306234
97928734.7536509484 0.8212617873
97928112.7478924841 0.8212584698
97927563.9700963497 0.8212521406
97928240.4281312227 0.8212648916
97927605.3560736477 0.8212549034
97932093.4439721256 0.8212973313
97927605.1358143985 0.8212524444
97928299.1198215187 0.8212641539
97928517.9493065625 0.8212620616
97659030.0000000000 0.8212620616 0 0 0 0 0 0 0 0 0 1 0 0 0 0 0 