534117273.4860590696 0.0001061744
523281720.6607189178 0.0000186136
526649893.1366176009 0.0002744422
515432218.9632390738 0.0001492070
521007312.1367088556 0.0001177338
603832287.4596863985 0.0000128270
503375711.4725148082 0.0001596078
504485216.1047461629 0.0000353003
536299827.9231716394 0.0001036711
558309797.9273861647 0.0000727550
582183323.5186320543 0.0003807119
488712370.0267964602 0.0001917068
578611046.3413383961 0.0000707605
488164049.0402204394 0.0002037006
479295817.6111643314 0.0000514129
529775336.1674606800 0.0000274046
505674449.2404178977 0.0000006306
429267168.6018287539 0.0001322666
430653989.6510922313 0.0000255784
428927563.9460992813 0.0000029843
401960213.9533600807 0.0005806399
400786173.3965703845 0.0006286653
415310932.2675106525 0.0000052991
376095669.7620937824 0.0007543918
370651564.8498841524 0.0006043932
476243201.1610897183 0.0005410745
429031382.4402326941 0.0001187969
451329863.0363861322 0.0000463114
403061499.9095195532 0.0000079759
346446303.4455715418 0.0003789942
406179044.5044206381 0.0002020148
292390301.2173882723 0.0000966413
295978468.1513627172 0.0000474603
291666052.0830711126 0.0001240665
362981569.1419853568 0.0027155899
296048123.6216111183 0.0001224189
340934484.0423614383 0.0000015250
295283619.0249685049 0.0001272492
326216066.1243813634 0.0000021366
285658027.7065754533 0.0001903650
364463289.1986616254 0.0000549462
291947607.7584462166 0.0000377427
273529488.6814146042 0.0000024634
275835402.5705279708 0.0000044654
301708712.7698270679 0.0000213885
273414556.2341748476 0.0000023214
285016792.0279980302 0.0000000203
277850433.8116690516 0.0000022887
318084853.5640388727 0.0000149255
273624818.7002086043 0.0000026560
280369526.7671635747 0.0000124889
273704351.8724822998 0.0000043020
279667046.9852015972 0.0000171264
271606183.1003243327 0.0000003313
272373560.9669131637 0.0000548837
270386007.1409790516 0.0000186726
283387210.2137523890 0.0003652227
276446057.3153520823 0.0000305514
342832969.2105259895 0.0001141756
299269664.0657370687 0.0000121443
329638923.2381654382 0.0000602765
269999661.4862899780 0.0000006753
288711383.1191089749 0.0000580941
275517004.0412366390 0.0000007067
278951027.3405286074 0.0074829755
272366639.9853659868 0.0000289007
318789882.8901393414 0.0000212425
272567014.0515305996 0.0000038465
311884590.4122040868 0.0000118933
274740899.3925613165 0.0000000000
295094482.4195672870 0.0000027790
270254816.7132248282 0.0000045335
277436323.7124993801 0.0005767752
265425556.0500176549 0.0000017518
295843634.5481302142 0.0000068665
273389881.3745181561 0.0000011573
259436051.1501100063 0.0000047722
262222283.6615885794 0.0000161449
299355958.0809873939 0.0000605864
260388919.1273450255 0.0000064869
258467530.0082271397 0.0000874099
262377156.2897971272 0.0003269965
310263192.2388345599 0.0000486095
264144171.3880593181 0.0001044003
279619286.8476212621 0.0000597244
261690833.5134252906 0.0000451169
277100063.9398909807 0.0000701439
258330023.1410771310 0.0000794657
292451463.4136021733 0.0000000710
258584556.9700438678 0.0000776017
274243505.0431240797 0.0000005608
272574669.2933624387 0.0000801381
282399919.6754533052 0.0026759537
256548529.9775059819 0.0000525386
287596530.5060216784 0.0000095710
259769715.3807237446 0.0000104887
275406795.2879975438 0.0002361994
240600676.5396726429 0.0002693269
242060495.9210226834 0.0003354140
256035656.8061376810 0.0004577785
240738575.8121255636 0.0001355386
235209776.8367981315 0.0005071519
235212185.6815520823 0.0005418455
244327442.9875442982 0.0001033102
244654829.2732635736 0.0003164274
237170620.1737831831 0.0001376938
231302676.1024631560 0.0000840888
242041645.6690959632 0.0000325696
234664084.0170812905 0.0001249337
229647812.3384153247 0.0000000002
228300206.5250423551 0.0000000946
220567145.3769347072 0.0000005738
223047915.3310481310 0.0000124237
214741478.3202327490 0.0001641265
214695198.4191659987 0.0002022607
229182175.3681572676 0.0002278288
215301472.0476941466 0.0001869908
220382574.0913238525 0.0003508665
220807076.2949016690 0.0000975865
229249409.3883008063 0.0009068543
214126204.3048678637 0.0002227374
230437956.6367200315 0.0001254399
215235270.0796013474 0.0002742967
217933193.1413893998 0.0005795902
214448845.6428300738 0.0003057600
216117843.7500248551 0.0001399149
216333563.1605849862 0.0002713357
216671069.0292225778 0.0000371264
221916076.3827334642 0.0000092486
231161389.8164963126 0.0003851940
214837662.4888962507 0.0000512157
220938575.8820415437 0.0006679671
215834394.3778000772 0.0001868650
225646796.9434485137 0.0000399588
216797814.8611392677 0.0001417955
226103058.4526814520 0.0006356220
221841991.2353068292 0.0003028382
244619958.6749528646 0.0001341888
216182833.5461631715 0.0002875589
226043446.0385570228 0.0045197918
214837290.4991106987 0.0003600800
223008297.0102909803 0.0003341701
219312848.6555238068 0.0002856011
234121196.0930156410 0.0002966929
214502125.1684119999 0.0002532720
230373525.1632623076 0.0000666004
215396506.2186971903 0.0004788707
243864499.2444902062 0.0000632494
219060594.1377017498 0.0002568744
224681397.4264311790 0.0000460864
215437515.8693680465 0.0001692170
243438059.3804393411 0.0003438043
216485232.4594187737 0.0004770924
243276212.0949705243 0.0002375767
215080594.3542797863 0.0003403446
243398208.0333464444 0.0002304481
214308651.0528450608 0.0003288645
242888155.3877573609 0.0002734190
215352493.8494881690 0.0001288344
223372820.4239850044 0.0001022680
222253382.3587274551 0.0002004132
242794606.4120918214 0.0002837013
215762650.0504330099 0.0002638822
243488568.6057378948 0.0002655876
225537759.1856814921 0.0002750173
214110049.2811219096 0.0002503333
223531045.5805463791 0.0005742004
213749814.4295439720 0.0002831809
214976012.2178966105 0.0006892797
215069243.9156011641 0.0003322919
214649741.9728488326 0.0004252828
213840496.0030487180 0.0003553388
219471824.9782178700 0.0002414755
219884143.5576020181 0.0001103187
213349900.2559267879 0.0002040885
216731372.8848306835 0.0002037633
215373323.3312102556 0.0002032540
214942743.6503481865 0.0001952535
213966445.0943145156 0.0002144308
221616335.8147732019 0.0007845725
213458224.5434172451 0.0002143690
221009036.7589697242 0.0000331398
213488248.6023033559 0.0001762152
213616823.0664952397 0.0001270627
214662672.3585998714 0.0001957281
221141129.3897559345 0.0001258275
213953571.4320852458 0.0001847696
216780716.6122809052 0.0002491658
214323132.9086069167 0.0002470557
218864362.8819995224 0.0002777203
215435504.2773625553 0.0002125218
222442861.2084411979 0.0001510505
215033766.4012796283 0.0001698922
219110741.5705308318 0.0002628758
214031980.2392391264 0.0002118428
220642584.3655084372 0.0001832919
214303334.1239750683 0.0002175106
213541659.2026706338 0.0001578309
213889697.7073680162 0.0002199982
222476883.8559027910 0.0001447890
215106659.8640017509 0.0002184838
222914403.6194885969 0.0001569143
214213778.9949501157 0.0001989017
217371024.6311742067 0.0002500587
214946425.0366359353 0.0002019425
223149467.5463386774 0.0001565962
215393799.9120949507 0.0002084042
221535503.5547014475 0.0001497145
213999955.2136155963 0.0002596918
223433956.6174987257 0.0001566612
215224519.1561253071 0.0002058543
215542141.2058538496 0.0002289699
213606484.3324650526 0.0001935552
215767930.3223576248 0.0001720281
215473280.0000647902 0.0001881265
214685258.5820557773 0.0001659721
215136863.9670036435 0.0002144293
220783309.6170780659 0.0000365977
215503486.3681832254 0.0002117314
214216578.5896457136 0.0000646019
213670922.1299235523 0.0002346047
221704071.2696296573 0.0003668350
214949151.1970478892 0.0002470296
215302739.7535286844 0.0002279346
214311893.2635856569 0.0002067895
221444602.2589147389 0.0000214192
214632179.9520491958 0.0002051318
216020988.9771176279 0.0001970774
214317154.7722790539 0.0000890868
213375257.7461636066 0.0001896176
216745655.3261496723 0.0001266392
215317803.7093715966 0.0002361169
214690862.3410855532 0.0001341960
213763023.3327888250 0.0001967000
213062797.0322372913 0.0001311781
212937578.6120922863 0.0001237301
214278172.2091411352 0.0001064432
213251470.2341946363 0.0001092412
215032942.0371633768 0.0001490067
212951076.1039272249 0.0001097229
214091312.0881003737 0.0000936991
213443806.6947948635 0.0001281620
214057251.1639662385 0.0001655284
214252499.3275134563 0.0001204011
212432979.2251088023 0.0001152465
214274831.7973510027 0.0001114295
215116814.4714642167 0.0001084314
214400189.3873989582 0.0001174568
214361079.9289119840 0.0001084259
212380468.6340171099 0.0001077686
214020590.8180635273 0.0001187616
213059543.1958573163 0.0001015354
213334326.7049196959 0.0000853335
214258253.1783571243 0.0001058642
216413630.4669416249 0.0000322996
214125269.0597070158 0.0000916887
213796384.7190635204 0.0000666290
212439537.3191245794 0.0000843308
213286991.4179589152 0.0001965792
212465558.5428172052 0.0001085203
212879529.6666069031 0.0001163243
214051538.3836014271 0.0000831245
211987933.6016195118 0.0001805524
211729778.7291477025 0.0001850700
212278728.7193765342 0.0001170454
213534773.3094874322 0.0001824796
212387189.5858811140 0.0002826420
211764996.1507816911 0.0002080719
212007588.8033496141 0.0001839333
212496551.3736948371 0.0001921086
212528881.5277870893 0.0002143999
211715468.0111535192 0.0001863265
217386493.6354069114 0.0001654788
212308914.6460762024 0.0001942014
213218102.6554706991 0.0002510207
211858693.2518314421 0.0001954864
214266696.0698190928 0.0002087157
213131278.6014676690 0.0001434317
212434544.8544034362 0.0002438984
211643929.0106774867 0.0001730797
212376948.9541296661 0.0002816726
213715723.0245236754 0.0001810242
213260164.2686200440 0.0001988470
211529745.9949839711 0.0001547748
215418138.5224622786 0.0000948686
211369758.3883070648 0.0001769590
212972305.9894044697 0.0002147246
211355526.9134560823 0.0001706471
211719738.3131234646 0.0002145931
213492808.6603356004 0.0001804919
211594662.1967798471 0.0001287964
211190034.7655471563 0.0001724885
211398452.6278077960 0.0001590874
213235187.3426749408 0.0001718525
211146600.1495646834 0.0002282349
211227587.9994711578 0.0002256299
211540885.0460910499 0.0002743099
211521212.4399192333 0.0002416316
211084653.7661416531 0.0002420697
211120509.0965895653 0.0002114342
212351231.5559149981 0.0002953647
211064003.2208833992 0.0002361919
212772746.2850734890 0.0002262445
211188264.7812916636 0.0002507469
211846475.9845272005 0.0002198675
211084630.6157417893 0.0002522133
212884343.7887798846 0.0001546572
213090838.7636533678 0.0002380464
211931110.6086624563 0.0003422714
212283973.0189967155 0.0002027790
210291390.8557683825 0.0002613389
210584485.6721998751 0.0002228047
213898641.8175263405 0.0003437508
210216863.6846531332 0.0002967267
212663413.7587280273 0.0002767273
212725282.0395356119 0.0002608457
212233321.8960201740 0.0002865695
212764905.5796770155 0.0003114957
211059722.0687583685 0.0003917454
210241207.2853680551 0.0002919262
212066644.4774696529 0.0002943307
212740237.9255895019 0.0003086143
210934305.1234412193 0.0003374135
212376160.7890657485 0.0002897398
212009966.1888383031 0.0002054923
210009176.0651216805 0.0002851709
211493885.9393230081 0.0003414165
212494516.0512790680 0.0002756842
211895254.8277051449 0.0002542440
210197461.3297883570 0.0002859671
210964871.0674804449 0.0002355820
212842807.4605343342 0.0002539644
211040841.4346449971 0.0004093246
210125719.6344971657 0.0002921097
209880678.1127043068 0.0002735429
209735754.8119100332 0.0002634738
211033770.4944224656 0.0001926156
212206736.5997885466 0.0002609544
211559756.8395070136 0.0002805974
212124580.1334139109 0.0002729846
209491354.3571988940 0.0003250232
209354790.2137474120 0.0003300325
211208681.2665916681 0.0003387188
209316716.5560037792 0.0003575145
210013402.8942990303 0.0002657482
209885717.0078143477 0.0003336253
211101702.9327785373 0.0003769776
210032096.7620084286 0.0003691372
212085782.5851010978 0.0003272160
209391836.2535206079 0.0003346300
210427292.9795486927 0.0003046830
209371784.9572909176 0.0003467681
211359355.0212962031 0.0004033803
209469984.8632777929 0.0003531441
212572029.7193205357 0.0005924938
211923818.4097629189 0.0003056345
212067486.4556036592 0.0004605737
209135629.2435293496 0.0003778919
213450666.3508257866 0.0003652048
209440650.9037493765 0.0003948854
210300386.0357172489 0.0003548364
209172182.6113807559 0.0003759752
208686239.0713364184 0.0002251845
211949268.0123159587 0.0002249061
207755321.2625358403 0.0002619042
207671386.6528570652 0.0002570206
207667282.2140606344 0.0002247271
211300734.0519875884 0.0002307603
210116782.8278040588 0.0001093888
207537938.2040198147 0.0002328713
209490087.7571026087 0.0002692602
211141046.7635571361 0.0002209872
208685084.9978436232 0.0001910390
207608464.7377540171 0.0002073167
208721350.5204359293 0.0003101222
207800995.2942147553 0.0002472631
211676339.8860139549 0.0002166927
210901206.3484092057 0.0002159400
208482658.1798318326 0.0002953162
211182458.6215980649 0.0002385227
207255797.7202876806 0.0002473866
207084864.1682422459 0.0002458454
211829997.0426211953 0.0002457226
210643425.5273431242 0.0002730374
208787914.0304966569 0.0002492899
210981980.5263960063 0.0002762924
209131667.5620334148 0.0001856860
207555930.2710200548 0.0002426639
207888957.6283452213 0.0001453794
206844983.9634596705 0.0002559588
208670097.3715836704 0.0002237671
206882633.7133954167 0.0002539822
208636291.4655147195 0.0001973804
207267805.3849053979 0.0002250151
208110474.3748308122 0.0003238466
207124230.8091797829 0.0002612892
210994295.6520484090 0.0002097017
207165656.0413196087 0.0002660289
208725493.9419521987 0.0003099333
210825724.7648929954 0.0002339136
207445223.4614055157 0.0002827915
206926328.8761844337 0.0002118837
208682548.8072400391 0.0003496433
206769757.9824518859 0.0002498918
206621595.6512160897 0.0003586904
209842862.7289216816 0.0003957121
207595181.4600333273 0.0002302140
206531645.5357471108 0.0003500276
207347896.9134541452 0.0003675129
206717735.1499311626 0.0003954727
207562354.2223872244 0.0003868989
210069981.7737691998 0.0003369415
208075535.5871996582 0.0002859630
209858692.4334258139 0.0003563768
206350009.3665711582 0.0003466340
206254285.6475380659 0.0003528692
213830305.1578933895 0.0003433789
206500760.6206134260 0.0003648506
205968943.4010864198 0.0004263863
206130972.4702835083 0.0004454144
207250619.0613992810 0.0004107992
205998163.4021610022 0.0004481346
208138784.9931724668 0.0004605919
205827157.1269353032 0.0004016190
206592983.8177270889 0.0003873222
205820315.3587487936 0.0004023358
209189269.3123203516 0.0004200553
206476208.6742867827 0.0003700210
206286222.3242015839 0.0002521050
205744693.5028890967 0.0003882051
207901142.5185126960 0.0003351728
205789083.0435157120 0.0003796833
207138426.7097123265 0.0005032524
205778190.5938947797 0.0004387244
205511679.8380728960 0.0002757234
208855090.3252411783 0.0002760823
205762078.1511547565 0.0002549809
205516104.5680426359 0.0002756956
207739749.1002530158 0.0004215506
205629790.1574938297 0.0002527008
207381284.1042937338 0.0003399916
208489465.1995937526 0.0002570345
205128688.3062288463 0.0002108252
205213946.6230004430 0.0002430044
207358984.1137885451 0.0002096295
205219490.8635051250 0.0002195622
208821909.9682474136 0.0002474959
205308400.4993081093 0.0002137172
206606033.3000272810 0.0001774117
205752447.5913012922 0.0002140386
206267674.0024561584 0.0001799606
205316376.4183213413 0.0001967227
206970582.3777851462 0.0001883244
205446057.5962543488 0.0002057410
207529196.8443042040 0.0002835638
204943454.1108375788 0.0002374099
205162770.0444653332 0.0001892373
205020260.7001740038 0.0002275758
207503159.8037355244 0.0002959320
205195789.3253493905 0.0002283505
206954542.3061820567 0.0002960508
205496819.5124503672 0.0002409857
207076668.7440767586 0.0003625739
204958978.9810609818 0.0002415887
208288678.3241784275 0.0002393571
205156713.6931909025 0.0002394694
206388227.4270903468 0.0002061911
205021677.1117250323 0.0002457323
204879217.6989842355 0.0002696606
204622167.4588156939 0.0002786405
206854538.0914978683 0.0002924712
204367579.4403913021 0.0002987814
207263165.4870769978 0.0001594740
204369072.4963769317 0.0003378554
206420541.2431695461 0.0003785313
207379551.0845114589 0.0003033889
205525710.2328194976 0.0003121232
204100198.6909142137 0.0003006528
207444873.0475499034 0.0003371452
204632665.0620122254 0.0002988406
207789835.4545755386 0.0002804066
204521955.5239279568 0.0003087258
204837171.7534883022 0.0003814322
207211267.8756642938 0.0003003899
204484704.0391293764 0.0002832770
206954234.9560079873 0.0002963090
204515848.5605779290 0.0002386756
207217847.0481269658 0.0002828511
207266514.8562876284 0.0002811120
204569635.9250867963 0.0002985033
204507199.9945879281 0.0003004009
204240915.8829423487 0.0002843142
205625974.9086610377 0.0003545849
204876669.3201196790 0.0002992575
207217208.3615860343 0.0002649886
206831818.0656335652 0.0003158976
204360821.5249566436 0.0003459911
204323857.0266751051 0.0002966119
205798209.4320021272 0.0004579262
204472077.6015910804 0.0002940016
206222298.7713685930 0.0002675546
204841056.2253087759 0.0003004271
204061051.2998991013 0.0002969122
203826952.9733505845 0.0002682713
207300113.1650941372 0.0001943326
203528572.7632659376 0.0002161686
203812326.7695073187 0.0002468502
203608479.1814833283 0.0002179914
206843305.7918998003 0.0002413421
203880680.0559403598 0.0002042837
204852173.3548203707 0.0002495553
203858870.8841298819 0.0002193210
206080573.1947111189 0.0002372965
206904105.9930902123 0.0002086356
203380425.9653590620 0.0002731030
206708146.1199989915 0.0002150163
203330734.5213546157 0.0002599526
205091507.5956979990 0.0002825115
203286650.7648751140 0.0002579448
206347238.8659254909 0.0002935942
203780998.8652057052 0.0002505462
206376261.8569554090 0.0002440447
203624130.8757526577 0.0002612003
206492866.3789592683 0.0002684807
203226347.7238918841 0.0002666230
206874417.2450896204 0.0002387941
206655472.3723119497 0.0002690768
206593700.2247096896 0.0003265156
203416201.6248726547 0.0002649808
203089144.9088270366 0.0002746556
203184563.7475664318 0.0002787546
203615775.2079291344 0.0002196990
203105848.2630285919 0.0002818789
202987639.5093153715 0.0002908919
203028057.3015443087 0.0002913396
206619808.3379145563 0.0003066900
206272455.6355374455 0.0002812599
204643106.6605331600 0.0003030066
202856470.0166172981 0.0003039723
203535727.0947256386 0.0003201452
202990233.5495345891 0.0002704577
206445573.9018746018 0.0003392890
202940284.1096246839 0.0003056796
203641905.2708149254 0.0002897538
202970103.5721906126 0.0003078144
206466045.3140628636 0.0002824269
203095153.9924190044 0.0003179438
203184075.6001569927 0.0003075989
203293916.6407171488 0.0003027772
203776486.1284166574 0.0002981035
202982010.1419799328 0.0003138844
204040775.8520216346 0.0003329578
203023720.4941337705 0.0003027552
205905672.8284563124 0.0002656889
202947236.6598347127 0.0002901238
206122590.1741590500 0.0003205555
202972631.7220396101 0.0003013762
206395140.2040739059 0.0003665030
202901178.7729183733 0.0003038429
206466371.5283235908 0.0002612635
206817595.0089394152 0.0002995855
203394903.2810429633 0.0002875324
206707219.3986441493 0.0003207763
206373147.9128324687 0.0003060598
202948174.3540878594 0.0002965427
203469142.3157954216 0.0002850507
206810462.7208909392 0.0003183806
206340551.8768305480 0.0003058176
203113630.1747218668 0.0002988927
206067492.3348784745 0.0003575399
202978107.0717478991 0.0003050825
206542772.4064902067 0.0002575000
206636420.9089141190 0.0003032077
203050031.4969542325 0.0002651301
206611834.6999048889 0.0003160463
206076773.3875921071 0.0002701541
202905731.6121128201 0.0002994291
203183228.5633114278 0.0002552231
206632002.9244392216 0.0003202694
205957319.2032967806 0.0002587027
206646559.6785522699 0.0002804822
205643505.9847051501 0.0003836524
203012679.7424873412 0.0003545074
202938549.7014756501 0.0003045083
203890090.6318941116 0.0003002788
202959277.4627775550 0.0003037878
203019496.7312687039 0.0003208957
203044385.4891184866 0.0003033642
203539170.3199686408 0.0003226476
202972346.2462540865 0.0003039696
203099492.1398673058 0.0002749050
202994356.2788252831 0.0003074707
202651321.5968436301 0.0003011466
202797276.4194595218 0.0003001030
202635915.6713439822 0.0002937770
206574113.7383696139 0.0002940513
206242311.5082572699 0.0002755718
206515820.0258777440 0.0003062139
206350653.1498926878 0.0002991533
202653077.1176134348 0.0002939321
206165607.9195589721 0.0003275000
202653624.7812436223 0.0002952293
202770055.9908127189 0.0002849996
206457827.7607357502 0.0002900889
202668251.6166427732 0.0002977954
206557775.2935001254 0.0002955231
206181104.1103605628 0.0003172635
202671579.7529437244 0.0002981387
202805922.0725396574 0.0002675720
202707949.7131165862 0.0002967979
206246690.0736557543 0.0002685557
202712710.3202583790 0.0002914901
202758220.6072597206 0.0002691594
202651238.1602072418 0.0002965811
206621848.6668546498 0.0003018240
202694478.4561333358 0.0002947648
206539307.8482340872 0.0002988507
206462714.1846562624 0.0002917984
202649826.3751315176 0.0003071825
202641434.8259298801 0.0002929493
206380251.6463010609 0.0002921222
202652423.4903540313 0.0002959724
206382359.4660495818 0.0002921962
202667427.3038480580 0.0002971556
206355180.6893863976 0.0002912206
202608621.6058671176 0.0002906167
206312166.8913847506 0.0002872122
203264245.2918094099 0.0002934669
202905831.9907178581 0.0002855319
202631870.6836266816 0.0002881123
202791438.9553023875 0.0002905542
202609543.2722546458 0.0002928201
206555837.4894618392 0.0002953396
202599625.2723982930 0.0002843639
206507289.3760850132 0.0002724289
202599815.3544765413 0.0002833610
202632156.3226218224 0.0002720633
202669102.4309759438 0.0002841839
202606122.8783128560 0.0002847148
202661136.8642736375 0.0002844425
202626625.9876897633 0.0002816500
202607219.7732364237 0.0002858555
202583209.4099544883 0.0002866005
202525413.2337312102 0.0002867989
202489943.5023815036 0.0002955795
206319048.2555787563 0.0002934318
202442623.8411541283 0.0003075183
202475764.4185489714 0.0003036124
202490722.9478347898 0.0003253052
202417335.1772691607 0.0003067563
202491205.2917484045 0.0002989011
202444777.8339407146 0.0003070346
202516015.0418645144 0.0003136899
202411263.3753940463 0.0003070265
202633571.7199576795 0.0003122928
202446703.5258763731 0.0003067610
202464142.2774165869 0.0002960772
206221757.1985148787 0.0003080355
202760941.6044896245 0.0002975899
206203471.2584755123 0.0003059731
202343512.0967497528 0.0003073065
202318157.8093386889 0.0003088214
202403999.5444321632 0.0003115501
202366322.9158450365 0.0003062960
202477383.5659564137 0.0003010748
202378270.0511190891 0.0003087316
202369666.8130435646 0.0003004302
202351814.4010103643 0.0003031541
202362868.6628907621 0.0003135866
202452974.7035239339 0.0003096467
202543589.0803757310 0.0003094999
202490625.4767151475 0.0003072090
202581933.4613479674 0.0002995258
202342103.8763442039 0.0003107926
202511018.0355343521 0.0003209398
202317554.4711362422 0.0003078438
202464467.7595808208 0.0002997436
202405765.0040749609 0.0003077128
206075444.0199061036 0.0003007589
202353527.4985415936 0.0003084410
202448683.1848714650 0.0003073331
202456599.6399908364 0.0003082392
202783596.4081133306 0.0003019429
202300240.8149318397 0.0003137122
202391576.8993839622 0.0003224736
202436648.6493771374 0.0003168017
202459037.9918199480 0.0003267261
202436290.8087669015 0.0003113706
206003423.5497475266 0.0003132857
202405433.8519992828 0.0003159710
202340934.6666163206 0.0003313753
202374643.3968377411 0.0003137552
202301357.0671533048 0.0003080333
202483674.5465855598 0.0003146825
202701069.6405994296 0.0003073985
202292711.4243976772 0.0003130847
205849826.0924156606 0.0003136245
202335970.9830442369 0.0003113255
202266115.9453831017 0.0003069932
202290547.0372821689 0.0003076473
205661736.1455975771 0.0003035597
202465387.3805947900 0.0003051582
202294933.1458038688 0.0003053310
202397131.5269032717 0.0003064978
202413895.3529542387 0.0003037854
202292994.4298314750 0.0003064256
202420434.5792728066 0.0003050344
202391949.5276504755 0.0003052800
202435599.6844865978 0.0003062169
202404682.4455186427 0.0003082209
202429811.5285555422 0.0003066121
202342257.6250006855 0.0003091769
202434593.1303845346 0.0003064890
202443809.2504741848 0.0003026532
202419820.6015078127 0.0003072125
202483391.6163439155 0.0003063481
202302672.9075925350 0.0003073603
202294652.4633629024 0.0003118994
202433533.9261080027 0.0003063674
202428992.3327050507 0.0003141487
202289737.3058568835 0.0003035388
202348545.4933258891 0.0003128494
202267116.5081467032 0.0003060707
202435900.7988107502 0.0003117738
202260546.1908059716 0.0003110141
202298569.8510245979 0.0003098495
202312874.0380661786 0.0003112075
202227849.7192917466 0.0003167707
202367325.8103033304 0.0003176317
202304212.8883686662 0.0003231313
202263178.7140559554 0.0003165339
202406827.9645343125 0.0003167938
202400730.8973919749 0.0003179388
202260812.6358716488 0.0003135754
202375315.2068756223 0.0003176121
202336378.8320160806 0.0003099978
202393007.1725989580 0.0003153299
202353200.7568615973 0.0003226541
202259765.5905784369 0.0003162487
202255230.0200022161 0.0003204559
202277171.7530479729 0.0003167684
202238790.0379469991 0.0003176622
202249243.0413201749 0.0003187218
202380548.0921849608 0.0003208036
202376828.1020304263 0.0003167109
202406848.2345582545 0.0003160568
202235105.5857087672 0.0003151568
202327513.5466814041 0.0003129263
202223491.7334338129 0.0003157683
202322466.5016427934 0.0003163090
202365268.0879148841 0.0003180391
202443364.5223465264 0.0003127046
202227119.4107507467 0.0003135750
202312283.1137281954 0.0003190150
202222712.8827642500 0.0003135833
206041563.8012563884 0.0003109590
202255157.1578121483 0.0003137803
202303062.4313218892 0.0003142066
202218290.2983597219 0.0003159990
202455377.1081816256 0.0003141695
202203056.9025250375 0.0003152638
202293229.5626308620 0.0003181114
202208334.8063106835 0.0003162998
202321261.7079159915 0.0003270345
202202783.7171158791 0.0003165769
202331920.4791884720 0.0003223730
202238137.1431965828 0.0003175134
202273270.4320690334 0.0003107888
202223273.7829876840 0.0003163975
202244012.3254657388 0.0003249415
202224195.6174302697 0.0003171666
202354112.4278910756 0.0003196321
202243546.7854304612 0.0003153430
205967136.5247501731 0.0003168520
202207467.6264721155 0.0003160156
202417584.4295749366 0.0003086205
202374474.3527638316 0.0003158861
202252097.5480780005 0.0003209239
202367448.7612065077 0.0003165615
206105021.5576801300 0.0003197445
202353445.5487833321 0.0003165092
202233006.4588569403 0.0003158845
202362727.6218162179 0.0003161728
202356857.6856089234 0.0003123070
202345554.4638881087 0.0003167108
202271595.8069515824 0.0003197684
202323403.3865680695 0.0003163433
202228725.0772635639 0.0003176131
202321183.6235139668 0.0003178524
202203822.9108653069 0.0003170750
202355733.4334680140 0.0003126900
202207714.8376032412 0.0003173788
202217447.1910269558 0.0003146002
202357202.3888368607 0.0003166957
202247269.4850915074 0.0003173788
202212017.6518182456 0.0003157765
202317383.0869766772 0.0003187095
202366573.1701373160 0.0003165840
202216766.2637683749 0.0003164669
202215817.7757714391 0.0003164592
202323871.8085090518 0.0003152925
202203911.2653003335 0.0003175406
202308676.9043698013 0.0003162916
202215516.0661798418 0.0003165346
202283176.9261260629 0.0003171815
202368316.2722193599 0.0003163758
202246233.4573753774 0.0003220648
202213341.9564688802 0.0003169186
202245585.7391338348 0.0003169146
202206591.8754603863 0.0003157101
202289178.8880714476 0.0003131362
202208764.9116793275 0.0003161067
202267819.4936743379 0.0003171943
202220671.2694985867 0.0003168936
202364020.3220096529 0.0003192180
202211819.0174688399 0.0003174849
202274459.6279863417 0.0003171565
202359518.6330581009 0.0003174398
202344880.7002288401 0.0003144370
202220557.9540658295 0.0003162538
202305999.4097484946 0.0003164258
202324184.0007067025 0.0003187453
202340684.3798910379 0.0003164821
202202910.3516025543 0.0003166705
202350151.3112518787 0.0003168061
202202524.8096102476 0.0003166249
202358386.9810659289 0.0003155734
202364977.7873018086 0.0003171001
202225390.0875311792 0.0003160702
202204275.1198317707 0.0003168120
202226607.9429686964 0.0003166743
202205901.5934506655 0.0003159432
202237900.3132570684 0.0003166891
202203396.6905927658 0.0003169050
202347019.6785694957 0.0003177251
202204484.1376572251 0.0003167688
202237730.4081647694 0.0003167196
202365870.1636304557 0.0003178761
202361144.1033114791 0.0003150055
202201709.2497750819 0.0003158460
202361604.8138669431 0.0003147287
202209861.4615878463 0.0003161932
202261518.1525674462 0.0003153578
202231913.0506693423 0.0003154999
202201539.2793180943 0.0003158288
202362996.6520508230 0.0003163766
202200807.7969819009 0.0003156644
202364592.4200881422 0.0003159022
202204530.7376870513 0.0003156705
202204219.3153526187 0.0003168160
202200057.8693657517 0.0003156677
202197998.4724881649 0.0003155552
202362269.3010067940 0.0003156592
202193304.4974084198 0.0003154338
202194037.0190115571 0.0003154784
202199699.9486029446 0.0003148003
202192778.5969456434 0.0003152674
202197524.4545779824 0.0003151570
202194945.6977999806 0.0003151237
202201863.4314848483 0.0003152588
202357230.6177722216 0.0003152112
202189517.5720357597 0.0003153260
202193098.6360185742 0.0003155521
202335997.3098407388 0.0003150150
202192588.9597744048 0.0003152741
202196657.5863373876 0.0003144702
202191314.3114570975 0.0003151519
202195087.8745884597 0.0003140778
202188846.3807052970 0.0003154382
202192682.3702757955 0.0003153022
202190189.2802664340 0.0003153667
202190298.1185595393 0.0003163670
202345331.9928783476 0.0003154748
202207101.3186571300 0.0003156302
202189391.3831388950 0.0003152814
202229032.1602641940 0.0003152639
202189184.2781139910 0.0003153185
202209725.7193399072 0.0003157347
202189926.5068057775 0.0003156005
202195652.6149490178 0.0003152662
202192286.0498060584 0.0003154627
202348964.9098752141 0.0003158662
202187815.9148492217 0.0003153868
202190216.7543471754 0.0003159395
202188145.8900935054 0.0003156505
202196343.6913248003 0.0003150650
202190454.3370558023 0.0003152998
202207562.1994566321 0.0003151853
202187394.3964181542 0.0003154155
202347318.4782098830 0.0003158175
202187996.6489313543 0.0003149212
202334052.0559263229 0.0003150759
202189871.0846538246 0.0003153410
202230557.7356271744 0.0003155065
202187375.6178541780 0.0003156018
202203215.6946519017 0.0003156474
202188132.5015259385 0.0003153506
202197270.0654568374 0.0003154716
202186485.0102324784 0.0003153380
202197669.2228941321 0.0003165700
202187625.3299930990 0.0003155506
202200396.0002278686 0.0003141980
202189256.1318534315 0.0003150395
202197541.9907459617 0.0003146711
202192339.4489376545 0.0003153670
202192958.9843229353 0.0003154975
202186969.1408441365 0.0003154240
202334389.4602582455 0.0003150836
202186347.7173969448 0.0003153226
202334340.1458287835 0.0003150918
202188632.4707513750 0.0003153641
202347406.6123746634 0.0003154639
202198625.7945700884 0.0003152965
202201023.8078590631 0.0003156655
202191599.5948441625 0.0003152044
202186716.9695340991 0.0003152777
202190568.3025537729 0.0003156690
202187585.9178575575 0.0003153092
202189805.3853640258 0.0003144985
202186597.8768813610 0.0003153467
202188597.1312852800 0.0003156981
202186758.8678343594 0.0003153571
202187980.6409932077 0.0003153040
202187922.8883171082 0.0003151818
202195249.8569431007 0.0003151866
202186871.0789878666 0.0003154840
202352702.5084489286 0.0003155153
202187605.0225020051 0.0003153903
202348417.0468224883 0.0003151792
202186199.5956308842 0.0003153449
202187689.3453845680 0.0003155155
202187756.6456577480 0.0003154133
202187768.0344251990 0.0003155630
202187159.2024009228 0.0003153283
202190901.5382152498 0.0003156173
202348812.0219419003 0.0003152219
202189675.6701180339 0.0003151277
202186618.9937897325 0.0003153410
202190729.2240761220 0.0003154553
202186184.3809931278 0.0003153132
202189431.6837091744 0.0003153274
202186840.4211458862 0.0003153033
202188347.9896459579 0.0003152094
202187193.8294051886 0.0003153195
202188127.6827023327 0.0003154317
202186350.4251345098 0.0003152996
202187138.4246168733 0.0003154240
202186078.1870417595 0.0003153134
202186573.1014347672 0.0003153963
202186668.1197019815 0.0003153185
202345073.6598932147 0.0003153718
202186771.7924696207 0.0003152892
202191152.2385486960 0.0003152164
202186245.3686808050 0.0003152419
202188560.4809329212 0.0003151640
202186796.6477588117 0.0003153652
202186588.4427004457 0.0003151717
202187258.3195114732 0.0003153366
202188920.6588380635 0.0003153888
202185981.2289471924 0.0003153032
202343852.4120763540 0.0003154058
202186510.0525040627 0.0003153072
202194899.9712997377 0.0003151939
202186182.3822853863 0.0003152479
202190010.3681077063 0.0003153634
202186760.2464224398 0.0003152010
202343639.0294482410 0.0003153685
202187128.7725629807 0.0003154719
202190186.5204693675 0.0003153384
202186427.4061447978 0.0003152169
202344899.4012965262 0.0003152457
202186245.6787891984 0.0003154533
202185849.3915689290 0.0003152830
202186769.3852960169 0.0003153493
202186145.2220367491 0.0003152834
202186288.9155100286 0.0003152655
202186006.7652795017 0.0003152831
202187136.1933472455 0.0003152388
202186252.8969120979 0.0003152666
202186733.1067902446 0.0003151975
202185868.6426990926 0.0003152428
202185691.5939418375 0.0003152442
202185762.0555101931 0.0003152638
202186903.5961579084 0.0003152829
202185922.4179613292 0.0003152304
202187320.9960302711 0.0003151839
202185829.2622896731 0.0003152471
202188273.5461489856 0.0003152581
202185900.7450433075 0.0003152396
202351176.7273267210 0.0003152404
202186457.8666478693 0.0003152479
202190026.8425135911 0.0003152661
202186007.6669881344 0.0003152608
202187922.9873002768 0.0003151165
202185826.6006934047 0.0003152480
202351217.5100773573 0.0003152375
202186253.2822172642 0.0003152452
202186898.9166124165 0.0003152604
202185832.5050765574 0.0003152547
202351840.4762738645 0.0003152407
202185572.8018550277 0.0003152500
202351726.8600038588 0.0003152466
202186251.0963263214 0.0003152559
202185633.2851441503 0.0003153080
202185751.8432176113 0.0003152698
202187946.4860791564 0.0003152758
202185707.9925142825 0.0003152305
202188796.7769150436 0.0003152770
202186013.2777293622 0.0003152663
202188942.1644191742 0.0003152497
202185554.0940879285 0.0003152800
202188893.4620276988 0.0003152702
202185973.9449681044 0.0003152576
202188116.6093755364 0.0003153784
202185609.4602096081 0.0003152982
202187016.2205267549 0.0003152747
202185637.1808463037 0.0003152787
202188439.5470002592 0.0003152677
202185651.3052291870 0.0003152792
202187181.0723082125 0.0003151991
202185700.6708614230 0.0003152682
202188420.1946646571 0.0003152687
202186172.9175933301 0.0003152860
202188807.7372022867 0.0003152610
202185525.3302786350 0.0003152540
202186903.7268183827 0.0003153020
202185660.5079936981 0.0003153352
202186758.0619084537 0.0003152031
202185751.9563788176 0.0003152306
202186196.6587264538 0.0003151725
202185899.9664675295 0.0003152647
202186056.6640021205 0.0003152509
202186110.0158128142 0.0003152499
202185881.9368073344 0.0003151766
202185643.7150641680 0.0003152472
202186615.3111410737 0.0003153228
202185716.7984991670 0.0003152178
202185683.0660850108 0.0003151962
202185512.9581225514 0.0003152446
202186580.6507586539 0.0003153182
202185817.9443992376 0.0003152730
202187606.4158830345 0.0003152363
202185629.0592135489 0.0003152313
202186243.0467559993 0.0003152357
202185883.9772128463 0.0003152261
202185518.1195997894 0.0003153525
202185765.8881299794 0.0003152386
202187613.5099620819 0.0003151975
202185428.1443505585 0.0003152449
202185426.2418463826 0.0003153678
202186022.3249457777 0.0003153554
202186471.2412320673 0.0003153579
202185376.2574219406 0.0003153444
202188278.1248225570 0.0003154647
202185586.5941235423 0.0003153430
202185704.0961385965 0.0003152497
202185488.3627428114 0.0003153827
202187310.6681994796 0.0003153649
202185554.5587876141 0.0003153804
202186790.1247703433 0.0003151504
202188366.5431975126 0.0003153192
202185924.5156822205 0.0003153122
202185752.3247126341 0.0003153497
202186132.4743638933 0.0003153909
202186012.6514200866 0.0003153346
202186113.2666830122 0.0003153342
202185432.9241266847 0.0003153498
202185413.5314670503 0.0003153390
202185370.1490802467 0.0003153414
202185644.1913166642 0.0003152992
202185328.4306893647 0.0003153444
202186080.1415749192 0.0003153319
202185360.1008009613 0.0003153607
202185601.8218705058 0.0003153706
202185329.0240790248 0.0003153422
202185222.4605033696 0.0003152958
202185150.5787987709 0.0003152919
202185352.0770840049 0.0003152787
202185404.1819184124 0.0003152914
202186394.3585667312 0.0003153062
202185473.6192599833 0.0003152876
202185742.1399839520 0.0003153024
202185357.8948273957 0.0003153026
202185351.3174918592 0.0003153267
202185299.8866943419 0.0003153004
202186035.9508210719 0.0003153360
202185163.7189682722 0.0003152761
202186128.8297697306 0.0003152331
202185312.8403722942 0.0003152939
202185392.9539237022 0.0003152552
202185153.5969186425 0.0003152870
202185263.1542770863 0.0003152905
202185174.9982969463 0.0003152678
202185334.1233170629 0.0003153147
202185286.8619472682 0.0003152899
202185985.0974829793 0.0003153026
202185203.1930435300 0.0003152935
202186274.1188823879 0.0003153429
202185196.1037843227 0.0003153003
202186472.0742527544 0.0003152350
202185357.5852994025 0.0003153001
202186275.2950255573 0.0003152854
202185403.0563774705 0.0003152942
202186560.2992231250 0.0003152615
202185153.1830444038 0.0003152836
202186344.8753055334 0.0003152771
202185325.8296686113 0.0003152780
202185741.0262798667 0.0003153414
202185267.6530279219 0.0003152980
202185831.0409437120 0.0003152955
202185178.5850549042 0.0003152913
202185482.7398666739 0.0003153230
202185385.5758227408 0.0003152963
202186809.6621447206 0.0003152935
202185296.3539293110 0.0003152836
202186195.2094225883 0.0003153013
202185134.7643522620 0.0003153055
202186028.8770625591 0.0003152570
202185039.8724041283 0.0003153022
202185807.7515490055 0.0003152740
202185152.8811849058 0.0003153049
202185640.8422619998 0.0003152946
202185054.0419494808 0.0003152959
202185834.7146721482 0.0003153217
202185330.5579164326 0.0003152971
202184865.5761474371 0.0003152797
202184885.7750077844 0.0003152832
202185882.8640592098 0.0003152990
202184918.0648072064 0.0003152804
202185412.7768597305 0.0003152541
202184978.4510827065 0.0003152660
202185150.7409826815 0.0003152957
202185055.7955349386 0.0003152798
202185228.6547622979 0.0003153021
202185075.4664074183 0.0003152748
202184936.1208977997 0.0003152802
202184991.1751100421 0.0003152820
202185069.7743754387 0.0003152787
202184908.4936097860 0.0003152788
202184991.7610848844 0.0003153030
202184975.6051141024 0.0003152787
202185007.5443113148 0.0003153061
202184975.4030206501 0.0003152751
202185028.2149025202 0.0003152876
202184962.8509426117 0.0003152796
202184922.6723979414 0.0003152993
202184919.6856828332 0.0003152763
202184971.1567900181 0.0003152666
202184991.5249112248 0.0003152734
202184983.4555701315 0.0003152501
202185030.1817356050 0.0003152758
202185363.6029634476 0.0003153021
202185030.5656370223 0.0003152779
202185598.2770968676 0.0003152552
202184906.6205348969 0.0003152832
202185455.8885211945 0.0003152697
202184962.0607882142 0.0003152795
202185628.1625009775 0.0003152745
202184945.2938127220 0.0003152774
202185100.9169336855 0.0003152871
202184981.5497500896 0.0003152812
202184837.3144206107 0.0003152568
202184919.3403922319 0.0003152581
202185455.1637943685 0.0003152586
202185047.1201624870 0.0003152531
202185069.4421526790 0.0003152689
202185047.8762700856 0.0003152585
202185424.0315580964 0.0003152819
202184956.9642049968 0.0003152516
202185549.3167127967 0.0003152312
202184805.1882734597 0.0003152577
202185646.1149814427 0.0003152396
202184886.6563534737 0.0003152626
202184785.3357103169 0.0003152648
202184868.5282787681 0.0003152692
202184986.9598759115 0.0003152850
202184658.3286957741 0.0003152612
202185209.3592028916 0.0003152398
202184769.6708535850 0.0003152573
202184878.9316560626 0.0003152935
202184751.1543470621 0.0003152637
202185337.7666878104 0.0003152538
202184892.2314256132 0.0003152611
202184851.9891018867 0.0003152766
202184754.4321922958 0.0003152662
202184792.7771929502 0.0003152765
202184709.6884630024 0.0003152615
202184744.5207217038 0.0003152463
202184853.5287994742 0.0003152589
202184808.2910617888 0.0003152446
202184807.9408231676 0.0003152602
202185134.5920158029 0.0003152641
202184839.6988151371 0.0003152586
202185278.3680959642 0.0003152919
202184840.4681383967 0.0003152570
202184779.5080974996 0.0003152615
202184802.4514673054 0.0003152567
202185185.1868142486 0.0003152513
202184929.7040520608 0.0003152544
202184678.1710854173 0.0003152669
202184945.5788172483 0.0003152629
202184815.1316030622 0.0003152584
202184814.7896542549 0.0003152561
202184845.5066241026 0.0003152615
202184832.7365582883 0.0003152681
202184731.9109887183 0.0003152552
202184964.3454401493 0.0003152632
202184852.5994376540 0.0003152626
202184877.7900961637 0.0003152536
202184703.6379750967 0.0003152578
202184911.7331042588 0.0003152711
202184817.8653079569 0.0003152652
202184924.5355801582 0.0003152635
202184695.7285252512 0.0003152646
202184727.2119800448 0.0003152594
202184680.8778422475 0.0003152668
202184805.4103323519 0.0003152635
202184823.4925821424 0.0003152587
202184979.2420459688 0.0003152760
111546236.0000000000 0.0003152760 0 0 0 0 0 1 0 0 0 0 0 0 0 0 0 