412070056.3158508539 0.0000009890
391826317.2954280376 0.0000003415
393928490.9108309746 0.0000000584
400525669.1486229300 0.0000000015
414230605.5681971312 0.0000000969
415411902.3691536188 0.0000000164
424928468.6409665942 0.0000000007
394809530.4883020520 0.0000012535
414650067.7369746566 0.0000000025
458203247.2298647165 0.0000000007
409298571.3090116978 0.0000004952
390540141.9669547081 0.0000000479
411024347.5452877283 0.0000000568
387228619.7404731512 0.0000004368
386670102.9610076547 0.0000018952
440967444.6667224169 0.0008397408
428331441.9288756251 0.0000009135
362418773.1931833625 0.0000032554
350121403.2251194715 0.0000043206
351110011.7354061604 0.0000046900
330719360.0458951592 0.0000048630
323151216.1409273744 0.0000049184
340547435.9250289202 0.0000001383
310218188.3765092492 0.0000054948
305093886.3606314659 0.0000033902
340861706.1691820025 0.0000000039
318447642.9246664047 0.0000005456
349737323.5643948317 0.0000000238
330993910.8399708867 0.0000005955
281555962.3485309482 0.0000008110
319196888.1635716558 0.0003593511
265719094.3737004995 0.0061108170
303193980.9000700116 0.0112978216
267109309.0206320882 0.0071608679
296853993.7723025084 0.0046265505
260238352.2173974812 0.0049419062
320723093.7159467936 0.0067576743
265692569.1547166705 0.0035986059
301808300.6826424003 0.0008500724
258832383.6239169836 0.0071517696
280514841.9491994381 0.0015299040
268097650.3260715008 0.0067645697
303938175.4621824026 0.0034238092
258747377.1866117716 0.0071808587
225871756.9725257456 0.0001118789
255596571.0545992553 0.0000031047
223449382.0546455383 0.0001129780
232160771.1365866959 0.0001320796
226466604.2998460829 0.0001112665
287909521.4768958092 0.0000189449
228533769.7604050636 0.0001112075
247318678.0690501928 0.0000310485
259463375.2729820311 0.0000764598
238516873.8042688370 0.0000001155
222053708.2543260753 0.0001350003
199005505.5932603776 0.0000144323
197433803.3487811089 0.0000147636
171941358.5566056371 0.0000746284
198518576.0872423947 0.0000792958
174954581.9172200561 0.0000069306
172414758.0739832520 0.0000005503
211125378.9123030901 0.0058173120
177315181.9323245585 0.0000280644
159747388.1212751269 0.0004644095
177223163.8467748463 0.0002493397
148082662.7922226787 0.0000064107
148442413.4563542902 0.0000279915
154265369.7464032173 0.0000234734
153141811.9134619236 0.0000240721
171187453.2162765563 0.0001776450
150661552.9820381403 0.0000072945
160440654.7971797287 0.0000559214
148880108.7306326926 0.0000000790
187505185.3336693347 0.0000265320
147734853.0373583734 0.0000000116
220454118.4055732787 0.0004310397
157310305.3249849379 0.0000001988
212856876.6082113385 0.0009859932
147916484.2709364593 0.0001309967
178410234.3248738647 0.0000888484
146525606.5700097680 0.0000000607
144810485.1472271681 0.0000043532
144806304.0847097039 0.0000059092
188882726.6890383363 0.0000077680
149218402.1452211738 0.0000003218
168056758.2308082879 0.0000094667
149652482.9296991229 0.0000220115
159069246.6487393677 0.0044465459
143555729.4431934357 0.0000012721
188304844.2496589720 0.0001613066
145968379.0456907749 0.0000080031
209711190.8055691123 0.0000974641
145224570.9688552916 0.0000004149
172564606.2947943807 0.0000010310
149246381.0133056641 0.0000082017
173053831.2290512323 0.0000558620
141971740.3430472612 0.0000000173
171827827.3813535571 0.0000003523
151150589.3805787563 0.0000056168
175408654.6609170139 0.0000044243
145114590.0328597724 0.0000002062
154784029.4520697594 0.0119768170
143990317.3758699894 0.0000003569
186536312.9163536429 0.0000400753
151660043.5491983593 0.0000029705
185752864.8545510471 0.0000446693
141179817.4684473574 0.0000094424
185300887.1658784449 0.0000194335
139635117.6571863592 0.0000178105
189222986.2730327249 0.0002352364
138850165.4431451261 0.0000123088
138427681.9072213173 0.0000000787
138138054.5623666346 0.0000003051
157788095.6768307686 0.0000085440
132101235.6316345930 0.0000001490
151520690.2924776077 0.0000034581
130135954.8951803595 0.0000000678
171513840.2500182986 0.0002198208
132381104.8717044592 0.0000280469
164787818.3885210156 0.0001516774
134054536.9223705828 0.0000000965
156880369.7514120340 0.0000764359
131319134.4485919774 0.0000000236
192021027.4736627042 0.0001300654
130307459.5282810330 0.0000612413
170003005.0807822049 0.0012909947
140760161.9558546543 0.0000001477
173733754.1748335361 0.0062891914
130561253.6067157537 0.0000001354
180020125.7180523574 0.0002207599
132990329.1986786127 0.0000000305
135492920.3765675426 0.0000146767
128793197.4890218228 0.0000000001
144932125.6814264655 0.0000436978
129381428.3854342699 0.0000160206
127322276.1888097674 0.0001183877
127022067.7571773082 0.0001047714
140840803.1467411518 0.0000883456
128211405.9999033511 0.0000608581
181663284.4701102674 0.0007025130
130020683.6905977577 0.0000499546
127977683.1034501791 0.0000420181
128199042.7837676853 0.0019295322
126820844.8979222327 0.0002243044
127585512.8457762599 0.0001464019
126665266.5966804177 0.0002028575
135386465.1413654387 0.0000018264
130533862.2460957170 0.0000358367
128073928.4756034315 0.0003480043
127966198.0730327666 0.0005085218
141761685.8262192905 0.0000657833
127180787.1018037796 0.0001965684
129254984.2461950332 0.0000198754
130085354.0835205764 0.0007650538
144212965.4865332246 0.0000786069
128506541.4444426596 0.0001868790
129604638.8266442865 0.0000069066
129228763.5676629990 0.0002931220
130759077.0605827272 0.0000900665
127871538.1991507560 0.0004112189
127116368.7065494210 0.0001200651
128490138.8157123476 0.0003282611
130695334.9200531393 0.0000494333
127696585.1339424551 0.0003959160
149395341.1278333366 0.0001449890
126393424.8033749312 0.0001038291
126978313.7243884206 0.0000000077
128856372.0934353918 0.0001229253
128837387.4821320325 0.0000985883
126802980.6122552305 0.0001321555
135332028.0236191154 0.0021562084
127371221.1225887984 0.0001212936
138482199.0763269663 0.0003166731
130013105.5793223232 0.0001475272
143053594.4364801049 0.0002202708
126937202.4650931805 0.0000379054
127078617.3322706670 0.0001710220
130311667.5159609169 0.0002008878
126284798.4029746652 0.0002204463
128350881.9135697186 0.0001320421
132938012.2473974526 0.0006231130
127390873.7287422270 0.0004339408
129613713.4997415841 0.0000009963
126548048.3804025203 0.0001967635
132391113.0208774358 0.0019417859
126377849.4034780413 0.0005232546
149836698.9494547248 0.0000312343
132692854.3164877594 0.0000529242
139820545.6244100630 0.0014829887
129430693.0404397100 0.0004887774
129236400.8318494856 0.0000280654
126313822.8911795914 0.0002622882
139244201.1295047402 0.0000108715
126149439.3200240284 0.0003374539
131498232.2238388658 0.0000006745
128594796.0094343424 0.0003151979
130836759.5225248933 0.0002489438
126444654.8265152872 0.0004900538
131435024.1863795221 0.0006119221
128425107.7872069031 0.0002723960
139054032.6809269488 0.0033654915
127151670.5983279049 0.0005627330
131222406.6299550980 0.0001016636
128504103.5257298797 0.0002281369
148487658.0617086887 0.0000008322
128234664.0054386854 0.0001253618
138346723.8097453415 0.0003186967
127372569.5235370845 0.0004993347
145026045.8720836937 0.0006089672
128357972.4407323897 0.0001849771
151185453.9668242037 0.0000203236
125862395.3994489908 0.0003310786
150652070.4495895505 0.0000882382
129293773.9290411472 0.0007085479
143981349.2944829166 0.0002043889
130381280.0907798111 0.0001249656
126234321.0820348412 0.0003378783
128328254.9761020094 0.0004858233
128122091.3095809370 0.0001934037
130140863.7733517289 0.0008203815
126393531.5602131337 0.0003332490
132387040.0475215316 0.0004915346
127370197.0146534741 0.0002445577
127824087.7706634551 0.0001634705
126831426.1881765127 0.0004294421
142739163.4637759030 0.0009329682
131682056.7301438153 0.0004154019
126469043.1273825169 0.0005938637
127258171.3973641694 0.0007266567
126499148.2961120158 0.0000868555
126648972.4428814650 0.0003178374
128449495.4150994718 0.0003307417
125944048.8127459288 0.0004853184
130140692.7027110308 0.0000946031
126112912.4432597607 0.0002460208
129532117.7653894424 0.0007228627
125981524.9445416778 0.0003141142
126313032.5351101756 0.0001440060
127275483.2771896422 0.0003405599
128252061.8193799704 0.0002859112
127535626.8711787313 0.0001980670
129676743.8065017909 0.0012555669
126322360.7068792582 0.0004009176
131033534.8123872280 0.0001974048
143454223.7989074290 0.0000062253
127556276.8361699134 0.0002407024
126661316.5102416873 0.0004328884
128033140.2669288367 0.0003348751
126591406.1446192712 0.0003962862
127892768.2880130857 0.0003209844
126853460.9017180800 0.0003337815
126335598.5695492178 0.0003188256
127752343.7722934037 0.0003508717
125887326.2858555764 0.0003281119
129583501.8010489494 0.0002589557
128192439.7933838367 0.0003418746
127390274.1145299673 0.0002934996
125855227.8181724399 0.0003186255
132592834.9542920887 0.0005039673
127697383.9348266870 0.0003417600
126981548.1442167461 0.0002203060
126773367.1743816882 0.0003560101
126637992.7263599783 0.0004148643
126078547.0550275147 0.0003132775
126641220.8854764402 0.0003086885
127784758.4857275188 0.0002611833
126814230.1641544849 0.0003078642
125887006.3680655658 0.0003806145
126648105.8280871660 0.0003126473
127718460.5629224181 0.0004047799
127806969.3003345430 0.0002404640
128189225.9831367582 0.0003120077
127424894.7643894702 0.0001978266
128330954.9871313721 0.0003355030
127405144.3523220569 0.0001516849
127877506.5886061937 0.0002964417
127070120.5153417140 0.0003441562
125973976.2343035787 0.0002607894
128086690.9509882033 0.0003576230
127972791.8161225915 0.0002876183
127446287.0627541095 0.0003023732
127119785.2760723382 0.0003091577
126857847.9190879464 0.0005580615
125925119.8347738087 0.0003193653
126643715.5937320143 0.0003479953
128213822.0678410977 0.0003331580
127545922.9731226414 0.0002765892
126117728.0084090233 0.0003095166
125876139.7205496877 0.0003033084
127852029.6784868091 0.0003526748
128108856.9666528404 0.0003089522
126457193.5471981019 0.0003354771
128214365.0111109167 0.0002995433
125862236.7407868952 0.0002873373
126797408.1642688364 0.0003292605
126238054.0128162354 0.0003242547
128160634.7054975927 0.0003211265
127109512.5966511369 0.0003082708
125891307.7187840492 0.0003451705
126057772.9689144790 0.0003350416
128267991.5593625009 0.0003195136
127848702.9693646282 0.0003101399
125903402.0584213287 0.0003229855
125858301.7123723328 0.0002903461
126028131.3692655712 0.0003189184
127990138.4089292139 0.0003455471
125928967.2702019960 0.0003153094
126172848.8985394686 0.0003024325
125945419.8491848260 0.0003276552
127786481.1717917323 0.0003153411
128339136.0795331448 0.0003162856
125867217.0738813281 0.0003331928
128195239.1092662215 0.0003286301
126019174.2089043707 0.0003259824
128427323.3790881187 0.0003120298
126319785.4906168282 0.0003139361
125845203.5246528238 0.0003211460
128117394.4218594879 0.0003446310
125985187.4949883223 0.0003199346
126436528.2973930091 0.0003640759
125897487.6010653973 0.0003091061
128322462.1825570911 0.0003408981
125880062.8386373073 0.0003148650
125896170.4687842727 0.0003418336
125915301.3547084183 0.0003212373
125971570.4041571021 0.0002981844
128086883.7918777019 0.0003238295
126173591.2164525837 0.0002878691
125987066.3631243557 0.0003273728
127644578.6904856116 0.0003297546
125967865.7913325429 0.0003235796
125900493.9227804244 0.0003010077
128391088.6157625765 0.0003209098
126013703.7265786976 0.0003346608
125980313.5556942523 0.0003109724
128085493.1930027306 0.0003240077
128409937.7414892018 0.0003222285
125918606.1489928067 0.0003208413
128102313.2738300115 0.0003536534
125994416.2007949650 0.0002929041
125853209.9820381403 0.0003224696
128217837.6332223266 0.0003292435
125844847.6580168605 0.0003213068
126093301.3144393712 0.0003167600
128378074.9194590598 0.0003212503
126065105.7521198094 0.0003183769
128382689.7232628167 0.0003206030
125890272.9521928430 0.0003141610
128442119.0981224626 0.0003198266
128396464.4466824085 0.0003002827
125987698.9418724924 0.0003188553
126149514.7176071405 0.0003276853
128280820.1330518425 0.0003210856
128394461.9823816866 0.0003200539
128349651.9265772104 0.0003226856
126122507.4036414921 0.0003236162
125862243.0701149553 0.0003212173
128125980.7992516458 0.0003168444
128312145.7483659983 0.0003200308
126102673.6247089058 0.0003207583
125848315.3378240019 0.0003226353
125894823.3362230808 0.0003282241
128408032.8050343990 0.0003196086
128332987.9936890453 0.0003234893
128419662.7419371009 0.0003300962
125854758.7371418476 0.0003214397
128339811.5262455642 0.0003291219
125846997.5268849134 0.0003221503
125928601.0351638198 0.0003120530
125868071.1047634929 0.0003222384
128334997.6468975544 0.0003359286
128431531.6501749754 0.0003257608
128185815.8707295656 0.0003207252
125852407.7348235101 0.0003206131
125849819.5725007653 0.0003127629
128435042.0803713650 0.0003173578
125957420.8794075549 0.0003241638
128411978.0545028150 0.0003230759
125931522.9638893604 0.0003036002
125861832.8684912026 0.0003199945
125884253.4603971094 0.0003221809
128422655.1643874943 0.0003217637
125862520.7283556312 0.0003160861
128413319.3233891279 0.0003242393
125883757.8260567039 0.0003124254
128396217.2655030638 0.0003188275
125859032.9878901839 0.0003218213
125918687.7847414166 0.0003196917
125854691.7106324881 0.0003213886
128316415.6818510294 0.0003201605
125853481.6208966225 0.0003209881
125916643.8137006462 0.0003226081
128421914.4322746694 0.0003213521
125916414.8638304323 0.0003199143
128437276.7422198057 0.0003205130
125877144.7510841638 0.0003211853
125845355.7085869610 0.0003199709
125924301.4586063474 0.0003223387
125854816.1214659959 0.0003214604
125887731.2257229984 0.0003235334
125849057.1190179586 0.0003206054
125870417.2944718003 0.0003207962
128433170.0984476358 0.0003227854
125898805.2031552792 0.0003176488
125851456.9875201732 0.0003201046
125884126.4170499742 0.0003230629
128434377.9411210865 0.0003192675
125866049.0885830224 0.0003261538
125854294.9799034745 0.0003212591
125863322.3823273480 0.0003165497
128417657.7003060579 0.0003221242
125901750.8305957913 0.0003141627
125851439.0383043289 0.0003209972
125896547.0337610990 0.0003249436
125846972.2869618088 0.0003209967
128368263.5637979656 0.0003197664
125848026.8023452908 0.0003216081
125856835.9144878238 0.0003265256
125872694.3797738999 0.0003211784
125846750.9482998699 0.0003219497
128424265.5401520580 0.0003222065
128432435.7764710337 0.0003209814
125875251.4686353803 0.0003232166
125849198.1212974042 0.0003213018
125855369.9515074492 0.0003203369
128428110.7952242345 0.0003213737
125902110.5121144354 0.0003198211
125846136.2044559419 0.0003212192
128411644.8411567211 0.0003204497
125844936.9979866296 0.0003219064
125850361.7213491946 0.0003226103
128431780.2505517304 0.0003221564
125862562.8926153928 0.0003182590
128351113.4910042584 0.0003219756
128437490.7007722557 0.0003210759
125858945.5357040167 0.0003223116
128437583.2511729747 0.0003210328
125853217.1369038075 0.0003220486
128438142.9202767164 0.0003211843
125848317.6796042174 0.0003202756
128436353.3854699433 0.0003211660
125847054.0868567228 0.0003219260
128437805.7341238558 0.0003215553
125846028.6386545748 0.0003222920
128437844.2332320511 0.0003211860
125847051.0620753765 0.0003219293
125847174.2721063048 0.0003208868
125847129.2821787596 0.0003207450
128437494.5139921606 0.0003214830
125851276.2553733736 0.0003217515
128437661.4470045865 0.0003212862
125849364.2017961740 0.0003208767
125845499.3941272348 0.0003212465
125850020.3588485867 0.0003204916
125847503.5616919100 0.0003217287
125851076.7134615481 0.0003205840
125846914.6662709862 0.0003211712
125860792.3707886189 0.0003203374
125844660.9113071710 0.0003210820
125888088.5373234302 0.0003207805
125844743.6131406724 0.0003209972
125880716.4950192869 0.0003206259
128437738.9103388488 0.0003209850
125851460.6600699574 0.0003213391
125846405.8033418804 0.0003205520
128437205.5129827857 0.0003211475
125845370.7898161858 0.0003204984
128437216.4168315381 0.0003211397
125846206.1515094042 0.0003211789
128438797.0448807329 0.0003210972
125845845.4341903478 0.0003210377
125845843.6836670041 0.0003210583
125845285.5183928609 0.0003213957
125844684.9413346946 0.0003210456
125845579.3354198039 0.0003210446
125844936.8833146244 0.0003211504
125845660.4614881575 0.0003210540
125844559.1945052147 0.0003209766
125844526.8895394206 0.0003202213
128439682.9368373156 0.0003201527
128440037.1311854720 0.0003198914
128439358.8331592530 0.0003202484
128426153.2516991943 0.0003200739
128439233.8410035670 0.0003201884
125866479.1363824159 0.0003200341
125847091.1655229628 0.0003201996
125862318.7313644439 0.0003199976
125847404.7655188292 0.0003201854
125850309.6399039179 0.0003203206
125844601.6391609013 0.0003201726
125850302.9232959598 0.0003201573
128438410.2529508471 0.0003202701
125845702.8065037429 0.0003202495
125844475.1196812838 0.0003203105
125847049.2490768135 0.0003199490
128439326.2414404303 0.0003204748
125855673.8610101938 0.0003200301
125846110.2608581483 0.0003203113
128440168.0212350637 0.0003202518
125845663.9066603333 0.0003201189
125849901.2174728811 0.0003206495
128438716.0817746967 0.0003202903
125846626.5325404704 0.0003203085
128438910.3760377765 0.0003203174
125851437.1412124187 0.0003202434
128439055.0229855627 0.0003202483
125844427.7832129151 0.0003204913
128436042.5040478110 0.0003203922
125844209.6463607699 0.0003204778
125844372.4727191925 0.0003205423
125844399.4567110240 0.0003204813
128441069.1528098285 0.0003207763
125844590.4525350779 0.0003204266
128440417.3912123442 0.0003199381
125844847.2422056496 0.0003204022
125845077.1862408966 0.0003203563
128441478.9885061085 0.0003204780
125845916.9988406599 0.0003204665
128441400.2404474169 0.0003204464
125845122.2734325677 0.0003207402
125844535.5105005056 0.0003204024
125851242.7775806785 0.0003204215
128440751.5714731812 0.0003204900
125853809.7886340022 0.0003203807
128441911.5749149472 0.0003205562
128439428.4663847387 0.0003206128
125844603.6156607568 0.0003204710
125847586.8992124200 0.0003203270
128440886.0142334253 0.0003204430
125847466.4675151110 0.0003204895
128441668.1476480365 0.0003204948
128442352.3280153424 0.0003204518
128441000.8968879730 0.0003204806
125844309.0633743107 0.0003203632
128441363.4263170809 0.0003204348
125847558.1635559946 0.0003204477
125844580.7120853364 0.0003204726
128441210.1832956821 0.0003205838
128441154.6279857308 0.0003204178
125847086.3576426059 0.0003203624
128440543.4525483996 0.0003206034
125845791.7083226293 0.0003204392
128440266.3846582919 0.0003205039
125850465.5823761374 0.0003206767
128442168.4119124860 0.0003204256
128440668.6341646314 0.0003204504
128440618.3025574535 0.0003205455
125844830.6694111228 0.0003202534
125844224.7268348783 0.0003205113
128439001.6512841880 0.0003208592
125844930.6212951839 0.0003205033
125846671.2222997099 0.0003203995
125844865.8469081521 0.0003204583
125846668.9033019394 0.0003204048
125845022.6099816859 0.0003204792
125846382.8893558830 0.0003203914
128442101.5663717091 0.0003204698
125845547.3685806990 0.0003203944
125844211.3701662570 0.0003204770
125845939.9591017067 0.0003204375
125844868.8444956392 0.0003203775
125845447.9286197871 0.0003204103
125844828.9999431670 0.0003204440
125844271.0129753202 0.0003204926
128440347.8702742904 0.0003204148
128442040.5734127611 0.0003204805
125844800.7131951153 0.0003203584
112772533.0000000000 0.0003203584 1 0 0 0 0 0 0 0 0 0 0 0 0 0 0 