624763028.0521849394 0.0000009890
593079589.1839530468 0.0000003415
596978368.3754149675 0.0000000584
623536575.0324867964 0.0000000015
599644766.9956357479 0.0000000969
645026117.6104633808 0.0000000164
709945816.7205517292 0.0000000007
594195726.5866912603 0.0000012535
622307731.2699750662 0.0000000025
696300239.0134825706 0.0000000007
618062220.5342460871 0.0000004952
572787929.9856815338 0.0000000479
630462156.1643629074 0.0000000568
575323086.9139624834 0.0000004368
570415333.0528887510 0.0000006892
627226616.6379077435 0.0003053651
636628575.7103400230 0.0000008197
517690488.5926994085 0.0000009373
494436914.7329270840 0.0000012615
497199830.6768422127 0.0000042838
466919011.5014584064 0.0000073915
443458844.3455842733 0.0000083419
440840986.7313161492 0.0000009053
405607156.0015979409 0.0000008533
396463093.3890230656 0.0000002209
400110500.9950893521 0.0000001944
454421911.1481997967 0.0000000101
447746385.3630633354 0.0000001323
399768894.5452417135 0.0000015974
386043196.8027768135 0.0000001617
413574702.9751410484 0.0000716653
381415513.6897900701 0.0002995729
378906362.9828875065 0.0003097720
402799295.3295801282 0.0006924043
374658845.1164728999 0.0003480824
390744805.5782667994 0.0000696182
376648634.5283551216 0.0003527058
425733980.0461443067 0.0000668578
361305339.0408003330 0.0001766798
394968536.9563707113 0.0000003240
372624131.3065301180 0.0002045629
418295482.6904768348 0.0001479327
358902099.8761412501 0.0000861327
430293371.4547393918 0.0000319236
364847290.7695044875 0.0000136524
361550402.4462331533 0.0001808941
365226348.6807911396 0.0001941871
346406444.8638075590 0.0000619665
352325201.3012729883 0.0000593811
356579115.8308339715 0.0000231533
380261744.8844189644 0.0001074057
375349758.7547252774 0.0007491733
346850109.0552330613 0.0002518711
333141222.6972258091 0.0000027001
316814515.5810633302 0.0000024511
311136648.6266446114 0.0000038436
355486456.7769871354 0.0000075591
327095496.2250710130 0.0000001640
314112823.2075069547 0.0000002074
294577377.8383188248 0.0000175437
292212726.8885973692 0.0000335155
298743098.7549672127 0.0000568282
291764722.8828295469 0.0000345311
347731001.9505950212 0.0000703958
319486499.0006080270 0.0000471301
249709714.5656724870 0.0000007559
251588316.4883928597 0.0000010951
246026747.7134750783 0.0000039871
246795204.8055538535 0.0002153058
285835326.4392928481 0.0000095796
249278799.9446272552 0.0000041563
304820235.9618597031 0.0000008198
256459266.8623869121 0.0000046924
391677911.9102193117 0.0000200954
264251974.0620271266 0.0000028178
321754925.9368660450 0.0000005912
248099265.2498425841 0.0000114593
242264436.8846940100 0.0000001463
249930786.7572762668 0.0000009418
217993195.4256534874 0.0000024253
240428301.3425096869 0.0000007699
283680576.1299448609 0.0000171039
217958358.3727560639 0.0000009479
245313607.7781941295 0.0000005405
214224006.4982253909 0.0000006086
248574340.2678918242 0.0000005017
225142765.3482922912 0.0000001130
226384287.9669253230 0.0000088202
219226752.5068561733 0.0000015463
304452672.7659785151 0.0000000116
238574463.3990045190 0.0000013058
174716980.8989781439 0.0000012599
176197286.1380488276 0.0000010857
213320642.6222710013 0.0012743318
174940284.6166096926 0.0000139941
209550573.6173925102 0.0002844061
174251999.0601158440 0.0000002286
209057146.3305900097 0.0000837564
178478897.0076673031 0.0000134800
206465257.0763361752 0.0000150964
175898031.1523500383 0.0000028141
240320930.4412537217 0.0000574691
175459697.5791589916 0.0000105099
242749395.4592881501 0.0000030463
194277358.6628943086 0.0000025095
187405534.5680077374 0.0001302188
180653492.9952826202 0.0000776192
193947179.2751375735 0.0000028418
173919824.7999068499 0.0000068017
221001370.9111082256 0.0002208283
185071538.2776039243 0.0000841673
235133080.1040706635 0.0001272782
181776803.2371082306 0.0000037874
186860175.6079312563 0.0000000428
176242516.5303924978 0.0000367859
202943448.7336540520 0.0000000067
169910721.5937319994 0.0000073552
230330102.8610909581 0.0000012089
175527866.9315365553 0.0000026328
188989966.6836863458 0.0000000454
172296547.8542824686 0.0000076524
256139361.8130783737 0.0001040794
176821396.4058318734 0.0000098108
230127935.0263827145 0.0000000042
175412941.1403960884 0.0001135875
200943748.9978595376 0.0001975290
176995234.7186633050 0.0000173431
245856881.2503706813 0.0000000065
172431859.3152733147 0.0000114557
215404946.9775572419 0.0021902054
171089758.6146235466 0.0000034161
178269764.7875751555 0.0000002465
181121878.1378487349 0.0000090345
187358897.7686637342 0.0000528334
182861677.2462483048 0.0000223125
186459350.1320044398 0.0010866346
177060182.8110225499 0.0000000206
253695623.3689571619 0.0016008666
176944585.8958971202 0.0002317542
168427871.3966202736 0.0000033591
174289968.8143357933 0.0000021841
248911307.7348036468 0.0001628504
176462523.6963356435 0.0000000105
209480007.9464097023 0.0000063901
179961243.4940896034 0.0000207063
206446502.0691756308 0.0000000226
175159184.8330136240 0.0000763773
172907327.7353049517 0.0004027361
180658632.6952891946 0.0001229487
223297513.4869444370 0.0014021152
171031707.5037842989 0.0000074451
214591900.3698520362 0.0000360642
171814391.5382328629 0.0000351707
227040227.6038830280 0.0000001399
168068960.4999853671 0.0000649967
194839374.3698540628 0.0000667203
182704237.2037709355 0.0000062761
226032234.1887357235 0.0019815730
173198910.1353292167 0.0001775277
223115176.2886007726 0.0013506625
166940486.6122590601 0.0001075854
177272992.2449570596 0.0000628331
173999870.4293384552 0.0000005385
184169094.9574298561 0.0004028240
173460204.9169387817 0.0002057628
182366247.3383325338 0.0004550066
172328573.9705005884 0.0000599926
215607873.0277422369 0.0007247902
172933260.6917064488 0.0003642729
253077201.2920967638 0.0227676186
170410845.9497573674 0.0002451931
180029443.4462373853 0.0021575178
177648254.0565529764 0.0002105919
259334004.3170211613 0.0006056564
172068390.4988270700 0.0001962355
204033800.0358456373 0.0000752194
170785583.5779925883 0.0000658858
204607326.9340949655 0.0000000435
177868857.5292107165 0.0000041704
200880811.1968421936 0.0001546640
174237134.1680237353 0.0000414116
226712035.3429341912 0.0021052863
175153393.0505726039 0.0000779974
194971756.6050409675 0.0000050091
174496106.6771066487 0.0000064436
205493625.7713788152 0.0005163370
166146797.2095483840 0.0006557016
206711753.0455094874 0.0002258326
164827305.6501355171 0.0005208438
180703487.7326774299 0.0001866435
168415271.0948174596 0.0017352098
193225400.2930670977 0.0018286413
165141778.2913513780 0.0005511946
201250765.1414292455 0.0000034759
170677026.9121376574 0.0004663120
169166680.2816792130 0.0002821577
162972949.4113794863 0.0000408173
228217462.1194612682 0.0006414384
168363466.1937031746 0.0000005547
169694455.0029934347 0.0000041625
191749267.6057764590 0.0003930685
187783724.6014257967 0.0000186311
172728739.1818338931 0.0000033874
217237460.1336335242 0.0023145003
164976975.1762601733 0.0001257672
221004969.0952078700 0.0000018369
159570706.5198479593 0.0001501514
182110456.5881746113 0.0006259928
157796369.8522598445 0.0000267085
186030968.1307793260 0.0000359434
164910974.4453459382 0.0000787782
275755528.3563753366 0.0005667908
153027115.8878158033 0.0000081872
155965360.3255842328 0.0010015732
156030025.9630552530 0.0000021410
217470832.1121734679 0.0000144750
149078119.6938583851 0.0000149688
167752529.1844636798 0.0000288940
155513848.7691460550 0.0000555552
176910519.5771476626 0.0004854031
158119678.4918259382 0.0000155511
152956815.1904114783 0.0000352065
153999732.0307939947 0.0000383739
217048870.7060016096 0.0001985655
155614796.9653299749 0.0000035053
149179557.3629388511 0.0000113516
151995463.7820897400 0.0000015775
148813821.9516098499 0.0000119571
166766766.9151010215 0.0000242982
150398678.8243519366 0.0000052022
151686667.5625629723 0.0000030580
152508252.2237561047 0.0000235346
158460613.5707734227 0.0006012458
148873375.2719865441 0.0000274508
158965170.2116951942 0.0000000965
152304413.1050675511 0.0000745464
153806785.6984916627 0.0000015880
150873655.9392039180 0.0000377309
154533815.8411138952 0.0000003935
154781294.7592471838 0.0000063789
154628826.0795787871 0.0000025394
154209565.4798337221 0.0000166218
153529575.7068158388 0.0000000000
148684941.7246520817 0.0000074356
152913641.8591004312 0.0000835292
149798345.8224260509 0.0000016565
156804124.8315164447 0.0000781489
148785124.9818567634 0.0000107626
154621653.6683490574 0.0000566508
151262292.2605147660 0.0000030297
161988307.8790138066 0.0000453701
148895125.1857685447 0.0000035617
151148378.5980631709 0.0000036732
148377638.5672528744 0.0000105974
151552277.7077935934 0.0005507884
148554647.3701991439 0.0000136887
144436765.3132159710 0.0004411440
142255444.6630951166 0.0005104123
172586030.1700600088 0.0005416363
143112320.1768479943 0.0004259376
150812058.4025286138 0.0000485578
143671866.8451235294 0.0013708388
146409272.6303580403 0.0033617215
142506574.3553579450 0.0005051140
149137128.9208995104 0.0002715551
141944759.4296987951 0.0008155775
169765851.5562207103 0.0025506478
142089050.1623368859 0.0008536278
143563835.2573518157 0.0052767627
141953473.4805200100 0.0005719467
149630857.6021482348 0.0002638122
143800251.9967086613 0.0010359083
142344768.3909553587 0.0007279728
142061806.4071663022 0.0006611182
144920501.9691268206 0.0011059435
147074277.4933673739 0.0003612381
142229345.2061496973 0.0009186495
145004566.0616554022 0.0001330622
142067226.8773806989 0.0008704369
147440742.6641211510 0.0007945996
142419123.6776549518 0.0007950912
142341488.9624998271 0.0001577527
142936433.6556809247 0.0008913182
144676670.4121190608 0.0000793684
142141623.4635892510 0.0008139270
144449428.4049929380 0.0009015359
142230955.3961165547 0.0011947152
142579864.4526515305 0.0004692140
142916326.9450352490 0.0009427784
152297804.1809549034 0.0005802045
142603734.9879636168 0.0006062323
141812200.6327961683 0.0010293314
142085199.9491602778 0.0009974589
143674594.3679812849 0.0013583513
141727689.8567974567 0.0005930924
142277086.8449940085 0.0000005942
142414156.8477457762 0.0003869832
144998443.9268867373 0.0008884922
142849679.5069499612 0.0004838231
143088204.9558765888 0.0006466403
142612482.9373519421 0.0004536814
142720379.4048968554 0.0003267673
142210624.8026644886 0.0005549065
143340203.6025296450 0.0032760709
142164660.9489028156 0.0005128588
143710823.4892839789 0.0001836436
142175478.0395356417 0.0006317898
141614349.6403046548 0.0000607784
142533616.2578616738 0.0000124017
143458605.4898023605 0.0006127507
144917000.0357147157 0.0000000014
145036298.1753573418 0.0003359820
145337735.7743504345 0.0000633071
145045072.4631660581 0.0003379397
145007810.8656752408 0.0000383202
146020824.6667723358 0.0003405354
141954958.4200392962 0.0002071138
143344695.8812578917 0.0001605185
141679476.3379189372 0.0001124058
143874962.8758200705 0.0000000797
141837326.1161888540 0.0000462273
143226914.3002882898 0.0000148003
141796385.4639740586 0.0000438957
143736706.6672053933 0.0001949260
145369763.9909877181 0.0000255032
143976196.7314026356 0.0000488015
144943791.0562937260 0.0001788294
145466164.3428001106 0.0000042783
141709963.3283371329 0.0000814169
141664750.2019999325 0.0001909842
142246019.9916906953 0.0000389755
142478168.7960243225 0.0002501347
141765013.4536587298 0.0000234209
144492555.4166592658 0.0001280498
142120676.7402468324 0.0000262141
146242309.3259266019 0.0003320748
142071333.9610557556 0.0000743432
147188405.7992463410 0.0000128003
141812171.6119840443 0.0001070519
148192430.9863943458 0.0013309800
142100326.6555642188 0.0001601136
144209110.8143122196 0.0002344875
141676960.7642155588 0.0000729567
145220040.0806066394 0.0001187878
141625475.8919493556 0.0001002877
144399272.2993351221 0.0001663880
141879683.8890360296 0.0000192488
142989064.5824582577 0.0000272092
142004666.4244529307 0.0001415246
145173007.3745890558 0.0001850313
144829539.9796257913 0.0000313516
145158837.5657727420 0.0003093560
142192237.9936297834 0.0000578703
151083156.2162871361 0.0000200725
141876243.0226371884 0.0000870320
143013442.1089974642 0.0001992102
144382247.3502652943 0.0000691596
155807395.8545327485 0.0000037800
142696937.8637315631 0.0001266022
143301601.2801886201 0.0000579868
155264289.0686424077 0.0000004046
143044344.9906796515 0.0000211494
141866690.6425369680 0.0000602007
141724442.7441684902 0.0001595568
141872747.1845963299 0.0000434584
145319614.8935858607 0.0000181123
141614593.9117316902 0.0000604813
142077325.2775952220 0.0000148290
141733931.0193580091 0.0000485271
142701071.0905272067 0.0000290664
141951457.0415353477 0.0000778437
143490020.4198118448 0.0002352447
141800082.6995855868 0.0000713505
142377021.7076615989 0.0002161051
145137681.0042066574 0.0000358169
142224519.6752448976 0.0000453402
142020170.9333890378 0.0000967467
142193379.3858399391 0.0000630701
144003361.9654087424 0.0002148254
141664136.0653599501 0.0001272375
142392822.6660070717 0.0000620688
142046928.5162375271 0.0000703239
141884413.2532143295 0.0000124940
142198716.2573392391 0.0000552349
142319149.9273738265 0.0000514071
141680350.2009598613 0.0000594053
142256629.3877622783 0.0001092041
141639675.9257760644 0.0000419976
141799164.4301944077 0.0000511378
141612300.6236855388 0.0000632419
141683721.8216938078 0.0000127002
141697285.3167661726 0.0000479482
141922111.8920034170 0.0000827691
141730807.7557008564 0.0000920122
141962239.0658753216 0.0000861177
141774655.9833438993 0.0000616252
142046685.1751466393 0.0000591283
141810181.6054748893 0.0000616689
145062876.0242143273 0.0001021049
141792561.2391620278 0.0000567862
143767146.0711310208 0.0000784602
141640848.0544147789 0.0000685760
141829757.2510964870 0.0000351048
141660174.8076582849 0.0000621196
142533815.0053387582 0.0000019297
141823330.1342887580 0.0000647523
141646613.3876507580 0.0000005089
142017651.0489384532 0.0000633074
143739700.4678713977 0.0000704660
141782234.0081169307 0.0001054413
142135128.1866975129 0.0000637948
142173468.2739267051 0.0001071613
142140913.0330780149 0.0000620519
141653454.2677993476 0.0000557770
142113647.1895347238 0.0000660004
142048824.6099507511 0.0000484740
142057507.0747794807 0.0000599339
141929282.7736908495 0.0000573858
141719827.5446273983 0.0000661986
141658057.6494007111 0.0000598218
141731784.0563145876 0.0000828271
142145789.6584164500 0.0000637327
142211606.7369065285 0.0000642267
141636812.2370378375 0.0000617510
141893388.4133218527 0.0000385313
142147280.4644221961 0.0000610281
141659626.9503945112 0.0000661562
141628958.4002914131 0.0000639666
141953186.8579931855 0.0000734488
141632928.2215412855 0.0000681197
141790251.5887113810 0.0000446105
141633508.7425552905 0.0000652086
141695259.7013154924 0.0000635777
141627928.0871543884 0.0000637295
142045898.4916373491 0.0000683981
141677826.5146443546 0.0000669157
141625196.4210290015 0.0000597935
141635471.2886032164 0.0000620645
141667196.9356606901 0.0000623612
141667848.3149822056 0.0000654378
142143862.7023417056 0.0000559761
142216869.4689786434 0.0000632988
142156029.6125941873 0.0000550727
142070461.5028122663 0.0000604023
142019198.3088886142 0.0000693522
142206402.1847500801 0.0000629213
141964567.3152813315 0.0000659380
141652690.9169491231 0.0000686796
141800586.4679428935 0.0000837174
141612699.2707889080 0.0000644282
141790787.5101389289 0.0000896377
141632605.0268912613 0.0000654081
141798215.3080579340 0.0000578077
141632636.8778405190 0.0000613209
142148127.5151361227 0.0000681630
141661547.3219391108 0.0000615313
141715387.5057980418 0.0000570596
142181640.8631712794 0.0000668571
141676614.7388386130 0.0000605795
141908083.4187922180 0.0000730248
142181456.7341483831 0.0000575101
141629548.4058243334 0.0000661593
142142403.4327384531 0.0000650112
141610601.1966329515 0.0000695160
141666380.3044787347 0.0000696518
142193859.1015749276 0.0000692918
141639842.1360222995 0.0000717665
142171937.4311895072 0.0000667730
141682663.4645156264 0.0000855832
141644512.1218225658 0.0000641086
141619879.2874028683 0.0000611196
142193150.3465390205 0.0000677205
141701002.8860024810 0.0000783896
141633422.8380024433 0.0000724878
141636695.6311314702 0.0000691721
142163964.2715063989 0.0000660973
141614323.6542943716 0.0000851237
141657198.2557837069 0.0000661156
141885665.5073956251 0.0000640948
141619223.6433775127 0.0000690060
142238044.2413401306 0.0000690560
141656398.6272466481 0.0000760041
141634066.1860091388 0.0000682686
141645822.8803794980 0.0000708611
142229958.5924428105 0.0000699061
141637725.0158432722 0.0000674646
142232015.9663839340 0.0000695306
141645301.7151349485 0.0000679831
142243835.4379772544 0.0000694164
141641791.3398662210 0.0000664996
142215075.9956748188 0.0000697648
141632618.0558461845 0.0000694500
141622607.3015886247 0.0000698058
142197039.5512435436 0.0000719620
141611568.6406997442 0.0000681428
141613685.4032605886 0.0000691773
141613738.6287383735 0.0000699831
142157400.3290441334 0.0000688794
141623280.0920633972 0.0000689051
142183898.6300660968 0.0000676042
141609497.7797465026 0.0000691987
141637242.3321563900 0.0000722377
141613578.8453601301 0.0000689749
141623694.0812994838 0.0000741145
142237117.8655399680 0.0000692815
141627267.1146638691 0.0000694316
141610316.4518578053 0.0000687297
141623262.1388366520 0.0000693183
141611300.3884950876 0.0000685708
141610994.7927955687 0.0000688841
141608962.7847995758 0.0000695989
141612675.3499175012 0.0000693572
142240265.8650913835 0.0000696037
141618826.8354066312 0.0000676761
142205496.0409972966 0.0000699183
141617335.2429766059 0.0000719126
141609320.0915486813 0.0000698348
141652199.6498865187 0.0000665862
141609791.2574943900 0.0000694980
141609631.1356564760 0.0000700043
142229535.4124762416 0.0000695442
141617741.5159459710 0.0000698061
142234569.7940194309 0.0000695920
141615186.6141623855 0.0000708949
141609953.0029453933 0.0000692807
142231803.7510060072 0.0000716416
142234412.1972022951 0.0000694392
141611495.5324949324 0.0000697625
142197076.0877147019 0.0000677519
142231031.1757538915 0.0000706824
142241543.9218445420 0.0000695391
141614541.5015939474 0.0000695096
142240248.9191316962 0.0000698052
141612913.2108691931 0.0000690865
142241506.5047574043 0.0000694691
141615124.6652776003 0.0000709928
141611561.6868926287 0.0000695635
142235217.6030184925 0.0000694647
141611379.4118624926 0.0000694855
142236643.2949770093 0.0000696608
141608981.8160285354 0.0000695087
142236954.5001555979 0.0000699053
142226252.0447385311 0.0000697852
142235868.4543652236 0.0000691132
141612421.7512390316 0.0000688487
141622780.2137886286 0.0000689056
141610330.5730307996 0.0000695877
142205498.4713287652 0.0000696850
142242872.4086767435 0.0000697370
142215523.6962784827 0.0000696746
142236994.3744032681 0.0000694813
142240035.3772276342 0.0000699406
142228779.6780598462 0.0000694102
142243117.3499196470 0.0000692660
141613273.9597451389 0.0000698578
141610344.4932949245 0.0000697504
141616443.4191354513 0.0000703990
141609342.8312278986 0.0000695678
141618533.6882430911 0.0000689576
142239638.3256418407 0.0000696943
141611826.4751835763 0.0000698593
142242057.1831408441 0.0000696450
141610142.7029865086 0.0000696025
142240659.8473320901 0.0000696418
141611225.8659937680 0.0000699320
142242752.8674888909 0.0000695722
141616761.4080133140 0.0000694705
141609175.7396037281 0.0000697437
141609948.9361336231 0.0000696529
142242797.2279660404 0.0000694976
142239400.6241963506 0.0000696623
142241476.0005277395 0.0000697009
142240123.6882615387 0.0000697410
141608943.0568698347 0.0000695851
141610874.6602306068 0.0000696630
142239088.0949386358 0.0000693023
141619891.5731021762 0.0000698426
142241300.2094376087 0.0000697483
141613036.5998469293 0.0000697163
142240964.7620818913 0.0000697095
141610073.8158557117 0.0000687797
142242615.5009335279 0.0000696115
141611846.8189767897 0.0000685348
141609122.7716622353 0.0000694988
142242985.8244788945 0.0000695995
142241567.3539242744 0.0000697257
141608968.9596819282 0.0000697382
142243002.2188586891 0.0000696069
142240589.0231500566 0.0000694704
141609917.8627374172 0.0000694793
141610171.7401151955 0.0000699338
142241835.6664554477 0.0000696716
141611370.5363579690 0.0000690160
142239520.7477043271 0.0000695741
141614405.8662942648 0.0000695604
141609298.1862130165 0.0000696439
141611063.5693132281 0.0000698988
141609104.2351925075 0.0000694869
142241587.7321191728 0.0000698175
141609562.5276091695 0.0000696310
142241601.6494677365 0.0000698061
142242514.2099384964 0.0000696956
141609627.8552954197 0.0000695723
142238341.9623817801 0.0000694817
142242139.1626200378 0.0000695959
141609926.8888219893 0.0000696279
142243149.1953015327 0.0000695572
141609752.4844477177 0.0000695539
141609628.7709209323 0.0000697228
141611004.4955542088 0.0000697545
142241243.1298803687 0.0000696033
141610778.2258613408 0.0000695632
141609175.5593308210 0.0000695722
142236283.4055953026 0.0000696914
142242548.6125304699 0.0000695857
141609999.8887223303 0.0000695717
142242676.8229356110 0.0000696529
141612359.6735299826 0.0000693526
142241726.4435708821 0.0000695813
141609756.3981423676 0.0000695876
142241857.7301101983 0.0000694935
141610456.1683657467 0.0000699163
142236192.0268713832 0.0000692763
141609208.5840436816 0.0000695717
142242959.9538584650 0.0000695805
141609502.7711718976 0.0000696356
142242982.5609022379 0.0000695814
141608888.5205181241 0.0000695610
142242569.9222191572 0.0000695653
141609452.2665233910 0.0000696782
141609539.2461469769 0.0000695592
141609046.6156199276 0.0000693865
141609429.3213832378 0.0000695545
141611113.0540544689 0.0000695368
142242905.3675490916 0.0000696006
142240691.1351825297 0.0000697687
142242348.1358233094 0.0000695582
142241974.5306623578 0.0000696023
141609088.2414948642 0.0000695240
141609573.8940034807 0.0000693092
142242480.2909137309 0.0000696451
141610390.4126196504 0.0000695992
141608992.9198892415 0.0000695398
141609657.3710278869 0.0000694973
141609089.5915621519 0.0000696228
142236651.4157526195 0.0000696820
141608895.2927732468 0.0000695410
142240748.1407949626 0.0000693608
141608918.0835713446 0.0000695303
142241376.9002341032 0.0000695306
142241716.6733671427 0.0000695649
141609359.7064734101 0.0000694048
142241715.0340965986 0.0000695688
141611531.4088185132 0.0000696085
141608996.9936061502 0.0000695578
141609612.8529942036 0.0000694579
141608910.0975747108 0.0000695537
142238270.8258388042 0.0000695598
142242503.2463813722 0.0000695496
141610159.5366548896 0.0000694761
141608905.8528841436 0.0000695526
141608961.8445230424 0.0000694810
141608890.1140182614 0.0000695823
141609988.8490615189 0.0000697429
141609026.9662424624 0.0000695598
141609821.4741699398 0.0000695549
142242475.7526858747 0.0000695369
142242110.9202691913 0.0000695388
141608925.8107317984 0.0000695659
141609839.0305229425 0.0000695517
141608954.8280029297 0.0000695744
141609810.3389865756 0.0000695456
142242195.7367174923 0.0000695619
141609727.0778095722 0.0000695455
141609095.0369053483 0.0000695586
141608892.0317198336 0.0000695463
141609395.3291761279 0.0000695497
141608889.9695277512 0.0000695700
141608983.1967915893 0.0000694469
116353129.0000000000 0.0000694469 1 0 0 0 0 0 0 0 0 0 0 0 0 0 0 