497815742.4575148225 0.0000009890
477940551.9288527369 0.0000003415
477854355.9448789358 0.0000000584
508398303.7198960781 0.0000004382
540987818.9527621269 0.0000004277
511430127.9110501409 0.0000000088
492020987.7209561467 0.0000003092
480286119.3583655357 0.0000003715
491507459.1933693290 0.0000004108
521880538.2601073384 0.0000002743
470920190.8778027296 0.0000000849
456486800.5480557680 0.0000000585
534593374.4648068547 0.0000000091
457444158.4216582179 0.0000001087
453514450.4235026836 0.0000001919
514435938.6096163988 0.0000850233
503620560.0922049284 0.0000002972
451625557.7965795994 0.0000008274
429627857.8635250330 0.0000010986
425010447.2094131112 0.0000012532
407201455.1837545037 0.0000002242
405176410.6297733784 0.0000001633
423602218.8748381138 0.0000005464
396024351.6546422243 0.0000001073
393400737.3724439144 0.0000000028
382149283.3132798076 0.0000027110
450361813.5065398216 0.0000008625
473821521.5205455422 0.0000018645
377067976.3810886145 0.0000003188
362418118.1923847795 0.0000000025
414156185.5148809552 0.0000011187
307421852.8488622904 0.0006647917
370055638.9581205845 0.0001046151
308670539.1727124453 0.0006274569
352041369.2408049703 0.0000130088
308411086.6515703201 0.0006357151
314531344.5677897334 0.0002467720
313892203.1302812696 0.0005308550
344982549.4570088983 0.0001327190
306698953.2197760940 0.0011071163
349906647.2113621235 0.0033189375
328106061.7238249779 0.0006290916
272988800.9358776808 0.0001888738
265704890.7216285467 0.0001964405
293333674.3258659244 0.0000092258
265474702.4676684141 0.0001299376
270999304.0726140738 0.0000401625
262420582.7509257197 0.0003202547
254512835.5365939438 0.0003208110
257212451.2663843632 0.0002954294
293684764.3313678503 0.0001518676
252817725.9333893359 0.0003778275
255280874.7951590717 0.0002370775
262939161.8342346549 0.0003175938
247272011.5869560838 0.0002740799
251100726.3943104148 0.0002455846
229287246.7326787114 0.0002726684
241668987.7933439016 0.0002203461
250451981.0562676787 0.0016546573
229394253.8554237187 0.0001803399
218306871.1252954900 0.0085565492
222073969.8700772524 0.0078886836
219675109.2557722330 0.0028034940
212975282.2605895400 0.0076047967
225866527.9166648984 0.0032028325
224131577.2820785046 0.0128127086
191092664.2813318968 0.0147342676
196036073.3751380444 0.0170814579
204347348.8910219073 0.0113814230
185176624.3724494576 0.0166993889
200036508.4035807550 0.0132449231
195748922.3567278087 0.0226438504
234875629.7785828412 0.0059125157
183597026.1533300877 0.0172901575
170863615.2049818933 0.0012413387
185158760.6923912764 0.0010186748
189127671.7803218663 0.0015963856
182680641.3288075328 0.0024415078
203544150.2743596733 0.0001763895
200640125.4512023628 0.0009411000
186101947.8901955187 0.0003526685
177744952.7531628311 0.0013073417
205915860.9939684272 0.0018227870
173364620.8466739655 0.0012064213
215815230.1415229142 0.0000026144
179877502.1827644408 0.0011243105
169020732.5914834142 0.0009285142
193985994.1597784162 0.0007743890
194946591.8268713653 0.0001797663
171363962.8553742468 0.0013502542
186180055.6675366163 0.0002624736
172101111.1050356627 0.0000248110
201932214.8012132347 0.0155100824
164265183.9267702997 0.0008063714
231735646.2001483738 0.0001228286
164575749.1424727738 0.0008877581
195780252.4391234815 0.0007260807
169169922.5408733785 0.0016845423
189828872.1253868043 0.0071831065
168789917.5992048383 0.0020425682
216792602.8626723289 0.0107101027
166866356.2866470218 0.0021048772
197027435.5053609908 0.0019238157
163215965.5987851918 0.0006437309
217720688.8413732946 0.0001513857
158803157.4768976867 0.0000001946
159227509.0957066119 0.0001121636
156401368.8449864686 0.0001475232
179769924.5647232234 0.0000076146
158486628.1806430519 0.0001460541
223003583.3570916951 0.0000166649
159444841.0671028197 0.0003093091
174816007.3395947218 0.0000820254
161047099.5988712609 0.0000594727
262966732.1182994545 0.0000104684
158589763.6622161269 0.0001758803
184029487.0075196922 0.0002491294
167089717.1298697293 0.0000053130
231752493.3937284052 0.0012873906
161090971.2194119692 0.0004145360
197232879.0509479642 0.0074289456
158969711.9376153052 0.0000030003
176111732.4336281419 0.0438695410
163898664.3077177703 0.0002871510
189449590.5580390990 0.0009271934
169560932.4582383931 0.0000316491
227360946.5004279017 0.0001196552
153135297.3282670975 0.0000954035
215194760.2437683940 0.0000304492
166464665.6015482545 0.0001594195
184033444.5968848169 0.0000102994
158397599.7277285457 0.0001558024
179855457.0873773396 0.0000005590
164932412.7388127148 0.0001924128
184495176.6598563492 0.0000473959
154558696.4551753700 0.0000077361
172714128.7306025326 0.0000110888
166990825.5486859381 0.0000341694
223352988.5958648324 0.0002628478
161616859.8861429989 0.0001321906
215469346.1680725217 0.0000021198
161939710.7414027154 0.0000619428
151831704.0181112885 0.0001626498
160004062.0744829178 0.0001302771
149250638.3397486806 0.0000386772
158103643.2672566175 0.0000666157
151329224.4673106670 0.0000554375
167438530.9576199055 0.0000178922
153223431.4501418173 0.0000635984
151409772.7812269628 0.0001038415
147451982.4889007211 0.0006334381
149149707.7053818703 0.0024300005
151207377.9079055786 0.0008714873
170541049.1225826442 0.0037038391
149601158.5697179437 0.0006260216
166884785.2296160161 0.0004217339
148992544.0039545298 0.0005812314
153958907.4392950833 0.0000258031
150046335.7337237895 0.0005578154
152505024.3518235385 0.0055284752
147874412.8325833380 0.0003879334
164196693.3376266658 0.0009910783
151088604.5207789242 0.0004905420
144934435.4004570842 0.0004868512
145953016.1493374109 0.0001132120
154820170.1109112799 0.0012072247
147290415.0695672035 0.0003738459
158561526.7425023019 0.0001710373
146203575.3323019445 0.0004510721
143649741.2786971331 0.0002222224
141452830.4735620916 0.0004033020
141582380.3818933070 0.0013374243
142316309.0914316475 0.0006125152
148240944.9866319895 0.0005546161
143970193.6404342055 0.0002680253
149445311.9628003240 0.0019563069
144135668.0613081455 0.0001818744
144367692.7578093410 0.0000441074
141864895.6644191742 0.0007972811
159792506.7416883111 0.0008248152
141904970.7840318382 0.0006406374
143861869.1492182612 0.0001816890
139730372.7378544211 0.0006385673
161168672.1937957704 0.0010415005
138211889.7371705770 0.0005966827
160011676.0715950429 0.0042975205
138116088.4484966099 0.0005832730
137425144.9905585647 0.0001418114
137737458.6274641752 0.0002210795
155278206.8835939169 0.0000059038
140105482.4947389066 0.0001961720
155013984.4336648583 0.0000399379
140488538.9788617790 0.0002576932
159500052.8995258510 0.0000750413
139745793.0455146432 0.0003100323
138138477.4065353572 0.0001157784
140060399.6086544693 0.0000147441
152690637.0193631947 0.0001883381
135853207.6726076007 0.0002108973
166223354.3876755238 0.0002177736
138060123.7290953100 0.0000315775
133813701.7629558146 0.0004668019
135760858.8173381388 0.0005459328
137807577.0651109815 0.0000034801
137036107.7085409760 0.0002820344
154340770.3849845827 0.0004889744
134299383.0418462157 0.0005203774
134586157.4853810966 0.0001686987
134883704.7238421142 0.0005060192
140410429.9269930422 0.0000009277
134224398.9172748029 0.0006006794
145390620.5323790908 0.0002156064
133781409.4692430496 0.0004291907
139404122.9328593016 0.0005395160
134162753.1054070294 0.0005208790
137053041.0114526749 0.0001140101
132108896.5499911606 0.0006361365
135480433.0255871117 0.0000215197
132362191.1963528097 0.0007262668
143200500.4743540883 0.0008878040
132668714.4061053842 0.0002771414
139393223.7088121772 0.0001267488
135510951.1688214242 0.0002944884
130745297.0034290105 0.0000095278
132153761.3011611402 0.0000136046
149704728.2652928829 0.0029662010
131617456.5305760652 0.0000035673
143160019.9972817600 0.0002655409
139495046.9230801761 0.0000272199
131887938.7619605809 0.0002059907
128773744.1642613560 0.0001453675
136062242.5234340727 0.0000723494
129810377.4308175743 0.0005038895
137655232.0285194218 0.0001975899
131085904.1240890920 0.0001030784
128236472.4938050956 0.0003360144
130307525.4773276001 0.0006173305
134324126.6672247350 0.0000405026
129767746.3745706230 0.0004080742
139179414.1065259278 0.0001400065
128589345.7724138796 0.0002671967
140182701.3693950772 0.0000027211
127420335.1485634893 0.0002509902
141184036.8394267559 0.0004635280
130147577.5934477746 0.0002161381
128011582.8582252562 0.0000144341
128392475.3484306931 0.0000997484
143100148.9993267059 0.0010552459
127710939.6373232603 0.0002181033
135732116.8172748387 0.0011265691
127635983.5219099224 0.0001908097
128400218.6179919839 0.0000188705
127889784.2280796617 0.0002551349
138441527.6014936566 0.0000006096
128758404.6726496071 0.0002476934
136147452.0105009973 0.0029883255
130845246.6881160438 0.0000923628
127940057.2917038500 0.0001877142
127842994.4946581274 0.0002518671
127732353.7150093019 0.0000098636
128827084.8666068465 0.0003031248
139042965.2933897674 0.0006383137
127501909.9165602326 0.0002241188
137216529.2599549592 0.0000377397
128164227.2513805777 0.0001633941
135461139.7047438323 0.0005577456
128818976.4088348150 0.0000690408
141207499.8989949226 0.0029211850
128478258.0163019449 0.0003007574
130646993.2052241862 0.0007712476
127857673.8328917474 0.0001658281
144765121.1183826029 0.0002029395
128455563.7503342330 0.0003088022
146638971.6794380248 0.0002157720
129320583.9099403024 0.0001446451
137011164.0478478968 0.0000002021
128569096.0132999867 0.0004585756
134863824.6490340233 0.0009857685
127954471.8464027792 0.0002941116
136024129.9737066627 0.0009247851
127670844.6321157962 0.0002317655
135265783.1463075578 0.0000230448
128625183.2179165930 0.0003140321
138298142.6074600518 0.0000129013
127592398.7293701321 0.0001574982
131267600.3731817901 0.0000036427
127645860.6881203949 0.0002021653
141995613.7817570269 0.0000855115
127542749.0014913827 0.0002737072
140741653.6620364189 0.0001029058
127497284.0512637943 0.0000624227
127878578.7075640410 0.0000077112
136640324.5263498127 0.0000099325
143491664.9462474585 0.0005858940
127902866.0681872815 0.0001432574
128210336.3620631248 0.0002866185
128228688.3902539313 0.0002064488
127798123.6597480923 0.0002709380
129399747.1159392148 0.0004282553
127994374.4886556119 0.0002528668
128167976.9586094022 0.0001638324
127589143.8581568301 0.0002501175
128207233.3942011148 0.0000844495
127473483.3059402108 0.0002661913
127883352.7920215279 0.0002241383
127391429.5047325939 0.0002058811
127920373.1415361017 0.0002450239
127529530.8258692324 0.0002234658
127863618.1425132602 0.0000873795
128186758.7882114351 0.0001752473
127873138.0108626038 0.0000943488
128067295.0901441574 0.0002806748
127590126.9722354561 0.0001866535
127540828.0909231603 0.0002433904
127326778.6101770550 0.0000751594
127288325.1588186175 0.0000599752
127613270.0234832615 0.0000830262
127323490.7550464720 0.0000436980
127850667.2812926620 0.0000307552
127756505.6855373234 0.0000743318
127539854.7484891415 0.0000360600
127421682.9349193424 0.0000386154
127989551.4388613701 0.0000708183
128030482.3855644464 0.0000651287
128372194.9746485800 0.0000838161
127251565.3471793532 0.0000504086
128703871.5729546994 0.0000635526
128173879.6802113950 0.0000402127
127967072.4419353157 0.0000339689
127462512.2974367142 0.0000233016
130797975.7894694209 0.0000587259
127639323.7195442617 0.0000752266
128761916.5819397867 0.0000080493
128064933.7146618068 0.0000455317
130420926.8900909424 0.0000453175
127406563.3559307903 0.0000278822
127499145.2085540146 0.0001996397
128279067.3115539104 0.0000613360
127527253.1871730536 0.0000778321
127825747.8265492618 0.0000346334
128042080.5708103776 0.0000201630
127475082.8454720974 0.0000732283
130154998.9420595914 0.0000091253
127888149.6521786600 0.0000496761
130955157.3853901923 0.0000694450
127457493.1010159105 0.0000380954
128043796.3429328352 0.0000367479
128359280.0408583879 0.0000265506
127813488.5624226928 0.0000766529
127542868.5851860791 0.0000400484
128855217.7630058378 0.0001099986
127534956.7596102804 0.0000488165
131919277.8954689205 0.0000034536
127799654.8834404647 0.0000662746
128699234.3395480663 0.0001151789
127339006.0086882859 0.0000545621
140437187.2367343605 0.0000952713
127903836.4443122149 0.0000350126
127653501.5342592001 0.0000784678
127485572.6040434688 0.0000476971
127367094.3726474494 0.0000607872
127404195.8920075148 0.0000386589
127452569.0422144383 0.0000719636
127737927.9161814004 0.0000667499
127240659.2395657301 0.0000580597
127842765.7496247739 0.0000573938
127560698.6844847053 0.0001767177
129026757.9840852022 0.0000303254
141136890.6958795190 0.0001400783
128555475.5378695279 0.0000728279
131608408.3844546378 0.0000003806
128266206.8576783985 0.0000602864
128947965.9258829206 0.0001643593
127903599.1766928285 0.0000686707
129694200.0461432636 0.0000407064
127234812.3272463381 0.0000525203
128004814.6748171747 0.0000054516
127450130.2078109235 0.0000422396
129936025.3878293037 0.0000622251
127806049.2458216548 0.0000310034
128300225.2035740763 0.0002251579
127324154.9578026682 0.0000388934
139352532.3328196108 0.0001529803
127389093.0672088861 0.0000578244
127812071.3207135051 0.0000230273
127652830.5919313431 0.0000582893
130043744.4403392375 0.0000061832
127453392.4021749198 0.0000329883
137395992.7050609291 0.0001314679
130154666.4909378588 0.0000859896
127759930.8728804439 0.0000498997
127919953.3995543867 0.0000151716
127905179.0407189280 0.0000533670
128542864.4893308878 0.0000335152
127339362.4197961986 0.0000450636
127556381.7268619090 0.0000477398
127735739.6015093178 0.0000513977
127321815.5913529247 0.0000890521
127280826.6843337566 0.0000434839
128034539.8999124318 0.0000287090
127782404.9770284891 0.0000570885
127240911.1451121271 0.0000706283
127791776.8927091211 0.0000456914
127601390.4291611761 0.0000997879
127257337.6489529908 0.0000495194
128406004.6871272624 0.0000878083
127830668.3064366579 0.0000550552
127803710.7430738807 0.0000602363
127197608.3696751297 0.0000520832
127919428.6629666984 0.0000260651
127244008.0517812967 0.0000684623
127626849.3078489602 0.0000622851
127229038.5183840841 0.0000595324
128617049.6302963644 0.0000433771
127262629.0122521818 0.0000554594
127553260.5874476433 0.0000179066
127963064.4942039698 0.0000531276
128037004.2244203687 0.0000204193
127926849.1669965535 0.0000639755
127255071.2946604490 0.0000785398
127369857.2342098057 0.0000516140
127477780.8330919147 0.0000588013
127343710.8414922953 0.0000400495
127380175.5678244531 0.0000454352
127236161.5391406566 0.0000505890
127735682.6331096441 0.0000541457
127247762.3488198668 0.0000407893
127836710.6977063864 0.0000600320
127264180.8367977887 0.0000664209
128775783.5148093849 0.0000569281
127835952.4790443182 0.0000596639
127829072.9164019823 0.0000981827
127724701.4515966028 0.0000424884
128213063.0840798020 0.0000505980
127298172.6083202511 0.0000586566
127458378.3199193776 0.0000514077
127241866.5047004670 0.0000692027
127393448.0076853782 0.0000469198
127279953.8496358544 0.0000527567
127308587.6688232273 0.0000512486
127261512.4811885655 0.0000520061
127487614.2201458663 0.0000463618
127214662.4757223874 0.0000545158
127250557.8885850757 0.0000552379
127291777.3495670557 0.0000524646
127252163.4306429774 0.0000428134
127282386.2060497850 0.0000513893
127300144.3679855913 0.0000570919
127285637.1538781971 0.0000483732
127257667.7645807415 0.0000560311
127971035.4969394058 0.0000516244
127827819.4878817499 0.0000673687
127234715.9728938490 0.0000521863
127338507.7213203013 0.0000433956
127404576.5450071692 0.0000512171
127345844.7002289295 0.0000497977
127262453.3202483505 0.0000512401
127464535.9148547649 0.0000567275
127254066.5884273946 0.0000535606
127684728.6432753503 0.0000494667
127278956.9833980948 0.0000519697
127361072.7876152098 0.0000522849
127274288.5874841362 0.0000493742
127300851.9603559375 0.0000521882
127260120.1870192736 0.0000489978
127206028.6879474968 0.0000573348
127224275.1973243654 0.0000509859
127169652.5739744753 0.0000455028
127180955.2548644990 0.0000440795
127966021.9669730514 0.0000615009
127387277.0473638922 0.0000453673
127591148.6219651401 0.0000374169
127295255.1998429447 0.0000462601
127986224.1465911269 0.0000401578
127479808.3079193830 0.0000473213
127444360.5973449349 0.0000452677
127167276.0177855492 0.0000473120
127677853.8577989340 0.0000431670
127216131.2956241965 0.0000471726
127427311.6398065984 0.0000533419
127191281.4116855711 0.0000472622
127277530.0605213642 0.0000509573
127214901.5751337409 0.0000467902
127299867.0401965231 0.0000441093
127239372.4476633817 0.0000493536
127374854.9705717564 0.0000395118
127236160.3190255612 0.0000445396
127234440.5447361916 0.0000563016
127403316.7359802127 0.0000481427
127974858.1501943469 0.0000475034
127223271.7221394032 0.0000459267
127324693.9923671782 0.0000545324
127284554.2055077404 0.0000466724
127262423.1194390357 0.0000533378
127276146.9589212388 0.0000433742
127231735.6893464476 0.0000577829
127472446.8656432927 0.0000469526
127221296.1397370249 0.0000536374
127223333.1862203926 0.0000469600
127251043.5925985128 0.0000437900
127521140.1431107074 0.0000471051
127561406.6403499246 0.0000462734
127220125.0157044381 0.0000483356
127365510.7097097188 0.0000514559
127295464.5675003231 0.0000467418
127295886.4346135855 0.0000589013
127242661.8996465951 0.0000480968
127236126.3864695281 0.0000395464
127166227.7100592256 0.0000469341
127499044.5018732846 0.0000425411
127529659.5076307207 0.0000465159
127652904.0338753015 0.0000587576
127502882.2188900560 0.0000444222
127279623.1171378493 0.0000467993
127472336.3885936886 0.0000483118
127260681.9778672308 0.0000436138
127218247.5552625507 0.0000459684
127228573.2017905712 0.0000401870
127524354.8543999940 0.0000492639
127356168.1479160935 0.0000438470
127222236.0523188263 0.0000465807
127340799.7808694392 0.0000534661
127174733.3056889921 0.0000410595
127892171.4385469258 0.0000471664
127449426.3739515543 0.0000474962
127315793.1343541145 0.0000493854
127216130.1909800321 0.0000458002
127914031.5403198600 0.0000430449
127168347.0412108600 0.0000469055
127920413.2072429955 0.0000429568
127232443.1926930845 0.0000459023
127888225.1450119615 0.0000434508
127498792.3264729232 0.0000453502
127296631.6693165600 0.0000461402
127482352.1450565457 0.0000496079
127262684.2799565494 0.0000403792
127210356.6054247767 0.0000515024
127196968.8916601986 0.0000473680
127170864.9826067686 0.0000467603
127347974.6860418320 0.0000431465
127190531.7767374516 0.0000477167
127508115.7000673711 0.0000467650
127475763.0979111940 0.0000475451
127522398.5684389472 0.0000461358
127247341.6203121543 0.0000456897
127533767.0893746465 0.0000468431
127500250.1534358263 0.0000495038
127186709.0084546208 0.0000471718
127502839.8805095553 0.0000490663
127523010.0628796816 0.0000466380
127238267.8050769717 0.0000472023
127532658.1594104022 0.0000462689
127194090.2490676045 0.0000491443
127510793.6133193076 0.0000465461
127198287.6983288974 0.0000465215
127524493.1541709453 0.0000467318
127534603.2198133767 0.0000493398
127515539.7078197449 0.0000468444
127232006.9775515646 0.0000465281
127519393.0688531846 0.0000475897
127355587.1771478504 0.0000465725
127497086.3719136119 0.0000470536
127180621.2497370541 0.0000457482
127172889.7723331898 0.0000470861
127437800.5655818135 0.0000474164
127207196.6791223884 0.0000466503
127187369.0690550208 0.0000458798
127191487.4425458163 0.0000467605
127218356.9895504415 0.0000475294
127485456.8609149307 0.0000472982
127186767.0337709934 0.0000490309
127191096.4710124880 0.0000466951
127489558.2043734044 0.0000454155
127184760.1822688729 0.0000466958
127219508.5800359994 0.0000451242
127181353.8524389267 0.0000465755
127465039.6385354549 0.0000459243
127202817.7006017417 0.0000462018
127530050.6441006213 0.0000458653
127179415.2747570127 0.0000470977
127464820.5752424300 0.0000460527
127492158.2662882358 0.0000471550
127202733.9945686311 0.0000454921
127485595.8169961125 0.0000475526
127544305.2596126944 0.0000458533
127447734.4017756432 0.0000475020
127174755.2191578597 0.0000469503
127535699.5431031734 0.0000481806
127532678.4600920081 0.0000475472
127168723.4840821773 0.0000462919
127181609.0312499851 0.0000467925
127192126.7745145559 0.0000447195
127530107.5814311951 0.0000469237
127193334.3737853914 0.0000479148
127535880.8094466031 0.0000467460
127181816.4506266862 0.0000480189
127169433.0321954191 0.0000465416
127498019.7173789293 0.0000467939
127184392.4533683509 0.0000469414
127214859.2291878462 0.0000458473
127182970.3895639330 0.0000467035
127537547.4673034400 0.0000470277
127173202.8892760426 0.0000469544
127167775.4492049813 0.0000470005
127168057.2366010994 0.0000465460
127171169.4144085795 0.0000469847
127211675.0123585165 0.0000467639
127530285.6035691798 0.0000469504
127168356.5103892386 0.0000468029
127167525.3520043641 0.0000469420
127176759.2399094403 0.0000462351
127534803.5143002272 0.0000468678
127527425.5370299071 0.0000468966
127165948.3679322600 0.0000470265
127176471.5858734995 0.0000477584
127535010.7026374638 0.0000470305
127514811.9738611132 0.0000470888
127525162.1730733961 0.0000470800
127210660.0113529414 0.0000469162
127537251.2522617280 0.0000470577
127190615.0222826302 0.0000473700
127538339.2270744741 0.0000470147
127530337.8326301873 0.0000470891
127165456.0289441347 0.0000468879
127174400.3096555322 0.0000468229
127172641.5287558883 0.0000468417
127175110.7738144100 0.0000465902
127167471.6258332729 0.0000471256
127166702.3381493837 0.0000469152
127515552.6429808736 0.0000469237
127168686.2726783156 0.0000468720
127174477.2034076899 0.0000463351
127165637.5458907485 0.0000468863
127167375.0673287064 0.0000467573
127535528.6493504941 0.0000468981
127170743.3634812534 0.0000471206
127165230.6539266557 0.0000468988
127182188.3709379584 0.0000466254
127166861.4534735382 0.0000468454
127186624.3588624150 0.0000469878
127167440.4362949133 0.0000468559
127185127.6480937153 0.0000469099
127533657.9283604026 0.0000469007
127535596.4316425622 0.0000469451
127535089.4099880457 0.0000468889
127178583.0606499910 0.0000468764
127537884.2113223672 0.0000469002
127167178.4576795548 0.0000468578
127537530.9355951846 0.0000469234
127170441.0920727700 0.0000469211
127165341.1553498954 0.0000468868
127168703.7565594763 0.0000469511
127165530.5129169971 0.0000469340
127166337.0372802764 0.0000468772
127167171.0946749151 0.0000469180
127165222.6914322972 0.0000468265
127530101.7849657834 0.0000468364
127536362.7855459154 0.0000468590
127169964.4399955571 0.0000467525
127165466.7418631017 0.0000467763
127167712.3089722395 0.0000468010
127537704.7672500908 0.0000468414
127168143.7701384425 0.0000467805
127536544.2974515706 0.0000468513
127166405.4501785189 0.0000466569
127535982.8916959465 0.0000468396
127166925.3521595001 0.0000468961
127537787.3677707464 0.0000467953
127170510.7824997753 0.0000467902
127166078.7580528557 0.0000468410
127537113.1666155457 0.0000468453
127165227.9362939894 0.0000467958
127534824.0826765597 0.0000469644
127536462.3382858336 0.0000468752
127171398.6110489964 0.0000466556
127165288.4395584315 0.0000467736
127166106.0780130774 0.0000468087
127536999.6871508956 0.0000469097
127166592.6893880516 0.0000466492
127165336.5940507501 0.0000468675
127537784.8389092088 0.0000468247
127165823.1719289571 0.0000468907
127537894.9057383686 0.0000468436
127167616.9754368663 0.0000466762
127536862.6352145523 0.0000468393
127166759.0803561360 0.0000467736
127165532.8478267789 0.0000468317
127531351.8809546381 0.0000467862
127536818.5710739046 0.0000468267
127169861.1594421566 0.0000468466
127537790.7422099710 0.0000468190
127166921.1936178356 0.0000468075
127537144.7930990905 0.0000468339
127171229.2975105047 0.0000468178
127537899.7499007136 0.0000468327
127165595.7233516425 0.0000468426
127165683.6433714777 0.0000468157
127165772.2003699541 0.0000467787
127537833.5686079264 0.0000468332
127165553.4135469049 0.0000468414
127537159.3631190062 0.0000468227
127536408.4369955808 0.0000468361
127536716.9022133797 0.0000468393
127168261.3253243268 0.0000468334
127538117.1137371808 0.0000468298
127166156.1799657345 0.0000467819
127165798.1580563486 0.0000468312
127166244.9559874088 0.0000468450
127165556.9222591668 0.0000468351
127167713.2832497805 0.0000468414
127537600.7288798690 0.0000468223
127167090.9955708236 0.0000468563
127167129.4540309012 0.0000468461
127166465.2265274823 0.0000468339
127537964.5810956657 0.0000468252
127165432.0204505026 0.0000468403
127537516.5972362608 0.0000468309
127166089.0933692604 0.0000468114
127165510.7544201016 0.0000468198
127166459.4691680372 0.0000468463
127537997.0791581571 0.0000468286
127166103.2989147455 0.0000468164
127165355.0943790674 0.0000468077
127536505.2494626939 0.0000468268
127165324.9670851976 0.0000468246
127537752.0695626885 0.0000467964
127165228.2744114399 0.0000468168
127165634.2921605706 0.0000468404
127537594.8134110719 0.0000468377
127167033.7092382461 0.0000468007
87486636.0000000000 0.0000468007 1 0 0 0 0 0 0 0 0 0 0 0 0 0 0 