343299469.7581173182 0.0000009890
316626932.3688702583 0.0000003415
312064504.8027188182 0.0000000584
350707602.8995282650 0.0000004382
379684540.4650619626 0.0000004277
400693728.9838607311 0.0000000088
345611588.2534596324 0.0000003092
320517578.7764044404 0.0000003715
359690911.6450997591 0.0000004108
358858158.8505868316 0.0000002743
380301794.7546910644 0.0000000849
312394038.3716691136 0.0000010006
366373975.3259498477 0.0000000312
323636081.0825076699 0.0000002739
316210011.8805653453 0.0000004486
342646800.3439646959 0.0000258729
354433277.2709331512 0.0000000619
308449382.4630236626 0.0000003055
291912116.3796592951 0.0000004125
312750156.7580595016 0.0000016858
275026385.1501589417 0.0000030612
268090545.0896712244 0.0000034869
295367179.9744780660 0.0000004777
250717148.3303914070 0.0000045054
245980037.9999991953 0.0000045451
310538807.8636363745 0.0000004898
225575117.4639901221 0.0000030616
268238788.7153091431 0.0000002068
266633978.7605363429 0.0000016493
250615025.5685735047 0.0000000278
252113910.9987809658 0.0013565483
190114870.4738102257 0.0008576407
170115114.3248352110 0.0023419735
171648508.3314035535 0.0022362746
209729690.9952632785 0.0024457090
178385183.1086741984 0.0023486584
206306999.5419964492 0.0030568670
167332671.2745278478 0.0023437110
186121960.4475865662 0.0017698915
177209272.3222765923 0.0022117621
182629337.5622397661 0.0014917551
170550083.1321624219 0.0032468745
179525567.1089129448 0.0012378464
162388212.4421530366 0.0027224196
179827519.2293373346 0.0008111506
180239460.1937553585 0.0030563423
177948119.7673276961 0.0008401180
152787487.7492775023 0.0034913085
156857605.9076493084 0.0033135596
156650754.8212238848 0.0036110548
176071911.3377432823 0.0031047032
152170562.1853798926 0.0038460458
223263856.7030981183 0.0008623105
145675560.5824223459 0.0038979201
194234989.9845903814 0.0039367324
155251928.1324982345 0.0034939964
225782451.1802397668 0.0017251790
148264679.3504869640 0.0041130877
197119453.5048123002 0.0010507887
160650954.3342732191 0.0038248320
147644122.7654575706 0.0092224995
193756325.2468238473 0.0011686890
172641202.0962305069 0.0007198989
157154255.3105926514 0.0032775079
193867281.9085953832 0.0085872336
157496402.1914444268 0.0022737590
194008798.3375584781 0.0004622595
145821380.2965722084 0.0034720210
172316195.6798682213 0.0025990984
144008351.3252477646 0.0052000580
155473174.7957677841 0.0172812058
147745641.2943191230 0.0059993670
187740103.0351118147 0.0029037257
155730074.3525865376 0.0064322412
179541040.1248815060 0.0007371404
162382161.2585706413 0.0036617651
191305436.2078975737 0.0050599210
167576789.1324439049 0.0111934753
189909708.4758338034 0.0026104966
144187629.0633317828 0.0052921202
224847581.2482129633 0.0000016340
149088907.4367829263 0.0047499664
145879916.5104425251 0.0100163486
148434749.2709469199 0.0063385220
185071421.1043338180 0.0048587803
143494238.2958892882 0.0041043273
155185239.0103440285 0.0073195823
164239476.9745775759 0.0044466727
203433264.1080415845 0.0075725276
178935522.6218359470 0.0024961965
171050756.0823620856 0.0031756010
147372029.4474017322 0.0039234054
154650506.4885651171 0.0026656479
207855311.4671631753 0.0028067671
147774972.5977318585 0.0014153865
149485413.4894105196 0.0064985179
163564855.3410483003 0.0037863352
188342398.6627017260 0.0037473743
191700685.6212027371 0.0004981188
148641208.1703115106 0.0036953662
193293087.0821054876 0.0011298067
146185827.8411709666 0.0029338262
215361154.0920566022 0.0066732664
146357347.5680651665 0.0038037419
175080029.4694373608 0.0007780153
151557878.8559792340 0.0039094549
153373944.2782722712 0.0006131413
158759841.9919323325 0.0040600356
210999352.8585344851 0.0072557961
149383076.2294420302 0.0045803902
208904910.4585152268 0.0065853871
148709796.7880706489 0.0040862224
232172447.5805666447 0.0053439870
193013713.1443697810 0.0016626347
181850264.1339851022 0.0056701908
144083389.7578471005 0.0045225545
177442041.1187230051 0.0012894974
145587700.2296718955 0.0042040412
150352611.1326063573 0.0030216836
144947823.0134615600 0.0034006022
152946030.8602797687 0.0021905766
143015416.7410901487 0.0044485575
157527696.5462913215 0.0044917517
149451393.7281531096 0.0038435983
185960227.2613327801 0.0048624577
143857952.6555076540 0.0037498128
158232266.8868247271 0.0035476634
147598400.2331792116 0.0044514614
202390186.9980050921 0.0064125477
146297925.6092011034 0.0004893817
152790298.3954555392 0.0055957919
147439672.5253384113 0.0044614335
157090813.8106644452 0.0040841860
145796628.1593004167 0.0047046083
159814392.4275235534 0.0038591464
147135189.0132774711 0.0045996543
150277274.4290410280 0.0046162555
148237100.8281373680 0.0044538136
148668821.5279724300 0.0038512062
144324447.8399874270 0.0039439922
151307939.1330690086 0.0034877581
150353451.0086889267 0.0046557361
193949756.1095979512 0.0024551969
143040326.1364524066 0.0044798162
174810978.2165153921 0.0060199647
144967658.5969120264 0.0045023943
174431082.0413148701 0.0040175156
163246265.8980380893 0.0049620939
147451514.1444076002 0.0048740628
147520919.3755782247 0.0038713494
149000946.0552846193 0.0044426413
158123410.6894402504 0.0046089483
143619449.1730761230 0.0044351761
148367481.0584651232 0.0034469680
146203199.3676064312 0.0047245928
145533747.2279163003 0.0050032536
143464089.1236110926 0.0045918473
149915782.3871334493 0.0051784669
143756494.3740665615 0.0044733860
149938243.0542417169 0.0057306375
145144342.6174389124 0.0042639321
155906656.3475122750 0.0031972678
146185229.1567173004 0.0046038868
151940929.2023797333 0.0042009538
145781263.5297102928 0.0042317647
147794118.8676914275 0.0062250880
143580735.8105120957 0.0044908047
144663759.6990954876 0.0039036687
147838222.8583253622 0.0042862697
160472763.5011169016 0.0046621651
147745521.3288220763 0.0043881974
155930155.4618538320 0.0042424164
146909464.7420220077 0.0042721572
146870675.7808487415 0.0041758046
145043649.0093935430 0.0041857360
153945051.3315055668 0.0050596690
148328849.0739926100 0.0044326764
160123046.5493744612 0.0047368221
144809037.8768117130 0.0046046970
143009994.1562059522 0.0045227530
147691371.5492569804 0.0044200405
149221548.1107850671 0.0043950925
151381921.0094580054 0.0046847610
143200984.4743610322 0.0045458138
148271523.0292457044 0.0045912340
149159024.0617133081 0.0044581037
151290905.5330643356 0.0046399894
142928945.7006453872 0.0045631887
148988449.5432703197 0.0041387302
143443967.1341654658 0.0044085872
147160458.5366738439 0.0053761204
145036209.6593510509 0.0046123594
144188314.2155666053 0.0049612011
149061600.6796649992 0.0045445076
145964405.0155369043 0.0048469686
143732883.3667426109 0.0046007847
147579803.3851897120 0.0048758127
144302806.9292775691 0.0047049890
143417137.6678444147 0.0048447780
148150489.9984346628 0.0045249581
147696608.9702876806 0.0046313012
144424384.4452973604 0.0046227584
145774164.1500625610 0.0043392766
143166745.2202214897 0.0045744429
149439743.6580587029 0.0043510473
148588471.5566346347 0.0045009554
144338892.7356231511 0.0044356209
148299067.7601363361 0.0044615486
148015230.1796858013 0.0047672404
143968163.8967455924 0.0045610853
147572681.3730479181 0.0044467623
147466623.7208689749 0.0044437472
147068990.0775010586 0.0049045380
143264332.6952311695 0.0045032188
145936402.1996785998 0.0039868357
148846502.0361199975 0.0046567606
146144625.6705355942 0.0043805777
147759514.0498248935 0.0045255124
147284316.3929471672 0.0043821903
145199354.7774531245 0.0046085130
146202687.0176882148 0.0043654561
145580008.6580389440 0.0046490049
145708316.0049315691 0.0044922588
144769368.2506158054 0.0046265178
144315079.6874720454 0.0041166867
147966967.4629483521 0.0044562062
149427202.6881175935 0.0047464180
147614372.6022166908 0.0045570250
144025278.1633568704 0.0049833501
143282672.2627859414 0.0044076289
143003498.3014984727 0.0045062087
143431957.2732487023 0.0044264183
145324043.5610633194 0.0046008259
143099915.8149603307 0.0045639252
145020646.7712962627 0.0045968794
143093209.4159193933 0.0045561374
142727792.5238462985 0.0046134870
149353166.2524881661 0.0045659731
142893854.1424017251 0.0046594269
142784023.0815154910 0.0045896963
148022394.8630072176 0.0045753008
149291379.8299521208 0.0046251663
148469295.4166148007 0.0046547827
149050926.4107732773 0.0045899327
143121382.6812954545 0.0047736278
149113770.0679737628 0.0045979634
149242560.0267855525 0.0047197935
143016021.1824226081 0.0045744722
143195889.9486901462 0.0047054337
143140637.3031867743 0.0046331400
148491422.9384805858 0.0046985376
149251574.5160516500 0.0046269890
148362395.2718901038 0.0045908965
142717274.6255244017 0.0045790937
143314195.2246017456 0.0046293220
142759640.8802067637 0.0045686039
149103463.5343609452 0.0046821988
142929550.5232730210 0.0045759483
143041734.4243771136 0.0045115131
143417338.0507945120 0.0046070356
143935227.3871023655 0.0045075911
149209641.8597149253 0.0046026315
144365267.1217117012 0.0045547593
143199018.9260716140 0.0045821579
143703768.0718763769 0.0045002055
149222972.4072247446 0.0045857237
143087507.6997503638 0.0044941843
149135271.5130195618 0.0045455938
149186207.7262671888 0.0045462430
148882442.9499257505 0.0045827855
143825524.0115536749 0.0045990841
142917779.5993924141 0.0045566349
148727919.1719148457 0.0044885410
148292277.5508204699 0.0045448143
144124498.3041110337 0.0045743586
142927180.3759125769 0.0046209467
145918315.9703013897 0.0043957471
143250431.0621662140 0.0045958779
144133259.5276667178 0.0045826784
142743233.5636618733 0.0045912430
148423343.5907129645 0.0046497168
149188603.5274254084 0.0045911606
144349943.8373976648 0.0045311655
142801307.2006166875 0.0045765222
143236522.5548591614 0.0046238552
142802679.9353061616 0.0045614598
149308774.3686974943 0.0045737109
142809548.9370549023 0.0045934757
142908188.7158797681 0.0045607229
149181676.9264219999 0.0045486396
142833889.6586014330 0.0045783598
142716146.3146274388 0.0046218921
149276094.0972014964 0.0046063438
149237969.0432704985 0.0046455345
142835971.1465718150 0.0046162446
142921125.6519999206 0.0046684535
142917534.0789417624 0.0046440319
142942243.5396342874 0.0046591400
149279266.4513768256 0.0045982438
142880223.8070695698 0.0046418538
149076815.1423542798 0.0045969965
143436542.7961548567 0.0046965740
149076236.0914933383 0.0046277796
148858322.0899565816 0.0046338346
149300076.3564625680 0.0046231049
143718875.9658218920 0.0045915983
149185786.4776248038 0.0046237079
143206560.7048167586 0.0046432563
142738319.6929247081 0.0046056225
149194123.3219407201 0.0045899758
142700656.4244176745 0.0046137223
143275123.9402974844 0.0046032324
142875249.6053959429 0.0046235796
143351697.0296430886 0.0046308401
149267239.5034382343 0.0046146635
144216816.7863552868 0.0046163309
149237526.9634189010 0.0046040316
142978102.5990136266 0.0046484012
142763840.3783814907 0.0046150396
142765761.2395078540 0.0046445889
149273819.1672864854 0.0046036159
149046182.4931114912 0.0045509739
149222154.6731036603 0.0046278095
143418248.7488591075 0.0046741225
149290793.5841396153 0.0046204986
149301771.3290564716 0.0045796346
149214950.9286798835 0.0046228951
149189179.9744307101 0.0046446549
149111094.1724536419 0.0046111568
142891668.1380170882 0.0046472587
142971525.3839122951 0.0046233403
149439293.7685300112 0.0045774840
149199036.3580500185 0.0046339146
143170426.4521001577 0.0045689403
142894346.4331566691 0.0046269902
142883419.8995679021 0.0046060642
148821024.7927348614 0.0046754569
149087285.6113182306 0.0046445685
142753104.5016199946 0.0046198865
142727255.6376797855 0.0046282166
149283934.0433770418 0.0046164862
149341795.8866068423 0.0046104931
142718018.5554342866 0.0046118916
142848301.2514208853 0.0045924852
149335872.8911050856 0.0046047750
142798205.0263404846 0.0046145623
142709974.3942860067 0.0046088746
149279202.6217803955 0.0045955174
149293832.9590028226 0.0046057988
142702185.5265492499 0.0046152289
142833235.8136878908 0.0046126313
143013154.7840410471 0.0046471988
142703807.1028228104 0.0046117356
149226636.7240084112 0.0046635247
142731275.6039220095 0.0046162154
142778380.0498727858 0.0045980526
142881131.8930119574 0.0046188212
142784259.4114952981 0.0045728425
142710436.4883766174 0.0046100429
149284599.5693086386 0.0045780003
142725590.1065541506 0.0046179620
149198380.5841027796 0.0046216127
149097857.5559376180 0.0046072469
143150302.8473520279 0.0045887711
149331785.2146458924 0.0046106690
148814614.9241523743 0.0046056787
142827427.1719895005 0.0046172108
143013322.1754325926 0.0046151875
149272962.4927309453 0.0046065416
142712303.0146182775 0.0045791748
149185149.1282466650 0.0046123551
149038872.0085244477 0.0045643552
142918440.1170463264 0.0046185205
149315887.0840109289 0.0046128917
142846400.9789235294 0.0046200538
142702089.9173304439 0.0046139890
142744148.6205538511 0.0046208897
142727246.6586152911 0.0046162807
142862539.6648890674 0.0046101560
142738022.3588020205 0.0046091206
142761356.1081475616 0.0046285273
149316715.7795783579 0.0046085519
142828593.9154375196 0.0046354577
142746556.1689544320 0.0046166398
142724117.1103466451 0.0045968964
142750662.3338860869 0.0046162494
149335127.4165532291 0.0046142514
149344554.2276445031 0.0046103415
149321794.8465752602 0.0046182314
142716114.7383381128 0.0046129521
142755273.4340773225 0.0046033632
142739750.2267688215 0.0046066848
149154989.2673246264 0.0046113570
149338042.2058976889 0.0046135264
142759503.5804873705 0.0046230384
142729432.3599545956 0.0046236526
142723177.4214802682 0.0046140587
142698700.2657749951 0.0046143305
142750265.2326215804 0.0046094872
149327826.3379433155 0.0046160380
142801180.1514669657 0.0046131764
142708011.5485233665 0.0046138141
142816097.9221539497 0.0046182726
142717135.8514604867 0.0046138572
149293567.5966495574 0.0046143979
142702675.7349829376 0.0046127659
149337686.8537020385 0.0046212804
142722964.2585639954 0.0046151301
142756935.3915171921 0.0046172947
142727183.9093679786 0.0046157187
142799844.1950446069 0.0046146926
149333648.8478917181 0.0046130290
142781384.5262695551 0.0046195382
149323643.7600875199 0.0046126658
142757751.9558082223 0.0046129633
149324549.1028938591 0.0046150238
142736990.7075453997 0.0046081587
149324277.8784558773 0.0046144761
142752146.9539254308 0.0046158858
142723499.3007467687 0.0046158425
149214914.7738832831 0.0046093872
149324839.9098536074 0.0046153218
142792251.8989767432 0.0046099377
142719494.3632442951 0.0046156781
149339849.7452781498 0.0046142850
142721819.4050513804 0.0046157158
142741664.5445155501 0.0046199475
142711009.2594648600 0.0046149947
142755576.1741055846 0.0046150305
149322535.9502369463 0.0046125520
142827495.4351832271 0.0046202660
142724484.4881774783 0.0046135423
142711604.6255384088 0.0046139378
142696324.8845069706 0.0046130706
149302885.2342062593 0.0046107550
149330047.5240931511 0.0046118405
142771844.5586960614 0.0046182838
142695238.7168750465 0.0046133411
142709879.0216783285 0.0046174592
149335896.4969630837 0.0046144213
149338068.2273093164 0.0046109416
149337221.6062105596 0.0046146853
149309739.6261858046 0.0046114567
142699249.9127449691 0.0046138084
142731051.1782079339 0.0046133224
149342291.2958045006 0.0046134961
142698355.5129303336 0.0046126818
142693601.8645812273 0.0046131133
142735005.7180632055 0.0046154382
149334408.7686374784 0.0046130677
142744076.8267574906 0.0046132940
142709245.4388332665 0.0046138893
142710335.0293173194 0.0046160816
142698988.6133665740 0.0046123768
142775690.6396028697 0.0046111683
149343976.2459942997 0.0046135646
142696860.7359835804 0.0046096844
149344178.0162489116 0.0046124084
142711007.5538870990 0.0046130261
142697164.5045041740 0.0046124351
142706933.2467653453 0.0046193829
142699118.3841985762 0.0046130885
142711931.5876126289 0.0046141647
142695415.8641316295 0.0046124209
142707189.1754907370 0.0046149924
142694319.4299268126 0.0046135991
142707720.8864826560 0.0046149259
142693805.4248739779 0.0046139407
142709634.3057868481 0.0046146439
142701620.3514382839 0.0046138786
149341736.2682593167 0.0046127200
149340067.9377547204 0.0046141410
142696460.6936087906 0.0046126702
149335819.3373392820 0.0046124501
149336679.5514033139 0.0046129218
142711197.0523335040 0.0046134552
142696990.8860517442 0.0046129736
142703183.8530699015 0.0046134585
149338850.0247080028 0.0046132782
142714076.5319663882 0.0046129043
149338678.2399191856 0.0046128723
149339543.8859121501 0.0046161163
149343302.9379055798 0.0046135314
142716910.3561367989 0.0046131268
142695624.3832837939 0.0046133055
142697640.6582228243 0.0046131273
149331649.6433037519 0.0046124277
142717649.5927728117 0.0046121078
142697559.4053159356 0.0046136867
142708163.0092122853 0.0046134049
149334492.7882448435 0.0046133373
142709249.1662954986 0.0046137720
149338630.9638954103 0.0046130436
149346687.6887908578 0.0046105901
142693243.7586263418 0.0046129038
149333919.6786784828 0.0046132766
142740912.8206228018 0.0046149940
149333460.1434817910 0.0046124480
149342763.9415287077 0.0046129239
149343098.8323616385 0.0046118957
142696659.7430582941 0.0046128301
149342920.6216526926 0.0046130456
142695802.7903024852 0.0046126740
142711134.3435972631 0.0046130151
149340607.7940946519 0.0046129692
142695324.9550752044 0.0046115509
149340524.0003794432 0.0046128155
149337383.0779502690 0.0046133271
149339629.4397709370 0.0046126055
149340597.4232417047 0.0046136091
149342039.2736310661 0.0046128647
149342143.7720316052 0.0046131347
149341768.0846165419 0.0046129073
149336135.4636352360 0.0046133171
142694383.9999697506 0.0046132023
142708100.5969224870 0.0046128560
149341991.1380712986 0.0046126756
142698801.1431299448 0.0046132657
142694409.3291343749 0.0046131960
142695528.2268046737 0.0046133553
142694054.6060716808 0.0046128924
149338615.2277198434 0.0046120641
142694669.6347514987 0.0046130552
142700720.4538642764 0.0046127600
142694992.1403011382 0.0046129641
142694992.3942715824 0.0046131671
142693918.2229422033 0.0046129786
142700768.8250936270 0.0046127516
149341376.7016823888 0.0046129091
142697113.4656329155 0.0046129012
142694201.7372251749 0.0046127783
142698055.9396072328 0.0046128790
149341410.6677748561 0.0046131005
142701455.5375369191 0.0046125219
149342163.3236790597 0.0046128397
142693707.6022296846 0.0046135875
142695179.3202066422 0.0046128950
142699954.2238726914 0.0046125509
142693872.0235012472 0.0046128813
142699992.9437711239 0.0046125501
142696005.7862812579 0.0046128295
142699559.8802219331 0.0046125598
142696402.0129022002 0.0046127318
149342380.1687527895 0.0046128518
142696472.1436152160 0.0046130991
149342398.4609223902 0.0046129749
142694068.6254941821 0.0046126387
149342100.3744662106 0.0046130180
142698396.7742685676 0.0046129426
142694009.0959647298 0.0046129333
142693958.8053359091 0.0046130931
149341156.5425537527 0.0046129449
149330396.6865067780 0.0046123743
142695032.4312591255 0.0046129481
149340765.6765448451 0.0046126186
142693700.6539314389 0.0046127982
142695636.3415600061 0.0046127796
149341871.0035956800 0.0046128087
142697302.4833915234 0.0046125524
142693624.6625554562 0.0046129162
142695604.7320187688 0.0046134728
149342586.8492204249 0.0046128978
142697647.1031700969 0.0046129461
142693726.8999388516 0.0046129147
142696619.2386797965 0.0046131185
142693649.0293987095 0.0046129166
142697863.9448543191 0.0046130531
142693961.9593371451 0.0046129117
142696423.6040883064 0.0046133768
149342413.7473412454 0.0046130148
142694716.6080109179 0.0046127398
142695043.5605831444 0.0046129965
149342493.5901208520 0.0046130320
142695052.6997919679 0.0046126060
149342446.9817945957 0.0046128643
149342128.2015882730 0.0046128003
142693244.3946972787 0.0046129103
149338064.7196046114 0.0046128429
142693682.7777663767 0.0046128675
142696315.0761047602 0.0046128739
149342416.7838220894 0.0046128651
142694850.0393706858 0.0046133858
149342613.6930732727 0.0046128502
142694427.3139790893 0.0046130374
142693261.7253143191 0.0046128948
142696837.9799292684 0.0046130331
142693281.7781643271 0.0046129156
142696424.2658800781 0.0046129046
149342550.8452163935 0.0046128749
149341689.1506904960 0.0046128879
142693535.4979031384 0.0046128549
149339800.8190193176 0.0046128166
149342340.6998563111 0.0046129942
142697334.9582293928 0.0046128055
142693495.2027630508 0.0046129127
142695168.1535876691 0.0046130603
149342425.8515509963 0.0046129065
142696165.0330251455 0.0046128960
142693929.8817916512 0.0046129160
142693372.8734958470 0.0046128915
142694926.5677430630 0.0046129763
149342653.8355995715 0.0046128953
142693566.6435334980 0.0046129966
149342675.7008319795 0.0046128899
149342195.5391804874 0.0046128779
149342400.7183696032 0.0046128789
142693670.8543801606 0.0046129815
142694041.1444802284 0.0046129141
149342319.5185193121 0.0046127992
142693575.9328994453 0.0046128845
142694178.0712815523 0.0046129476
142693575.6724878550 0.0046129159
142693669.2699116170 0.0046130411
149342533.3344015479 0.0046128650
142694392.0658679008 0.0046130647
149342594.3967929780 0.0046129128
142693906.2230264246 0.0046129651
142693590.0357519388 0.0046129071
142694304.8051057160 0.0046129004
142693593.0153604746 0.0046129191
149342437.7515288293 0.0046129907
142693612.7806132436 0.0046129020
142694097.1471545398 0.0046128509
149342197.6207156181 0.0046128924
142694515.8073579967 0.0046129063
149342560.8412326872 0.0046129127
149342183.7598476708 0.0046129150
142693284.3504998088 0.0046128812
149341608.6891052723 0.0046129536
142693482.0791018903 0.0046128983
142694519.5585994124 0.0046128429
149342660.3938793242 0.0046129303
142694721.4733027220 0.0046128175
142693752.2635290921 0.0046128909
142693441.7322694957 0.0046129393
142693578.4963324368 0.0046129108
142693682.9750084281 0.0046129015
142693261.9624526501 0.0046129065
142693698.5862004161 0.0046129325
149342639.2653423250 0.0046128869
142693740.6617892385 0.0046129995
149342769.6695398092 0.0046129358
142693548.1872778833 0.0046128623
142693282.5585382879 0.0046129089
149342120.8118024170 0.0046128901
142693384.7144331038 0.0046129094
142693606.4770807922 0.0046129031
149342716.1092285216 0.0046128984
142693642.0778991282 0.0046128233
142693298.3029111028 0.0046129122
142693254.4686349928 0.0046129841
149342806.3078546524 0.0046128977
149342468.8645031452 0.0046129059
149342635.2567762733 0.0046128976
142693848.7218458652 0.0046129070
142693416.9331725538 0.0046129032
149342739.5005234778 0.0046129012
142693304.9602108598 0.0046129234
142693256.3060227334 0.0046128962
142693623.8486072123 0.0046129289
142693293.8790469766 0.0046129081
149342747.4930891693 0.0046128766
149342758.6120415330 0.0046129105
149342448.6540243328 0.0046128742
142693248.0435946882 0.0046129016
142693256.6530053616 0.0046128993
142693402.5755031407 0.0046128929
149342741.2968813777 0.0046129059
142693245.2280376852 0.0046129013
142693566.5925342143 0.0046129032
149342673.3046700954 0.0046129060
142693596.7300937474 0.0046129249
149342781.5080208480 0.0046129025
142693229.2585309148 0.0046129154
149342769.3962493539 0.0046129025
142693429.9575868547 0.0046129356
149342683.5097365081 0.0046129142
149342784.4153969586 0.0046129247
142693285.6395024955 0.0046129105
142693468.6972640157 0.0046129126
142693282.2476509809 0.0046129079
149342745.0666009784 0.0046129673
149342756.6829024255 0.0046129157
142693734.5138142407 0.0046129307
142693237.4173212647 0.0046129299
142693407.6337980926 0.0046128793
149342749.3970107734 0.0046129218
142693371.1855930388 0.0046129063
149342790.2473690510 0.0046129174
142693281.5034485757 0.0046128947
149342723.0400518179 0.0046129081
142693344.1368303299 0.0046129228
149342716.8455389440 0.0046129204
142693471.9681586027 0.0046128961
149342480.0602975488 0.0046128777
149342633.6872677505 0.0046128966
142693317.5455828011 0.0046129158
142693306.5809917748 0.0046129386
149342727.9669530690 0.0046129127
142693344.5524449348 0.0046129127
142693260.9025856853 0.0046129180
142693315.4560064971 0.0046129014
142693274.7167435288 0.0046129162
149342718.9728043973 0.0046129110
149342740.5623952746 0.0046129125
142693278.0483902693 0.0046129174
142693238.4501853883 0.0046129125
149342659.5157643259 0.0046129192
149342786.6022229791 0.0046129146
142693306.2875554860 0.0046129147
149342767.9408924282 0.0046129130
149342597.1441735923 0.0046129082
142693235.2999307811 0.0046129114
142693407.7921816111 0.0046129085
142693225.4426617920 0.0046129169
142693472.0987462401 0.0046129403
142693253.1762345135 0.0046129129
142693557.0978019238 0.0046129194
142693242.6960951388 0.0046129182
149342757.7205483913 0.0046129231
142693245.3861605525 0.0046129190
142693302.0259630978 0.0046129220
142693294.0460352898 0.0046129081
142693285.9078802466 0.0046129221
142693247.9766748548 0.0046129185
149342748.0380749106 0.0046129145
142693234.7179673314 0.0046129156
149342760.1492886543 0.0046129187
142693231.9970363975 0.0046129173
142693251.4765490294 0.0046129148
142693239.1133936942 0.0046129161
142693277.9112984240 0.0046129199
142693237.0308074355 0.0046129159
149342790.0261233151 0.0046129196
142693223.1728244424 0.0046129167
142693224.4584803879 0.0046129140
149342766.7642200291 0.0046129169
142693287.5192632377 0.0046129148
149342785.5215788186 0.0046129172
142693249.6089336574 0.0046129164
149342734.4428763688 0.0046129158
142693378.1259504557 0.0046129165
149342785.2618287206 0.0046129165
142693285.6421595812 0.0046129217
149342443.3333052099 0.0046129107
142693311.1573704183 0.0046129179
142693226.3550124168 0.0046129153
142693265.4162557721 0.0046129177
149342785.6751300991 0.0046129157
142693239.6597225964 0.0046129171
149342793.2613855898 0.0046129156
142693237.8235743940 0.0046129237
149342792.9538758099 0.0046129151
142693227.4761862457 0.0046129195
142693225.0680977404 0.0046129167
142693225.3302309215 0.0046129188
149342789.0894745886 0.0046129160
142693232.9650617838 0.0046129208
142693224.5678645670 0.0046129183
142693234.0187275410 0.0046129203
142693223.3650605679 0.0046129167
142693239.1623759568 0.0046129181
149342766.4694066048 0.0046129171
142693332.5672945380 0.0046129167
149342618.1234718263 0.0046129137
142693246.6628611982 0.0046129174
142693223.8551976979 0.0046129171
142693233.4244247973 0.0046129175
149342788.8981544673 0.0046129165
142693229.2346405089 0.0046129165
142693225.3679443002 0.0046129167
142693225.8252465725 0.0046129180
142693226.5911960602 0.0046129168
142693224.2047052085 0.0046129173
142693224.8684872985 0.0046129166
142693225.1270406544 0.0046129165
142693225.1137411892 0.0046129170
142693225.5746456981 0.0046129159
142693225.0901290476 0.0046129173
142693248.4739774466 0.0046129181
149342787.1076599061 0.0046129165
142693230.3522632420 0.0046129172
149342782.1422885954 0.0046129167
142693242.6380639970 0.0046129166
149342749.2162065804 0.0046129160
149342792.0849238634 0.0046129166
142693233.2046996057 0.0046129171
142693223.4024431407 0.0046129166
142693227.8341945410 0.0046129167
149342792.0112794936 0.0046129165
142693225.3549051583 0.0046129181
142693224.9395812154 0.0046129165
142693224.7232305408 0.0046129170
149342793.2330579758 0.0046129168
142693223.7951637208 0.0046129169
149342791.3839609027 0.0046129166
142693224.2279120386 0.0046129167
142693223.5687259436 0.0046129168
142693227.8300282955 0.0046129176
142693224.0863510370 0.0046129169
142693228.8533082604 0.0046129167
142693223.9667548835 0.0046129168
142693231.7592894435 0.0046129164
142693223.8374539614 0.0046129171
142693253.9387962520 0.0046129171
142693223.0726879835 0.0046129165
142693234.8403460085 0.0046129174
149342790.8519965112 0.0046129166
142693230.0831954777 0.0046129165
142693224.4778406918 0.0046129167
142693242.1700147688 0.0046129164
124166569.0000000000 0.0046129164 1 0 0 0 0 0 0 0 0 0 0 0 0 0 0 