1116403577.6109921932 0.0003696950
1040713320.2966947556 0.0001328477
1049806086.5505089760 0.0000190272
1075668966.1309573650 0.0009115246
1141368011.7984085083 0.0000339039
1231804090.4627072811 0.0000064498
1120572933.2355291843 0.0000005312
1049762618.7925252914 0.0004686375
1115103785.7725086212 0.0000005233
1170122808.0605001450 0.0000000959
1130068136.7703022957 0.0001861678
1040413330.6047474146 0.0000149892
1194412799.1958928108 0.0000228284
1024551204.2675982714 0.0001699292
1023476218.8686339855 0.0007083693
948002526.2913870811 0.0003775812
1084352384.5920202732 0.0001792969
852475271.3179726601 0.0006504321
820451990.4976528883 0.0001129068
820548438.6657159328 0.0001272063
731906493.5434645414 0.0001351651
706962073.3183107376 0.0001375384
787351153.3561801910 0.0000026716
671883812.0785475969 0.0001548784
656528922.3502639532 0.0000985816
752737462.5224987268 0.0000000068
689115879.8946270943 0.0000162893
773338591.4355101585 0.0000011522
825453644.0495228767 0.0000142877
614488665.6561851501 0.0000274151
594107864.4394158125 0.0000000543
440212208.3741339445 0.0000331571
381189714.6501144171 0.0001851132
382504781.1294723153 0.0001370537
414735327.5575684905 0.0004359935
388068216.3208535910 0.0001856911
424025214.7470300794 0.0001641962
390528726.4384785891 0.0001422255
418139724.0493147969 0.0000541847
383242570.5359587669 0.0004393209
392320607.8256395459 0.0014085646
387863840.2502001524 0.0002001229
436984629.4566730857 0.0002614970
363311830.1691845655 0.0002181057
363838588.7292962074 0.0008049415
379685228.6878195405 0.0000987327
329573571.2074173689 0.0014098414
308228808.6719441414 0.0017832944
339021919.3366006613 0.0001339655
309570974.0251030922 0.0017990894
305125139.8249461055 0.0076527195
303718547.3063049912 0.0083879756
370774195.9575657248 0.0019402506
282738612.6314424872 0.0094370769
310308979.8673589826 0.0076121979
287204006.5511283278 0.0088743355
264372784.1658048332 0.0103236998
249036937.2048524022 0.0122998753
330467706.6463219523 0.0048895748
298095592.2992217541 0.0083886487
235520093.1412015557 0.0517906467
239183774.6817031801 0.0551299316
248282951.1236006916 0.0123088262
248771471.7391054332 0.0534234393
277879441.2391282916 0.0364673179
256819652.4967436194 0.0445789686
263423897.6645343602 0.0749289718
245125376.2028197944 0.0496780484
269582116.9036713839 0.0543792804
237500762.3440205753 0.0339260353
309011441.5258198977 0.0141003594
236652983.9616220891 0.0522665609
351320737.1514000297 0.0185865404
241477326.6841075122 0.0478441844
295601320.7976399660 0.0367108219
240637553.1795300841 0.0482746807
295454938.5270400047 0.0078303148
241913006.7302105129 0.0503579871
276262787.3555904627 0.0204610374
246614770.0844615698 0.0511994246
262562360.5777509511 0.0179471073
258193971.3840508461 0.0414838324
313041185.4560127258 0.0297311528
235188357.8941722512 0.0521629507
257069422.1509330273 0.0191141640
251918022.1356761754 0.0464547079
274395446.2825985551 0.0414201007
250208518.4416677654 0.0053906328
252560289.1228078604 0.0300056007
253634484.5668955445 0.0401763337
311895887.1184958816 0.0385530507
238152402.9928771853 0.0434744247
265615939.4690114856 0.0405637878
233747447.3739185035 0.0566378101
247651510.2282747030 0.0460924147
240436631.7137001157 0.0511538509
269686920.6740348339 0.0244461001
232564330.3255583942 0.0602602794
235725991.7567811310 0.0413628154
242715499.4628706872 0.0443657584
297853179.4209960103 0.0512578958
234071256.5770023167 0.0538934445
268616571.7291463614 0.0191083227
237995909.8766927719 0.0562534378
257675673.0109636486 0.0282413664
246606615.7910082042 0.0494403089
262943537.6023526788 0.0250999658
228412762.0313125253 0.0430369850
231301782.3985264599 0.0723375547
243182791.6519714892 0.0413121536
267596186.3588386774 0.0031711722
229329755.9161656797 0.0506197279
330945666.0746348500 0.0214920301
249397556.2405363619 0.0257407226
228916562.8125566244 0.0390761084
268887651.8586519957 0.0239121631
231207742.2603746355 0.0466189727
219790947.7504325807 0.0523247254
232814455.3372148275 0.0554208763
230421217.9778516293 0.0605586094
233959121.5614293218 0.0489246430
217736744.9279903173 0.0543408399
220390090.0071674883 0.0490112175
237232872.1160407960 0.0408514693
217685651.5059815347 0.0622880820
234157111.1473195851 0.0704814918
220970249.4412824512 0.0534547553
227087529.2326084673 0.0504282433
220648373.4380069375 0.0557265690
220459048.9173739851 0.0769575168
218011429.1419222355 0.0633096132
238384642.9329791069 0.0610606624
218592732.5892534554 0.0614463622
221635978.1488031745 0.0669646638
241422311.8915571868 0.0518696045
225620113.0702855587 0.0437035652
234872129.9064665437 0.0623572576
231377048.5909441411 0.0609737601
218269376.1306610107 0.0530164444
211435666.8345260918 0.0735469456
213846991.4675047100 0.0724000167
233120947.6825637817 0.0608783082
221343947.4493956864 0.0787027775
213487733.6876744628 0.0747486618
210910224.7585822940 0.0678786437
232824794.0364200771 0.0303477732
215950530.9254079759 0.0817728353
221895060.3830949366 0.0513129736
210260303.6206987798 0.0737828868
219310059.4851242900 0.0433925483
213184669.8267183900 0.0773773458
220586064.0050998032 0.0328398734
214248163.1022886038 0.0653395976
207936196.6059919298 0.1125528104
209762656.2378605902 0.1117930360
212756999.3451511264 0.0739894639
203676741.4228552878 0.1259760482
211955170.9579773545 0.1238771880
206070749.7744273245 0.1141552385
199829848.0688062906 0.1591924614
200675174.2527444065 0.1602851467
200986354.9323558211 0.2060480573
209114443.8722952902 0.1480829880
175471566.1877257824 0.1876444173
179973226.3136012256 0.1964443395
173672774.3151161373 0.2039722293
178077695.2165344954 0.1870062413
173477966.7942558229 0.2087370058
175722296.1657773554 0.1816581899
174491621.1835779548 0.2167704398
163291177.1194778383 0.2631287267
168329489.4594137967 0.2574241650
183722139.2140451968 0.1559327605
169240246.6052030623 0.2328882177
161685875.0406580865 0.2644023847
164249656.9834232330 0.2616457571
165416952.9048984349 0.2675469756
174253938.3443591297 0.2251274994
187392037.0102763176 0.2156276955
166553618.0964215696 0.2521792077
147143693.5946376324 0.4021398478
146887483.2865021229 0.4477050474
144774016.7744614184 0.4234470386
151310022.5249707103 0.4031545371
147774088.9404632747 0.3958814632
151687245.9878377318 0.4096592265
147363405.9771999121 0.3902037065
146156380.5933389962 0.4630950774
146517046.8143428564 0.4196076903
147219410.0858517587 0.3624345278
145008946.4922507405 0.4307646780
160882228.8088823259 0.3530436829
146424271.5355774164 0.4150852838
147268334.6581400931 0.3794163044
145987598.1183353961 0.4214433659
163126584.5710269809 0.4056867370
144971069.5722787380 0.4273687846
164989279.8424457908 0.4017531210
147074329.6114763021 0.4245584877
159638705.9593827426 0.2950692051
157827396.0025594234 0.4005503058
148077464.2179175019 0.4521874492
146147226.7740887403 0.4227796252
154908931.3203928769 0.4281887318
146491562.5125955343 0.4484348402
147727933.6147749722 0.4070846921
147832548.5956450701 0.3981951031
145527984.6930503249 0.4549106132
161356873.5566062927 0.3893672715
151044748.9865982831 0.3840305488
158552675.6168380082 0.4002159969
150731173.2080387771 0.3814737874
149964199.9305712879 0.4513609731
156225297.0219963193 0.4576849453
145158700.8274546564 0.4238323844
176607050.4392249584 0.2623245969
146367639.6029951572 0.4244650856
145686936.4374852479 0.4564080129
147457188.6670223176 0.4099573605
175381506.5983450413 0.3594456140
146815112.1998836696 0.4144128141
146209949.5798352361 0.4259520940
146579745.2704631686 0.4243371542
148710676.2558954358 0.4522063783
146375948.3454640210 0.4074600521
153431558.9655434787 0.4040874393
147932170.6000203788 0.4257583715
170199173.5201727152 0.2846706411
147073460.2067902684 0.4277716024
169468161.6315681636 0.2808341304
148249444.7877082825 0.4364967811
168775444.0096539855 0.2779634495
150832451.4073187709 0.4598718693
168815574.6071695685 0.2781041171
147820584.4732978940 0.4027584259
158995412.1729207039 0.4450898346
146635408.8643879592 0.4040410593
167405665.9263931811 0.2755457089
148084610.9593215585 0.4101106319
167134341.3773338199 0.2745243206
145345114.5697261989 0.4292092511
167066976.4142221510 0.2744751720
144792279.1253273487 0.4360703166
169483206.2003717422 0.2711937459
146701045.8972261548 0.4029649593
169153385.7887596190 0.2738713820
144553952.1539783776 0.4347174297
158535059.5151876211 0.3119465944
159115896.2383633256 0.4181221096
153665687.7827150524 0.3955023045
145763311.6470177472 0.4619862819
155288069.2847682238 0.3513304601
146213766.0854831040 0.4053356732
157842452.9378565550 0.3179590503
165984863.4022729993 0.3926203496
146944726.1910846829 0.4296677611
144882319.8678868115 0.4334751479
145435052.8789100647 0.4327798027
156039254.5190073252 0.4906855674
147369309.8945417702 0.4220502698
164711269.3239239752 0.4241669536
146284965.6632187366 0.4536935276
165457584.5916211009 0.3970113288
146106456.2940317392 0.4459508069
155063893.7875095606 0.4112404060
145329260.9950294495 0.4190517520
158674789.8500686586 0.3943165125
145397916.0889490545 0.4242598542
149527812.3096414506 0.4541093161
148185207.0073257387 0.4111901260
145063918.8862462938 0.4359477980
146711223.2280876637 0.4100896568
145677662.6172580421 0.4308035109
146900827.5246400237 0.4502451581
144803533.3224389851 0.4409682195
148612459.2140519321 0.4544583379
145526484.6876522005 0.4339479667
145315312.1262978613 0.4313518896
145228516.6919834614 0.4365968582
147594858.0877521634 0.4361592634
144405955.9241025150 0.4324736059
144200257.5342027247 0.4360781334
144382322.0891988277 0.4316200674
145813247.6887874603 0.4241667401
145523305.6319887638 0.4411238000
144033171.4168995023 0.4288224525
145861592.7775853872 0.4252989742
147163125.5098480582 0.4201191913
145514061.1816678643 0.4263174026
145704554.7187737525 0.4411188007
145025028.3532670140 0.4334569688
147854740.5443914831 0.4239444620
144868549.5976906717 0.4314576700
147189039.6919604242 0.4256671216
145391043.6572949588 0.4404577026
144830851.6068227887 0.4173726807
145301348.9598588943 0.4335842600
145874200.7389266193 0.4357062650
147657690.9149125516 0.4173513044
143518511.0862639248 0.4474743932
144297935.7267837524 0.4488626796
145017238.2974599600 0.4676663725
143927838.9861496389 0.4557219927
145671316.7266407907 0.4565025242
144818429.4727819264 0.4520351846
148752511.4223276973 0.4192126742
144582768.6157483459 0.4503675127
147410226.3995533288 0.4190506164
143444107.9594570994 0.4463686538
145322721.4643969536 0.4646648667
144681360.1901932359 0.4442884145
148877281.3949893117 0.4663155838
143570599.6368814409 0.4445304854
146745956.4438082278 0.4299590999
144823700.0506710708 0.4445628871
148026618.6816411316 0.4698500025
143611480.6482515633 0.4465341286
145224098.4630825222 0.4521662145
143994248.7733825743 0.4503157637
148942049.3556007743 0.4344941136
143503138.1113164723 0.4460728366
144420083.1489883661 0.4527408433
143860825.0067195296 0.4423641167
144481452.7296804190 0.4396924465
144565146.6798245311 0.4516587692
144433531.7426322103 0.4638479638
143475620.3110916018 0.4490423097
148396968.0314815044 0.4186846038
144641283.5394068062 0.4377107695
150515428.9745047390 0.4372418924
145044007.6098343432 0.4409335364
145689614.8745810986 0.4327210494
144341008.8107126653 0.4486802391
145385594.8123580217 0.4452593864
144560656.3648409843 0.4525846634
148272400.6219727695 0.4408977673
144155171.7921014130 0.4518600982
144301593.0810002387 0.4378714618
144768799.2889572382 0.4435781335
146201722.8741677701 0.4336181441
144385816.5864577591 0.4500495494
145417957.4512169063 0.4478381292
144542178.2546366155 0.4520551982
144270240.9166485667 0.4448976314
144710746.6551983654 0.4498154431
145598153.8480891287 0.4436418869
144101342.7331211567 0.4428258792
145078489.2579569519 0.4618889207
143930474.5802623928 0.4478121723
149494481.2432236075 0.4726286793
143553297.1242432892 0.4498233303
149882022.0936967134 0.4717134098
143434078.3375065625 0.4530286338
146701623.3832699358 0.4383297366
143193385.8521920443 0.4543961732
144641584.7279847562 0.4689402994
144174045.2425145805 0.4572195833
147583999.7284942865 0.4606344690
143366819.9867018461 0.4539517481
144390209.0718874633 0.4625357247
144853722.9769711792 0.4455963036
147990591.5952495039 0.4826208580
144462387.5303525925 0.4665101771
147994424.5378786922 0.4492393704
143493714.4815302491 0.4525933718
147338420.7544846833 0.4477705284
144126913.9010475576 0.4513152161
146741839.4199544489 0.4305636716
143212419.2079935074 0.4546415291
148671461.7488408983 0.4463703117
143728146.2512483001 0.4474621918
145594504.8824311495 0.4846578427
143416583.0679968297 0.4541881354
144323616.2178662717 0.4390613210
144094460.6558847427 0.4567112557
146905382.0729550123 0.4767000597
144381569.0006305277 0.4469060308
144045561.2060323060 0.4448121433
144852069.7195181251 0.4529749064
149843739.5660293102 0.4781826260
144803122.4259380698 0.4490742345
149818830.0650524199 0.4791257134
146671442.2431586981 0.4675703031
143269856.4405368865 0.4542314706
144173575.8740487993 0.4605605997
143780500.2679469287 0.4568535485
144196253.3352445066 0.4456293448
143849395.8851945698 0.4567719161
143897863.0821225047 0.4491087439
144963519.6506468952 0.4520370280
143739008.2698495388 0.4439969440
143344954.5693323910 0.4547961225
145307712.1458844841 0.4566398358
143431660.5713282526 0.4557564214
148117627.5309952796 0.4413516344
145003787.6948000789 0.4525045783
145258219.9471378028 0.4597861258
143528037.9583811462 0.4571853262
143825342.9358206689 0.4539424127
143296569.2859173715 0.4520817129
147692751.4537376463 0.4382691889
143192217.8861694336 0.4542831460
143197733.2054456174 0.4570678381
144296272.7090276480 0.4530156290
143496461.5653905272 0.4512920557
143282101.9273908734 0.4554077444
144758870.2173125446 0.4714908554
143261648.9255111217 0.4541671750
143247967.3499467075 0.4535197076
143253128.5717083216 0.4552785771
144889197.4763497114 0.4500868516
143535271.2145569623 0.4525717505
144956027.9464581907 0.4418859044
143295438.7523927689 0.4544898070
144287434.0253911018 0.4426283960
143708887.6305278838 0.4527531640
144455198.7866337597 0.4545446635
144637227.2360917926 0.4616806217
143465553.1397787929 0.4558774698
144805730.9861351848 0.4601224591
143390205.0520013273 0.4542629996
143692453.5061098635 0.4565648754
143490157.0730092525 0.4555252366
143968312.7660183907 0.4457380762
145286476.5932663083 0.4517408135
144011821.7894061208 0.4578728362
143334166.5921092629 0.4550491538
143797801.0668226779 0.4538857174
143621869.0443600118 0.4530614534
143907103.2930794656 0.4584892930
144164637.7631618083 0.4638152373
143638662.8513145745 0.4520365443
143306332.5179411471 0.4546503067
143217671.9460271001 0.4548928227
143245581.6295768917 0.4543790650
145035288.0038139522 0.4518149882
143198040.5188750625 0.4540958614
143161317.7664999664 0.4547073589
143182818.6786059439 0.4546428803
143546416.2658480406 0.4564860170
143144330.3186040223 0.4552925671
143596919.4680904150 0.4561588340
143212509.7372569740 0.4549371015
143219731.5529243052 0.4546802566
143135815.7987637520 0.4549705390
143611135.8146177828 0.4600624727
143231816.7389837503 0.4547413007
144068323.4634454250 0.4589861043
143253614.5718360245 0.4552028865
144898900.0512496829 0.4527631162
143157385.4956829548 0.4543254624
144090119.8719289899 0.4591449266
143143348.5144436955 0.4547025190
143370505.9770146906 0.4560523056
143134891.5271432102 0.4552272506
144978018.7590822279 0.4534461799
143450766.3953130543 0.4546671414
144880453.3079056442 0.4540185413
143563363.1022670865 0.4550551594
143310500.6999486387 0.4553095915
143128294.5276903510 0.4555202070
144822854.9807723761 0.4534903549
143140092.1267544925 0.4553056438
143256686.2756149471 0.4529056360
143505795.3234290481 0.4551848051
143414994.2936740220 0.4544339089
143139111.9366944134 0.4558636958
143645504.4372820854 0.4573943818
143148012.5534388423 0.4557326220
145053493.6919302344 0.4543656329
143126795.3919046521 0.4559471846
145101548.0423790514 0.4546857459
143524609.7025845051 0.4556668448
143141370.3979690075 0.4564304198
143113997.0794247985 0.4563853405
143373824.1847401559 0.4584389658
143152686.2363819778 0.4566554080
143371304.2439443469 0.4557493264
143489108.1249040067 0.4553646100
143167446.5759941638 0.4563696719
143521532.4654254317 0.4554069638
143157577.9019378126 0.4566861863
143619849.1108598709 0.4583734982
143108073.3085616529 0.4566176245
143284071.5096746087 0.4574762385
143078894.2774865329 0.4565440957
143540993.1275414526 0.4555440858
143087301.5777158141 0.4566171485
143137959.0665222108 0.4570937431
143167697.5173674226 0.4567833887
143242814.7098118961 0.4573233736
143090837.2204221189 0.4565895438
143385966.0557411909 0.4557300324
143125781.4931694865 0.4566438112
143563653.7785956562 0.4581441126
143151749.9448478520 0.4568156953
143404310.3783257008 0.4556638075
143172397.9899951518 0.4560547202
143237469.5300439894 0.4583939632
143168717.6483168006 0.4562506422
143091095.7147116661 0.4565903380
143101071.9632298946 0.4565636911
143284333.8586972356 0.4574252596
143139504.6446176767 0.4562648118
143418916.0368661582 0.4574563012
143157979.0055750608 0.4565267076
143141396.2871661186 0.4569632382
143105364.1744042635 0.4567024056
143330995.2126938701 0.4561791599
143115528.2401871085 0.4562270469
143533517.5791289210 0.4551540068
143117629.9285483062 0.4569484210
143414400.8015015125 0.4548489492
143160031.0268598795 0.4564590990
143504177.8763573766 0.4569252729
143074632.8900364339 0.4568129663
143481926.7219080925 0.4568470266
143097247.7207297087 0.4567971955
143090449.1833433211 0.4569851327
143145815.8927595019 0.4567303226
143307705.4467318058 0.4551948412
143089989.1434044242 0.4569753105
143543334.6955915689 0.4586936560
143070673.5709205270 0.4567873156
143450981.8360659778 0.4563954971
143070446.0850773454 0.4565899342
143410048.1080931127 0.4556135701
143166274.7860127687 0.4566057468
143133649.8009260595 0.4552448583
143094573.7031024694 0.4566878507
143231511.2918904126 0.4564811850
143160105.6974759102 0.4567174170
143422264.8522069156 0.4555201811
143118147.6251166165 0.4567886498
143174708.1995046735 0.4565987420
143102081.4156492949 0.4563428347
143018842.0754722655 0.4579094859
143060911.1073583961 0.4576147445
143379750.1616542935 0.4569022627
143088939.6226444840 0.4576712332
143086595.5621998608 0.4581420724
143118459.4882036746 0.4582572381
143012407.8162049055 0.4578006674
143025536.8263068497 0.4581734209
143483228.8433734477 0.4589222286
143050027.8162126541 0.4582606793
143489901.8429018557 0.4588647236
143054528.6166011691 0.4572871103
143344973.1004644930 0.4579468867
143117179.4251233041 0.4584183167
143320179.9950459003 0.4576230025
143099856.1351693273 0.4578017789
143132445.8918850422 0.4561118576
143445067.2578075230 0.4569020951
143034208.1772173047 0.4582185644
143034442.6583957672 0.4576078077
143081557.5315808654 0.4576662226
143049183.8373870850 0.4579641868
143085417.1713900566 0.4576599018
143162498.9597262442 0.4585143563
143089391.6589007974 0.4577009744
143054413.9053796828 0.4578207772
143036059.2472476661 0.4581653673
143154628.0633026361 0.4586134264
143018358.2997169197 0.4578176042
143111036.5712028146 0.4577513539
143025815.6879217327 0.4578497757
143019804.9299122393 0.4585071960
143016049.8536068499 0.4578350307
143027798.1965397894 0.4576403832
143099229.4512870014 0.4577803432
143005324.6114980876 0.4580098033
143019257.9705815911 0.4581704359
143033760.6937796772 0.4577700540
143018213.8727905750 0.4580229051
143204610.9761231244 0.4588935293
143032254.5955861807 0.4580838644
143082949.9623047709 0.4577957495
143092203.5608247817 0.4579204426
143248613.5832936764 0.4587377608
143088236.0727296770 0.4579203250
143344077.4390585124 0.4577364185
143048983.3580347598 0.4578834099
142993184.7173632383 0.4581703622
142994903.4196640551 0.4581700634
143084985.3071494102 0.4589594312
143039451.4469015300 0.4583604911
143081230.2185133696 0.4589710893
143023570.2199982107 0.4582951245
143010028.6109736264 0.4581223137
143007626.9027924538 0.4582008262
143051616.8526473045 0.4575206010
143010631.2806035578 0.4581699060
143032991.7299497724 0.4576674799
143036041.8771921694 0.4582205386
143033243.6785904765 0.4575115086
143084226.4992914498 0.4579830130
143041319.5278463662 0.4578171803
143071170.3883648813 0.4581449674
143099061.1216354966 0.4577846778
143036038.2301499546 0.4578706121
143070581.9955825806 0.4582932662
143083838.3756090999 0.4581351114
142996386.6610014141 0.4579915603
143010029.1360280216 0.4582660390
143004346.6015295684 0.4581241948
143037273.4241122007 0.4584853604
143441421.6976832747 0.4575219409
143008018.2209413946 0.4583393901
142969826.3095047176 0.4586858862
143054670.8713445663 0.4586326714
143009838.6309343874 0.4588341257
143039149.5622606277 0.4587043440
142983281.5679891109 0.4592001612
143008141.7858962417 0.4588454450
142976747.7351462841 0.4589724895
143021108.2145110965 0.4583687377
142963459.8814224005 0.4586632231
143019123.7411769331 0.4588477006
143064805.5308903158 0.4586560000
143018338.8757767379 0.4586263755
143047556.6468706131 0.4586049200
143033444.8617361784 0.4584486141
143046772.0309603512 0.4585828802
142994337.5776175857 0.4586385599
143061549.8634826541 0.4586192343
143037444.8200265169 0.4592155330
142961592.6475305259 0.4586664163
143038173.6153100431 0.4588207648
142959818.4470176399 0.4586488234
143010915.1907563806 0.4583159586
143058052.7501210868 0.4587088991
143008741.1535883248 0.4589972293
143058245.6426433325 0.4586443819
143019961.8851635456 0.4589604263
142966209.4295183420 0.4585931719
143024351.3087061942 0.4584499008
142971470.3914696276 0.4587240933
143029668.3440447152 0.4585340252
142997190.3272313774 0.4588354026
142966978.8906608224 0.4587567821
142971520.6887201369 0.4586562755
143062029.0679078400 0.4583567394
142963848.0781732500 0.4586554917
143027051.1909561157 0.4585674833
142957218.7586141229 0.4586536414
143013460.8411687613 0.4587683034
142972585.2592811286 0.4587070843
143012477.2359143496 0.4587757676
142960445.8928347230 0.4586411005
143005250.1452287138 0.4587589771
143040284.1334033906 0.4586268155
143058725.2395206988 0.4586742874
143051646.4490177631 0.4584672557
142975267.2270837724 0.4587506537
143043868.6118943095 0.4586072769
143057137.3422474563 0.4586319533
142999434.4955286682 0.4587902325
142962101.5596678257 0.4586799871
143002370.3406728208 0.4589636731
142959037.5857427418 0.4586525687
143038853.2741128206 0.4586012671
143060299.9222268164 0.4586419938
142969659.5227726102 0.4585867980
142957873.3826013505 0.4586821862
142970626.6984165311 0.4586111076
142961558.7642719448 0.4586637532
142966006.2577317655 0.4586765132
143048901.7212082148 0.4586450557
143049147.7829174399 0.4586477091
143057978.7536250055 0.4586461331
142964725.9502405524 0.4587121692
143055506.6597898006 0.4586148265
142994604.5721246302 0.4587230047
143061991.5020162463 0.4586433032
142960287.7313041687 0.4586688499
143048817.5258146822 0.4585702888
142964217.4517309070 0.4586855675
143050528.6591777503 0.4586228862
142963684.8945626915 0.4586591082
142958258.9436677396 0.4586426082
142956456.8073497117 0.4586616739
143057418.5487411320 0.4586521960
142960074.4092333019 0.4586829623
142998258.8371517360 0.4588145456
142957080.7810880840 0.4586551156
142971506.8473895788 0.4586976213
142956164.0735576451 0.4586743391
143055692.1034546494 0.4586601471
143057329.9421363473 0.4586655948
142981111.8346663415 0.4587616244
142959737.5108406544 0.4586773652
142966749.0361118019 0.4587233807
142957099.8893648684 0.4586775729
143055469.9038470685 0.4587325301
143059199.9580263197 0.4586711320
143056550.0374492407 0.4586535969
142962279.6374473870 0.4587077108
143046773.6692428887 0.4586630110
143054615.1185892224 0.4586313656
142968333.7826462090 0.4587002080
142955624.5230349004 0.4586738892
143059274.8184969723 0.4586721715
142958251.1550112367 0.4586620782
142979240.2192460597 0.4587442841
142958607.0051400363 0.4587213514
142956999.9624353349 0.4586795439
143055835.3346652985 0.4586821676
142957016.1431342959 0.4586773677
142962727.9009543061 0.4587319195
142956015.2769324183 0.4586773877
143052071.0514904559 0.4586321505
142956821.9900671840 0.4586802050
142958408.4418944716 0.4586818644
143059693.1657768190 0.4586675402
142974979.2993576229 0.4587331633
142957892.5084459186 0.4586817164
142955405.3413779438 0.4586768428
143057991.0922343433 0.4586815552
142958704.1049565673 0.4587019799
143057819.4173362851 0.4586636192
143057175.1108409464 0.4586680433
142958453.6589041352 0.4586876111
142960473.5891743004 0.4586929204
142956586.7430620193 0.4586874509
142956306.3977505565 0.4586625969
142958805.8287319541 0.4586949682
142967560.0877324939 0.4586916422
143057620.4093466401 0.4586662961
142971617.4775610268 0.4587222950
143058099.2378154099 0.4586741344
142961394.7518712878 0.4586902328
142957058.9527366459 0.4586906562
142956882.9678132534 0.4586856506
142955331.0301071405 0.4586724212
142961753.3737702966 0.4587229178
143059968.4082054794 0.4586698004
142969527.0483295321 0.4587504702
142955623.6636530757 0.4586719892
142968203.7670723796 0.4587169825
142955215.9608027935 0.4586729703
143054909.6962566078 0.4586737712
143058039.7219874263 0.4586632421
142957387.6360908151 0.4586510609
143059032.3023595512 0.4586669062
142958368.3280601799 0.4586976923
142956178.6666454077 0.4586701982
143054815.6534551382 0.4586482217
143057228.5136625171 0.4586535311
142959667.3632743061 0.4586813076
143055266.8927216530 0.4586393814
143057882.9834674895 0.4586561793
143059281.2934398055 0.4586658593
142955252.4914675653 0.4586865353
142956085.0247411728 0.4586760588
142964340.0340965688 0.4587006555
143060084.7934585810 0.4586680902
142960287.6674443185 0.4587062090
142955007.8291291893 0.4586774867
142955533.6399860978 0.4586789955
142955759.0518057644 0.4586778929
142958396.6936023831 0.4586753879
143059490.2319017351 0.4586754404
142956658.0421360433 0.4586966638
142955321.4340133965 0.4586771327
142955502.3821535110 0.4586779112
143060134.5932745934 0.4586779564
143057800.0567825735 0.4586666566
142955411.0597179532 0.4586809827
142962678.3543164730 0.4587147503
142955817.2858076394 0.4586778698
142956742.8365083039 0.4586989257
142955387.6768400669 0.4586765556
143060508.3693519533 0.4586708001
142955014.3898025453 0.4586810881
142956371.5623148084 0.4586929085
143058371.1589513123 0.4586700349
142957760.5778261721 0.4587057891
142956632.1380164027 0.4586799224
142956217.6519524455 0.4586818667
143059374.1916474700 0.4586802403
142955036.3437511921 0.4586800500
142955931.0726567209 0.4586799795
142955324.0842803121 0.4586798570
142956354.9066029191 0.4586810718
142955304.0267540216 0.4586771802
142955707.9991984367 0.4586805613
142955040.7808117867 0.4586785357
143059493.0062393248 0.4586734709
143060215.1803701818 0.4586768147
143060012.3586777449 0.4586720715
142955591.5526912510 0.4586815903
142955694.6115312278 0.4586826936
143059967.3431968987 0.4586757963
143059896.9715618491 0.4586751131
142956262.4526174963 0.4586834090
142955316.5739074051 0.4586776151
142955054.6384547949 0.4586798699
143060046.2007234097 0.4586762232
142955766.2063218653 0.4586801926
142955533.1221993864 0.4586784991
143058732.5165908337 0.4586693613
143060040.0504308939 0.4586753526
142955766.2865243554 0.4586765960
142955342.8654055297 0.4586790439
142955247.4801090360 0.4586775024
143060001.3703466654 0.4586765932
142956069.0585599542 0.4586825093
142955364.4494384229 0.4586777154
142956648.7728747725 0.4586869804
142955036.0964573324 0.4586779871
142954934.5610585809 0.4586798380
143060106.8563790321 0.4586791901
142955203.9765499234 0.4586847626
143060026.2160146534 0.4586791578
142955510.9967716634 0.4586825607
142954911.4564538300 0.4586793268
143059566.0226478577 0.4586766835
142954855.9921413660 0.4586796363
142957333.7324090600 0.4586879780
143059808.1760998070 0.4586784114
142956127.6793785095 0.4586864558
142955140.6202358603 0.4586795855
142954954.4949855506 0.4586805690
142955022.3685528040 0.4586792683
143060049.9192190170 0.4586777613
143059874.5381757021 0.4586779376
142955051.5160723329 0.4586821355
143060107.4989280999 0.4586796239
143058723.2374197841 0.4586719983
142954924.7811901569 0.4586791996
143059606.3192497790 0.4586813155
142955135.9105474651 0.4586797666
142955042.8012879491 0.4586790677
142954907.2748883367 0.4586795154
142955994.3783403039 0.4586849365
143059988.1413002312 0.4586786694
142955872.5078618824 0.4586855642
142955001.8187013566 0.4586809946
142955515.5508461595 0.4586815690
143059969.7961689830 0.4586795604
142955601.1436156929 0.4586808294
142955018.4516376853 0.4586793498
142955091.6681004763 0.4586812380
138541587.0000000000 0.4586812380 0 0 0 0 0 0 0 0 0 0 0 0 1 0 0 