555738754.7454433441 0.0000009890
538331431.7117848396 0.0000003415
542245953.0979137421 0.0000000584
563536150.3919808865 0.0000000015
638951342.3709570169 0.0000000969
603688639.3615249395 0.0000000164
544709158.4137650728 0.0000000007
536404625.0178419352 0.0000012535
574111879.2704492807 0.0000003804
603836450.8647686243 0.0000002758
572081700.5354708433 0.0000005195
551203394.1766682863 0.0000005721
585459425.6712241173 0.0000004121
536296068.0806972980 0.0000011294
523896824.0782283545 0.0000001817
520541148.4492271543 0.0000804938
558756675.9832245111 0.0000115482
455039785.7262846231 0.0002330666
427695769.3153498769 0.0003013323
420091533.6081700325 0.0000678372
395643592.8738000989 0.0023173176
395264935.4468753338 0.0027443693
386582352.5897197723 0.0057301615
357719269.2609618902 0.0073959976
354430821.0612507463 0.0074381042
375140635.2565531731 0.0007916931
352591847.1450532675 0.0049661905
379338190.1700912714 0.0003271623
377754768.7000298500 0.0001067582
323685569.5321717858 0.0028706426
342902230.1282007694 0.0061334917
271823376.4307416081 0.0229069797
363498088.0600080490 0.0111574544
284179168.3673676848 0.0211637427
262731665.6357486546 0.0214066718
265574586.8339214325 0.0217396371
318294066.8611781001 0.0017731626
281146894.3977608085 0.0217289210
294156131.5936830640 0.0137890157
269836873.1313516498 0.0201159978
297595260.8056710362 0.0107824249
257534689.1012412310 0.0192145835
317835405.2879790664 0.0058847975
251407657.6232008040 0.0203159570
295374148.4545976520 0.0059697362
251385603.0809765458 0.0200961276
236887566.4146297276 0.0786365611
236612005.0681927502 0.0750881465
246835275.9476352632 0.0107349185
241822647.0422263145 0.0722873912
211133186.6392679811 0.1210239883
217595291.1408717930 0.0775772314
249769911.8609494567 0.0284433081
213514816.1231414080 0.1192810105
205728941.6968087256 0.1364374868
207718803.9815858901 0.1289420573
242866573.3289274275 0.0417826559
203298321.7252787650 0.1632062848
222542578.1808320284 0.0738223595
197624856.1227078140 0.1770559578
205885202.3199356496 0.1554599504
188456721.8966628909 0.2140095420
179215309.3655489683 0.2814827415
185770539.1081554592 0.2574330005
256989317.1025182903 0.1070397923
215632296.9837909937 0.2417103021
219118738.6018453538 0.1958327096
171770595.6763347387 0.3065301110
137991366.8228000700 0.3486011605
212068674.3020945489 0.1092070206
153314418.4325390160 0.3436746246
166898151.3958370388 0.2580788824
138471804.3817807436 0.3346941425
177866230.9466512799 0.1986955924
134525251.1870632172 0.3648831834
214657358.7887998223 0.1666158154
135516822.0633611977 0.3581898911
140897775.6941243410 0.4168597529
136346154.5381373465 0.3607859857
226980124.0962131619 0.1902572622
153129746.8180714250 0.2992110869
173650598.4496951997 0.2063601433
131920271.0247157216 0.3713663559
148058355.5124197602 0.3240442302
135501764.1864327788 0.3609024108
167706203.0991182029 0.3185860706
130975306.9008230120 0.3774637166
190038154.0379855931 0.1487752868
140589318.0092671812 0.3111470407
165585560.8944362998 0.2463308373
133618195.4714405835 0.3493140799
167862538.4700803757 0.2112477965
144220535.5694625378 0.3610375262
182262492.0332855582 0.1622361208
131102989.6980022043 0.3641663427
185455568.9620029926 0.1912438718
144762082.1925287247 0.3595524005
181467366.3856806457 0.3117914559
134901242.2418240905 0.3441600670
196772478.4939692318 0.1028819150
145804773.3525003791 0.2719883493
234970877.0531969666 0.2103217463
140653953.5825272799 0.3486582230
186023078.4534702897 0.1666004544
133945401.2998446077 0.3666914174
174455649.6497255564 0.3499522490
142819073.5990590751 0.3205277617
197033753.7859330177 0.1601739834
141769302.9539226890 0.3483564915
161099745.6712977588 0.2193120131
137211202.2204328477 0.3232334940
172108937.5216267705 0.2282810368
132888130.5680834502 0.4414988258
141085079.4626472294 0.3501607509
127896147.7995937467 0.4313949840
140007775.0941242576 0.3892238647
135497036.2380382121 0.3807412884
134220021.1260019243 0.3986637904
118062626.5209341049 0.4519399451
119445251.1274668127 0.4481455468
121134287.7397654653 0.4409598825
122455629.7003449649 0.4499216011
143675446.9636771977 0.3547833491
120759619.3058230877 0.4354748813
120525633.8325116932 0.4780260923
120033183.6550651491 0.4505146064
139051840.0321377218 0.3672352047
120827299.9846206754 0.4282299826
130964426.8978115171 0.4587616730
117891508.4054825604 0.4660091010
117166044.0225327462 0.4543814824
122139932.0113594085 0.4602388614
114249839.0369715095 0.4719303181
113320949.7892096341 0.4823396841
118245744.2323734611 0.5270945111
125431309.9840890169 0.4002971580
111530791.4282339513 0.4942822760
126944435.3731770962 0.4760973819
118678924.1232474893 0.4649976701
113005627.7989991009 0.4773586242
124799127.3288250417 0.4083559034
122499030.7795493901 0.4956750526
114821058.8106794655 0.4963068675
111918392.1494177878 0.4965485454
131805033.5999884754 0.3654303414
110482194.3006359637 0.4925792671
117833312.7294712365 0.4180909836
118393646.9695394337 0.4668859434
124804641.1741089374 0.4272646728
117753902.3124185354 0.4939547362
128855894.2131859064 0.4095245875
116133392.4446786046 0.4986022734
100844573.4978838712 0.6141868957
102120658.0434070677 0.5988673631
103960784.3093655258 0.7146598414
100166443.0143275708 0.6213357334
117009881.2211477458 0.4982778557
100562461.6268828511 0.6368887068
109400713.0778201818 0.5425227702
100627493.9066580534 0.6380511821
112008405.5665780157 0.5031585483
100526995.6264070123 0.6362578369
105374190.7101584226 0.5858584495
102037259.5337472111 0.6654962981
100423606.4383652657 0.6344318909
101909818.3515831828 0.6157157755
130381390.4027596712 0.5231923008
101046725.1831989735 0.6457402349
126896531.8984280676 0.5347326800
109609664.3838527352 0.6062851818
121908423.4797177017 0.4880116002
111145992.4598837346 0.6076467447
101340454.0682134330 0.6102615617
102245764.7315714955 0.6099955369
119497827.2411955595 0.4794916977
109051753.3880700171 0.5860425297
109820569.5349332988 0.5422163760
101288973.1069632918 0.6105740409
106396028.3574664593 0.5540440516
99984313.1657694280 0.6268730299
106310108.0027745962 0.5781029665
101437350.9306195229 0.6163931991
102622650.3327080160 0.6785338809
101283164.6046726406 0.6072295622
108804801.7632035613 0.5925772430
108869023.9119279832 0.5951718702
110323126.4622732103 0.6114115000
100007168.8557258397 0.6232697043
116631904.1558118016 0.4936099205
101306807.2178336680 0.6085939752
108882936.8444987535 0.5644173836
100742432.4849231094 0.6160567498
106965888.7294551879 0.5830332602
99956175.7927146256 0.6263992480
107013009.6152460873 0.5590625807
100975350.8273796290 0.6163354524
107443908.4365349859 0.5548694000
100305070.7177307457 0.6323607254
109326716.9754590094 0.5868137778
101938772.1399786770 0.6634146957
102205956.9616397619 0.6691310912
109572662.4130557775 0.5980078766
122355482.9993071854 0.4861676902
100115444.2971411794 0.6217281193
132967766.9488715380 0.4997389758
100083741.9999512881 0.6285566151
125006605.3063657135 0.5184053977
110639011.1901936680 0.5989007682
123983059.7769829333 0.5142197876
101692947.0286681950 0.6064284038
100368552.3660477102 0.6334666207
100252980.8294283748 0.6314582048
109230664.5316852629 0.5349262847
100292983.0632406771 0.6321509292
117217934.6299781501 0.4951657108
100360371.0029384047 0.6333239926
100615864.4516182542 0.6378423807
100218255.9776936769 0.6203661186
100623151.2699959725 0.6379729766
101890251.8391394764 0.6623999338
100087251.7374081761 0.6201091590
105650950.9229245186 0.5979249695
100148920.8469569981 0.6199367360
113712631.4523347169 0.6026902110
101068287.9216575623 0.6124279364
100861412.6135091037 0.6422987159
101553995.6511286497 0.6090423340
104023104.3326517642 0.5829512519
101552465.5943092704 0.6189435030
106804557.4510494322 0.6005450099
100239332.9004740864 0.6237348536
100594242.4769246727 0.6226706798
100142246.2443557680 0.6295544190
100189599.4958910495 0.6223471661
100220175.0954854786 0.6308920167
105904571.8506282568 0.5772124718
100001253.4290546179 0.6222077602
107898918.3367642164 0.5851858558
100308545.5263039172 0.6324212269
101561163.7774596810 0.6556894946
99982714.3658453077 0.6217121573
101991581.3576405644 0.6645273321
100336113.8826216459 0.6329008501
102039578.0812247097 0.6041253892
100300512.8515264541 0.6322816892
103181281.4439464509 0.5910126477
100308084.3212573677 0.6324132023
105055294.7081301659 0.5877168691
101992095.7179629058 0.6195255542
101133375.4132606387 0.6144101506
100289356.4817516208 0.6320881485
106351586.0955704153 0.5908845793
100025427.1046287268 0.6275672369
105107359.0961686820 0.5809756048
100049160.5775386691 0.6220588446
101048969.8479801565 0.6457823459
100132666.1598453075 0.6231612980
99986492.4980049878 0.6269096791
100711141.9882397801 0.6395580575
100412200.8250904381 0.6342314895
100722457.4258177876 0.6397628784
100744299.0035947412 0.6401590612
100907073.9284270108 0.6431400756
100439014.0045357645 0.6347027403
101396695.9645085931 0.6524414315
100079544.1943615079 0.6202165364
100234006.4355885834 0.6311307199
99873822.7335616052 0.6250197464
102697213.1033732146 0.6162621395
101733277.4842620492 0.6193899189
100500589.6347071230 0.6357896117
100144585.1210262626 0.6206320679
99974133.0695015639 0.6267014340
100139614.6389853209 0.6202782852
100166159.8999447078 0.6247384551
100150350.9303213805 0.6202248359
100045970.4382109195 0.6236093442
100066572.6016609669 0.6234788891
100009973.7948827744 0.6273060204
101736340.2366439402 0.6200552399
99896472.7857332975 0.6253981470
100148167.4356610328 0.6245981423
99995171.7313609272 0.6222597539
99890103.8043262362 0.6252916125
100135743.4168320298 0.6294433279
100018580.4112309963 0.6274514405
100002459.8650993556 0.6271790963
100747340.3971062303 0.6402142092
99972857.2332734019 0.6221081301
100188263.3827272058 0.6303432680
100058048.6701225191 0.6238531280
102532340.7695044279 0.6099157845
99925104.5955216736 0.6258775864
99892155.0747254640 0.6253259684
99968671.1242985129 0.6224218856
99939430.9743602723 0.6261179857
99967312.3098176569 0.6225409207
99892947.4676313698 0.6253392051
100091505.2454330325 0.6286887230
100794545.9576217830 0.6410736599
100045345.6637113541 0.6279046012
99942145.6945794523 0.6261635532
100006044.4393035322 0.6272396280
102307600.5987825543 0.6106849179
100160097.8554979861 0.6214845592
99928469.4975297898 0.6259340157
100143894.6576721072 0.6216307273
101637138.2334328890 0.6189695754
99972086.2751763165 0.6223372359
99873365.1973140091 0.6249763174
99978095.4633963257 0.6267681790
100272456.7797563672 0.6249446610
100023983.9689874202 0.6275428495
100103774.1344135553 0.6240187527
99994759.6264825761 0.6270490749
99982912.7640911937 0.6268493529
100042188.8485725522 0.6236613021
100114272.9027157575 0.6241744776
101774069.0944168717 0.6185196302
100184603.2981177419 0.6302803781
99884826.4388241023 0.6252034926
100153555.6870717555 0.6245740091
100198037.4526139200 0.6247262216
100125082.7740294784 0.6241802826
100209893.9036659747 0.6247405577
99911250.8273279518 0.6256454620
100173053.7408499718 0.6244760548
99915798.5688960254 0.6257216326
99889394.3413025141 0.6252798126
99952832.5304619074 0.6263430762
99897369.1262799501 0.6254131452
100217420.5352989286 0.6246670879
99902455.1038815826 0.6254982250
100188889.7292252332 0.6245918077
99873614.9860402495 0.6250162814
99873010.2563799471 0.6250061944
100178860.8994875848 0.6248261763
100131708.2196300179 0.6241166531
99876573.2602039278 0.6250656696
100169090.9965023696 0.6246789899
99873961.6689065397 0.6249898187
100075564.3042928874 0.6284175629
100066280.0341349095 0.6241425685
100037481.3188609481 0.6239122878
100174376.4753346741 0.6247716889
99951739.5996684432 0.6232607935
99952180.7062674612 0.6263321175
100023513.6858106405 0.6275349133
99909874.5388641208 0.6256224143
100231743.1579624116 0.6224002306
100147895.2144978940 0.6246177264
99943732.3962558359 0.6261901841
99893189.9531952441 0.6253432648
100002074.4167389423 0.6236260586
100116521.8866958469 0.6244229605
99963258.1020298749 0.6235460470
99949792.0554190874 0.6262919833
99955452.4742624164 0.6263871093
99894865.3386187404 0.6253712798
100043095.5788261443 0.6278664675
99875605.6615374237 0.6250495101
99881151.2042162120 0.6251421150
100179815.9952762127 0.6248676387
99973950.3826898038 0.6224538879
100142820.2906008065 0.6245661308
100038275.5177986920 0.6277847893
99890937.4878423810 0.6253056113
99980928.7421663254 0.6229199204
100171077.7030784786 0.6247427124
99980634.6272135526 0.6236770135
99875981.4130691439 0.6250557861
100224709.9592078924 0.6223130830
100170726.2860020399 0.6247032224
100153789.2378685027 0.6215100958
99903985.8706777841 0.6255238475
100019109.2154079080 0.6274604571
99873360.0776359737 0.6250120302
99994306.8389351517 0.6270414852
99979513.2076021731 0.6235046821
100164634.1834605187 0.6244536497
99877319.3326876462 0.6250781183
99984249.7264747024 0.6268719057
99888474.1620385498 0.6252644374
99980229.5545120835 0.6227318448
100099223.2422309965 0.6243238158
100019869.3105356693 0.6274732948
100187638.3814227283 0.6248621381
100149354.4809424281 0.6243958467
99894575.6765571088 0.6253664323
100093394.2202046216 0.6242327981
100204844.9289107323 0.6248879661
99914624.6950493157 0.6257019683
100149754.8632725030 0.6243721577
100205782.8616909385 0.6249375248
99888963.1509446800 0.6252726138
99904799.5318688899 0.6255374646
100200644.8851341009 0.6249512961
99902835.2152975947 0.6255045872
99880554.0053544790 0.6251321305
99903971.8459551185 0.6255236083
99877104.1465001702 0.6250745277
99903456.2662706673 0.6255149870
99873997.3083107620 0.6250226672
100114667.3543473631 0.6243773025
100194793.7318909466 0.6249189645
100167335.6554339379 0.6247919925
100185902.9532494843 0.6248384147
99924684.9884068221 0.6258705659
100201841.5261856019 0.6249461670
99939296.7266127765 0.6261156918
100195981.3682504892 0.6249126073
100121895.3071946502 0.6244592700
99880442.2794843018 0.6251302655
100196302.1293100715 0.6249338277
100165790.4150385559 0.6247321986
99899046.6183138788 0.6254412069
100196887.1849365085 0.6249294989
99909268.6800785959 0.6256122747
99872782.5123879611 0.6250023939
99873462.3496197611 0.6249870712
100202159.0382559747 0.6249553034
99939795.7017847002 0.6261240777
99876949.4458763599 0.6250719449
99889270.2932194322 0.6252777467
99883841.6004182547 0.6251870405
99907773.5387250483 0.6255872403
99873348.6220053434 0.6250118419
100133183.1380919963 0.6244361625
99875296.6930445880 0.6249991472
100157140.6916540414 0.6247021766
100199896.0331204832 0.6249105875
99875685.8186559528 0.6250508540
100200096.7508933991 0.6249321315
99872774.4887074232 0.6250022608
99873173.7269056439 0.6249807698
99948147.1580029726 0.6262643426
99877802.5390425473 0.6250861876
99887731.2957409024 0.6252520281
100204409.5409015417 0.6249412811
100174545.3582044244 0.6247421658
99876228.0568918437 0.6250599033
100175993.5252278298 0.6247909504
99885052.5703317821 0.6252072717
100154774.0574965775 0.6246470997
99872880.6776913702 0.6250040330
100155196.1897520572 0.6245687159
100179914.5606282800 0.6247785456
99873821.9959657341 0.6250197422
99911884.3963494450 0.6256560692
99874871.9799601436 0.6250372685
99885315.8864398599 0.6252116692
99874802.6099373847 0.6250361090
99883734.9607381523 0.6251852624
99877265.1802302450 0.6250772173
99905615.5392347425 0.6255511214
100205005.0352905095 0.6249465813
99892509.3208015561 0.6253318887
99873263.5622100979 0.6250104230
99893429.3416420221 0.6253472680
100208729.7051379681 0.6249743576
99894138.0795511007 0.6253591211
99874821.8023470640 0.6250364303
99879563.5862447321 0.6251155915
99875275.6119855493 0.6250440048
99881582.4151988328 0.6251493062
99873242.5191743970 0.6250100715
99878178.7857414633 0.6250924690
99874400.1309014559 0.6250293916
100180172.8323868960 0.6247467088
100203245.2930724472 0.6249276506
99873291.9927746654 0.6250108971
99873384.3639903963 0.6250124391
100193748.6095473915 0.6248728746
99882073.0083368421 0.6251575007
99878658.2734669447 0.6251004764
99873685.2080923617 0.6249888355
100181484.9237353206 0.6248183252
99873693.2424900830 0.6250175933
100195571.5097323507 0.6248542388
99874578.1017546207 0.6250323617
99909083.6310036480 0.6256091774
100210162.8583060950 0.6249779161
99878210.7151156664 0.6250930021
100202031.6287974566 0.6249421259
99879399.7423747480 0.6251128580
99873011.6136335731 0.6250062176
99873189.2994557321 0.6250091833
99873887.6114087403 0.6250208375
100208688.5742303580 0.6249704936
99883903.7765470743 0.6251880802
99874415.7005532235 0.6250296515
99872885.1334842443 0.6250041074
99875883.6613092721 0.6250541544
100205358.6188094467 0.6249629580
100208012.4801665843 0.6249646990
99875287.0612876117 0.6250441956
99875585.3416805863 0.6250491748
100199900.9748078287 0.6248937964
99873371.7700073123 0.6250122285
99875333.4588878155 0.6249992390
99873281.0196676850 0.6249865246
99872782.4335526675 0.6250023934
100161644.8605151922 0.6246639109
99873373.2797792107 0.6250122537
99882227.7451977432 0.6251600851
99873550.1214296669 0.6249880984
99881906.2513180822 0.6251547154
99874937.5615468025 0.6249967873
99883298.3852332234 0.6251779665
99872973.0276765376 0.6250055741
99876306.1524931341 0.6250612072
99875098.8987028748 0.6249977905
99874530.8561438322 0.6250315732
99873392.8407774419 0.6250125802
99874380.2679134756 0.6250290602
99873380.5904559493 0.6250123757
100172053.1454386413 0.6247274195
99872774.3681813329 0.6250022586
99874659.2177476138 0.6249950439
99873324.3232406974 0.6250114366
99879868.2649807632 0.6251206799
99873794.9886862636 0.6250192917
100167462.2839191407 0.6246975304
99873570.1631496698 0.6249881978
100169407.1458552927 0.6247098716
99874362.2870508879 0.6250287601
100167810.6327985376 0.6247004780
99873051.5888591856 0.6250068849
100167934.2939799428 0.6247011099
99873197.0856771916 0.6249803354
100171570.2258462608 0.6247232929
100192985.3999504745 0.6248627876
99873257.2002217323 0.6250103163
99877616.4425512105 0.6250830808
99873104.4929763824 0.6250077679
99876713.9074832946 0.6250680140
99872891.7623709142 0.6250042177
99874288.2424276024 0.6250275242
99875041.8579442501 0.6249973807
99873097.5418033004 0.6250076518
99873086.1782632172 0.6250074622
99875364.7960350513 0.6249994715
99875185.9717392176 0.6249982937
99872875.6554695070 0.6250039488
99875100.8009108305 0.6249977818
100203229.6346430779 0.6249304139
99873210.2160889655 0.6250095323
99873263.5655990988 0.6250104227
99873761.0102624595 0.6250187247
99873691.7645075321 0.6250175685
99873638.6416918188 0.6250166823
99874223.7517189682 0.6250264476
99873535.8447659761 0.6249879698
100197216.1987606585 0.6248899037
99873195.2269876301 0.6250092821
99878069.4109626859 0.6250906443
99873640.0394150019 0.6250167058
99872767.9799317569 0.6250021520
99872692.6298228800 0.6250008946
99872694.1297352165 0.6250009196
99873172.2394774109 0.6250088985
99872760.5074144304 0.6250020273
99873546.8218502253 0.6250151499
99875266.8369749784 0.6249988160
100210054.0623129606 0.6249779452
99875159.4017421007 0.6249981500
99873882.8684137017 0.6250207583
99872890.1747348607 0.6250041912
99875646.5961636603 0.6250501969
99872865.3180475682 0.6250037764
99875239.2278584838 0.6250433972
99872897.5896503329 0.6250043150
99873002.8994944841 0.6250060723
99872838.7643406391 0.6250033333
99873182.1412094086 0.6250090639
99872870.9453996718 0.6250038704
99873546.9331860095 0.6249880330
99872714.0476746112 0.6250012520
100210687.1465680748 0.6249793415
99874883.0887645632 0.6249964185
99874219.4425448030 0.6249922740
99872657.5736920685 0.6250003096
100205589.0087649226 0.6249472582
99874214.3606187552 0.6249922359
99873916.5466412902 0.6250213204
99873030.9501185715 0.6250065406
99872750.3461180627 0.6250018578
99874481.4615165889 0.6249939000
99875176.9001151025 0.6249982596
99872843.3511424214 0.6250034098
99872848.7826614827 0.6250035005
99872845.6617154479 0.6250034484
99875008.8451585025 0.6249972057
99874293.8841551840 0.6249927231
99872713.9916812778 0.6250012511
99872920.5790640116 0.6250046986
99872642.8838225603 0.6250000644
99873685.9718747586 0.6250174723
99872641.4839395285 0.6250000410
99873093.9094967991 0.6250075912
99875185.1595884562 0.6249983104
99874857.7527041584 0.6249962437
99872682.6121053249 0.6250007274
99874026.6361701638 0.6250231578
99875267.3502115309 0.6249988228
99874960.4442298412 0.6249969112
99875199.0952425599 0.6249983927
99873265.3643146902 0.6250104526
99872629.0000000000 0.6250104526 1 0 0 0 0 0 0 0 0 0 0 0 0 0 0 