255082941.6849462390 0.0000009890
231133548.9214830995 0.0000003415
229717148.9795147777 0.0000000584
269069017.8698847890 0.0000004382
300496993.4275532365 0.0000004277
288244377.0924409628 0.0000000088
268864827.0017942190 0.0000003092
266782359.9240575731 0.0000003715
278397280.4150162935 0.0000004108
289367280.0276365876 0.0000002743
312219855.9799042940 0.0000000849
222828673.5880140960 0.0000010006
307701591.2886857390 0.0000000841
223406065.7207233608 0.0000000742
223801878.2332572639 0.0000000211
259760672.5683287382 0.0004433642
249569202.4801356196 0.0000001038
216279612.1608401835 0.0000000940
192656757.0999342501 0.0000001186
219516063.1221321523 0.0000004361
188223143.0890147686 0.0000018628
200812140.3196450770 0.0000023937
238618828.0294298232 0.0000017260
194286119.7676919699 0.0000027933
185318512.0965409875 0.0000028954
264866539.5910753906 0.0000009771
273703386.0777072310 0.0000008090
267341404.9664237797 0.0000012886
187061392.9013426006 0.0000000038
225771330.0379033089 0.0000010351
212164503.9754365683 0.0012829022
174129027.1384461224 0.0001038521
173667798.8750925958 0.0000887357
166127745.6118405759 0.0002390999
164065608.7294856906 0.0001705561
168623126.1267668307 0.0000160726
163810650.3313042819 0.0002765879
188914346.0345012546 0.0001384679
176447975.5793659687 0.0003885856
171424123.3681213856 0.0002574881
204540864.6086129546 0.0001801962
177104108.7806493044 0.0004747045
170875560.1545620859 0.0006355210
205672516.9348570406 0.0000013420
174013293.2728622556 0.0003492234
174047821.6878367066 0.0004825899
167174260.3347384632 0.0002633724
168105408.0359150469 0.0008625621
176039570.5159312189 0.0001081028
198104681.6426648200 0.0006141219
182923410.9696021378 0.0002193366
215547781.8489005864 0.0002072947
168370865.2636656761 0.0004047265
181783498.3005641103 0.0000851507
164749011.6375830770 0.0001903922
165630661.7307986915 0.0000601755
177825450.3183015883 0.0002092355
161188143.5035934448 0.0011255237
170980863.0845252872 0.0006879722
156467166.4181677401 0.0004134139
176706402.8840600550 0.0001992975
155482071.2558057904 0.0004210367
155477529.9441661537 0.0004361328
261373749.1324104965 0.0000956399
159681237.7704731524 0.0004248652
166597658.4287973940 0.0010021268
145047142.2494558096 0.0005839385
137733392.6172234416 0.0004473936
137544810.0285210609 0.0002461093
144099765.2170883417 0.0003311174
161342160.1571893692 0.0001678100
164225866.9960105717 0.0002816468
137493461.6431348026 0.0002651027
156617541.5948694944 0.0001144245
144161812.7564978600 0.0002765292
260786036.1218132377 0.0001464235
135565847.6160482466 0.0002871699
173430671.2309086025 0.0002469844
132917733.0388685167 0.0002784525
167444203.0365476012 0.0000167608
140374699.9336239100 0.0002078273
167425347.0072677433 0.0003361632
145858694.8969699442 0.0003004913
154393172.5948990881 0.0006180452
133800412.1994337589 0.0001880393
130715787.2670814693 0.0007835817
131331563.2902719527 0.0009168760
198458095.1059858501 0.0000525600
139177123.3118941486 0.0005984418
225568645.9658502936 0.0001403559
131952346.3132674992 0.0015693197
169697555.0952563882 0.0004852629
131708616.1603755355 0.0007307478
139252031.1466989517 0.0018894678
133581276.5257173628 0.0006927928
139667983.1506132185 0.0000177385
133431201.7377656400 0.0009441664
153763201.4818050861 0.0003530381
143630486.0258007646 0.0005790269
134880444.0852993131 0.0000834926
136131803.4678885937 0.0007339209
193930315.6902706325 0.0000349867
166673884.1928118765 0.0009282942
136176604.5274053216 0.0014581375
135795604.4035391510 0.0008262851
143755877.7548413575 0.0023503212
136002050.6949238479 0.0007922170
177899734.8122016788 0.0005429969
132034527.6210217029 0.0011165607
128812390.0973387510 0.0000090726
134697778.7789860666 0.0000237183
137909482.8187349141 0.0006339088
153249784.9085404873 0.0000089648
148598036.6371572018 0.0000048056
136432939.4457702041 0.0000071197
141967194.7704393566 0.0000181778
137192283.7827144861 0.0000069988
155075196.0943552852 0.0000002904
140261293.4562326074 0.0000003398
151946459.4625735283 0.0000152781
142796604.1077678800 0.0000325104
228719397.4793739915 0.0000201773
134633803.5963278115 0.0000193126
216504556.1051573753 0.0000000002
132746209.8602775335 0.0000378971
165151868.3091797233 0.0000029508
141991570.0275479257 0.0000000054
164833127.8203310668 0.0003377212
133690021.0276113003 0.0000391760
172654443.5951628685 0.0001760250
130927637.1514571160 0.0000469050
304957296.1808156967 0.0000018649
153053887.6175592840 0.0000729624
160200821.4044291973 0.0000344578
139915073.4635862708 0.0000009235
160863854.1555457115 0.0000260080
134872819.6266901791 0.0000530889
148082716.2369433045 0.0023122893
131062451.0101459175 0.0001864190
147620263.5005072653 0.0000236052
135713402.3002889454 0.0000034333
127082896.0784791708 0.0000122546
161813287.7175783217 0.0000163850
143089464.5134312212 0.0000461349
166607711.1617664993 0.0000044703
136463742.8384518921 0.0000022406
133574683.0146072805 0.0000233504
184163455.7761047781 0.0000000001
180654753.2170667946 0.0000361147
225364759.5704902411 0.0000001322
133409231.6622894704 0.0000018369
130580652.3045543879 0.0017637603
131818218.0172065645 0.0000029627
130721645.4582125992 0.0005339219
132804478.7337352484 0.0000032125
194738722.2541277111 0.0005043665
134122909.5748665929 0.0000166158
158721321.6059488058 0.0000192211
134870876.9966461360 0.0000183572
162302560.4457959235 0.0000009484
136122919.1509445310 0.0000018490
129299066.7412010133 0.0000244778
137565094.4318130910 0.0000344018
147521945.0160576701 0.0000006847
133425709.8329380900 0.0000124074
464830345.0289527774 0.0000013147
135456923.6975431144 0.0000182924
171133639.1546394527 0.0000742653
153193067.7242614925 0.0000005544
176328096.2094771564 0.0001381897
154644164.2879708707 0.0000443024
197724974.8180467188 0.0000059877
160384387.7039853036 0.0000093819
147419001.6705910265 0.0003128718
151762956.5165745616 0.0000658314
137094053.2515188158 0.0000134455
151663217.4442992210 0.0000037514
332208676.2436934114 0.0000002871
164406546.6564083993 0.0000002280
227354119.9362421632 0.0002907448
146262472.7268482149 0.0000001847
168295438.6646147370 0.0000094372
133449821.3024638891 0.0000027008
152377037.1368486583 0.0000774619
130276225.6097552180 0.0000306602
247775098.8354029953 0.0000016256
142185636.2128267288 0.0000215645
378990465.2369940281 0.0001069558
479254774.4793650508 0.0000014244
128137486.8872635216 0.0000070175
150848860.9689932764 0.0000430080
127426069.7733879238 0.0000047822
138628254.8208024502 0.0000168124
127601523.3173941821 0.0000244003
165942105.0835822523 0.0001399925
128002474.5840426385 0.0000113011
137456886.5456120670 0.0000136162
147943648.1298982203 0.0000199652
485555047.6327762008 0.0000014948
127572472.9746760428 0.0000214710
129952465.7822088003 0.0000730775
147830281.1171794236 0.0000176297
490616650.2517999411 0.0000002136
133210458.5580419749 0.0000035107
140884971.4726071954 0.0000310819
129270402.1110648811 0.0000034256
498346627.4937840104 0.0000022236
149888136.8331952989 0.0000029665
164501449.5123374462 0.0000014284
127674883.1389820129 0.0000100646
165545625.3945239484 0.0000549441
135491421.2226226032 0.0000143544
152903315.0740000606 0.0000139588
126790937.7006050944 0.0000168700
153112084.5499523878 0.0000044862
127596708.4505948126 0.0000095359
134180624.7310774177 0.0000813235
138543587.7035583556 0.0000222217
160062825.3006286621 0.0000234414
135576451.1096053123 0.0000090280
137553867.6861316562 0.0001324155
148626782.9962735772 0.0000063653
178003265.9600994289 0.0000152846
127879831.3438898325 0.0000033109
133609473.6557584405 0.0000240201
132606513.7629191130 0.0000009947
128358900.6934182048 0.0000143734
134522372.3990109265 0.0000315472
136704185.6508439183 0.0000139318
176802925.7953420877 0.0000023994
130631487.2710781693 0.0000431934
147111655.0080049634 0.0000178503
138515573.9528504908 0.0000232894
128447669.7162462622 0.0000167560
140420240.6734421849 0.0000121245
129094728.8438726962 0.0000148985
135452451.6134330630 0.0000333944
128840695.9225773811 0.0000162262
135603045.6121002138 0.0000257544
145745036.1884700954 0.0000109776
127089694.0668356121 0.0000063784
127616434.6683841646 0.0000173059
134513320.8217729628 0.0000230988
126706168.6912121624 0.0000195620
129572094.6122203469 0.0000210719
127290266.6366497576 0.0000188596
127261250.7224356383 0.0000257458
126978961.2594848424 0.0000165096
148834812.1143160462 0.0000270938
132754556.7347006053 0.0000130577
148051664.4021429420 0.0000361877
141035327.4593889713 0.0000198801
145199774.3214832246 0.0000013037
132747885.2408232838 0.0000217744
135074237.9280398488 0.0000166949
128239568.8464338630 0.0000199483
141600550.7386796176 0.0000335547
127367234.0681090355 0.0000204610
134109891.3757586330 0.0000231430
129551608.9413760155 0.0000251301
127337740.9953685999 0.0000190704
146691331.3791716397 0.0000119046
127512357.1592922360 0.0000193792
126951789.0367583334 0.0000212715
127884375.0929493606 0.0000229998
146064345.1040526032 0.0000105507
126780077.5161633641 0.0000219222
144816781.8455752730 0.0000202529
127678514.5174290240 0.0000188674
131535394.8163110316 0.0000249117
146686523.8344593048 0.0000219568
127332657.8598507941 0.0000184455
129507309.6579805166 0.0000265710
126540521.4819169492 0.0000189076
147046595.9472350776 0.0000221942
126782115.0018968433 0.0000185325
132471045.6330379099 0.0000141285
127515319.5937850922 0.0000184989
129084146.4691301286 0.0000207104
126994071.8789080679 0.0000196144
145859170.5534102023 0.0000208353
127771339.4207929373 0.0000182407
133373217.5826866031 0.0000223244
127180849.8243508190 0.0000194271
146448304.8166639805 0.0000156453
126831320.4852596670 0.0000200189
131033841.7654236108 0.0000173573
126910928.6871194392 0.0000193417
127081241.8585806340 0.0000150457
126927798.5373365879 0.0000189882
126891649.1080334336 0.0000184569
127668756.7089745104 0.0000189608
127968037.0548605472 0.0000149621
127333399.0942402184 0.0000176363
127034549.4271623194 0.0000217251
127796444.2436737418 0.0000176954
127960144.2887022942 0.0000189542
127998720.5110841990 0.0000224002
127853106.1451566368 0.0000186489
127494283.1243042499 0.0000187215
128006150.3735094368 0.0000188654
126672568.9873642325 0.0000177409
127816628.9721056968 0.0000189944
127761007.5335027426 0.0000203896
126732759.4807135761 0.0000191066
126502463.9194949567 0.0000168209
127917256.0445941836 0.0000165104
126885787.0346569270 0.0000162576
127337292.0463798195 0.0000166502
127059686.9491652548 0.0000190554
126953292.0967182666 0.0000165556
130089920.5131643564 0.0000151653
126594436.5142053217 0.0000166161
128047823.3913458437 0.0000187071
127876151.9023744166 0.0000168717
126979544.2085246295 0.0000182850
126630874.3824406415 0.0000163951
126998324.5102242529 0.0000170558
126937600.2339796424 0.0000163556
146895205.2330224514 0.0000158930
126556824.0956432521 0.0000166962
127813632.9611630440 0.0000177285
127827623.3589656353 0.0000168814
127546301.2793675512 0.0000167727
126554264.6320476234 0.0000171264
128913311.8012813628 0.0000170045
126530828.5785147399 0.0000168010
145488616.2522000968 0.0000158029
127629968.3302203864 0.0000165688
127403098.3631197810 0.0000173004
126582277.4625134021 0.0000174012
145539486.3127498925 0.0000163820
126618010.7132417262 0.0000166791
127251097.8911421001 0.0000160809
126655953.0982552171 0.0000165908
145061147.6665236354 0.0000161048
126871183.6299078763 0.0000165462
145112165.7158002257 0.0000160714
127866601.1304882020 0.0000171278
127241543.3682965636 0.0000159129
126702748.2733291388 0.0000167726
145097897.1641219556 0.0000164172
127666075.2294540256 0.0000171759
146800786.5959772766 0.0000157780
127301450.1144299954 0.0000179078
147988442.5474481881 0.0000164400
127942355.6104456484 0.0000163101
126587094.7492328435 0.0000174843
127967259.3059221506 0.0000169207
127520386.5199430585 0.0000183253
126561379.6979600191 0.0000170655
127443712.0159182698 0.0000166216
127920869.8211300075 0.0000169571
127357017.2824561149 0.0000167700
128018685.6327736378 0.0000167960
126747684.3002707511 0.0000169861
128011223.3613917232 0.0000168704
126580687.1139323115 0.0000176173
126567466.0087717175 0.0000168435
127384772.1272923797 0.0000164784
127063567.8503597379 0.0000169400
127890735.3047409803 0.0000180538
126886221.4964401722 0.0000168600
127091696.5393645018 0.0000168074
126509677.8720307797 0.0000167203
127671184.1365778744 0.0000173680
126605695.9363215864 0.0000168874
127582052.5299253464 0.0000172975
127469436.6681432873 0.0000168755
127182410.1985462606 0.0000148338
127042323.6567675620 0.0000169142
126616210.4538106620 0.0000164990
127803923.4606283158 0.0000166467
127652184.4800799638 0.0000168233
127977435.0041732490 0.0000172119
126889935.6924624741 0.0000151205
126586737.5975073576 0.0000167246
127084862.7437509298 0.0000153331
127912935.8880001307 0.0000166040
127713139.4969041646 0.0000166679
127771072.4297861159 0.0000169237
128778949.7442705780 0.0000169922
127861116.6445375979 0.0000171082
127827700.1354970634 0.0000162808
126698173.3018910736 0.0000167217
126674196.6164003462 0.0000171005
126707206.3017270416 0.0000165399
127774992.4948526472 0.0000168041
126750499.9832773954 0.0000165619
127874709.4247293025 0.0000169287
127690138.8298061341 0.0000168859
127872016.0159067661 0.0000168536
126597892.9481870383 0.0000168382
126580597.9171947539 0.0000169422
127783203.8753147274 0.0000168274
126500718.6237528771 0.0000168103
127879871.3315981925 0.0000166993
126506972.4085834920 0.0000167884
127998889.0815315247 0.0000169367
126506932.7005661428 0.0000167681
127084621.7138720453 0.0000168556
126514654.1202011853 0.0000168007
127908699.4674943835 0.0000167095
128043167.7129365951 0.0000168349
126677002.3881674856 0.0000171268
126529996.3729885519 0.0000168040
127965663.8130681366 0.0000168405
126555580.5957648903 0.0000166555
128007441.7499403656 0.0000166134
126515388.0616805851 0.0000168204
128009599.4392580092 0.0000167692
126501499.2895022482 0.0000168294
126602373.2649211884 0.0000167166
126522561.4589767456 0.0000167706
126682667.2289986461 0.0000168206
126519874.1267078370 0.0000168001
126594520.1262124479 0.0000167706
127990275.9986104816 0.0000167343
126614575.7353089154 0.0000169348
126507002.4740269333 0.0000168334
126574790.9715172201 0.0000169538
128009466.5597313493 0.0000167952
127879879.6992269456 0.0000166489
126523544.6625699252 0.0000166828
126613561.6365324706 0.0000168054
128031110.0708648115 0.0000167477
126575727.9422982335 0.0000170705
128004198.4903213233 0.0000167784
126565952.6874365211 0.0000169142
126511237.0371227860 0.0000168217
128042247.4545360208 0.0000167959
128035565.5370027274 0.0000168286
126522193.1792288125 0.0000167656
127971751.0093424320 0.0000168762
126578681.7478533089 0.0000167730
126514351.6059008241 0.0000168615
128035770.3939756304 0.0000168675
127976982.1214012057 0.0000168295
126525510.8489512354 0.0000168274
128040445.0610243231 0.0000168044
128041543.8337993622 0.0000167836
128046537.6135809869 0.0000168133
126528672.1916896254 0.0000168040
128041474.1472621560 0.0000168090
126539704.8363512456 0.0000168170
128015581.3794651777 0.0000168050
126574977.5763705373 0.0000168419
126508425.8563486785 0.0000168285
126507481.3929118514 0.0000168555
128045521.4570329636 0.0000168062
126506637.8167618215 0.0000168068
128043010.0178510994 0.0000168204
126552158.3000894040 0.0000168202
126507205.6428806037 0.0000168148
128021674.9785309583 0.0000168268
126501780.0723270029 0.0000168084
126512146.6922050864 0.0000168526
128032645.5832291842 0.0000168178
126583864.3638101369 0.0000167644
128040640.3245222420 0.0000168178
126556318.6997326016 0.0000168229
128022783.9270903170 0.0000167994
128022811.1009515375 0.0000168152
126508154.2391898483 0.0000168136
128036642.9545124918 0.0000168501
126505663.0691180080 0.0000168056
126570821.7009966522 0.0000168328
128040566.9676136076 0.0000167912
128040027.7208124250 0.0000168501
128029364.3910944164 0.0000167890
126571535.6136545241 0.0000168360
126504279.0609065592 0.0000168118
127994810.8838155419 0.0000167226
126507327.1644043326 0.0000168238
128043156.1161843687 0.0000168020
126532185.9762428999 0.0000168340
126501516.6490949392 0.0000168126
126513586.4674923867 0.0000168103
126500593.6697724313 0.0000168096
126504499.2214276195 0.0000168350
126504777.7186136097 0.0000167893
128018739.1533147842 0.0000168062
126501611.3642689437 0.0000168144
128043986.9732097089 0.0000168518
126500851.3193034083 0.0000168092
126508342.3738592863 0.0000167958
128030582.6511354744 0.0000168148
126542397.9252161235 0.0000168034
126531868.2720853388 0.0000167717
126505308.9394632131 0.0000168153
128043318.0086225420 0.0000168071
126510317.3025538474 0.0000168101
126501431.2427182347 0.0000168078
126510613.2601626068 0.0000168152
128046572.5903877169 0.0000168093
126509158.0995584279 0.0000168104
126503016.5980052054 0.0000168105
126515284.8176663816 0.0000168151
126504857.5551493913 0.0000168115
126507762.7085401267 0.0000168137
128043640.6750166267 0.0000168081
126499638.7749431133 0.0000167912
126499982.1266060323 0.0000167911
126510033.5033464730 0.0000168140
126499845.4756403565 0.0000167882
126517490.5345781147 0.0000168093
128046235.9031856805 0.0000167900
126523234.8464950025 0.0000167875
128042910.4103707075 0.0000167873
126511074.8748447150 0.0000167820
128047435.0532988310 0.0000167918
128043889.1105647981 0.0000167907
126502027.3799012601 0.0000167868
128040207.3987941891 0.0000167844
126501675.6226352155 0.0000167904
126520052.5100370347 0.0000167934
128041714.1152998656 0.0000167930
126510724.8439952582 0.0000167911
128045972.6864648461 0.0000167910
126512653.4500262290 0.0000167977
126501430.5489815772 0.0000167878
128046432.9712177962 0.0000167932
126500559.9719334841 0.0000167911
126500040.0312075317 0.0000167922
126499584.5694241673 0.0000167912
126504593.2789959162 0.0000167774
128047447.8184170723 0.0000167899
126522071.1034150273 0.0000167862
126501196.7677631825 0.0000167909
126501235.2367726713 0.0000167898
128046914.3727275282 0.0000167869
126512320.2086701840 0.0000167966
126499928.0901297778 0.0000167930
126507667.2450216413 0.0000167899
126502620.8711528033 0.0000167950
128036997.0933394730 0.0000167972
126499367.6568869203 0.0000167869
126508392.9728130102 0.0000167879
128044499.8302939534 0.0000167869
126512298.1986432821 0.0000167828
128046691.1907862574 0.0000167887
128044823.5191942751 0.0000167816
128044490.6279298514 0.0000167906
126499475.3981643170 0.0000167861
126505079.3749865890 0.0000167897
128047590.8638239056 0.0000167886
126499657.7878440470 0.0000167987
128045740.7298490405 0.0000167840
126505364.4658495337 0.0000167859
128047518.7240726799 0.0000167846
126508044.4873348475 0.0000167854
126500332.0514115244 0.0000167872
128036889.7200417370 0.0000167944
128045392.4869554937 0.0000167844
126501483.1078906357 0.0000167858
126499808.9049720913 0.0000167874
126505978.5174707025 0.0000167900
126499402.9510380626 0.0000167878
126506800.4486901015 0.0000167977
128043281.8778836131 0.0000167860
126507255.6298064142 0.0000167869
126499568.1586404443 0.0000167871
126508694.5193114430 0.0000167835
126499933.6852944940 0.0000167878
128042674.5986975282 0.0000167879
126499348.0572527647 0.0000167867
126504495.1875518560 0.0000167758
126501225.3868902028 0.0000167902
126510761.5452187210 0.0000167954
128047180.1413627714 0.0000167874
126505502.4003660977 0.0000167839
126499757.4575246572 0.0000167861
126504697.5893184543 0.0000167763
126500069.8136878461 0.0000167869
126504584.6340920329 0.0000167760
128046931.8327356875 0.0000167855
126501994.5059770197 0.0000167852
126504017.4374740571 0.0000167760
126501682.8322381377 0.0000167813
128047348.8493101746 0.0000167868
126500120.5425111949 0.0000167839
126499826.8023731709 0.0000167875
128046373.4318952113 0.0000167846
128046981.9285007119 0.0000167868
126503682.4247427434 0.0000167849
128047320.6920294762 0.0000167867
128046403.1499659419 0.0000167870
126499359.0572281331 0.0000167863
126502942.2982951701 0.0000167859
128047183.1255071163 0.0000167864
126502520.4867993146 0.0000167922
126499642.1858254373 0.0000167875
128046570.2185274959 0.0000167868
126500130.3543630689 0.0000167868
128047620.1205434799 0.0000167867
126499376.8784455061 0.0000167872
126502572.7952124178 0.0000167857
126499804.1359746009 0.0000167886
126503720.2541511208 0.0000167839
126499554.4039317369 0.0000167869
126500071.7620504647 0.0000167884
128047121.4697527289 0.0000167870
126499613.5532428473 0.0000167858
128046517.3465654403 0.0000167870
126502381.6333852410 0.0000167871
128046580.9554657191 0.0000167866
126500158.2911608964 0.0000167874
128047182.6319565326 0.0000167862
128046861.6163416505 0.0000167878
128046261.1419940889 0.0000167868
128047444.7372990698 0.0000167863
126500294.7449224591 0.0000167877
128047013.3185430765 0.0000167865
126501924.2075972259 0.0000167882
128047710.3296914697 0.0000167864
126499412.0351045430 0.0000167862
126499571.3425236642 0.0000167868
126500462.0006183684 0.0000167862
126499461.3865844607 0.0000167872
128047398.2465298325 0.0000167885
126499775.9493785053 0.0000167862
126501316.0378481746 0.0000167860
126499570.4865673184 0.0000167870
126499414.7011525929 0.0000167859
128047446.3482792377 0.0000167871
126500679.7633696645 0.0000167855
126499572.1073645949 0.0000167865
128047682.0668033957 0.0000167874
126499481.4978053719 0.0000167869
126499352.8107947111 0.0000167858
126499540.6466750503 0.0000167865
126500141.3171306103 0.0000167857
126499356.9212192744 0.0000167870
126499365.4487457722 0.0000167862
128047649.1083159447 0.0000167868
128047609.6980904192 0.0000167856
126499460.2428151220 0.0000167865
126499404.1553817987 0.0000167866
128047517.5571677387 0.0000167866
126500250.5609120429 0.0000167883
128047406.3785965443 0.0000167868
126500265.3007098138 0.0000167863
128047545.3005946577 0.0000167869
126500242.7426867485 0.0000167859
128047541.2609472126 0.0000167868
128047349.0770683289 0.0000167866
128047667.8195692003 0.0000167867
126500094.0582345724 0.0000167854
128047550.2777648717 0.0000167866
126499543.8859065920 0.0000167864
128047369.5385010391 0.0000167864
126500729.1329554468 0.0000167874
126499475.7405957729 0.0000167870
128047177.3210657388 0.0000167868
126499445.6798804998 0.0000167867
126499913.3485905677 0.0000167866
128047616.6541155726 0.0000167867
126499681.5855901390 0.0000167869
128047623.6738287508 0.0000167868
126499769.6889201552 0.0000167871
126499347.5940965861 0.0000167866
128047563.3065220267 0.0000167865
126499945.6078811884 0.0000167869
128047633.3807929009 0.0000167866
126499905.8818421066 0.0000167866
126499410.2157007754 0.0000167864
126499463.4006312490 0.0000167865
126499361.6668017060 0.0000167865
126499346.1680290252 0.0000167867
128047707.5118777305 0.0000167868
128047703.4153487980 0.0000167867
126499342.9046333879 0.0000167867
126499649.5075007528 0.0000167874
128047693.3649533987 0.0000167868
126499420.9757794887 0.0000167865
126499454.3585546613 0.0000167866
126499567.6690337807 0.0000167868
128047668.7495280355 0.0000167867
128046939.9103443176 0.0000167864
128047624.9462072402 0.0000167868
128047687.7316459119 0.0000167868
128047661.4307705760 0.0000167868
126499849.6925730258 0.0000167865
126499354.6094132960 0.0000167871
126499844.8268576860 0.0000167871
126499398.5044479221 0.0000167868
126499646.3875914663 0.0000167864
126499370.2530866116 0.0000167868
126499619.9753613323 0.0000167867
128047662.9581922442 0.0000167867
126499587.2678773552 0.0000167867
126499466.5539239943 0.0000167867
126499702.3769905269 0.0000167867
126499386.2150043100 0.0000167867
126499538.7484776378 0.0000167869
126499392.6251574755 0.0000167868
126499451.9784454107 0.0000167867
126499495.7055217922 0.0000167867
126499559.3390778303 0.0000167872
128047565.6707714051 0.0000167868
126499931.4394287467 0.0000167868
126499417.1141414791 0.0000167868
128047434.2888810933 0.0000167868
126499480.4742228985 0.0000167869
126499599.8677840829 0.0000167870
126499421.8554111123 0.0000167868
128047421.2251648158 0.0000167869
126499379.6971395612 0.0000167867
128047560.6710787416 0.0000167868
126499401.3530136198 0.0000167867
126499486.7163243145 0.0000167866
126499392.6629879922 0.0000167867
128047687.2134162933 0.0000167868
128047686.2566640675 0.0000167867
126499347.3623210490 0.0000167867
103717156.0000000000 0.0000167867 1 0 0 0 0 0 0 0 0 0 0 0 0 0 0 