999495392.6998118162 0.0011368988
982610682.9040615559 0.0001633229
998308049.7327733040 0.0008084093
1041056924.2371114492 0.0004893332
1089247168.3960902691 0.0003884920
974706826.5151340961 0.0000175065
1182570110.4171245098 0.0000297988
988646235.6920228004 0.0000055458
1138357418.0612094402 0.0000364724
1086030904.9666206837 0.0000248033
960008182.2299829721 0.0000003514
910853889.1933259964 0.0000124209
1114523195.7726564407 0.0000001142
908713545.2486336231 0.0000004535
897137379.8715498447 0.0000293051
880858785.5178605318 0.0000156205
900742719.3798406124 0.0000376820
733158972.0883928537 0.0000240772
675786838.6490435600 0.0000321573
669259836.0456055403 0.0000633089
671070222.0548213720 0.0000312483
636750063.2603843212 0.0000721620
687220422.9037578106 0.0000100456
552090744.7839739323 0.0000933124
538417245.9135886431 0.0000943451
550579993.9267271757 0.0000931045
641035783.5166323185 0.0000214255
663314019.2414433956 0.0000173470
615538330.0527628660 0.0000014650
517364384.9881419539 0.0001001285
534993378.1537156701 0.0000001984
509011493.8822261691 0.0001876869
496967647.9868146181 0.0002140503
585232207.9040608406 0.0001357207
497701953.5569019914 0.0002160590
568742703.6460680962 0.0001497920
502893758.6510202289 0.0002124477
573266470.3888322115 0.0001595840
499771288.5045971274 0.0001979717
588390822.7105547190 0.0001048067
497663103.5069140792 0.0000217689
615636263.6243479252 0.0001035627
493645722.6447731853 0.0001746479
515284353.6078241467 0.0000264314
487983672.0486765504 0.0001675218
405210123.1558166742 0.0003136235
416359541.0505247116 0.0002597869
462984565.0611169934 0.0001511383
407360286.4317689538 0.0003246645
425530634.2403950691 0.0003722049
422060590.1923390031 0.0002092721
461744717.4317256212 0.0000513091
400671927.3548566699 0.0006017296
400675280.5926586986 0.0008134823
388739588.8254541755 0.0006748941
391829600.4974135756 0.0001677827
395159037.5430576205 0.0005874971
533395786.0639228821 0.0002859534
430273247.9493001103 0.0005025642
408749616.0212389827 0.0007967445
393499798.7622421980 0.0000036557
395011236.7701916099 0.0001516337
372869257.2400026321 0.0004647567
406261504.8730335832 0.0008452062
380797922.5924773216 0.0006428113
448900389.6059075594 0.0000203470
379876753.2180835605 0.0001909267
393681034.5655236840 0.0004195288
367792897.8774053454 0.0005333877
392957087.4221953154 0.0001904822
375674045.7952917814 0.0004023160
403000094.8199161887 0.0023378473
365323776.6672148705 0.0011458892
427550050.4627789855 0.0000464551
349158259.7791096568 0.0013834973
400610131.2676598430 0.0014377342
363816445.5422648787 0.0012687465
356374788.4454183578 0.0053729904
363479297.4763141870 0.0015529852
404922866.1713262200 0.0009871292
368888477.1985822320 0.0009900886
453392956.6447004676 0.0014304107
365490278.0058171749 0.0010029849
386851124.6011496186 0.0017421980
336967499.7931541204 0.0010653709
325819484.1097649336 0.0005055538
335449863.0702586770 0.0005153012
408517392.4174482226 0.0001284410
354371528.6646896005 0.0003433356
395480696.9183959961 0.0012758245
336421819.0501424074 0.0007972543
357967969.1784167886 0.0000048243
323554869.1300550103 0.0004803559
374274433.9673198462 0.0000765238
326302952.2706966400 0.0004015336
384550006.7563074231 0.0011665904
319740550.6473639607 0.0009047484
358165874.5930229425 0.0004398049
320918748.5024713874 0.0007994857
357157309.2173528671 0.0032352112
314578166.0542548895 0.0009526466
408507235.9505493045 0.0005404002
334855970.2212237716 0.0009855913
397577104.7123830914 0.0007851061
306141893.5156296492 0.0008367576
408032570.6033009291 0.0010253225
282058774.2865126133 0.0011793133
370829064.4572294354 0.0009840785
302674658.1152829528 0.0006573216
299118487.7819913030 0.0014635127
286752646.4054263234 0.0007883055
389282173.7477932572 0.0005407450
276523748.4149195552 0.0010048117
302932566.7334151268 0.0005208452
305758307.3252962828 0.0010422135
342007740.1428079009 0.0004360230
277906297.0475736856 0.0011168100
336887441.5258259177 0.0002191857
273597545.3048629165 0.0010875677
304724246.6218802333 0.0004021450
261998256.0861313343 0.0012216752
339705735.4429238439 0.0001358632
270936937.2466793656 0.0008596142
313941564.2474991083 0.0004532406
271528175.3370333314 0.0008691621
337584753.7661917210 0.0003689561
260557023.2580294609 0.0010160155
282294541.0431255698 0.0035835780
263890006.3015021980 0.0003403026
323396659.5088536143 0.0001134499
268923618.0875859857 0.0010796837
299264995.9600575566 0.0006576644
278146214.4041665196 0.0008109420
266786505.4325748384 0.0006891378
287777550.9974634647 0.0007781132
263037826.3836441040 0.0009651343
274767809.2901163101 0.0011480962
260535256.2840496898 0.0010944865
240159267.8314152658 0.0004867974
240256136.3936089277 0.0005821874
267904007.7805728018 0.0010235436
242320630.3767499328 0.0006359279
255272734.2880091369 0.0008674881
265426325.7620218992 0.0004834494
250024341.0487355292 0.0005701143
240044794.5763234496 0.0006372027
254900613.7738063633 0.0019078575
238891699.0498487055 0.0007371949
257819499.8080164790 0.0008303752
243553490.5981467366 0.0005266481
229466362.7604122162 0.0008513758
227581097.0061933100 0.0011875323
239768981.7126140296 0.0003919258
233322129.2919725478 0.0010045075
230981486.4596899152 0.0007900260
225623796.8701457977 0.0011826038
236801776.1468188167 0.0006954029
225647103.7307052016 0.0010983944
227364949.2265633345 0.0012268349
231000701.0343186855 0.0009861995
236079529.0332503915 0.0013139456
226428893.0805376172 0.0011454762
219368532.5870943069 0.0040338419
219609806.9761278629 0.0042630947
223675246.2415802479 0.0044261385
221192794.2588702738 0.0044313832
247281614.7638298869 0.0026927574
217300974.1262788475 0.0043630565
234710288.3021357656 0.0031604100
217919625.4872244596 0.0052318511
244599319.2346848845 0.0043060505
218710453.1197665632 0.0050102622
214131358.6705124974 0.0037980450
219407792.5529513359 0.0038582252
219053836.1068953574 0.0016441200
217855590.2389773428 0.0040210320
218989836.1770370603 0.0044335350
215431142.5636249185 0.0034579461
211529522.9485990405 0.0058577677
217974561.8210808933 0.0057445760
220845678.8152847886 0.0092153580
213168891.0939908028 0.0054150691
221214022.5077748001 0.0076287638
210919094.1893423200 0.0055302349
238156466.7465395331 0.0034834240
212252708.5356220901 0.0066734229
214501446.9145461619 0.0059445173
204187730.9256652892 0.0053574490
249783781.8302061260 0.0034260171
206090642.1089901626 0.0050011678
202006724.3825850785 0.0030547681
205840275.7730458081 0.0030412467
217013346.1945471466 0.0033067822
208515274.4121549428 0.0028757136
219657087.7008465230 0.0020104444
199147602.3403542042 0.0026237443
239967691.1603042781 0.0012245106
198321143.8808056414 0.0022916349
218408186.5640087426 0.0023991897
200831461.1137921810 0.0019029613
205991637.2432828546 0.0003162052
197948365.9718786776 0.0024926756
196308679.4661504328 0.0028826047
197097734.5643125176 0.0028341551
200825413.7112209499 0.0070500436
194845274.5445142984 0.0035432790
193439679.3978814185 0.0026593996
192783251.6178786159 0.0028287165
215144562.0035589635 0.0018230919
195420580.8509044647 0.0036155914
193264308.7734461725 0.0017857311
194240290.8391329944 0.0011617386
189415725.4648492932 0.0064152591
190761265.9513119459 0.0066308679
177266702.8842718601 0.0069366452
176113654.2376281917 0.0063064022
166943902.4456317723 0.0044923422
167376158.0509668589 0.0054630624
163297139.8798660338 0.0038591031
165101399.6446612477 0.0038355769
184516571.3477935195 0.0033189360
162686005.6849346459 0.0050023029
169968107.6096884608 0.0010740019
165019224.9784118533 0.0037003037
196335919.0534772277 0.0050958957
167548372.6503412127 0.0032537790
158175340.0353885293 0.0013775401
160572676.2861874998 0.0015948734
191592657.8142905235 0.0013188606
156611325.2542716265 0.0011182828
160074478.9704800546 0.0008593422
155039855.0295570493 0.0005129340
204327991.0607395768 0.0022869499
160384218.8016123176 0.0003822313
173905411.4421247840 0.0000452592
155961440.6880553961 0.0002936426
164054179.4241336882 0.0002610554
155408685.2856753170 0.0010589378
164346666.3154440224 0.0003752657
159347137.4938613176 0.0008052016
177959868.6206094325 0.0010133706
159882766.7002712786 0.0007893047
156382207.8917718828 0.0038623335
157872466.8197079897 0.0002364387
162205609.9263471067 0.0000927600
161154124.9935315251 0.0004917854
176964125.0300442278 0.0002954155
160313246.7264544666 0.0009087864
166861803.2742789388 0.0003224721
160575571.0607246161 0.0005255183
157349893.5990979373 0.0000256132
156787681.0911775827 0.0005981950
153812625.5673681498 0.0004188625
153429849.5956002176 0.0002080603
154799041.4153814912 0.0002457706
154756523.2793130875 0.0000454405
177408907.4491121769 0.0016510353
157526236.7558285296 0.0002662554
168766052.7424946129 0.0000432050
153199981.6787153184 0.0001801813
158319225.5563650727 0.0003005594
153560359.6245760024 0.0001629308
178972940.1266106665 0.0003052179
155610673.5812594593 0.0002827896
172973183.2858209312 0.0007590179
154976442.1612607539 0.0001889164
190341726.0679346621 0.0001554392
154806540.5000683069 0.0003913616
170838428.8778593242 0.0008703235
155380361.7524659932 0.0002954972
170325372.1731157601 0.0000542413
153427842.6187537909 0.0003425146
152560383.9224216342 0.0002395528
151275195.7237316072 0.0000280573
158642303.6989562809 0.0000311039
152582955.1584635079 0.0000003655
154683616.7222925723 0.0002519854
152169887.3341591656 0.0000600294
154532894.4019140899 0.0000325547
153596364.1671088934 0.0000407643
182959123.4849914312 0.0000004368
153102473.9928832650 0.0003354936
164251682.3017698228 0.0001872261
153699131.1362053752 0.0000010526
154347717.8435637951 0.0010438846
152122803.7064183354 0.0000391593
167594151.8616752326 0.0001474828
152618023.5555450320 0.0001502608
152479900.7163378894 0.0003486646
150479897.6025210023 0.0001008606
158982905.5796284080 0.0016446943
152892013.9335519671 0.0001177360
152353710.8836692870 0.0006339073
150500325.8038220704 0.0000372724
162876502.7319772243 0.0000224177
151407318.6221431196 0.0000191349
172250181.4024542570 0.0003411142
150223663.8328019381 0.0000190387
155148017.0584399998 0.0000109988
149895776.7505968213 0.0001187291
144787762.4253827035 0.0024950242
144468732.5613875389 0.0024742720
153086070.1982557178 0.0108807747
144141700.3403204381 0.0026617245
165959161.7109906673 0.0007864460
143801134.2618711591 0.0018028728
140009183.7008940578 0.0006306982
153219925.1010097563 0.0006612284
145091841.9411776960 0.0000963797
139778695.8894623816 0.0006244272
150000610.5463675559 0.0005418068
151637004.8544255793 0.0007019259
161656908.2089971006 0.0011209855
140010518.7350344360 0.0006567016
156889325.5598379970 0.0000952711
140038737.5139038265 0.0006438481
159297173.7521532774 0.0007581497
140223160.3077109158 0.0005340703
151581736.6299938560 0.0005701399
139720321.6650152802 0.0005480987
146633345.0203528404 0.0005469017
152102560.7491653562 0.0004689868
147381893.4272572994 0.0002906114
139750493.6134797931 0.0005432566
161820017.9467213452 0.0001359090
151251493.5427114367 0.0004633747
144118134.7054910958 0.0001567703
151877891.9947459996 0.0005162924
147616958.0708220601 0.0000386232
139821865.5229719579 0.0006101186
143083808.7961955369 0.0012888907
139840360.7479389906 0.0004200048
168931451.2364391387 0.0009680344
139776695.7272855043 0.0005670515
149571238.4390959442 0.0000012913
150707524.3068542480 0.0003079050
146695803.7163674235 0.0035782277
152614103.8581300378 0.0003915972
150052173.9465076029 0.0029755369
148993994.0946769118 0.0007118454
141715241.9217116237 0.0007939198
146913065.8835487068 0.0007629974
145949008.3940311670 0.0000532747
139938665.1563584805 0.0005889724
158036672.9180335701 0.0000159199
151940185.0059063137 0.0006802966
144318457.0264609158 0.0004743415
148751989.2742909789 0.0010614769
149030241.1594375074 0.0002377236
152528361.6370614171 0.0004353891
159181749.4624736905 0.0009206161
150183119.0420423448 0.0004239815
143493711.7572496831 0.0000351526
139845309.8890255392 0.0001158077
146187612.9007605314 0.0027987129
150759343.3866806030 0.0004774893
150787440.0512608588 0.0014125205
154536377.9955411851 0.0001012066
142732639.7135464847 0.0018204557
150345695.9569854736 0.0004265874
154868490.3966775835 0.0022510413
148846803.8247662485 0.0008069569
153338370.8099067509 0.0000807042
152441714.4457198679 0.0003679258
146492720.4562005103 0.0000000141
140135134.8017947674 0.0008097272
163995787.6259398460 0.0014518243
151126753.3708385825 0.0004113398
156317086.6969452202 0.0015292699
156299986.2328625023 0.0022097340
143727617.0754884183 0.0012279387
151330387.5706278086 0.0004616258
152078199.5800075829 0.0003146749
152686216.4073655903 0.0006330233
146367852.6735319197 0.0002985008
139740089.6498929858 0.0005099382
151980800.5311466455 0.0005769808
139655974.1801975369 0.0007381219
150758589.2221205235 0.0006653735
149262718.2963717878 0.0005824122
139743057.1788470447 0.0006389293
148564024.9717476666 0.0007478946
139677978.4517194629 0.0007268606
150785401.0620221794 0.0006153418
139732565.2773954272 0.0007792252
139970101.7071363330 0.0011414918
139677820.8886455595 0.0007052854
146699284.2606428862 0.0010002866
150073501.9140412509 0.0007576750
151280156.4658260942 0.0004015402
139737981.5973130465 0.0007390984
140042549.7174010575 0.0006908808
139676097.6570616364 0.0008388468
147186400.4072679877 0.0005392400
149941511.3416781425 0.0007434905
149250174.8171258271 0.0005413395
139764929.1422202885 0.0006448332
148909978.2032772899 0.0010872896
150056933.6914093196 0.0007779622
149693620.9406992495 0.0002959946
150888585.6064082086 0.0006831163
140092631.5572650433 0.0006441017
150294875.6249983013 0.0007502565
139996305.5808987617 0.0010082125
150584157.6103630066 0.0008821606
151738326.4490760565 0.0003698725
150103582.4269656539 0.0007779488
140338456.6912695169 0.0004660637
150871719.0659579635 0.0006749036
139855891.4348224103 0.0007962570
139673351.4282893836 0.0007486345
149049378.9611662626 0.0008736188
139656175.0297122598 0.0007561912
148446647.8515289724 0.0007978302
150770993.4291573465 0.0006592997
139770073.3112806976 0.0011389751
149775236.5734483600 0.0007300134
151628968.2155902088 0.0008917035
139662638.2045882344 0.0006718759
147708520.5761025846 0.0012060478
149522558.6021136940 0.0009565078
139661365.3626759946 0.0007103448
149206259.8419003189 0.0008743200
150511287.9565840364 0.0007697307
139784536.5464287698 0.0007254212
139770018.6310783327 0.0007300977
150862420.1844880581 0.0007259798
139673315.4285581708 0.0007711000
139681621.5977204442 0.0007463574
139893836.8821508586 0.0006277287
139669996.6354369521 0.0007470003
150655699.0818034112 0.0008378973
150632512.8441284001 0.0007417231
139726593.3131282628 0.0006600899
139665218.4597975612 0.0007305563
150239142.1876749694 0.0007622012
139700824.2635299563 0.0007485117
139751597.4350897372 0.0006694777
139730436.8821092546 0.0007404322
139672614.9862793088 0.0009181998
139689030.9084197879 0.0007393554
139777093.4710085988 0.0006933018
139690472.9376884997 0.0007394533
150514791.1285293400 0.0006378160
139661629.3986581564 0.0007339146
139765371.3652889431 0.0006871184
150484285.5427629948 0.0007365922
139784003.4985203445 0.0007153617
139673141.4015050828 0.0007371790
139733862.2993818223 0.0006946680
150787785.0740017593 0.0007680233
139737213.1617761254 0.0007185939
139695576.5156137347 0.0007214007
139807992.4416112006 0.0007983958
150608107.3436677754 0.0007587916
139689675.9949492514 0.0007025412
139659474.8057796061 0.0007220661
139807176.7531438768 0.0007973670
139651943.6563850641 0.0007467973
150118213.8943713605 0.0007051952
139672452.4395271540 0.0007297533
139881748.0797143579 0.0007233087
150641296.5416140258 0.0007706416
139777598.9928391874 0.0007162605
139646927.7262797058 0.0007413799
139758848.9120310247 0.0007391842
139679958.8633380234 0.0007552892
139670630.9594841599 0.0006805367
139657464.2909805775 0.0007461748
139797242.6283303201 0.0006745159
150804939.2411464751 0.0007322223
139807416.0923744440 0.0008025226
150902188.5957545042 0.0007379309
150726733.9638964236 0.0008007538
139652669.5461817086 0.0007431519
150973892.6485739052 0.0006725231
139653172.0192229450 0.0007402774
139679947.3964994252 0.0007875539
139656802.6084584296 0.0007354672
139662621.9005518854 0.0007292910
139657410.9448193312 0.0007443708
139707250.4017743170 0.0007656859
139664601.0118451118 0.0007276355
150929046.4518641829 0.0006714225
139670789.3077165484 0.0007413541
150664931.7343898118 0.0008510427
139652291.9205904007 0.0007338618
139684456.2634679973 0.0007048577
139650799.3413721621 0.0007446544
139752974.5844861567 0.0007205626
139650333.6845797598 0.0007343937
139721094.7387572229 0.0007252031
150790499.5438902676 0.0007413230
139703550.5897094905 0.0006851599
139663650.0807527304 0.0007432148
139718819.5083716512 0.0007460795
139654207.2713502049 0.0007365758
139694604.5195223391 0.0007005173
139672873.8497643173 0.0007306667
139653139.3920271993 0.0006954006
139657967.5391698778 0.0007386439
150827587.7327045500 0.0007029979
139688126.4749160111 0.0007120870
139692447.6784339547 0.0008020665
139733198.0712469816 0.0007467551
139651215.4521338344 0.0007642438
139654539.4053283930 0.0007377553
150778136.2169013917 0.0007652349
150940432.8199367821 0.0007461523
139658667.5455148518 0.0006976466
139674162.2740632892 0.0007458323
139713224.3561742902 0.0007350902
139671557.4328329563 0.0007415223
139664476.7903983295 0.0007275997
139707261.6011510789 0.0007351704
139710099.9440533221 0.0007285695
139668606.3707899451 0.0007645013
139738021.0171332061 0.0007528051
139665208.2297848761 0.0007433574
150760486.9519355893 0.0007485988
139720852.3238576651 0.0007386796
139671211.3859892488 0.0007354035
139739851.1343065798 0.0007377778
139682719.5047482252 0.0007285002
139650554.0893702209 0.0007457766
139670499.4125283659 0.0007334693
139677205.0794436038 0.0007415073
139690605.4111441970 0.0007790402
139648635.8531073630 0.0007356630
139655258.0081211925 0.0007529790
139655449.3079171777 0.0007403990
150886252.5377348661 0.0007409741
139653982.7678906918 0.0007421589
139648444.6752654314 0.0007278656
139650911.8501707613 0.0007325585
139693702.7126061320 0.0007426537
139659290.7963950336 0.0007434003
139688736.6562586129 0.0007467496
139648988.1603887975 0.0007424847
139691008.0486826897 0.0007192888
139652028.3467022479 0.0007391689
139670235.1879867613 0.0007364438
139655731.0764998794 0.0007316488
139719025.6493331790 0.0007568861
139741082.1983758807 0.0007410893
150870195.9069882035 0.0007490748
139654539.3252170980 0.0007382340
139710772.2693756223 0.0007400231
139727876.2444704473 0.0007424432
139677794.1448595822 0.0007149586
139722020.0995314419 0.0007459560
139651771.1274949908 0.0007396768
139658057.1684577763 0.0007426707
139659381.8923028111 0.0007339636
139649873.7649936378 0.0007360290
150769330.9683507979 0.0007573760
139652188.7823628783 0.0007405116
139676229.3388560414 0.0007404666
139652270.8585610390 0.0007435988
139740490.9626581669 0.0007411217
139665894.2934576869 0.0007387746
139670937.2061182261 0.0007405896
139647676.4037441313 0.0007451383
139649130.2909188271 0.0007412702
139662637.2274084091 0.0007412399
139657924.5533079207 0.0007362882
139672394.7039838433 0.0007429799
139656047.3012162447 0.0007392934
139646992.9075515568 0.0007434018
139659733.9220560193 0.0007486636
139670277.3496286571 0.0007418680
139652203.9266966879 0.0007417805
139648062.3339972198 0.0007417183
139665643.8351749182 0.0007424216
139671662.2650977671 0.0007425402
139648048.4255368412 0.0007402958
139647930.5787400305 0.0007405687
139653265.4305087924 0.0007421197
139647260.4023706913 0.0007412919
139654905.5055514276 0.0007425377
139648267.3957314193 0.0007400010
139665310.9158221781 0.0007324872
139649417.9690171182 0.0007385989
139647022.8772884905 0.0007450407
139646599.1700766683 0.0007427304
139665567.1145697832 0.0007410801
139646758.3118006289 0.0007408604
139659562.9489302635 0.0007442298
139680243.1450153291 0.0007445292
139740380.7647787929 0.0007436319
139673862.8863360882 0.0007420441
139729892.8574365377 0.0007531851
139669984.2281952500 0.0007422133
139663196.1954102516 0.0007381169
139649127.3124125898 0.0007442559
139646568.1037127674 0.0007434719
139650869.4092478752 0.0007438387
139675362.0100301802 0.0007435001
139646869.6250756681 0.0007441056
139679373.6413583159 0.0007430780
139650495.8243803680 0.0007430900
139646866.7156333327 0.0007430446
139667510.9174903333 0.0007446664
139679316.1759253144 0.0007446481
139656390.3842698932 0.0007399367
139647346.8938846588 0.0007430926
139676097.7100688219 0.0007442094
139648131.5634014308 0.0007437884
139649229.4591127634 0.0007409666
139647566.7891874611 0.0007434773
139650467.7064785659 0.0007418600
139646682.7427649796 0.0007439996
139648855.9450545013 0.0007452727
139646971.4656175375 0.0007439077
139652237.7889212370 0.0007463307
139646923.0952223837 0.0007436189
139649992.3084343076 0.0007440640
139680192.2154062390 0.0007435895
139649415.8396587074 0.0007447503
139647489.7177677453 0.0007431470
139671035.4569994211 0.0007432013
139675257.7736850381 0.0007433094
139679692.2618418038 0.0007434090
139647069.3434568942 0.0007431850
139663431.4971965849 0.0007415605
139646674.9894632995 0.0007435081
139669103.1575600803 0.0007480210
139677285.4080543816 0.0007434911
139647771.8735280633 0.0007432301
139647665.5550433099 0.0007427795
139647591.5515313447 0.0007411817
139646813.7937623560 0.0007432464
139662158.1176108122 0.0007425757
139672574.6096682250 0.0007440061
139649185.7387410402 0.0007417089
139675621.0877461433 0.0007436611
139676641.4156164527 0.0007436256
139659496.1449394226 0.0007452538
139680150.9133358002 0.0007434087
139646868.4883466363 0.0007436169
139677403.6764615178 0.0007452979
139646765.6721651256 0.0007434710
139678778.4075816870 0.0007435521
139647667.8986752927 0.0007438026
139646493.6718685031 0.0007432436
139646514.1675015688 0.0007431576
139675950.2712038159 0.0007425224
139680169.5883067846 0.0007430212
139674138.8014185131 0.0007426316
139671607.7663572431 0.0007439589
139648671.5614408851 0.0007434478
139646507.8644542396 0.0007431296
139649466.3306366801 0.0007441613
139646820.6711234450 0.0007436568
139649028.5030910373 0.0007424864
139646826.9620073140 0.0007432810
139649194.9400672317 0.0007437823
139646728.7151736915 0.0007433727
139647958.7988738716 0.0007419878
139646924.9073444605 0.0007427845
139647602.9712474942 0.0007431102
139646525.1837633550 0.0007433657
139647742.4194691777 0.0007412688
139646624.4797898233 0.0007430081
139649789.0906531215 0.0007439754
139678988.2185119390 0.0007431293
139677987.8415184915 0.0007433253
139679436.9664836824 0.0007433832
139649702.0546405613 0.0007416809
139646654.9878735840 0.0007434800
139648144.6956664324 0.0007419205
139646817.4130831659 0.0007431331
139647939.3182732463 0.0007433254
139677596.0270952582 0.0007437509
139646855.4476307631 0.0007429148
139679851.3568189740 0.0007430221
139671053.2130227685 0.0007454318
139647107.1669599712 0.0007433264
139673918.8683862984 0.0007443108
139646796.4020855725 0.0007432721
139680143.1944485903 0.0007430478
139677897.9934152961 0.0007435570
139648731.9999952912 0.0007411863
139646496.6194294989 0.0007430523
139673634.2129003704 0.0007433449
139678788.9184820354 0.0007432005
139680091.2263447642 0.0007424013
139680102.8648385108 0.0007435234
139646791.6853017211 0.0007417026
139677583.6228090227 0.0007434513
139646720.1126787663 0.0007428806
139679920.6744785905 0.0007434784
139646673.7548705339 0.0007422313
139680305.5906287134 0.0007431853
139679497.0144670606 0.0007435135
139646641.2977262437 0.0007432562
139680018.4931069911 0.0007434866
139680381.2653446198 0.0007433279
139646627.7829228044 0.0007430324
139646604.1579037309 0.0007432902
139646762.4924082756 0.0007426042
139646866.3803205490 0.0007433028
139678160.2351273894 0.0007431726
139646636.9600034654 0.0007432420
139646634.7565534413 0.0007429177
139680311.6734609306 0.0007432464
139677450.6948842406 0.0007436399
139679831.5104782879 0.0007431396
139646539.3487159014 0.0007436701
139679579.4602725208 0.0007432514
139680110.0585093200 0.0007428732
139646663.4767661691 0.0007432120
139646907.0431677103 0.0007429065
139646544.5791946650 0.0007432278
139646880.9661844075 0.0007429125
139680143.1283125877 0.0007432663
139646899.3686963022 0.0007433365
139646681.1333329976 0.0007427750
139646587.6430083215 0.0007430092
139679814.9317552745 0.0007432456
139646560.2063612044 0.0007431480
139679298.3082271814 0.0007431738
139646824.3596557379 0.0007436009
139646528.8826192319 0.0007431650
139647456.1715851128 0.0007434200
139646571.6126036644 0.0007432094
139647333.1861576438 0.0007430047
139646595.6228374839 0.0007430590
139647131.7379322648 0.0007430455
139646506.7234371603 0.0007432297
139647072.3482503295 0.0007429059
139646590.3742538393 0.0007432645
139647355.1967394054 0.0007430475
139678581.0078013539 0.0007434153
139646693.2742939889 0.0007432601
139646568.8611456752 0.0007431755
139647274.9522902369 0.0007430531
139646539.2862211764 0.0007433035
139646967.4814226627 0.0007428569
139680245.9789080918 0.0007431790
139679740.8103808463 0.0007435121
139646523.7338226140 0.0007432720
139680174.3725552559 0.0007429633
139646537.8546718657 0.0007432861
139680307.9025036097 0.0007433140
139646572.6172784269 0.0007432881
139680254.5231140554 0.0007429812
139646528.8444498181 0.0007432044
139680257.5729165673 0.0007429802
139646514.9241189361 0.0007432830
139680317.7439554632 0.0007429656
139646551.1204179227 0.0007431327
139680231.7594266832 0.0007429890
139680326.8636162281 0.0007431163
139680254.2268711030 0.0007432504
139646505.5523108840 0.0007433756
139646594.6032435596 0.0007432019
139646528.0534131527 0.0007430070
139680339.0968887508 0.0007432466
139680156.8295763135 0.0007432463
139680209.8324139714 0.0007431861
139646586.9818646014 0.0007431960
139680271.4792907536 0.0007432121
139646748.1546711624 0.0007434543
139646510.3405939937 0.0007432490
139679919.0780526400 0.0007431448
107611872.0000000000 0.0007431448 0 0 0 0 0 0 0 0 0 0 0 0 0 0 1 