683897749.2204741240 0.0005043286
652584791.8191378117 0.0000101401
659870275.2471295595 0.0007657114
707723271.9273498058 0.0003817366
655731551.1977006197 0.0004453344
736984140.6433885098 0.0000035690
756539387.3224545717 0.0002568905
657595806.4590812922 0.0006319553
680431832.6612342596 0.0003610485
700934717.8989508152 0.0002381295
773641421.1511691809 0.0001723505
628226003.2067376375 0.0009350828
722681213.0956069231 0.0000472609
628477737.1445928812 0.0000127691
612405070.4327735901 0.0016835348
692872228.3705585003 0.0008973726
682919550.8405555487 0.0005889278
515817084.5886638761 0.0030594758
475756808.3452998996 0.0040478080
483196820.4021763802 0.0029977197
452616530.7590795755 0.0022959233
442815044.5411550999 0.0021355779
482713480.3217950463 0.0006842563
410371846.8323328495 0.0021266595
405483707.0508059859 0.0007675387
560461055.0633735657 0.0002280439
466984318.7937859893 0.0000669095
481408834.3572723269 0.0001234949
453089841.0346075296 0.0030217818
371545811.2142778635 0.0008121126
434207180.1393959522 0.0004328794
325444115.5533187389 0.0003732064
404891387.1227985024 0.0006876074
321965914.6992414594 0.0009372865
365966890.0942560434 0.0000296535
322927644.1698526740 0.0011189601
366380928.3755068779 0.0000026973
335395384.2779678702 0.0005117773
364470678.7160145640 0.0001791941
342225979.9966959357 0.0012222691
383203272.1987347007 0.0003466851
323215439.4331695437 0.0014157811
327363218.2155345082 0.0010694569
314906323.9940807819 0.0005808519
369982555.7975233197 0.0000084546
315169305.2655133605 0.0005892469
327252638.3217199445 0.0016475037
319774441.8149725795 0.0005780845
385122193.6411276460 0.0002751006
315917799.7490604520 0.0007878111
316841870.2898996472 0.0002038826
313940723.0597639084 0.0008725213
279028226.0948867798 0.0068842152
274077951.6095918417 0.0069406630
262308243.4926525950 0.0066085245
263219103.6593653858 0.0066991724
263861842.5490510166 0.0008034870
274567700.0600221753 0.0055797030
299705474.8466219902 0.0010234189
284107939.6347843409 0.0043019817
230932130.6476773918 0.0050357381
231824149.3011138439 0.0095175703
272170484.8468487859 0.0092075016
233854508.1986467540 0.0050711000
203328539.2863749862 0.0000553912
199731778.2266327143 0.0004262582
222345355.4471899867 0.0108601468
213593699.2773829997 0.0003928345
232337123.8638801873 0.0000000000
196785411.9436454475 0.0004773079
235624542.4264044166 0.0000000000
200521597.9699538946 0.0003827518
221672008.0224690437 0.0000133437
197771288.5865041912 0.0004263292
216177612.1200289130 0.0000576071
206703116.7095184326 0.0003932856
232499119.8522442877 0.0000331168
199052252.3843890429 0.0005249558
210905680.3057334423 0.0000005436
193467905.3455659449 0.0014308820
250546719.8364090621 0.0088854165
208103330.7230260670 0.0013463192
338410111.7278337479 0.0000399554
206757484.8259994388 0.0014374148
229365448.0536473393 0.0000000000
187619535.2265869677 0.0013739201
239302032.3437523842 0.0000000000
195664624.0177105069 0.0015232050
234969065.6136560738 0.0000068928
193518559.9994900227 0.0012992015
272710705.7354460955 0.0009029635
210648996.7581175864 0.0009206426
240443908.5208820105 0.0055369257
200775997.9668583870 0.0003778705
235752099.2076277435 0.0000000000
202789055.2240147591 0.0017459453
206361047.0880815089 0.0106628530
194891467.6200531423 0.0014063225
220660276.4742944539 0.0008136805
192253422.1605823338 0.0006645825
176438422.3684945107 0.0057624632
170140787.7779088616 0.0043257459
204806923.3161154091 0.0173182065
169660035.3939547837 0.0160142362
178087075.3061709106 0.0073386258
169492270.7520706952 0.0163770979
181549680.2165001631 0.0263003958
214527719.4596950114 0.0128018921
199374625.7389791310 0.0167713992
169987519.8905514479 0.0200172467
173649892.8362874389 0.0246462132
169987307.8659859896 0.0172714874
333577610.5829038620 0.0024611782
211380603.8177019954 0.0379787046
216118070.1532719135 0.0065425694
168998093.5661040843 0.0170839326
211561220.3873029053 0.0513575278
162885518.8144132495 0.0197817195
180154307.7226877511 0.0041416557
154434121.2940284312 0.0177755639
172744132.6632457972 0.0090039216
158949969.4241891503 0.0301762288
164921598.2277740240 0.0019291259
158142615.7112844884 0.0234513790
183323624.9048026204 0.0018996619
163354798.4966722727 0.0265140255
206535360.0110222697 0.0076239701
151450340.1778986454 0.0152616158
178048936.7767323852 0.0157106422
162957551.6761214733 0.0164348151
192330463.3832737207 0.0087859592
166327211.6828879714 0.0135765781
151305540.9277884960 0.0165680023
155622857.0733903646 0.0353146565
151559406.5977453589 0.0180030885
164035849.9926141500 0.0314640775
152181464.5410673916 0.0159396379
175604395.0087267458 0.0161436730
154297903.9563119709 0.0177206473
179423649.0084882975 0.0131985819
151157889.4929504097 0.0169334705
161016709.0879903436 0.0150673982
171233165.4061763585 0.0120708582
161469732.3932257295 0.0245193470
171624708.9258857965 0.0149244085
176042029.4802369773 0.0139762533
152844041.9554351270 0.0164596994
154480010.7135908008 0.0157789711
155493251.3177196681 0.0171324637
160909956.8412705958 0.0127131660
164049530.0443205535 0.0140934316
168062162.5407839119 0.0099790220
150723039.7412454188 0.0196733519
168722420.3641989231 0.0387521920
160855094.0249421597 0.0143346121
176508522.3507526517 0.0182850568
151359871.1444881558 0.0199135984
165112230.7984381914 0.0152364296
152915099.5549744666 0.0213624715
155383525.7711265683 0.0239820623
154314743.2956835032 0.0178283746
162182312.4333404005 0.0353535484
172506930.6513336301 0.0155801818
160541356.7815746963 0.0134620218
153404909.5406371057 0.0222391726
159990138.1182205081 0.0161852221
155474029.5459403396 0.0145078945
213365816.0914663672 0.0096805843
150673949.3682250082 0.0215103519
151869206.0165598691 0.0233878959
150942141.5314622819 0.0218821173
150866833.4451473355 0.0195647615
160815641.4136985242 0.0217826187
160303710.7202453017 0.0261626444
156257711.4450120330 0.0207635791
154992121.0877344906 0.0127309050
155536386.7486054301 0.0241984635
155895624.2655715048 0.0356500028
161992166.2305999994 0.0138109191
154620589.5296486318 0.0210809817
150928037.1175253391 0.0294025487
155608010.7483997643 0.0221659331
150856767.8201168478 0.0184321562
164236299.2135444880 0.0206560499
171164708.1473096609 0.0312206042
155385610.5296369195 0.0225198584
154916921.7332592905 0.0283961833
150806464.6807481349 0.0195314812
150200781.8491505086 0.0251118004
155733218.1190007925 0.0243245146
154588706.8557453454 0.0249275285
150973143.4899064302 0.0245607287
150365403.3860640228 0.0221036440
151811582.8145669699 0.0263950050
159344281.2729946673 0.0289988108
153613718.0092734694 0.0240793443
152210892.7323716283 0.0260793754
150887594.2953379154 0.0242129753
155089746.8728947341 0.0252101812
152064116.0621535480 0.0246910519
150019418.2056516707 0.0310918496
156995461.4824845493 0.0332098285
158802461.7900508344 0.0220119864
150025559.2247851193 0.0303938883
154459552.4284480214 0.0257341570
156529620.9937128723 0.0344646238
152105625.6885086000 0.0276936223
152348283.5066233873 0.0306913282
165532597.9426369071 0.0168112564
149544496.5067652762 0.0297638293
165998214.0471265912 0.0427000162
155540529.9105935395 0.0330552962
157216394.3483815491 0.0244202166
149770335.9272408187 0.0274589634
154254495.7215915918 0.0210221728
151103399.7847273946 0.0298826970
162961209.6843223870 0.0306715022
149364025.6378231049 0.0290452409
154715919.6216157973 0.0334736547
154610283.6114115119 0.0327983071
152139908.4368191659 0.0221228558
160535974.8851148486 0.0276627558
152649333.9299344420 0.0315938141
148945665.0235150754 0.0313170883
157346746.7420167923 0.0310447549
149786929.5071129501 0.0348348083
152008691.7816881835 0.0479997016
148740817.0752778351 0.0299035954
150541658.4724307060 0.0253090577
149457729.2213528156 0.0302216168
152714298.9399760067 0.0340033796
150400028.2779179513 0.0292437562
158254262.5094179511 0.0245426854
149936547.4399972856 0.0288312770
160755290.3594018817 0.0187190491
160817364.5095924735 0.0264769247
152425594.7502562106 0.0300851525
150816010.0824469626 0.0276158772
153025906.4508469105 0.0311927560
149675971.8823308051 0.0299694850
148862144.7732442021 0.0289990383
150428940.5384881496 0.0296204863
151998919.9006647170 0.0301646598
153816555.6754066944 0.0257455499
150334603.9785547853 0.0296320819
149952595.8738081157 0.0276349360
150857763.5691750348 0.0289861268
158485829.4918851554 0.0277305451
150278190.9354376793 0.0304327312
152505663.4038160443 0.0270966833
150886808.9458663464 0.0293137633
148709947.2459191084 0.0328984445
152345319.5862260759 0.0325672049
156346137.2254016101 0.0399051982
153140079.1043245792 0.0324258657
151609764.7507984638 0.0289406737
148981673.7928856313 0.0320525485
156525418.3212163746 0.0358660299
148401048.9103690684 0.0356724065
150850655.7750788629 0.0343139154
150139969.5870402157 0.0343647145
155314037.8333496451 0.0401706549
154036806.3634613752 0.0339925018
148901461.8939104676 0.0382228028
148803175.0793776810 0.0345806562
150609197.3941221833 0.0373466330
149328327.5207434893 0.0361437968
147276545.3698397279 0.0442101776
147811435.8093315065 0.0441704893
161925293.9692382216 0.0397437651
148997115.7388930321 0.0426091819
152578327.0204296708 0.0445542353
148354518.6745589972 0.0455996367
147883276.4502620399 0.0435216498
149408248.6965124011 0.0437429676
155849177.1153800786 0.0453128118
147356503.7195450068 0.0450565548
150277271.6855744421 0.0403967488
148779905.6772081852 0.0446141135
164514129.3166722655 0.0441478710
151959413.4649308324 0.0431169398
154070112.3778272271 0.0453186193
147918751.7317491174 0.0439860173
153471043.6256858110 0.0506044609
147645007.5757268965 0.0450014533
152103779.1890642643 0.0463748487
149630558.4701402187 0.0449305270
162363115.4410110414 0.0448043826
148046247.2965218127 0.0444811587
150464407.9185006022 0.0457586857
147559179.1916880310 0.0422681215
148124608.4055405259 0.0377115734
147956742.3186661899 0.0440460154
162904285.3544261158 0.0398568024
147532637.8401933014 0.0428407697
151221666.8411829472 0.0441280782
147977785.9685847163 0.0446224233
165960770.3236699998 0.0413283692
147487715.6245674193 0.0453823023
151547247.4158648551 0.0503076653
151522592.3648536205 0.0459202645
148068192.9894045293 0.0436632875
147477517.7480899692 0.0427981414
147372475.5353089273 0.0533936649
149725749.6993216872 0.0448873360
147603249.9267226160 0.0422964667
147449005.5311537683 0.0450873666
148811833.4581408501 0.0444641832
147781371.6870530546 0.0436751271
165148527.6202567816 0.0443557579
147681172.4319974482 0.0432710419
149867005.0897990465 0.0417984415
148579369.6860812604 0.0433101480
152397806.8959516287 0.0468199220
147719686.4206327498 0.0451450575
148549438.7064087093 0.0396615607
150427908.9354151785 0.0392789657
148261649.2156671882 0.0430508960
151546070.2701057494 0.0476081352
148364331.7427652180 0.0447691440
148486600.7958760858 0.0441570237
148715479.6109122932 0.0441263177
148180671.5116843879 0.0440278586
148368229.0120730400 0.0456963627
147611011.5318498909 0.0441871206
148952970.2433994114 0.0436454405
147660273.3304659128 0.0439171988
148521242.2669452131 0.0443944484
147281436.2834460437 0.0441747991
149941437.0250122249 0.0453210548
147411279.1519420445 0.0436112860
148524286.3093761802 0.0447961189
148422294.6312669516 0.0439297598
151880890.8882052898 0.0446857473
148123426.7229376137 0.0440367690
148731638.7176595032 0.0440617348
147347589.8149886727 0.0440595596
148319957.9790938199 0.0440936157
147728069.2945918143 0.0443846144
148364874.9668995738 0.0453880063
148073831.0519947112 0.0436568783
148452793.7962471843 0.0446661077
147628603.9127804637 0.0447225137
150369072.5493520498 0.0426045104
147862991.4569548070 0.0435024451
148516583.2266139090 0.0434355946
147288163.0052050948 0.0443907931
151151975.2527410984 0.0453097806
148476995.3050108254 0.0436557847
148925349.1599560380 0.0442167291
148291027.7813093662 0.0442981164
148055590.1892741323 0.0424320362
147401346.6425388753 0.0444297931
147796138.2045581341 0.0433857736
147513058.4186567664 0.0441933116
147729302.7745588124 0.0442419963
147430455.9854575396 0.0444241073
147595377.4926447272 0.0431873596
147319506.5099000037 0.0441572454
147390490.0389657021 0.0446236114
147436253.8344722688 0.0440409687
151166109.4455812275 0.0450289866
147240959.2775054276 0.0444181292
148117813.2455953360 0.0445044314
147713722.2168865204 0.0444063461
147657308.1943963170 0.0458021419
147444101.4988579750 0.0446471853
147489237.3264064193 0.0427401570
147276416.7204273343 0.0442913741
147703579.1354835629 0.0441811976
147746687.3142118454 0.0448449699
147689590.1144605279 0.0463338618
147618043.2050601542 0.0441468962
148493633.2371694744 0.0434558741
147667524.9769673944 0.0435808397
147307191.9115329981 0.0443578253
147515821.3629854023 0.0441779693
147861987.3464676440 0.0442479388
148038526.4874102175 0.0448683367
147668154.6397114992 0.0444576448
148128056.7602272928 0.0443660932
147617012.8847531676 0.0447618263
147678467.6136839390 0.0444015690
147403395.8511365056 0.0439220410
147657245.2609377503 0.0444191376
147736129.7473450899 0.0447008396
147718623.9712701738 0.0443595975
147534309.9134084582 0.0443461664
147319254.2703844011 0.0444691662
147555683.6687527895 0.0442994103
147332413.1900649965 0.0444282014
147329802.4952055514 0.0445190557
147726770.3285286427 0.0444419751
147499903.2725117803 0.0447110114
147225986.5552139282 0.0443745795
147316032.2880246937 0.0447000027
147263366.3958318532 0.0443842239
147312965.2635888457 0.0441940168
147710353.5775541067 0.0444289055
147346172.1379238367 0.0442177607
147327162.4896833301 0.0445349152
147329502.1334592104 0.0440009380
147494046.8605526686 0.0442150106
147501144.1508819461 0.0443183629
147338619.8573277593 0.0443771370
147762412.4644269049 0.0445822935
147468607.7092692554 0.0443827615
148152581.6751022935 0.0439623258
147566619.1493201256 0.0445242087
148319046.1752523184 0.0440578987
147255074.1144779325 0.0443907544
147459447.8843027949 0.0441333376
147364155.5303918123 0.0443476699
148337691.4489109516 0.0447109556
147714302.2912679613 0.0443748148
147854715.7522192895 0.0442807620
147336835.7009609938 0.0443336673
147431582.8386071622 0.0450503665
147682145.2572061121 0.0443805049
147478725.1522814035 0.0443713537
147681192.2851634920 0.0443376933
147281540.8446758091 0.0444125606
147643860.8854536414 0.0443781179
147829324.8871658146 0.0443429494
147610221.0216574073 0.0442874582
148403724.4400809705 0.0441619097
147710108.8602046967 0.0443719624
147623687.6732307673 0.0442513974
147743481.7710358202 0.0443162607
147711688.4664668441 0.0444104792
147232225.5332578719 0.0443513225
147323912.6130267978 0.0441903245
147224593.7099108398 0.0443253722
148146996.9408274591 0.0442266893
147232138.7995716929 0.0443921849
147608846.4315502346 0.0441381068
147621116.0645543933 0.0443514450
147705732.0994270742 0.0442873366
147581044.2683011889 0.0441897559
147273643.7653621137 0.0443015007
147572971.5264337063 0.0442374082
147232602.7369603217 0.0443444463
147424473.1085322499 0.0446037397
147311973.0174456239 0.0443389553
147439357.7749147117 0.0442853985
147689221.5530588925 0.0443284091
147498943.5715239942 0.0442725076
147252310.2363969684 0.0443535741
147404214.9012743235 0.0445152374
147620038.1429290771 0.0443244517
147513566.6993976533 0.0444378121
147242352.1622043550 0.0443280820
147635146.7100946009 0.0443030705
147293882.5580509007 0.0443027461
147277343.7949766815 0.0443824364
147683613.1328574121 0.0443118311
147508529.0672958195 0.0444845473
147233976.5589783490 0.0443270558
147329288.0682571530 0.0442079303
147293648.6178975701 0.0444674039
147722534.2442906797 0.0444475067
147308439.0157890618 0.0443502098
147376208.6326842308 0.0442421570
147668168.2604919672 0.0443160274
147315597.4090470374 0.0442746093
147267102.5843344629 0.0443579299
147283979.3807877600 0.0441312530
147248735.5249964893 0.0443527556
147373942.8953137696 0.0443759700
147643557.0613550544 0.0443271760
147371330.3048923314 0.0442526677
147709793.7073752582 0.0443380487
147326684.8456461728 0.0442032510
147304094.7649120390 0.0443520243
147667252.0921004117 0.0441845100
147243026.9588343799 0.0443331677
147525669.6786404252 0.0443352207
147242463.4540728629 0.0443171676
147538088.4944763482 0.0443464835
147634983.4389670193 0.0442896582
147458857.1368489265 0.0443641443
147680632.9901873171 0.0443332785
147226694.3787178993 0.0443958417
147674346.2065930963 0.0443284525
147474886.8766187131 0.0442960369
147705174.6377516687 0.0443343573
147694829.7453293204 0.0443783380
147243563.3125314116 0.0443463041
147683073.5148382187 0.0443136971
147705294.9453159869 0.0443229395
147317036.9324233830 0.0443323854
147226794.7816432416 0.0443396861
147276560.5166020393 0.0443441756
147226292.4864650667 0.0443198148
147659802.3284063637 0.0442930906
147679260.9537801743 0.0443163526
147691958.4265207648 0.0442813384
147708605.2215945125 0.0443337555
147709381.3996247649 0.0443464242
147225039.0875176191 0.0443176268
147358550.5349590480 0.0443244681
147227996.0164264739 0.0443253894
147249745.5118907988 0.0443235567
147701446.5786925554 0.0443150546
147709187.1537833214 0.0443368033
147224550.0300134420 0.0443217768
147678801.1930611730 0.0443246220
147707813.1530884206 0.0443084595
147305084.2012899220 0.0443050566
147708154.0847184658 0.0443274091
147695341.5592698753 0.0443198487
147706811.7478801906 0.0443273054
147715692.6796210706 0.0443079463
147694890.1384731233 0.0443197721
147325023.0999844670 0.0443127515
147231090.3429052234 0.0443176065
147257312.1591408253 0.0443694087
147226954.1667620838 0.0443328638
147239263.1714925766 0.0442860733
147706826.4387564063 0.0443123967
147240541.5036395490 0.0443682301
147704567.8689136207 0.0443222441
147301524.5105018616 0.0443488112
147225932.4273417294 0.0443081317
147623668.0747669637 0.0443024861
147712089.9841675758 0.0443104984
147239626.4914023578 0.0443771388
147712473.7967673838 0.0443203806
147241617.4714514315 0.0443285698
147709519.6540189683 0.0443252869
147708850.4842518568 0.0443072364
147236769.6170831323 0.0443186230
147233402.4449944794 0.0443223226
147240526.7481070161 0.0443178287
147255445.4415207207 0.0443486668
147250515.0082610846 0.0443206528
147226046.1965245306 0.0443236737
147225900.0096649826 0.0443191457
147244629.7457086742 0.0443344138
147224835.3881210983 0.0443255745
147224707.6187117994 0.0443236806
147714731.1742153764 0.0443178166
147706411.6798132956 0.0443165681
147717541.9372591376 0.0443063575
147243339.5337404609 0.0443554802
147709158.9841461480 0.0443196701
147255885.8715821505 0.0443301638
147694611.2616182268 0.0443240364
147256518.9778845906 0.0443435053
147711041.3096088469 0.0443163262
147271196.2677075267 0.0443374723
147237072.5642257929 0.0443231089
147237854.5988339186 0.0443289783
147226535.9260884225 0.0443275285
147277553.2964911461 0.0443029005
147233830.8519081175 0.0443238094
147250006.5386925042 0.0442969280
147230702.4800789356 0.0443250809
147705425.6296218932 0.0443079876
147230670.5850780904 0.0443222843
147707386.0906025767 0.0443218607
147227865.6927160323 0.0443223303
147224885.8761305213 0.0443207757
147231717.1992784739 0.0443255314
147224203.9282853007 0.0443188792
147238700.1577448845 0.0443262092
147714702.1392641068 0.0443159672
147235259.4614921808 0.0443341073
147224132.3041681051 0.0443189242
147715977.9967365861 0.0443221499
147228338.8378523290 0.0443173934
147228251.5110853910 0.0443163313
147225601.5500628352 0.0443228549
147224235.6152446866 0.0443137670
147713328.7966935039 0.0443176016
147228279.0070106387 0.0443255030
147224310.9861806035 0.0443183542
147228304.3301056325 0.0443093146
147711975.9638294876 0.0443199160
147251190.2758679390 0.0443202581
147228032.7217356265 0.0443270690
147707192.6915838718 0.0443126860
130963125.0000000000 0.0443126860 0 1 0 0 0 0 0 0 0 0 0 0 0 0 0 