291257429.6846888661 0.0000009890
280060038.8318234086 0.0000003415
281741323.1853975654 0.0000000584
297917544.3879839778 0.0000000015
318369611.7216741443 0.0000000969
297955340.0745602250 0.0000000164
291833048.4786225557 0.0000000007
282075379.4804118872 0.0000012535
302852935.8076702952 0.0000000025
293204716.1076673269 0.0000000007
283979721.6106550097 0.0000004952
270490854.9404518008 0.0000000479
289232100.1611407399 0.0000000568
268470391.6747075915 0.0000004368
273107769.7870494127 0.0000018952
290897248.6968423128 0.0001935371
291104733.0058822632 0.0000006503
235737298.7146332264 0.0000005469
219004433.7838106155 0.0000007400
222942834.4784106910 0.0000034095
214755573.6096940637 0.0000063798
209826482.1085472405 0.0000073057
226580595.1510559618 0.0000011308
199426229.5347864628 0.0000094971
200668333.5027887821 0.0000097491
215737565.7855552435 0.0000015269
232431429.3537001014 0.0000022925
213265609.0167168677 0.0000023402
219928144.3825901449 0.0000005073
216370133.9761171937 0.0000014235
219501010.1536541283 0.0042080021
174304558.1971888840 0.0025059662
200327550.7396196127 0.0000191148
183382890.4739902020 0.0021495027
172583229.5966057181 0.0074775440
173252503.5748227835 0.0079987866
184451219.7866617739 0.0108434706
171707266.0444529653 0.0076815841
221008207.3705045581 0.0060122278
170101425.1331436932 0.0076123860
189325479.5016427934 0.0049702095
169991292.5974310338 0.0073701116
203039991.9527044296 0.0040572682
180205862.7521248162 0.0054891366
154677083.7175684273 0.0006204478
155060227.9324865937 0.0007073226
139003086.3794973791 0.0001936672
148607665.8438259363 0.0001876509
151667076.1006181538 0.0000006232
144953229.4069157243 0.0001748293
127054420.4978109449 0.0000482985
124805189.4077922106 0.0000484571
157800701.8465304971 0.0000000022
122079399.0886178464 0.0000563511
126995900.8569459021 0.0002767105
132007730.0601581782 0.0020089568
129469328.7527930140 0.0021362768
137722016.2664361000 0.0000454487
124048403.7309307754 0.0000184340
123875515.8657397330 0.0000535845
120748827.3906130791 0.0000622259
121944308.1451612860 0.0000501426
132262900.2788808197 0.0000867545
117209671.5454912931 0.0000773221
140524229.9738087654 0.0005498157
122262829.9825903177 0.0000479323
141064974.4488082826 0.0017664248
122519932.9222416431 0.0002804794
125539771.9420288652 0.0003741228
119223433.2565204799 0.0002863354
124029495.0920026749 0.0014077090
123854143.4986125678 0.0000695838
126545201.4270145148 0.0010507955
117675540.5347384214 0.0000645644
139486908.6540974379 0.0048537642
116515798.7274633348 0.0000421953
129337905.1097070128 0.0000954397
116667704.6437277645 0.0004429415
162895044.0659568310 0.0000566828
127591861.0862496644 0.0000423038
142428748.0560614765 0.0017205835
126176775.1246708035 0.0000993888
135501489.1988985538 0.0002123850
124482181.7093537152 0.0000593163
136748496.8944298923 0.0000459564
120046718.5211258382 0.0001782151
118792105.6747288853 0.0004418968
117367403.8673128486 0.0000318688
131671764.3595718443 0.0007857962
128946123.7077235281 0.0000002730
164219822.8116225004 0.0004492609
125171439.5126345009 0.0000536265
148221358.5896286070 0.0005802707
117958370.0548439771 0.0000001305
142736137.2380325794 0.0017108923
119496016.5818945020 0.0001552546
119300695.9170409292 0.0123685986
117539064.1242342889 0.0000768596
127085533.3721276075 0.0014346329
118205396.8261974752 0.0000681110
119897738.0230530053 0.0000408998
122333908.7034526467 0.0000022706
140529284.9163686931 0.0003641667
122601044.6751999110 0.0000036508
135890152.3019908071 0.0004666914
127908742.3813870102 0.0000079304
172133907.3364448845 0.0002936597
120069292.9396417886 0.0001044498
155544084.8816300333 0.0000566140
117227963.7331791669 0.0000214094
142885123.6779361665 0.0000082456
118246028.8013889641 0.0000103873
145791714.8263648748 0.0000377816
123297620.1824174970 0.0000567391
120648762.4500154108 0.0000398195
122233168.9355841130 0.0001758649
118569740.7626744956 0.0003684445
116530152.6011048853 0.0000528661
120364673.4483384788 0.0001731295
117022302.2126482129 0.0000303943
116865253.4237385392 0.0002079289
127524058.9911670089 0.0000340021
116508826.0205617994 0.0002078409
117540725.8615337163 0.0001700126
115697101.8102081120 0.0009282579
114351064.5642334968 0.0009980457
114181316.0945570469 0.0015489453
113484971.9505470693 0.0014155685
115483522.4387354404 0.0002795269
113684135.9180401862 0.0014516495
116902811.7526309639 0.0005483541
115557616.1113386601 0.0018752653
126463539.8172064424 0.0008295300
113120753.4322549105 0.0014949140
121153331.2997194678 0.0010872014
114503861.9865846187 0.0013087042
112919368.9769062102 0.0020343986
113121783.6404600590 0.0020588614
115211478.4994741827 0.0020372222
113455055.3834380060 0.0017166001
113130679.7053384930 0.0025544360
112583344.8306216449 0.0018299391
112601681.0639802366 0.0026338434
113250563.8714983165 0.0019781625
115552532.0637000948 0.0026585842
114350548.9346484542 0.0022301820
124909888.4138462842 0.0028793206
112694194.6610556841 0.0019872344
122005621.3064766675 0.0017790672
111847443.1366870701 0.0017035411
111078411.5001404285 0.0005943712
111772286.1651677936 0.0005289439
119558005.2178874165 0.0004486333
111159247.6668975055 0.0005711836
114999857.6195614487 0.0003575170
111252985.6341471523 0.0004762493
110544231.3020109832 0.0013315673
111796817.2915524095 0.0015525697
116820112.5917801708 0.0005791675
114630468.5973125249 0.0012081763
125399114.5737832338 0.0010448553
115327824.6347871870 0.0011554589
114221479.9338908643 0.0008743068
110322667.9491512626 0.0008357967
110989054.8338279128 0.0012102277
113635461.7249278873 0.0010187967
115563339.5556505322 0.0001740550
110375267.3231550902 0.0008337283
118395956.5623495430 0.0004834135
114247389.9787171334 0.0007593939
114493727.4996118546 0.0024279834
110361441.2311850935 0.0007407346
123483622.2642892152 0.0006414322
111917395.7951952070 0.0008317397
118717186.4331945628 0.0009181783
114397425.0249390304 0.0008511467
117854313.4292370975 0.0007202429
113251507.2527018785 0.0009038250
114414106.2675439119 0.0007794012
113845575.2910365313 0.0007348804
115897935.5637306273 0.0014091742
110814694.2779569775 0.0007554794
109128693.9115636200 0.0006526461
113577063.7186308801 0.0006950896
110777417.7297588140 0.0003884079
115289752.4465171844 0.0006966278
110233360.7224535495 0.0006823414
109417398.1748407930 0.0007736604
119126587.4962757528 0.0007007760
110426525.0111604482 0.0006452938
117794361.8175048828 0.0006551324
110068569.9849125594 0.0006742598
111150176.6383849531 0.0006380088
115114774.6905727386 0.0007123884
103065257.5427169055 0.0005698307
102601487.5772719979 0.0005415073
103549411.2876470089 0.0004093342
103305415.0376289040 0.0005195023
111030300.5508638918 0.0003588019
103983276.2050260454 0.0003953440
115152170.2259153128 0.0004144889
103179492.3212825209 0.0004925850
111441746.9755205214 0.0005515132
103323797.6282093674 0.0005576153
107828178.1077594757 0.0002682649
103794061.6611079425 0.0006253063
104291310.4253635705 0.0010904688
103110365.2924776226 0.0004552225
101808303.0826264620 0.0002152186
101592433.6607157439 0.0001759219
109353569.7546484470 0.0002709146
102420835.9472584575 0.0000857414
106897768.4109171778 0.0001182052
107086627.1567443162 0.0002220177
103288869.6913629770 0.0000105336
101316662.5544431508 0.0001599164
108736656.7993972450 0.0001870122
101959431.4800367951 0.0001079963
105504549.6012403965 0.0000541779
104783821.4466164261 0.0002314239
101556420.5494306087 0.0001597415
102499104.7217181325 0.0001482265
105797518.4116993994 0.0000668524
102542209.4554305077 0.0002617832
103432458.2146656215 0.0001846772
102929715.6036007702 0.0002472258
106154052.8097907007 0.0000366251
102115880.5056240410 0.0001589459
103192655.5344301313 0.0000073860
101508614.9181149155 0.0002027500
108038489.9573911577 0.0001620094
102414540.7189307809 0.0001787243
106497517.9193989038 0.0000249049
105615078.5089640468 0.0001233432
119179663.9441031963 0.0003035265
105017307.0699117333 0.0001308010
109091766.5265663266 0.0003527474
109762552.9279733747 0.0002127263
102652671.8479121327 0.0000887428
103569019.8567261547 0.0001685523
103975092.1218367368 0.0000219261
102706676.7534607351 0.0001257377
120517377.7252941579 0.0002140262
101807505.2333217114 0.0001464100
109712139.4442526698 0.0000492243
102393889.9199389219 0.0001267257
116762987.1128952205 0.0002663121
101433048.7906088978 0.0001319351
117598645.4303334355 0.0002866863
101339065.1745138913 0.0001630060
117659334.4673261493 0.0002877525
102131409.2604818344 0.0001945838
116723006.5451985449 0.0002648963
104591167.6896450967 0.0002013137
101867133.3350644410 0.0001805186
108153366.6365017891 0.0002105346
102393726.3952748030 0.0001960877
103574161.4886142761 0.0003026125
102180146.9170273393 0.0001367985
106807104.6345362067 0.0003536223
101975372.0143034160 0.0001163347
104832066.1714039892 0.0001193514
101835232.2545897365 0.0001722551
104432919.4992896020 0.0002044839
102580636.2766749114 0.0001829006
108885297.1356444806 0.0001602429
102258818.6967149526 0.0001263900
103721408.1571178585 0.0001167784
102570004.7242596447 0.0002074691
107171668.9358717352 0.0000994728
102551095.5985497087 0.0001784780
101271828.7293759882 0.0001642854
101490627.1003660262 0.0001512488
101539353.7664529830 0.0001485936
106558919.3714947850 0.0001215671
102492855.2672887444 0.0001714019
101447905.6176855862 0.0001262827
102083738.8708417714 0.0001709336
101412637.1709349900 0.0001060700
101943233.0619988143 0.0001470103
102304745.9619115144 0.0001739916
101763932.1067011207 0.0001567464
101302171.4421356469 0.0001646127
101369416.0858586878 0.0001709757
101585265.0343668312 0.0001526504
101401438.7153168917 0.0001777490
101369644.0625069439 0.0001603353
102632866.0914277434 0.0001793556
102463509.8089744449 0.0001645046
102274786.6272062659 0.0001678606
102500229.4567186236 0.0001594492
101857951.7576927990 0.0001653884
102688828.7426193357 0.0001676003
102146605.5399606526 0.0001966824
102740043.4127832055 0.0001659211
101384001.2298091799 0.0001913497
102298862.1087172776 0.0001626986
102035394.8572798818 0.0001790590
102331949.5882097036 0.0001580219
101987100.8835602403 0.0001605712
101375054.6233536005 0.0001663035
102535955.3011945635 0.0001842825
101339072.3783284873 0.0001593337
102537808.5034946799 0.0001504625
101473859.7100148350 0.0001564723
105944247.8227821440 0.0001268434
102555829.5978346616 0.0001584358
102274087.2322265804 0.0002030057
101652081.0321687311 0.0001716056
101357378.0169820935 0.0001904421
101257542.7552083582 0.0001714879
102741902.2734706402 0.0001695825
101412006.9282853156 0.0001756732
103139317.9292136431 0.0001846223
101195005.4626423866 0.0001652999
102324327.9722524434 0.0001563690
101437253.7524461001 0.0001547259
101831943.4328763932 0.0001779730
102746141.4925949872 0.0001630299
102245967.5370872915 0.0001645363
101277653.3641470224 0.0001574277
101621822.8383875191 0.0001850300
102570752.2384693027 0.0001690505
101184764.9078929424 0.0001710956
101436157.3913316876 0.0001676898
102526191.1143889874 0.0001706043
101374711.5923459232 0.0001861689
101304716.4467237741 0.0001731087
101764843.8867118359 0.0001809148
102499205.6705756336 0.0001727004
101893584.7682843655 0.0001718570
102716256.1053350121 0.0001703907
102069045.4951355010 0.0001705343
101443707.6117001474 0.0001718120
101241696.4512039423 0.0001588702
101317460.7938653976 0.0001708546
101782849.9210098833 0.0001826962
101198138.0921818763 0.0001740176
102108298.6827765852 0.0001758999
102700991.0509525537 0.0001694630
102576341.9997135550 0.0001733048
102721982.2207614481 0.0001702720
102396115.9040028453 0.0001555541
102708756.1427712888 0.0001716337
102180792.5221523196 0.0001811877
102484584.9582086951 0.0001669550
101427783.3176514655 0.0001683859
102732049.5797338635 0.0001710108
101485733.4395856559 0.0001745844
102687257.8488226086 0.0001675185
102484120.1690661907 0.0001711629
102693519.9125514776 0.0001741055
101213642.9817050695 0.0001672480
101353087.4405960441 0.0001721475
102082030.9949626327 0.0001575435
101378761.4295996577 0.0001715962
102584698.6457454711 0.0001749031
102579692.7636253387 0.0001722178
101326398.8556709290 0.0001686885
101978895.0833078623 0.0001811182
101438348.0387519151 0.0001747666
101236363.1853496581 0.0001727014
101510111.1023244709 0.0001745895
102689829.0772312880 0.0001744095
101283138.9303255081 0.0001727073
102742131.8737154305 0.0001743128
102648088.0157343745 0.0001585719
101311093.1332038939 0.0001686312
102700508.7760956585 0.0001707323
101337732.1859184057 0.0001703931
102703180.7094072849 0.0001714656
101217349.4193306714 0.0001710644
101239401.5198408663 0.0001718271
101342423.7190628648 0.0001671917
102699259.7190201283 0.0001717532
101247919.1369593889 0.0001699425
102732660.3766189516 0.0001711562
102681333.1746449172 0.0001717180
101200583.9284966886 0.0001712683
101358277.3421052098 0.0001730195
101189061.4752273411 0.0001717440
102647096.0163015574 0.0001716009
102718471.5897571295 0.0001716979
101235844.0216231495 0.0001709122
102762577.2455587387 0.0001701480
101192672.7732630670 0.0001684924
102718687.0149278492 0.0001710141
101203217.6905132383 0.0001747031
102738460.4890876114 0.0001693703
101457376.5843621492 0.0001752686
102741832.8869341910 0.0001702508
101206732.1978674829 0.0001681891
101242998.6906622946 0.0001712614
102758909.2974281311 0.0001750056
101199296.1739014387 0.0001717605
101251605.2213094831 0.0001712019
102730961.8426796347 0.0001711401
101259583.1295554638 0.0001643617
101191216.4131705165 0.0001716507
102724147.2954279929 0.0001742880
101183458.2505543977 0.0001709715
101212383.6847130656 0.0001695743
102738255.1544215977 0.0001717923
101546363.3860542476 0.0001715311
101206211.6274478585 0.0001698699
102763860.7781946957 0.0001710852
101181436.1419133395 0.0001720443
101203821.7097070813 0.0001658497
101222420.2731271237 0.0001720685
101360119.7326720059 0.0001732287
102710757.9628736973 0.0001719717
101256889.0253513306 0.0001729278
102689572.7393673956 0.0001721429
102725293.4285021573 0.0001720269
101239255.4348601252 0.0001733544
101201529.5176686943 0.0001721043
101203498.9886922985 0.0001714489
102743127.2737193108 0.0001721322
101378466.6938843131 0.0001721105
101203786.3021403551 0.0001717733
102754149.2805685848 0.0001684272
101188108.1989603788 0.0001722865
101303803.5153936893 0.0001740750
101183067.8370809853 0.0001720618
102697291.2216024250 0.0001727062
102739136.8678551614 0.0001716549
102703300.9840553999 0.0001710279
101192916.1744363308 0.0001715744
101202490.0188846737 0.0001696504
102755156.8470966518 0.0001718136
101230386.0358681232 0.0001728024
101184733.9458193034 0.0001721629
102722888.4789325893 0.0001730134
102757666.8936296105 0.0001723065
101207230.5462907404 0.0001726517
101192481.8728996515 0.0001718200
101224250.0837458819 0.0001730758
102746856.2249980420 0.0001721167
101225793.1989186108 0.0001730367
101184528.4899121076 0.0001720665
101192250.0722505748 0.0001722995
102751459.4062607586 0.0001717208
101217348.9255052954 0.0001731993
102748147.5985796899 0.0001715677
101204279.5201168507 0.0001725748
102752863.9687070101 0.0001722224
101182758.4888265580 0.0001718975
101188428.8633656353 0.0001720246
101194361.5780164897 0.0001718356
102750472.9647971094 0.0001721697
102761241.8243863136 0.0001734625
101181501.1659057736 0.0001724605
102710003.7388988733 0.0001726177
102755893.0556630194 0.0001721364
101185240.5767607391 0.0001710320
101184625.1050088406 0.0001720244
101186795.8247223347 0.0001710626
101186219.9312111735 0.0001720449
101215192.5906890631 0.0001724507
101186521.4090352654 0.0001720721
101197469.4479879737 0.0001723015
102754027.2222555876 0.0001720531
101207076.4351710081 0.0001715746
102758744.1801307499 0.0001720824
101189582.5719241351 0.0001714378
101192410.7425097078 0.0001713075
101183220.4283777922 0.0001720446
102757553.6025975198 0.0001723715
102758194.1838887632 0.0001720437
102758475.6808173060 0.0001720984
101182717.1822778732 0.0001719705
101183669.7410720140 0.0001714789
102759357.7565146238 0.0001719758
101197389.1838184595 0.0001724162
101190169.7521002293 0.0001720262
102712868.6368659139 0.0001715666
101185933.7177749276 0.0001719788
102755427.4945016503 0.0001724922
101181654.5140376836 0.0001720359
101205068.9918836802 0.0001717494
101182230.0710735619 0.0001719672
101201241.0566001534 0.0001716138
101181350.3724284619 0.0001720903
101195634.6169283241 0.0001726833
101187224.6565158218 0.0001719606
101215963.1681148708 0.0001718570
101189861.5383507162 0.0001721254
102737097.0777794272 0.0001719659
102759059.3959707618 0.0001722514
101191351.0257833153 0.0001715153
101190437.5888149440 0.0001721671
101184987.4215562195 0.0001720688
101191809.4767404497 0.0001719597
101183132.0964718163 0.0001721526
102744934.7981271893 0.0001718299
101182711.7597121149 0.0001721270
101186922.9725619406 0.0001723219
102759115.5420169085 0.0001720959
101185807.1049018800 0.0001720201
101182069.6260581762 0.0001720550
101191764.7587184906 0.0001721360
102758214.9552829117 0.0001721484
101184400.3738102466 0.0001719799
101181564.2769534886 0.0001720465
101184147.8369532079 0.0001717771
101181206.8115508109 0.0001720902
101188211.4060704112 0.0001720508
102755314.6066546142 0.0001720767
101197626.7838464230 0.0001718616
101186493.2053153217 0.0001720827
101187869.5362390280 0.0001723047
101181558.1880737692 0.0001720791
101192193.5718307495 0.0001722821
102757642.3136282265 0.0001721300
101186852.9629720300 0.0001718793
102717162.7030344754 0.0001720306
101186768.4254282862 0.0001722067
101181038.9977557808 0.0001720875
101183249.1358009428 0.0001722680
101181181.0591228455 0.0001720450
101182635.0952372104 0.0001720068
102759736.4253093898 0.0001720824
101182720.1839873642 0.0001720698
102759700.5492427051 0.0001720433
101182131.0695091933 0.0001721939
102759527.5411589593 0.0001721084
101181335.4665190727 0.0001720566
102759559.6794197559 0.0001721080
101182333.6607298255 0.0001719212
101181696.2036418170 0.0001720683
101191331.7174281925 0.0001720918
102759374.6577249467 0.0001720950
101183180.5250661671 0.0001720993
102759733.4444675297 0.0001720691
101183347.7856955081 0.0001721495
101181473.6538884193 0.0001720764
102759485.2177151740 0.0001720699
101181168.4707823545 0.0001720967
101181259.8374892622 0.0001720832
102755892.4107561857 0.0001721796
101181173.7587828338 0.0001721053
101181549.3064765930 0.0001720625
101181609.1262271106 0.0001720930
101182733.8873699009 0.0001721127
101181317.1414434612 0.0001720934
101181965.4912696034 0.0001721028
102758955.8324727416 0.0001721019
102759742.9030257910 0.0001721235
101181240.9617390484 0.0001720822
102757714.8833292872 0.0001720324
101182291.0670056045 0.0001720809
101185912.0899923146 0.0001720742
101181593.7392472178 0.0001720823
101183631.0291233808 0.0001720421
101181829.4332099557 0.0001720768
101183400.2364604175 0.0001720537
102758992.0774914771 0.0001720818
101183411.1609560251 0.0001721313
101181269.2364707589 0.0001721057
101182505.4011399895 0.0001720280
95631040.0000000000 0.0001720280 1 0 0 0 0 0 0 0 0 0 0 0 0 0 0 