642915001.6812946796 0.0002452733
634403413.4805610180 0.0003136789
635048347.0440459251 0.0000598284
665520371.0501914024 0.0000824481
638082221.6192086935 0.0000057985
734571191.1908537149 0.0000202158
682745821.9813684225 0.0000815909
638747592.3244156837 0.0003134914
706614826.3662631512 0.0000720560
700292295.0118893385 0.0009526442
715042357.8976749182 0.0001566900
597872754.2258040905 0.0000975055
737281211.2718082666 0.0001023942
600109644.2663635015 0.0004006734
587478701.4878110886 0.0004913208
706979848.6215711832 0.0002618881
606265436.0267369747 0.0002495685
532268556.2580310702 0.0008353035
506698877.0865569711 0.0011092731
512566767.9729079008 0.0012829001
461722474.1716033816 0.0013861915
450776148.8343529701 0.0014163452
479810665.4977289438 0.0000204914
427508909.9226588607 0.0016034281
407290460.1439128518 0.0018262582
511432151.8889688253 0.0004918912
524340791.8596378565 0.0004858233
504602656.1829901338 0.0006759012
416692391.6377515197 0.0000102567
372400198.1650419831 0.0031424320
447076075.5780066848 0.0016750068
340714664.0013756752 0.0047558188
335433685.2019798160 0.0051641381
400300076.9750716090 0.0025763099
335652456.5323197842 0.0046170893
389977432.7206073403 0.0052551195
338091377.4770960212 0.0048897257
375155320.5153697729 0.0029543961
331699133.3984820247 0.0051992591
410444896.7624245286 0.0026595938
328404089.9256321788 0.0051599767
296340813.9718791842 0.0087830091
293818295.9001291394 0.0097299741
301509876.4211274385 0.0011194802
289054160.2219499350 0.0094520136
342278023.8908619881 0.0050973017
297126474.2348183990 0.0078021149
299628468.7074499726 0.0029393498
303066540.1519296169 0.0079377432
307872541.7495547533 0.0075653925
295677313.0597391129 0.0063047782
293478662.4404432178 0.0097309082
309995283.7678983808 0.0069740683
300483161.6299766302 0.0037794499
285361728.6886374354 0.0102452523
295495466.3594163060 0.0092320369
292692777.0245744586 0.0094646751
274069093.3877911568 0.0113329686
302560130.9389879107 0.0264533262
306048139.3992635608 0.0030975624
278203531.9300250411 0.0126072150
295576776.3141573071 0.0044052015
281784436.7117019892 0.0106988700
282627810.9169633389 0.0052085779
295619112.2922421098 0.0110018730
253965901.3247453570 0.0079390746
260258556.6577092111 0.0064627088
240234167.8631038964 0.0010667315
265000429.3055844605 0.0011277245
296840901.7247862816 0.0034530689
259578470.3480655253 0.0010704124
321751189.3388906121 0.0000190182
254398313.4057373405 0.0014720424
323619880.2495049834 0.0002535883
242257258.7450897694 0.0014893669
215714731.6991722584 0.0004185724
210376817.2768631279 0.0004668431
234600526.6485952139 0.0019925209
209482678.2910088599 0.0004497530
260356844.4521437883 0.0008045655
206041711.0732964575 0.0005183864
195621748.2004334629 0.0022591244
235301088.8567321897 0.0013933367
201545052.5231342316 0.0008101749
199396842.9034727216 0.0022623260
284771783.7140932083 0.0029595922
199104023.5947934687 0.0016330538
174906822.1552290618 0.0084731778
179660821.9435599446 0.0061829865
172214644.7586596906 0.0102261333
179389462.7943302989 0.0152721682
234380684.9111852050 0.0081328889
179354385.3772344291 0.0077087176
291030876.1217632294 0.0052452271
179692720.7973486185 0.0090851585
208791523.1406467259 0.0118635543
176131402.5510745347 0.0083347105
188364713.7633873522 0.0008500020
173580703.3699783683 0.0126121627
186735573.7735860348 0.0287651988
173916665.3586201668 0.0119305747
183845834.7444489002 0.0509601103
179005782.4225611389 0.0016832532
188705297.2948663533 0.0019821165
182094921.1254321635 0.0112099933
191003232.5189132988 0.0000231827
184935954.7876012623 0.0075758702
182299129.2159561813 0.0117871156
208146421.8016296923 0.0157439200
188894281.8591643274 0.0059741997
176787891.3271241486 0.0079956300
207368988.7601968348 0.0001541668
174963344.6377018094 0.0076875063
208007599.7739937305 0.0215902392
183017766.2627631426 0.0173419810
173366550.9360718131 0.0028789466
186924991.6428518593 0.0032843065
274033097.7232046127 0.0033069989
180432554.6975045204 0.0152902749
273258209.3563612103 0.0116714332
179773074.2809246778 0.0020908805
175075287.1309795082 0.0038149667
176705142.6831281483 0.0091324636
339737334.8472890854 0.0074245582
173585752.5777299404 0.0080955495
213620427.7706737518 0.0072348958
171657349.0613881648 0.0080798086
207929142.9254704714 0.0097801270
182457942.9049059451 0.0071963873
196505093.7542295754 0.0000456907
173969998.1805371344 0.0070422504
197887605.5325329006 0.0000464780
183853112.5216487348 0.0053583022
251203315.0164609253 0.0059425633
171595215.4261405766 0.0059152243
369461765.9169388413 0.0002733334
181216474.0760967135 0.0042344250
198111497.0895157456 0.0001637494
175868931.4212397337 0.0070274596
180365516.2812886834 0.0012465732
179636027.8396010995 0.0151439036
223708453.4043637514 0.0048350440
180621159.8981216252 0.0060509291
252226534.9637629092 0.0012580571
187829205.2488609552 0.0061434832
193725136.2259105146 0.0002711794
196947458.7759598792 0.0113290775
189226511.9561267793 0.0025115753
180098771.5805188715 0.0031473633
271933588.7090114355 0.0123243065
180952460.2716859877 0.0075928692
187316654.2274198830 0.0294181362
171778599.6729439497 0.0049658688
184041369.0267860889 0.0051456868
175137559.1896440387 0.0061425304
247115123.3528688848 0.0015137715
173147923.8200871348 0.0013223311
173242054.8115301132 0.0000001849
171575878.7644065320 0.0031420595
192029911.6860086918 0.0048501252
172110523.7626587451 0.0034652893
209368566.8014768958 0.0001575026
172599664.3019962311 0.0043133335
216777974.3998032510 0.0024188568
172131773.0779027641 0.0077102070
309425270.9353463054 0.0000005931
201083217.6749905944 0.0034381663
181873580.4143380225 0.0034371657
189415392.4915128350 0.0016350376
175098678.3190610111 0.0033636973
172726992.7597551048 0.0002063489
172219799.8344796002 0.0023877887
185379210.7733528614 0.0056236083
171997305.7101463974 0.0024092562
183083040.3239610195 0.0040250636
174916447.3715793490 0.0024822727
174528243.2182837129 0.0011858178
177891835.1485650539 0.0050475156
173175678.4266808033 0.0110352895
173017730.8409152329 0.0032165627
190898944.5187236965 0.0019714420
175309702.3942086101 0.0033155732
200333077.5626659095 0.0096853301
173073616.2202765942 0.0030974427
249151372.1680833399 0.0036715238
171784092.0037707388 0.0019648047
172375839.5497475266 0.0000000012
172910750.2625486255 0.0045170800
188721483.6579349041 0.0041285965
173445732.9653604329 0.0033641063
188011244.2083389163 0.0000915335
172160839.8002789915 0.0014797246
173667552.1738742292 0.0001727731
172155219.6367757022 0.0031403885
177015696.1521928906 0.0005521143
173749636.5478406847 0.0026500327
177882481.6094067991 0.0009832595
182923835.9807575345 0.0025506525
263403584.8723751307 0.0009709215
175774949.3078839481 0.0025497229
195481894.2801436782 0.0138860583
172395797.3891556859 0.0028173629
187119197.6697930396 0.0014466012
174403417.5185929835 0.0050350975
192869027.7476155758 0.0078728134
176862528.5312218070 0.0046470422
194116956.7736546397 0.0000954266
176931773.5726006329 0.0013832060
274476381.1920008063 0.0009543318
176237836.1887376606 0.0059501206
276752418.7905063629 0.0007672369
179192054.0841352344 0.0037371736
262241533.3738750517 0.0004988373
171984584.3949372470 0.0042967021
175550832.8900349736 0.0045289314
175540497.7105914354 0.0026227577
183626924.7826889753 0.0015680256
173892924.0197753012 0.0032084969
182863254.7341113985 0.0006097101
185184040.5199481547 0.0013408256
177000370.4487051964 0.0023583230
180660762.5296351612 0.0026808615
171826735.7505601645 0.0025409948
175996717.5498552024 0.0036936514
174517280.6271673441 0.0024604846
174879543.3445771337 0.0034075132
173652824.9768324196 0.0030818742
176477545.4815075696 0.0032794337
184564391.9194475412 0.0038483624
172106943.4280689061 0.0030076869
172590244.6808789372 0.0030838872
172675553.9714303613 0.0032023672
172545784.5804645419 0.0037581462
171715006.0299095213 0.0036718572
198449435.1401287615 0.0014141489
175607013.5003275573 0.0032331985
179588128.0762100220 0.0040362777
176093962.5045600235 0.0030476685
181799550.6627669632 0.0024992827
172219157.9762391150 0.0024428418
171848826.8199540675 0.0018921110
175288723.7960237861 0.0028917247
171858633.3047370911 0.0028344254
172154715.9442955554 0.0031032304
171992182.8644045889 0.0036086254
175623070.1691851020 0.0031717154
176179170.8799211979 0.0031951302
176032023.6846435368 0.0028602778
174171256.3130732477 0.0053519143
173985467.3432262838 0.0029760063
174592777.5358757675 0.0044958604
172481521.8199684024 0.0031273295
176539496.0557678342 0.0029210487
175626947.9923026562 0.0033624738
172992549.9993447661 0.0029544177
172715839.2693617940 0.0030493450
174098914.1011159420 0.0028711109
176362793.7370813191 0.0027185899
175006513.2402235270 0.0024515255
175741758.8083145022 0.0030082472
174432672.4164755940 0.0029887414
176240289.1358276010 0.0023248349
178585832.2160694599 0.0051152706
174551177.0393979251 0.0037342635
194962104.9768747389 0.0024593975
173783761.2975325882 0.0025892900
172759225.6143107116 0.0036100890
176325191.6050077379 0.0031143699
176716105.1836763024 0.0013767538
171815573.5594327152 0.0032190209
195301080.5799042583 0.0029528326
172765020.1879128814 0.0027254619
172096850.3577432930 0.0031951806
175030590.1350165308 0.0036107295
171844709.4180492759 0.0034322969
175780194.9913818240 0.0032989595
175712305.9363837838 0.0031237359
176036839.5887584686 0.0031539524
175962356.1517411470 0.0031126543
176156701.3396109045 0.0031799207
173795772.4879585803 0.0030371512
176335723.7849632204 0.0030696553
176180711.2243236303 0.0032772263
175950127.3291619122 0.0031168218
175181793.9574090242 0.0032616614
176067805.7397588193 0.0031830132
172790170.3499022424 0.0032038164
175856827.2001434565 0.0031183866
176169257.2408965826 0.0035694348
176190156.9093302190 0.0030181340
172194247.8561244011 0.0031539474
171682506.4209979773 0.0033593823
172262992.0395404696 0.0032574937
176254729.6302671731 0.0032148308
175278525.2729820907 0.0034212315
176242615.6780926585 0.0031412850
176365510.2219241858 0.0033429073
171746051.9709516764 0.0032002641
175558452.6035133302 0.0028472448
171823485.0325388312 0.0031365795
175795445.8486100733 0.0028956155
171910007.7747892439 0.0030904003
172263672.1076501906 0.0030546356
171743937.7569960952 0.0031324209
176636564.1134209633 0.0033977356
176159352.6539111435 0.0031270160
172256337.6481194794 0.0027847207
172056408.7000348866 0.0031650269
171647514.4633842707 0.0031204562
175895204.6420206130 0.0031955762
172088674.8959128261 0.0030903841
171870845.7007202804 0.0029854001
174326809.0306399465 0.0030826265
176038567.5928690434 0.0032771468
174890118.9641630352 0.0028729626
171652851.6945197582 0.0030849386
171603750.0758041143 0.0031350809
171702714.3537254632 0.0029740091
175349979.2711142898 0.0029143247
175191767.1767846346 0.0032697576
171814767.7456425726 0.0031676493
171603701.6301194131 0.0031063543
171612125.0756713450 0.0031371516
171943346.8023465276 0.0031477551
176207528.5647265911 0.0031085747
172512691.8211349547 0.0031771270
171539243.4735506177 0.0031867164
175617896.9455354810 0.0031340407
176223530.8834344447 0.0032264657
172123275.1097816229 0.0031575272
171519354.8780942261 0.0031653682
176306768.1055264771 0.0032910082
176250834.0418682694 0.0031601359
176572774.7887356877 0.0032725673
176154749.1821104884 0.0031436631
176040534.9135823846 0.0031056524
171957595.3553748727 0.0031803068
173341440.0575324595 0.0031416973
171554050.9212388396 0.0032080772
175521924.3519689441 0.0031523835
171527939.9948917627 0.0031852876
171571784.6995442212 0.0031745881
171720093.8420627713 0.0032063257
172167876.4396133125 0.0030463172
171734339.5298898518 0.0031617251
176019450.1260787547 0.0030986510
176294483.0818965733 0.0031584162
176257105.9960443377 0.0031141231
176313847.6048663855 0.0031636174
171929679.7873798907 0.0031451958
176311636.4717316628 0.0031461327
171520251.1188059449 0.0032058887
176323917.8257545829 0.0031783427
172190188.7630270123 0.0031621870
176260698.7153884768 0.0031351341
176232193.6030637026 0.0031521871
176270726.3400374353 0.0031879129
175883865.9617289603 0.0032110450
171534743.4752359986 0.0031553591
171583561.0793150663 0.0031011904
176234758.1987015009 0.0031667828
176154625.3948216736 0.0030926038
171758001.0473177731 0.0031604120
171876664.3194526434 0.0032362665
176206615.8032843173 0.0031698030
171680425.6682236195 0.0032157197
171603663.4072062373 0.0031858292
171595023.8607887626 0.0031037696
176248304.4590241909 0.0031942908
171735812.8222062588 0.0031388281
176305445.1419485509 0.0031667487
176246366.2875744700 0.0032263382
171517245.9888525605 0.0031825120
176336243.4732195735 0.0031827456
171546643.2338898480 0.0031931123
171581344.4837444723 0.0031792013
176292456.2129933536 0.0032004944
176304669.4824613631 0.0031820691
171668212.6662857831 0.0031816916
171527916.8101088107 0.0031881906
171565691.2296656370 0.0032624056
171556114.4376086891 0.0032044427
176284951.4497300386 0.0030975438
176238191.6434076726 0.0031923006
171618539.9000400305 0.0031570470
171531685.3565125763 0.0031783619
171565691.2625333667 0.0032119511
171520860.8209791183 0.0031799750
176272239.7485631704 0.0031366653
176243168.1672223210 0.0031868846
171560957.2445248961 0.0031995962
171530212.2457971573 0.0031702510
171805657.8534289896 0.0031931884
176320959.6430421174 0.0031773627
171771059.7384888530 0.0031752613
171568869.1206763089 0.0031889362
171615759.4513905048 0.0031817557
176323823.7182567716 0.0031824085
171546152.4292199612 0.0031762653
171522724.9491349161 0.0031813458
171612944.2285153866 0.0032027534
176289559.4815244973 0.0031823357
176207163.8468369246 0.0032292497
171558271.7182015479 0.0031816970
171635418.7312721014 0.0032104624
176295321.7528340220 0.0031867275
171776280.6279822588 0.0031798236
176235187.8304450512 0.0031751647
171538397.7161068916 0.0032137030
176302747.5731841028 0.0031729475
176171287.4591329396 0.0032089214
176316873.5472090542 0.0031826454
176171681.9554744959 0.0031577790
171521662.9422206581 0.0031868704
176198392.2626900673 0.0031981050
176293947.3101165593 0.0031863119
171568066.3611461222 0.0032184511
176199111.6474280655 0.0032247698
171577793.3643975258 0.0032006440
176314465.6535370052 0.0031791196
171592916.0214835405 0.0031926899
176311853.4004210830 0.0031815447
171608608.7587078810 0.0032030585
176309954.2552917600 0.0031868007
171577130.5789502859 0.0031992462
176326706.0714689493 0.0031770658
171689272.1362235546 0.0031670741
176323299.7103939354 0.0031864487
171598911.8051224053 0.0031833198
171546041.0681596994 0.0031767703
171572612.5758657753 0.0031913099
171541241.1657614112 0.0031851320
176219687.2707505524 0.0031847931
176323351.6401233971 0.0031884661
171573251.2342715561 0.0031471506
171563956.4274754822 0.0031846997
171536540.1420854926 0.0031888953
171519816.7098583281 0.0031829303
171517015.2814699709 0.0031804560
176310145.2190783322 0.0031792213
171584157.7543822527 0.0031844407
176310849.2476374805 0.0031803891
171588562.5159479380 0.0031789912
176312370.5724563897 0.0031807832
171585784.4708583355 0.0031789027
176329697.4394126832 0.0031804664
171556278.9031128585 0.0031801610
171519262.2170369625 0.0031810118
176297967.7205159962 0.0031744805
176326793.3149815202 0.0031815488
176338707.9996199906 0.0031845727
171518988.6758830845 0.0031803425
176344579.8217777014 0.0031862578
171518010.1883931756 0.0031708589
171529914.6141668558 0.0031893006
176318914.6546426713 0.0031839230
171585344.3569545150 0.0031778260
171522943.0146080852 0.0031799581
176301056.8760550320 0.0031697816
176336512.3402737081 0.0031774725
171523090.5193821788 0.0031810828
176330055.7711797655 0.0031785093
171521548.5341680050 0.0031956658
176327871.8283852935 0.0031810500
171610140.4207100570 0.0031812084
171521834.0471310318 0.0031815034
171539231.4965379834 0.0031787522
176333667.9274769723 0.0031801306
171582960.3352387249 0.0031759893
176333302.4100761414 0.0031795926
171547245.2751077116 0.0031804045
171529973.6854978800 0.0031764267
176331941.4736761749 0.0031853603
176336195.8366604149 0.0031829060
171523441.1143932343 0.0031813786
171531512.8362734020 0.0031799929
171516688.1838925779 0.0031797828
171561790.4549070597 0.0031796969
176334167.8449841440 0.0031805416
171526441.5760118663 0.0031785397
176339804.4673270881 0.0031800525
171528292.9478011131 0.0031778234
171518115.1846570671 0.0031805189
171523608.9706866741 0.0031751083
176331356.8359188437 0.0031810834
176337144.7761483490 0.0031771987
171516943.2795249224 0.0031797466
176303131.3526373208 0.0031798013
171523444.3872727156 0.0031805939
171528582.3635698557 0.0031758057
171521587.2168068290 0.0031802150
171543003.8998048902 0.0031766350
171525530.0001050830 0.0031795114
176328553.0484737158 0.0031801761
171516806.6235456169 0.0031801445
171550940.1172023118 0.0031816960
176337624.8694922626 0.0031797636
176327885.1185941398 0.0031807138
176338396.5696072578 0.0031797962
176336187.2334280014 0.0031824855
171522808.2332320511 0.0031785631
171519751.3903531730 0.0031791729
176332043.4295533001 0.0031793117
171536667.8752912879 0.0031815615
171516441.2898425162 0.0031797193
171516160.4303834140 0.0031804137
171516651.0692921877 0.0031800245
171524716.9115606844 0.0031821812
176337485.8430170417 0.0031804103
171518361.5944948196 0.0031813527
171519907.0150722265 0.0031802727
171520446.1394696832 0.0031813652
176337449.5697129965 0.0031806590
171527444.2369289398 0.0031786983
176336829.2550782561 0.0031805400
176337539.6487525403 0.0031783624
176331829.3800885975 0.0031808710
171520542.7319507599 0.0031815636
176341068.8332369030 0.0031815610
176337031.4106079042 0.0031795660
171518340.2896013558 0.0031790859
171549853.6210921109 0.0031807693
171519441.1807836592 0.0031804039
171525485.9300771654 0.0031816668
176339375.4225192070 0.0031804194
171528493.1512015164 0.0031804864
171518495.4191969633 0.0031802007
176342723.3508331478 0.0031797975
171517558.5609886050 0.0031812366
176321641.4587519467 0.0031807017
171518948.5699880123 0.0031805805
171517302.5093583465 0.0031787523
171516395.5284980834 0.0031799618
171527007.4369474053 0.0031832009
171520624.7083161771 0.0031808433
171525776.9431270659 0.0031831673
171520969.5268269479 0.0031817903
176341727.2947581410 0.0031799045
171518841.2133375704 0.0031827635
171516443.4873803258 0.0031802531
171520579.1976023614 0.0031793290
171517571.9439963400 0.0031804257
171518480.2913302481 0.0031784664
171517347.6051329374 0.0031804535
176340563.3635976017 0.0031797845
171517754.4353255928 0.0031805097
176337786.7068578303 0.0031801266
176341494.9733529389 0.0031800616
176336541.6415404379 0.0031803147
176339330.8500781655 0.0031805150
171520660.6583071053 0.0031793234
171516708.7803984582 0.0031808599
176344174.6584960222 0.0031805080
171518035.2264960408 0.0031804119
176339608.7496441901 0.0031809814
171517295.5100211501 0.0031804331
171521644.9262076020 0.0031800997
176337761.7541221380 0.0031803782
171521183.5328325331 0.0031807663
176341545.5485345125 0.0031801574
171521121.3662247956 0.0031821498
171516929.7047347128 0.0031800207
176337965.0230231881 0.0031803536
171516410.7822017670 0.0031805114
171517965.4021635056 0.0031808757
176340389.8397230506 0.0031804553
176340821.6318981051 0.0031802716
171517639.5756670237 0.0031807304
176340198.2444486320 0.0031804090
171519224.5015489161 0.0031806327
171517967.4715536237 0.0031804569
176341637.8077167571 0.0031805812
171516341.2666735053 0.0031805062
176340215.3364155591 0.0031803935
176340891.8422701359 0.0031802194
171517601.3206692934 0.0031805933
171516609.3876776099 0.0031804667
171520581.1539381742 0.0031807489
171517242.5937023163 0.0031804189
176339470.4711250961 0.0031806469
171516708.3895801604 0.0031804151
171517116.1170010567 0.0031799394
165431700.0000000000 0.0031799394 0 0 0 0 0 0 1 0 0 0 0 0 0 0 0 