417396204.8942028880 0.0001422525
388047543.6823788285 0.0008944547
389401193.4206479192 0.0007929561
418265479.9955513477 0.0006563607
417332976.7138225436 0.0007803515
392156251.6055209637 0.0000674590
417617846.1837403178 0.0005535618
394762212.0716159344 0.0001857145
429901085.3978931904 0.0005940625
458770832.2320951223 0.0004165788
396721979.0356937647 0.0001513559
369660437.8236976862 0.0011036951
437500050.7014486790 0.0003996624
370368773.4228491187 0.0011415277
369083556.1928098798 0.0011851631
405004096.4023072720 0.0006317261
425023787.4528599977 0.0002250955
356461626.7175853848 0.0023388259
328782851.9802143574 0.0030805990
332288915.1298608184 0.0002193481
329317586.2761964202 0.0003091450
320833115.8675680161 0.0032851647
341694894.6947955489 0.0000189245
302980024.2716270685 0.0039252024
303191354.5429193974 0.0030992379
326756483.7169467807 0.0002436162
401653118.6675414443 0.0008300190
339697368.4946381450 0.0004873068
394401844.6565327048 0.0012271744
289095093.8086643219 0.0032527196
316328818.0678018928 0.0017337933
224250898.8129257262 0.0140514108
215475924.8597898483 0.0137787228
226265086.2546373606 0.0121193300
242754905.7010870278 0.0113555167
215791967.3647648096 0.0142391966
284687407.0744345188 0.0057364228
214611210.0467603803 0.0153973217
256575549.1604572535 0.0089531883
208767200.9719868302 0.0211760331
262007539.4901700318 0.0047732961
215095270.2074835598 0.0189660006
222633287.1059506834 0.0168373647
210269548.9446509182 0.0208639688
293727281.6649222374 0.0101004344
208847464.6123260260 0.0210783602
198650725.0211015940 0.0304108343
202979970.2893094420 0.0314462278
254524257.9083889425 0.0123233394
196294207.0443965793 0.0325657868
207693918.3173171878 0.0321988546
196313277.4135102332 0.0325151809
222137176.1489044130 0.0201770244
180646895.2280479074 0.0339374211
225751009.4490579069 0.0111939207
186387924.9061004817 0.0306851703
239722148.5013949573 0.0157540305
214761950.7388159633 0.0211496711
260345261.7879285812 0.0169517961
186914110.0364674330 0.0241950910
248683137.3673663735 0.0094168042
182677791.8354944587 0.0299108552
191274073.5164295733 0.0249843053
177239563.3456113636 0.0325816102
206981240.6732190251 0.0237689329
173520355.3936660886 0.0363778969
228591680.6458990872 0.0292702904
194300548.9507382214 0.0319924418
182233500.1082151830 0.0635045276
171657299.3680801392 0.0432707505
185157799.3341982365 0.0234521952
172527636.6114591658 0.0397062604
201447752.2889117002 0.0339919393
179385486.7694733739 0.0337638808
255782422.7296597362 0.0217381893
172958470.0641596317 0.0463864502
188413864.0710083842 0.0210197872
182602366.4708981216 0.0448883692
176249465.4463899434 0.0279055513
180277385.9315791726 0.0285093907
195063816.2699664533 0.0524077517
174113744.7517209649 0.0531596968
213452976.8836058974 0.0353498034
177613025.6867693067 0.0421296262
202205198.2204564214 0.0254454607
175157805.1028209031 0.0485032435
199978434.5437999666 0.0204152714
175332568.7895090878 0.0308222519
174015350.2054683864 0.0383406651
193262015.8568793237 0.0351581856
212191539.9873010516 0.0169979456
172350726.9107793570 0.0430769149
195907728.3768010139 0.0190668150
181369662.7952470779 0.0596052465
217134297.6285893321 0.0240137123
210531427.3024466038 0.0365773046
200123828.7359855175 0.0283947715
177710554.0677552521 0.0415809123
233762372.0621379912 0.0153807908
173791244.9522203505 0.0411048354
248327620.9419107735 0.0080959938
174169941.1443008184 0.0418677527
176642162.4353136122 0.0412425697
184255107.1347090304 0.0397899682
173460849.0407461822 0.0413935187
176063915.4536588788 0.0429305971
176645123.6607373059 0.0517485506
175249578.3159385920 0.0454113458
174230911.8874857128 0.0409989677
172827958.0075894296 0.0400773157
174710889.3569703102 0.0427442674
173002359.4848552346 0.0376682309
172100989.6515669823 0.0428338907
171425919.1576061845 0.0415692008
188220588.0016318262 0.0354399584
171114602.1582237780 0.0395301026
177004561.1033553183 0.0360950549
172541825.3287785947 0.0388678007
172349114.2208805978 0.0353124309
172127906.7990219295 0.0392855636
176053597.3344348371 0.0377165123
171155687.8178352118 0.0386293373
177730080.1277498901 0.0369561764
171135815.5778841078 0.0392221773
172614159.7218016386 0.0372700864
176613959.8489496708 0.0419045033
182526164.9565410912 0.0329043230
171567591.9895789027 0.0374316876
176516100.9612693191 0.0385056913
171968111.9839740396 0.0398501044
180813863.7158716023 0.0421109787
172152645.5789158046 0.0384036053
172010601.4912842214 0.0414203241
172575867.8944508731 0.0377032686
173968695.2080225050 0.0362032380
171548813.3648877740 0.0409783266
171188383.0018973351 0.0373538798
173184621.9866783321 0.0361112111
174816378.3248321116 0.0379602724
173367955.2587604523 0.0419677737
186471858.2293594182 0.0360066199
170757585.1491365433 0.0409703320
164651844.2434576750 0.0516158300
164638683.5851742923 0.0511724668
177090346.9529527724 0.0458135779
164981473.4733980000 0.0504493310
173435163.0842019916 0.0485369807
184720927.2765864432 0.0529334202
171292433.3173818886 0.0433310765
169858922.2535336912 0.0539671399
174406649.9358386397 0.0477541650
166680148.5766576231 0.0515879704
197730459.3603955209 0.0642774619
167756317.4781217575 0.0511996025
181857947.2883261442 0.0521388840
164704722.5011450350 0.0510774822
166560041.4945690036 0.0515848389
164284524.9123594165 0.0511242464
182096577.7124521732 0.0484906736
184420291.5273419023 0.0508464126
185354532.9948396683 0.0489837705
165156884.2843497992 0.0510978277
169074096.8622407615 0.0488490810
164010343.7289352417 0.0515094205
184253014.3522203267 0.0520697276
165854615.0821341276 0.0512913364
183161814.8169731200 0.0465688048
167359448.4085271955 0.0552113451
173440966.4198982716 0.0474088538
184240963.2834452987 0.0496756708
180084261.6110426486 0.0467005992
168449672.8927175701 0.0529655001
171774155.0418987274 0.0523668447
164331234.3889138103 0.0502199322
185749100.4610484838 0.0436959525
183703020.5971170664 0.0488734886
186171764.2368959785 0.0460821046
182954510.4534550905 0.0535290042
193037078.7805893421 0.0614323495
164149678.6639185250 0.0546477079
167576171.2795651853 0.0576308497
164212237.2223747373 0.0519254471
168108784.1997534931 0.0573037026
181960024.0009260476 0.0492334272
196682596.0050697923 0.0661097877
166187045.2486718297 0.0536222197
186970094.8479381800 0.0468464891
183279808.6890068352 0.0498311700
196352311.6985462606 0.0672476719
167268876.0088021457 0.0545526081
165684987.3185389340 0.0484441223
165769143.6954619586 0.0524091903
181920262.5181941390 0.0461625744
182135247.8062855303 0.0490614433
179951148.8670113385 0.0432233914
183761585.1290906966 0.0504497855
172837969.2397479415 0.0540297157
184623362.1537232697 0.0493379921
183590857.6067984700 0.0396782074
164309710.7055260539 0.0530188955
194761993.3939858377 0.0686640611
166415679.5339209139 0.0474955527
184100228.0159197450 0.0492631150
166061422.2317753434 0.0522777808
180721618.6488831043 0.0504095010
165172196.1943470240 0.0526956473
169325654.6352686882 0.0516186074
184539378.8391436934 0.0504263196
171443377.7995156348 0.0466020131
165777077.7397161722 0.0523608892
163766603.7135221064 0.0535377334
165384455.5748287439 0.0544465019
185991136.7605802715 0.0535523106
164473443.8759384155 0.0524166575
164439413.8266328871 0.0540759340
171281498.0402894616 0.0562255835
163883395.2886618972 0.0537314719
163868306.8664412498 0.0522377017
163594539.8952994347 0.0542581299
163945540.5284859240 0.0516385690
163495518.9807583690 0.0536307878
185631727.4660384357 0.0515036737
163799269.0033592284 0.0536077012
163746860.8946742415 0.0535278316
164413017.1459252536 0.0533786695
164610169.0463464856 0.0542419521
164412264.3378344178 0.0540110282
165473987.2945527434 0.0541166730
163407178.1425831914 0.0541324837
164049244.6307063699 0.0547474266
163702937.7637305260 0.0538833272
163490284.6559200585 0.0532538280
164223038.6127514243 0.0541066367
163778869.5594994724 0.0560982429
165544345.8051426113 0.0550542975
166270696.9310618043 0.0538746449
163687230.5328810513 0.0545970808
163831971.3198179305 0.0539511808
164145499.8688422441 0.0548068516
185936145.7488117218 0.0533747406
163977071.1996105611 0.0536753839
165884334.3470356464 0.0535277828
163438623.5940255225 0.0538438441
167947971.3582272530 0.0570665287
163713276.4153302312 0.0536232972
184966779.2895227373 0.0540135310
164362494.5468859076 0.0542548353
184956489.8302842677 0.0540170891
164176201.0051855743 0.0550922575
184891669.6195818484 0.0538526290
164112662.2240891755 0.0538665614
184848487.2468006015 0.0538801842
164365331.4205820858 0.0535654335
185880395.4049068689 0.0545286177
163667331.6144976616 0.0546781435
185572452.4758420289 0.0542470868
163976908.3683959544 0.0536040442
185338665.1585879922 0.0540073133
163947618.0021871030 0.0528658605
185646865.1237734854 0.0543182807
163894060.2735598981 0.0540303262
185861817.6450007856 0.0543851779
164233082.1021209955 0.0543275234
185496143.3522707820 0.0542581141
164331580.3051900268 0.0539323184
185703364.4428612292 0.0543376164
163881398.6134510934 0.0542073489
185732500.4158918262 0.0543470488
163824745.2281395495 0.0542725000
164199920.5304503143 0.0540219314
167900253.3086987138 0.0557551459
164191418.6754150689 0.0538168280
164456505.0455615222 0.0540469643
164033476.0414006114 0.0538644568
163641680.6051189601 0.0542824173
164395140.3588114381 0.0539164151
163571700.8861824870 0.0537001193
163561224.1585106850 0.0541412456
186488557.2089469731 0.0540476111
163502782.8066824377 0.0541244817
163876091.8381040096 0.0543825017
164715372.7770971060 0.0546837524
163736846.2074394226 0.0542362157
163794940.7762540877 0.0539148786
164482305.1090802848 0.0540609737
164338659.2355512083 0.0543216513
164425943.4870576262 0.0541710372
164369459.9565719962 0.0539723934
163699801.9920176566 0.0542808769
165235301.4884494543 0.0547744695
164345523.9009585977 0.0540491453
163300474.2520673871 0.0544044870
163460702.7118083835 0.0543864396
163991027.5706137121 0.0546089190
163447186.2813159823 0.0544248563
165067554.1437915564 0.0550792697
163323056.0725578368 0.0544419120
163548271.1159973741 0.0542312718
163542580.6389622092 0.0544679892
163524080.4778617620 0.0539828516
164034570.0651968420 0.0547135106
186126549.7000386715 0.0535464042
163556704.1951996386 0.0544956534
163935917.5937390924 0.0545389667
163502987.8118024766 0.0546793680
165236833.3653321266 0.0554061512
164436038.8336019516 0.0544302331
163504371.8993937969 0.0547587920
163411627.7405199111 0.0543810353
163657269.6838734746 0.0546754086
163617098.9562821388 0.0545198639
163508576.6337890625 0.0537641573
163412111.0257914960 0.0544790965
186466094.7681256533 0.0538509857
164296074.4964697063 0.0544484619
163446176.6722306013 0.0541035533
163855419.4857578576 0.0538346028
163460426.5146317780 0.0541433403
163348597.2785964906 0.0544123500
164234734.5243806243 0.0543463019
164358275.6698103547 0.0543215465
164067339.0931820571 0.0544435229
164401857.7558966875 0.0543252850
163665821.6388276517 0.0546908336
163416683.2642776072 0.0543675779
163548810.9431590140 0.0545628923
164435652.8580300212 0.0544041334
163388158.6511901617 0.0546137212
163339325.9849542081 0.0543842670
164317162.5773169100 0.0542586611
163384172.6609961092 0.0544495107
164321424.2343573570 0.0543298054
164406466.0905740857 0.0543870690
164261727.2751983404 0.0544275512
163561105.0338672996 0.0545969655
164253422.1744504273 0.0540957808
163383575.1238147318 0.0544460909
164266105.3648662865 0.0542638684
164424325.4899006486 0.0543507486
164038573.0455652773 0.0549480193
164260697.4500905275 0.0543579034
163435486.3044393063 0.0544833643
164449197.4430813491 0.0543580125
163347207.1122401655 0.0543856220
163340483.0185956955 0.0543804037
164416317.2298434079 0.0542418226
163408986.7046033740 0.0544942647
163675088.8235158026 0.0542664319
163391754.0158801079 0.0544852723
164033572.4583194256 0.0543270939
164398027.1459916234 0.0544071148
164109295.4304079413 0.0542764691
163357938.2000423968 0.0544590585
163326277.3483424485 0.0543619739
163343651.5449171662 0.0544538689
163996737.9890100658 0.0541791779
164390088.8743087351 0.0543377544
163304450.5158465803 0.0542815951
163389794.1933340728 0.0544550649
163309513.2065333426 0.0542791618
163369636.4822691977 0.0544080154
163308945.6043247581 0.0542794254
163390129.1644733846 0.0544256444
163301587.6425171494 0.0542830524
164422221.6956571043 0.0544473722
163375677.8946888149 0.0542664654
164368654.3047046065 0.0543883872
163346572.0613994896 0.0543773378
163424003.5254798830 0.0544015941
164444874.4027150869 0.0543893867
163463969.4492822289 0.0545399293
163306516.3164369166 0.0544181767
164325130.0486203432 0.0543388828
163310107.6045260429 0.0544148119
164413560.9078163505 0.0543392125
163338545.1087741554 0.0544331127
163314284.1263236701 0.0544090317
163327291.9503017366 0.0544078574
163302641.8181489110 0.0543543010
164445054.4054210484 0.0544063448
163427294.7573028803 0.0544463490
163304379.0167114437 0.0544113361
163344138.9464375079 0.0544093816
163294379.3289763927 0.0544037749
164373775.0740503967 0.0544155572
163306464.1435660124 0.0544079753
163351935.8995740116 0.0544280141
163307495.1115391254 0.0544056270
163452048.8987315893 0.0544427429
163320272.4469090700 0.0544462080
164434182.9400902987 0.0543984727
163291737.6625211537 0.0544101925
164372591.0469408035 0.0544003069
163337796.5291395187 0.0544213433
163430439.3419211507 0.0544780307
164439319.1086094677 0.0544166223
163428670.4955730140 0.0544202065
164412769.7791639566 0.0543804900
163411305.7017277777 0.0544654191
164415646.1058520973 0.0543931571
163352854.4963561893 0.0544308304
163319783.8835300803 0.0544160336
163360519.7677927613 0.0544917801
164426543.8106692135 0.0543906298
163373470.3131413758 0.0544469356
164372077.5440792143 0.0543685490
164416447.4337936938 0.0543893971
163284545.6096350849 0.0544102405
164405493.9941540658 0.0543859063
164449014.2890720367 0.0544120323
163288250.9325850606 0.0543823973
164445870.5807659626 0.0544116092
163328634.2127418816 0.0544367342
164443990.2665855885 0.0544007513
163335781.4093638659 0.0544487794
163289961.8382510841 0.0543987323
163361339.3063245714 0.0544348994
163298148.9527190924 0.0544094066
163334329.7247247696 0.0544313855
163299953.8017088473 0.0544186773
163334610.3501793742 0.0544408684
164446138.4637632668 0.0544133893
163296651.3550867438 0.0543896468
163280051.4558292031 0.0544104280
164417483.5172726810 0.0544072182
164424592.5968270898 0.0544085852
163383417.3014173806 0.0544224545
164423067.3097259104 0.0544031461
163355275.7378781736 0.0544428540
163317828.8114706874 0.0544324277
164444588.6503993571 0.0544156403
164441161.5208855271 0.0544018541
163282492.2710905373 0.0544057467
164443495.0329934955 0.0544128223
163315721.8995817304 0.0544270559
163281764.9571896493 0.0544098388
163322829.6620647311 0.0544286002
164437266.3475316167 0.0544072932
163286573.9851200581 0.0544057141
163281274.2201462388 0.0544145702
163301297.8113649487 0.0544090277
163286448.8533282578 0.0544139538
163296656.6413341165 0.0544152412
164444933.9568166435 0.0544107654
163300339.8729073405 0.0544265513
164444717.6084912419 0.0544106548
163313606.8031558096 0.0544239493
163280865.0308209062 0.0544111609
164445140.3930914402 0.0544116657
164444835.2516696751 0.0544094088
163298156.4626501799 0.0544332228
163293899.6309123933 0.0544138163
163284173.3448209465 0.0544175941
164443908.7266847789 0.0544095737
163289524.9708784223 0.0544026835
164445909.4903700352 0.0544076455
163283740.6696974337 0.0544172311
163280776.4722789526 0.0544137023
163293618.7853309512 0.0544063651
163280354.7751632035 0.0544111279
164425541.5226731002 0.0543988203
164442589.2556253076 0.0544092735
164430398.9536372125 0.0544023777
163294174.1848181188 0.0544124174
164437258.5946451128 0.0544049137
164442691.5698821247 0.0544121013
164431715.6383975148 0.0543945514
164431398.0325618982 0.0544086284
163325477.2663707435 0.0544209615
164413542.4435272813 0.0544113770
163287560.5522462428 0.0544156323
164445696.8025712669 0.0544106635
163280644.8900605738 0.0544051328
164446073.7598693073 0.0544088304
164436271.8352054060 0.0544076521
163283207.0779975057 0.0544137687
163293215.3129090667 0.0544233754
164442726.7252582014 0.0544097280
164441995.0684874952 0.0544128154
163279856.8117973804 0.0544103919
163298041.3576716483 0.0544161928
164446238.1943952739 0.0544086234
163301530.6405309439 0.0544270963
164443975.1322854757 0.0544094171
164439972.4225860834 0.0544052117
163283338.2109228075 0.0544120910
163293183.9541011155 0.0544108354
164445775.8518549502 0.0544102110
163286706.0880648494 0.0544120771
164442649.0872695446 0.0544095286
164447423.5985220671 0.0544041988
164440435.1410846412 0.0544088723
163289393.6020315588 0.0544098385
163285006.3498082161 0.0544132723
163280112.6010853946 0.0544141543
164443015.8181650043 0.0544079058
163284095.7328081131 0.0544177095
164443490.7597457767 0.0544117256
164445542.5847040415 0.0544105061
163282061.4842400551 0.0544107438
164445978.7632546425 0.0544104435
164446103.3808951378 0.0544076818
163280454.0308466554 0.0544102184
164438302.6679166257 0.0544098529
164446030.1475227177 0.0544100048
163280975.2563431859 0.0544114215
163282579.0670152903 0.0544109729
163287531.9206429422 0.0544148348
164444888.6224422753 0.0544086087
164442386.8499467373 0.0544095636
163279843.3729157746 0.0544102164
164443332.9367609918 0.0544083488
164443860.5110289454 0.0544088865
164446738.2454600334 0.0544078326
163280897.7914805412 0.0544103832
163291541.1894922256 0.0544154114
163279724.5358514190 0.0544109746
163282625.8017219603 0.0544143354
163279807.6183502972 0.0544107099
163294362.3296500742 0.0544184810
164446261.5640724003 0.0544089750
163283809.4909071922 0.0544158074
163279886.2152731121 0.0544109368
163279621.5243842304 0.0544094617
163279810.8247148991 0.0544089231
164441184.5246300995 0.0544093453
163281196.8427549601 0.0544114983
164438172.5025125444 0.0544083093
163279521.4567235112 0.0544091037
163288003.6647602022 0.0544093441
164446357.2832570970 0.0544098117
163289749.9843876064 0.0544111859
164446347.5353056192 0.0544089375
163281377.5159002542 0.0544125933
163280710.6039901376 0.0544098065
164442597.9679849446 0.0544108449
164444913.1574527919 0.0544076599
163284501.1753380597 0.0544139482
164446193.1059547663 0.0544083513
163282138.8754062057 0.0544098847
164446819.8013458252 0.0544085709
163281392.6814287305 0.0544108808
164446456.3640063405 0.0544088473
164443208.7162597477 0.0544050275
163280792.5157242715 0.0544102826
163286439.6923531294 0.0544112355
163288256.4359945655 0.0544092488
163283684.6835220456 0.0544091765
163279586.6749234796 0.0544091696
164446398.7534639835 0.0544093868
164444589.1473898888 0.0544088256
163282268.1351163983 0.0544093227
163280021.2371508479 0.0544093940
163280701.0776919425 0.0544077726
164445895.5706169307 0.0544087766
163282871.9085815251 0.0544128113
163280326.6815731227 0.0544096506
164445997.2436738014 0.0544095747
163279662.0155898929 0.0544092254
163279376.7330933511 0.0544099236
164444758.5282734632 0.0544091640
163281484.8362557590 0.0544106545
163280048.7860181928 0.0544101868
164444978.9348663688 0.0544099703
163279580.6651373208 0.0544102371
163280376.2349931598 0.0544100399
164444815.6142235994 0.0544099051
163284571.0599555671 0.0544127662
164444215.5411073565 0.0544094928
163280848.9445091188 0.0544086649
164444948.6467189491 0.0544096057
164443183.1575891078 0.0544091618
163279195.9294843674 0.0544104229
163280131.5241933465 0.0544117022
164445604.5668188632 0.0544098496
163288165.4842110574 0.0544141233
164445441.1295937002 0.0544100945
163281447.8024107814 0.0544121919
163279180.1946618557 0.0544103677
163281165.2068963945 0.0544101307
163279542.6767666936 0.0544107156
163280060.6081290245 0.0544103318
164445651.5070536435 0.0544106222
163282670.8282786608 0.0544109923
164445529.5042146444 0.0544108795
163281370.3473052680 0.0544109256
164445162.4618396163 0.0544095837
163279223.9867433310 0.0544102312
164444690.8667358458 0.0544103128
164445464.6858911514 0.0544098847
163280317.6073527336 0.0544105212
163279546.8723180592 0.0544113421
164445481.9048943222 0.0544109435
164445197.5944592059 0.0544077612
164445595.9256930649 0.0544099546
163281835.6875050664 0.0544140896
163279263.9040883780 0.0544101059
163279001.7266325653 0.0544118565
164445515.0582955182 0.0544115627
163286009.2948058546 0.0544131852
163278841.7814890444 0.0544118576
163282571.2939014435 0.0544129272
163279547.0177766979 0.0544118038
164445608.5901011527 0.0544097378
163278942.8155455291 0.0544117325
163282438.4292301834 0.0544143672
163279624.1783263087 0.0544120345
163280375.9925371110 0.0544142803
164444056.5774660110 0.0544111709
163284404.5368297398 0.0544144118
163279103.1053142250 0.0544124408
163278933.8067139387 0.0544115746
163280661.1732738018 0.0544136177
163278975.0979400277 0.0544115670
163279159.8885518014 0.0544115307
163279036.8106774688 0.0544119276
163279257.9147105813 0.0544127066
163279993.1290292144 0.0544123080
163279174.6127822697 0.0544118872
163279003.8530247509 0.0544116100
163279541.2881047428 0.0544115668
163278923.9612892866 0.0544120291
163279537.4362552464 0.0544120137
163278913.9629318416 0.0544118263
163279710.3348604441 0.0544127127
163279155.7969307303 0.0544122441
164444821.0969826877 0.0544120720
163279216.9508507550 0.0544119299
163280879.0646629035 0.0544125156
163279134.4007149637 0.0544116382
163279614.1020909548 0.0544113489
163279152.2588317394 0.0544121021
163278860.1749479175 0.0544116156
163279498.5946458280 0.0544120105
163279539.7649077773 0.0544114045
163279187.8896406293 0.0544117631
164439135.7422120273 0.0544096832
163279114.5679959357 0.0544118994
163282369.8860111237 0.0544131816
163279429.2863025963 0.0544122219
163279961.8214878440 0.0544119687
163278925.9066618979 0.0544121973
163280619.5139954686 0.0544134153
163279002.1426699758 0.0544119263
163282071.0104113519 0.0544126542
164445449.8595988154 0.0544115633
163280542.3343816996 0.0544126824
164445405.4164754152 0.0544116094
163280325.3015626669 0.0544129601
164438741.9149771929 0.0544092360
164442348.9433531761 0.0544105468
163279708.5159173906 0.0544121644
163278864.5928060412 0.0544118389
163279452.2650192380 0.0544122945
163278901.1803676784 0.0544118597
163279066.7676025629 0.0544118125
163278827.6262068450 0.0544118279
163278961.6565786302 0.0544117028
163278870.5456407964 0.0544118634
163279082.0845973492 0.0544118637
163278815.2557083666 0.0544118652
163279295.6362513900 0.0544123219
163278836.3954288363 0.0544118498
163279195.6175781488 0.0544121687
163278781.5083622038 0.0544118317
163279539.3204483092 0.0544120352
163279193.6181134880 0.0544118406
163279053.2778719366 0.0544117415
163278785.2988251150 0.0544118392
163279327.3950657845 0.0544120078
163278822.1033826172 0.0544118310
163279135.7591144741 0.0544117610
163278761.3398845792 0.0544118552
164444524.6665863395 0.0544113688
163279165.1659859121 0.0544118756
163278845.2804259956 0.0544117616
163278772.6459563673 0.0544119492
163279255.6537962854 0.0544120775
163278855.7894004285 0.0544118925
163279145.6970491111 0.0544120060
163278792.0421941876 0.0544118805
163279444.1311392188 0.0544121986
163278887.3077135086 0.0544118276
163278968.2658976614 0.0544117204
163279165.1055898368 0.0544117976
163279463.0625238717 0.0544121460
163278764.5795353353 0.0544118999
163279229.2745875120 0.0544122898
163279097.0209352970 0.0544118230
164444835.6327875555 0.0544114056
163279044.8368623853 0.0544118068
163278781.4945067465 0.0544120261
163278797.7737455964 0.0544118250
163278818.1669393182 0.0544118914
163278887.8855954409 0.0544119838
163279173.0486184061 0.0544118188
163278845.5944264233 0.0544119691
163279188.3809174001 0.0544118484
163279062.0845448971 0.0544118454
163279182.2007122338 0.0544118638
163278881.4462287724 0.0544118154
163278834.7353419065 0.0544118488
163279106.5823079348 0.0544119226
163279161.8519985676 0.0544118017
163279027.4250025153 0.0544119617
163278787.5758954883 0.0544118776
163279029.1032103300 0.0544119043
163278944.5057694018 0.0544119283
163279168.8535517752 0.0544118506
163278959.3630825877 0.0544119644
163278773.3956929147 0.0544118707
163278867.1240943074 0.0544119507
163279160.7522529662 0.0544118453
163278764.0592488945 0.0544118993
163279173.2292174995 0.0544118553
163278827.0653417408 0.0544118965
163279173.8116099834 0.0544118483
163278768.9000341892 0.0544118740
163278765.2247723341 0.0544118623
163278789.2620490789 0.0544118859
163278761.4933873117 0.0544118530
163279131.0275595188 0.0544118500
163278790.1562570930 0.0544118584
163278770.5919212103 0.0544118830
163279184.3868207335 0.0544118556
163279082.1957177520 0.0544118374
163278786.6819264293 0.0544118716
163279136.2701991200 0.0544118604
163278765.2912109792 0.0544118702
163279126.2513995767 0.0544118969
163279180.0831798315 0.0544118654
163279144.8034912944 0.0544117944
163278770.3411407471 0.0544118618
163279192.0994141400 0.0544118416
163278799.0876100361 0.0544118688
163278779.3262082040 0.0544118755
163279139.0296876729 0.0544118305
163279118.1951858699 0.0544118457
163279151.6466142833 0.0544118390
163278907.4375725985 0.0544118465
163278801.1430366635 0.0544118662
163278842.2961227000 0.0544118401
163279168.8836013079 0.0544118362
163279162.2145132422 0.0544118337
163278769.6641933918 0.0544118486
163279109.1364901960 0.0544118063
163279140.0900646746 0.0544118299
163279182.7152728140 0.0544118210
163278811.9975635111 0.0544118641
163279171.1598746181 0.0544118302
163279164.5063953102 0.0544118341
163279060.5366526246 0.0544117827
163278785.5484929383 0.0544118843
163279146.2184385657 0.0544118605
163279127.9222544730 0.0544118408
163278812.9217154980 0.0544118478
136262634.0000000000 0.0544118478 0 0 0 0 0 0 0 0 0 0 0 1 0 0 0 