846001507.1431081295 0.0002566230
828943674.0587114096 0.0001465884
839723372.8757036924 0.0000000564
847509522.2682300806 0.0000059674
892912582.8701231480 0.0000072871
888908452.2207367420 0.0000081021
904852407.1005097628 0.0008760127
833910447.0076313019 0.0003260951
908943171.1999846697 0.0000045325
877899852.0166975260 0.0000040372
849677419.5634410381 0.0001390117
814199906.2905588150 0.0000004826
962517198.6228553057 0.0000342766
809982248.7779573202 0.0001873897
799186774.6211242676 0.0004913399
936365953.8200896978 0.0002618983
827364657.3951724768 0.0001894770
680223985.6147959232 0.0008787055
662748349.8000371456 0.0011635944
660876789.6648902893 0.0009671252
623793923.2455034256 0.0000181223
604996578.5616533756 0.0002232886
625087193.6601111889 0.0001291175
565855750.5264388323 0.0002096988
559022997.5467668772 0.0000529410
616148424.6495838165 0.0000498387
603534785.4473313093 0.0000022715
689077130.9628160000 0.0000342636
637319687.4941771030 0.0001751120
520982886.5081693530 0.0000432295
623771658.2617137432 0.0000230426
504564571.6251999736 0.0000122317
532336234.8606817126 0.0000078984
633998733.7831566334 0.0000281686
493131848.3955736756 0.0002749440
653121654.1568174362 0.0023160491
496589499.5719800591 0.0001254006
580020610.0352879763 0.0000466161
511136403.3836197853 0.0001696044
569658591.9592317343 0.0000252332
515023241.7402846813 0.0001799408
543923351.4952629805 0.0006646897
492497386.1158553958 0.0006368940
531063333.1264752746 0.0001615664
492571154.0612937212 0.0006500412
415897697.1207330227 0.0033203226
395606288.3096408844 0.0048955560
357725655.5243759751 0.0054178815
360174302.5762808919 0.0053415842
394595607.3109043241 0.0036117900
385888909.5641199946 0.0029324845
412575615.7092604041 0.0143498257
379853505.0842133164 0.0098889294
352263326.9998687506 0.0001643237
350038890.8408113122 0.0001800968
345995177.4730261564 0.0004321183
364409389.0383333564 0.0004101374
486734973.4637761712 0.0003777501
371588539.5987132192 0.0002695283
457167475.5619517565 0.0002837306
356324443.1602234244 0.0004148752
378303890.2983682156 0.0008200026
439362339.7142521739 0.0000003505
283828135.1119989157 0.0010859244
282240348.9268358350 0.0011303317
309898933.2441729903 0.0051096095
291912959.8686226010 0.0018278142
368523326.0742027164 0.0000000192
305491281.4735051990 0.0009600950
343405916.6692863107 0.0015555769
289452504.7478004098 0.0009990824
360620215.8615753055 0.0013127436
300030646.4463773966 0.0009276934
380103270.5752745867 0.0210471130
284703568.0377956629 0.0006567807
342750450.4405916929 0.0021583481
290058514.5305436850 0.0009322790
405704326.3643875122 0.0003167182
290626141.1399127245 0.0011960680
352147827.0119464993 0.0000495782
297002432.1998406649 0.0011400310
352759622.0613638759 0.0016174814
311839956.9497583508 0.0008836845
368239955.3631241322 0.0030803684
285248634.7546202540 0.0016008304
399622245.4707474113 0.0030855591
300058419.7586973310 0.0017643434
302382563.9092040658 0.0038823969
283103640.9130600095 0.0011200325
381912625.5794699192 0.0002412293
296642676.2196820974 0.0008565904
399403318.0647956729 0.0020210101
286786308.8788154125 0.0005104310
298119087.6055901051 0.0033691926
275412987.7885621786 0.0020536024
358258538.1750383377 0.0003032730
272714959.0372401476 0.0010132141
311570890.1742020249 0.0000126809
259093576.1434256732 0.0010119248
292020219.4150676727 0.0000568545
271581349.0839790106 0.0014897799
347463057.4543843269 0.0018736670
251733461.5459794700 0.0009855643
352114383.1659875512 0.0000121072
260325060.6002355516 0.0007634454
240319383.5052865446 0.0221263229
258433358.6125975847 0.0187306597
347543936.3091685176 0.0312195259
250820953.7558836937 0.0186403429
342032141.8198683858 0.0125407437
227776201.7548526227 0.0467605149
227002351.6957502663 0.0459704826
249067118.8264949322 0.0456227386
237107451.9893885851 0.0520611465
238621026.8823604286 0.0428356288
235305746.6791049540 0.0483951463
247018931.3075476885 0.0288667852
238116709.2898860276 0.0448723302
191500486.8117543161 0.0426778457
216595836.9405590892 0.0209869692
188783384.2868395448 0.0227664920
188621006.5763683915 0.0255261415
188045456.6598706543 0.0262292929
206812749.3501592278 0.0176428036
189344104.7446764410 0.0245544912
201295978.4718367457 0.0186428815
186381799.6740206778 0.0268479980
231780913.4178817570 0.0212798212
192995954.0845528543 0.0264471873
212191802.5527401268 0.0207006077
187821420.1495828331 0.0217674740
188257380.5081539154 0.0284986092
188393017.5431256592 0.0255041712
204152971.7513161004 0.0218131533
190072435.9852940738 0.0300426028
179697248.6013788283 0.0427289648
178945840.5210282803 0.0443544986
186604697.1894141138 0.0373899879
182644210.8030352592 0.0550297217
193694005.6864030361 0.0212232753
182965236.7317391038 0.0455655795
181424788.1617273688 0.0412098299
191286105.4618825614 0.0440362530
189349164.2926661670 0.0347378567
179696941.9005100131 0.0428216838
189918004.9747200012 0.0292044988
179343583.4960041344 0.0461589468
183102519.1636623144 0.0371605952
178778905.6774118245 0.0393785761
187201979.9015778005 0.0394379975
178480476.3293241560 0.0408168208
199887454.3187761009 0.0143246100
178911355.5199382007 0.0388049629
190841531.1407581270 0.0369873221
180262490.2858843803 0.0427517592
191114097.1057387292 0.0318750915
181407088.0767966211 0.0548429079
192649174.9680406451 0.0942382293
181136420.8260782063 0.0396079052
184831873.9288706481 0.0224486191
178907360.6267010868 0.0416043930
196828540.4389335811 0.0442257586
181281224.0060838759 0.0443671844
192767938.4915910363 0.0242714726
178285358.2801773250 0.0533503002
186306889.7174136043 0.0364730160
179537093.9256412685 0.0445258496
189927827.1207272708 0.1066824426
182680941.2512337863 0.0496738979
185556521.4341389239 0.0778360123
180979591.8243470490 0.0515530574
202317590.9809882045 0.0430770120
179237016.0347126424 0.0554234507
174036889.0614594221 0.0787537713
181006838.0957786143 0.0887069647
192821894.0311365128 0.0556295242
177957588.3562963009 0.0705247504
189131305.8860924840 0.0940178140
174110918.1136673093 0.0760219070
196388840.9079880714 0.0697642204
179378461.6139561236 0.0764951038
193829364.8229388595 0.0924358631
178341288.4415468872 0.0923924398
188293995.5023345351 0.0403944470
179754298.4599741101 0.0642613428
191630804.8898092806 0.0624929354
178419876.8768492043 0.0739667339
190321126.8843463063 0.1017442457
174846097.1443212330 0.0822069317
185368691.3161633015 0.1148141244
178375036.7304146886 0.0772866735
198414537.1450510621 0.0476188884
172450080.7725809515 0.0787421950
183983541.1791999936 0.0516055243
173703078.0637178421 0.0790537699
175190505.7555814683 0.0295701241
173992384.8966377676 0.0799938728
183666502.0195742249 0.0450180342
179661435.6147430539 0.0834956126
183518205.4284854829 0.0822464288
173546434.8310832381 0.0680264486
174108414.7444609404 0.0337990168
173311590.5638884306 0.0709471235
185530871.1881678104 0.0796304731
174201544.4409721196 0.0734489288
183568297.0222416520 0.0606888493
179592028.6673107743 0.0683611063
182839990.4893026948 0.0286124305
174324745.3097774088 0.0751723585
187615088.7311029136 0.0792280093
181096142.7627785802 0.0751539139
183221677.8502991199 0.0766890803
173779351.3988297582 0.0938038789
186824338.1494913995 0.1144405297
171461945.7658412457 0.0770155660
179336996.3336927593 0.0799189151
175676829.0598395467 0.0716693885
179085050.1121820509 0.0493471421
173335307.7517204881 0.0840583499
196017501.1241481602 0.0285132726
173155625.4179612994 0.0716115254
185142787.7037502825 0.0742473155
172426015.0626213849 0.0874592685
194136981.3039310873 0.0502997163
174278957.5753270090 0.0596653219
180185327.8846379519 0.0932716451
173664923.4809641242 0.0724690685
172341624.4946843386 0.0622575561
174130594.5276198685 0.0862232296
172339737.5519015491 0.0674090221
173043782.0860147774 0.1030387325
171425075.1516345441 0.0752295149
177287764.2014709115 0.0651273938
171494770.6196725368 0.0742591931
177816765.5465942919 0.0966481760
171262782.6098105609 0.0786700144
174597416.8819321394 0.0827509184
173056118.3657671511 0.0759676325
174682526.5374661386 0.0782162377
171324379.2244779766 0.0740901814
171187320.4598557353 0.0607683723
173933625.5139626563 0.0574659054
174520119.9389526546 0.0734048394
171706422.4789999127 0.0574150200
173244807.0810900927 0.0521292177
172589803.4879860878 0.0549674222
179536794.4564072192 0.0508632456
171541653.2121062279 0.0597785378
172965429.8143409491 0.0622995575
170974932.1082020402 0.0585491918
181637952.4796749353 0.0577106678
172415271.8557174504 0.0587134057
170386554.0851164460 0.0714377777
171859871.4848009050 0.0798160973
171576829.7967744470 0.0642910292
171127359.1176217794 0.0679010393
182152397.2431683838 0.0783952785
169617215.9558106065 0.0873923741
179231481.5775274038 0.0901249453
169883637.8778559268 0.0954688576
170339369.5377683043 0.0784812425
171078566.2809814513 0.0763073203
175205972.3037245870 0.0871504192
170587278.9288563132 0.0944232953
179423311.7125966251 0.0769799900
170259346.6010153592 0.0937448118
173104948.5410977900 0.0895989697
171599341.6943990290 0.0882822253
173250237.2737877369 0.0709427896
170109136.7619377673 0.0957188576
175403342.7893341780 0.0838222729
169170739.0378724039 0.0882894546
170030357.5130820572 0.0863505187
170701741.9381207824 0.0893919832
170421593.0264886618 0.0984045484
170232843.2009621859 0.0894052869
179456537.1409970224 0.0796480508
169868272.6471856534 0.0857299217
175205007.0948852897 0.1170471279
170186406.5547454655 0.0884496920
180056542.0369638205 0.0620300769
169947987.2887871861 0.0910133427
172330595.8950661719 0.0599679855
170520290.0269252658 0.0861312124
171013156.8041688502 0.1199401904
170363082.0512828231 0.0840154493
169993701.3226459324 0.0857082405
170564670.2463421822 0.0883585337
169455325.0890077651 0.0959282906
169591683.2576662600 0.0892835275
168868684.8232975304 0.0923467400
168001979.3936526775 0.0935008917
170530338.7831332982 0.1215264104
168899721.0920403898 0.0914236668
168816832.4974384904 0.0798999581
167690481.1662881970 0.0926432360
168321301.5627952516 0.0856729799
168189344.6653431654 0.0909180186
168356347.4574347138 0.0737210191
168470969.3370912373 0.0901205952
171716491.7383034229 0.1125206941
168584715.4874323606 0.0912147476
168086872.9206631482 0.1050927700
170031272.9499140978 0.0805087869
168455329.2997033000 0.0893601480
168249486.8587323129 0.0991166960
168506684.3108882308 0.0918901279
168280139.4392638206 0.0931874319
167605358.2339389324 0.0901615395
167979218.7302893102 0.0893107770
167956196.2643029392 0.0862585227
167998123.5265232921 0.1016960845
167775424.3536695540 0.0861735678
170828479.2769365013 0.0861355047
168508093.7235464454 0.0942552128
169704304.9325981438 0.0838455217
168952165.9566191137 0.0936416342
169558527.7551001608 0.0904778209
168896272.6739742160 0.0867822185
168874593.5938306451 0.0801818359
169314016.5378937423 0.0857221620
167939973.9504591525 0.0865345124
168768236.0390395820 0.0903706546
170613177.9078200758 0.0936192960
167845658.6108508408 0.0897293419
167795388.1047895253 0.0828210103
169373085.0208289325 0.0910872025
169022372.6635508537 0.1053312867
167781483.9409405589 0.0895333416
168664581.7490858138 0.0730999016
169192718.3362846375 0.0868198159
169894988.6309658587 0.0986740701
168590180.1731957793 0.0938445417
168854705.0139762163 0.1043913795
168056927.1705992818 0.0906464688
170582286.8830952048 0.0872351879
168946367.8060353994 0.0894483007
170731544.6709528267 0.0969596900
167752700.2370855510 0.0904741276
171187452.5755790174 0.0910941327
167785053.4622066021 0.0906755215
167410519.0856679380 0.0853542438
167318034.3664793968 0.0843211121
170468012.7209626734 0.0840187232
168582468.0991364717 0.0832722492
168129669.9033291340 0.0733637065
168533876.7018632591 0.0908556303
170633450.3116914034 0.0813195290
167835051.6158594787 0.0890009558
167007656.0028316081 0.0805545951
169738610.2307298183 0.0813742755
169526914.4416833520 0.0930186884
166964811.8920148611 0.0807652646
171813331.2479901016 0.0760444791
169506005.1086162627 0.0783906781
168702175.1085408032 0.0836186711
168108681.4521749318 0.0807643789
168559627.0890850723 0.0725177884
168012337.3040549159 0.0800318488
167680347.8620266318 0.0688186841
170276406.5505434871 0.0831824004
169840574.3967176974 0.0854295901
167179044.4290502965 0.0790164915
167546158.5644757152 0.0688651933
169569498.0744298100 0.0817052664
167823501.3293193877 0.0723130576
166881965.0216668844 0.0850452163
169685489.2595280707 0.0829266916
167069058.5609161258 0.0837791463
169281050.4050859809 0.0813046226
166907654.1078632772 0.0853146320
168345544.9370951056 0.0871068160
167062076.5597516596 0.0855913395
169581573.5276946425 0.0948442424
169514426.3949535489 0.0839151799
168777980.6884049773 0.0856333208
169895731.6387244761 0.0857304788
167657669.5332924426 0.1028024267
166877641.4352020323 0.0862228406
169238405.5246317387 0.0828549307
166902450.6499023438 0.0902789018
167684379.8558251262 0.0930811021
167040622.1322022974 0.0832656171
168319090.1555416882 0.0818154327
167104763.2813945115 0.0839224053
167169670.9608095288 0.0812303941
167261522.2517831922 0.0851497080
167775967.5815543532 0.0940196893
167030577.0679872930 0.0865608433
169293870.4897051752 0.0760665664
167004061.3929175735 0.0863306741
168316206.4524728060 0.0936015785
169354978.5877306163 0.0858945996
168815212.2110803723 0.0936955215
167298200.8137624860 0.0870027896
168709727.7176803052 0.0924095356
169482619.8305104077 0.0856068399
168951446.9642423391 0.0940069413
166878220.8686430752 0.0860721592
167707257.3381377757 0.0860086437
169457034.7240485847 0.0866679289
168914301.3525813818 0.0848443633
167192715.6343146861 0.0890041360
168991984.4317663312 0.0953366859
169002769.9179704785 0.0903682704
168658976.5666058958 0.0835713199
167080806.1152392626 0.0923533948
172060517.5035691261 0.0745327712
166772443.8688141406 0.0921394312
167538724.5369254351 0.0975526609
167309230.3678394258 0.0914326596
166705855.1836490035 0.1120564430
166919540.1612170935 0.1119986374
172810684.8576440215 0.1035658369
166444449.5794379711 0.1118243775
166819892.5676381290 0.1214677243
166782172.9657813907 0.1144181837
167493780.1085368097 0.1047839859
166757832.9233686328 0.1082465504
169363518.5977584124 0.1047102439
167253182.3979965150 0.1138480799
168866094.6195762753 0.1111950120
166343038.9448558092 0.1113756237
169156792.8053617477 0.1285473279
166835920.2782494128 0.1111984021
166528346.4622272551 0.1028003417
166217378.0412057340 0.1117923580
167537152.5182390511 0.1089938051
166583528.8755970299 0.1136940348
166660494.5314980745 0.1019975614
166308323.5947425365 0.1095499008
168554748.6566100717 0.1212997395
167127666.4972754419 0.1101578536
168847365.6988813281 0.1031118301
166291136.3402094245 0.1107044406
170390371.9031971395 0.1156168833
166390506.6746284068 0.1115540779
166821413.0506138802 0.1234868866
166560785.2663801610 0.1125868481
167210962.8885182142 0.1082060452
166636578.8870958686 0.1104563245
172113302.9787030518 0.1055773891
166277862.6236381531 0.1137043034
167677617.2921748161 0.1068570259
166367053.1697871983 0.1107959337
168266850.7722255290 0.1218966010
166302058.5112645626 0.1081268969
172264759.9937524498 0.1014977401
166182784.3008329570 0.1139375508
169079229.8129267991 0.1005507837
168889590.4250351191 0.1130983531
166215878.4367630482 0.1122701740
166740594.4515172541 0.1188416040
168699998.1614653468 0.1137282256
166212854.4729681313 0.1125965812
169043391.9380996227 0.1016733205
166183839.4598842859 0.1151086237
167017359.8982126415 0.1139900279
166564373.1766097844 0.1145454538
168200852.6621931195 0.1205399868
166228143.3709829748 0.1135382047
172283881.3533333838 0.1038587672
166273407.2434970140 0.1151894312
167029009.8565756083 0.1278449355
167190037.7215909660 0.1123299842
171817528.6445265412 0.1106723146
166588102.5448809862 0.1001111712
169272984.6630088091 0.1119651499
166123697.3182805777 0.1144371741
166511082.3492991030 0.1165735953
166339791.5672197044 0.1144721577
169210802.1979790628 0.1134777375
166120623.8144064248 0.1199687560
168727745.0982682407 0.1171667711
166179331.6944675744 0.1195608693
166840205.3364329934 0.1218240476
167221143.3281216025 0.1187734484
166927648.3532969356 0.1157932870
166233414.7052987218 0.1186684035
167252351.5392962694 0.1230370409
166820083.1476253867 0.1187733761
166958993.8811425269 0.1227330325
166068056.5804419816 0.1195147934
168489433.0479664803 0.1274398417
166196453.8564378321 0.1224535799
166979923.8398661017 0.1228944884
167230394.6111575961 0.1191269689
167139394.8189995885 0.1103086264
167194669.9825355411 0.1191291510
169642616.4038467109 0.1135785522
166013066.8697173893 0.1198193819
168106328.3217721581 0.1188742675
166140253.4090385139 0.1204435241
166018025.1817200780 0.1261558892
166217915.4950323105 0.1198784550
165917269.2898979485 0.1253202453
166312367.6504851282 0.1270923921
169675382.4674538970 0.1248914018
165912954.7862699032 0.1237083655
165811656.8764346540 0.1270263252
165799256.9480409622 0.1274258660
169158334.4552601874 0.1214060075
166022776.0309296250 0.1271648121
166370126.0456307232 0.1296660478
166336996.9870878756 0.1275412138
167106923.0328751504 0.1278789137
166135497.9192320406 0.1279208404
166566901.0414878428 0.1271367897
166164037.2961526215 0.1296224000
167170758.4866166413 0.1274892273
166084809.0545425713 0.1281287713
168299955.3500793576 0.1357260373
165873055.1687650383 0.1280386732
167705048.4890877306 0.1357045821
166165590.1945326924 0.1265101971
166884471.3092176914 0.1185559481
166228149.9422699213 0.1277081136
166866630.8843705356 0.1258798118
165832028.8242811263 0.1281890106
168504766.6300615668 0.1249641120
166071373.4545821548 0.1285797271
166354321.7728232443 0.1306872509
166119857.9848077893 0.1282914492
168713703.0182192624 0.1215285672
166213144.7588905394 0.1288878546
168820909.0300471187 0.1199896844
166169528.7191122770 0.1276230078
168712692.5279299319 0.1312765570
166244294.2791587412 0.1271426144
168938087.6222235858 0.1194022649
165882627.6785140634 0.1276009840
169195817.3623593450 0.1195835917
166200535.7008128762 0.1269441909
168731179.9704098105 0.1196006400
166737322.0675459802 0.1254639095
166176321.1126876473 0.1207696162
165843373.3784300089 0.1241386884
166116100.6238744259 0.1274628243
165907218.6760751903 0.1285807462
166050978.5042517483 0.1265947453
165796865.4856926501 0.1251286393
166281401.9052103460 0.1256195829
165812619.9753034115 0.1241484131
165976035.4455221891 0.1250939095
165952916.3818471432 0.1261347971
166257120.4501906633 0.1280630021
166079745.0337319970 0.1233048604
165833970.9701745808 0.1256153012
165995710.8298725188 0.1236537583
166207290.2340989709 0.1256203316
166617687.2475544810 0.1269466150
166310526.9696120918 0.1249731007
166664944.9252933860 0.1254717436
165878737.0226563811 0.1255678574
166728241.5386259556 0.1213808050
166037791.6982174516 0.1253103678
166172435.1299640834 0.1231722041
165802780.6390184462 0.1248089985
165887364.3087175786 0.1266555836
166268007.6751228571 0.1255291613
166821642.8210059106 0.1224188058
166041500.9732906520 0.1245890116
166522263.2712030411 0.1225400814
165836904.7007790506 0.1247333037
166135272.7658166289 0.1260287556
166231824.3319721222 0.1262495044
167173265.7962177098 0.1244563755
166092246.6292033792 0.1227132497
165927378.8664793074 0.1314742720
165864483.0224185884 0.1245885781
166103189.2408140302 0.1261689883
166201974.2998386621 0.1240892681
166666867.7284444273 0.1252121654
165902906.2598548830 0.1258466929
166641000.8542837501 0.1300687571
166325502.0048730373 0.1249850261
166774443.5374173522 0.1248927393
165863442.4298377037 0.1247666498
166024396.5729980171 0.1234521313
165903184.5588019490 0.1253368759
166446790.2818533778 0.1267677822
166328431.6874063909 0.1251806123
165934071.7025412321 0.1228938854
165828124.7883618176 0.1254030899
166610402.8148092031 0.1238856395
166266572.8831459880 0.1234969659
166043340.8176907897 0.1218293196
166284659.7041755319 0.1274005612
166381512.8026146293 0.1229040106
165949158.5681447983 0.1255685421
167431900.5234504938 0.1301969789
165851095.7431366444 0.1255755568
166330400.8154020011 0.1202358340
166212059.9610781372 0.1249405154
166378391.0626556873 0.1205593683
166108266.3719536066 0.1228537133
165868726.3713749349 0.1249814151
166004460.9684943259 0.1256213073
166298335.8947797418 0.1254297274
166067804.7328712344 0.1224628416
166309061.4851115644 0.1260029375
165884646.5705616474 0.1263919097
165818726.1385406554 0.1250503566
166127272.9303074777 0.1232884479
166315371.3326206207 0.1249707440
166034938.1812211871 0.1265944491
166295465.2613569200 0.1242898059
166334419.8037112653 0.1250577476
165885135.7784745097 0.1246998054
166279099.8776882887 0.1251019176
166297979.5083471537 0.1254554900
165840533.3878540993 0.1247090320
166295938.6611137390 0.1252168506
166306642.0244396925 0.1250708685
166022678.7505058050 0.1252930662
166326220.6567241549 0.1251749171
166245540.6457109153 0.1250244585
165845762.4563219249 0.1249066252
166316282.9702773988 0.1258658705
165883394.5050754547 0.1254132653
166282879.8850186467 0.1248248183
165822076.0610324144 0.1249878863
166258038.5853344798 0.1248197760
165802451.0532813668 0.1250034536
166217603.4157984555 0.1253625031
165823993.7507905662 0.1250145304
165812884.6088576019 0.1245562676
165813630.6278307438 0.1251548303
165979882.8621754646 0.1252169669
165785597.7810395360 0.1251751223
166220809.6482807398 0.1260172229
166295420.1273831129 0.1250773250
166138589.7731370032 0.1240702192
165783710.6221911907 0.1251147144
166321970.6189859807 0.1246918703
165803225.6825770736 0.1251852780
165857667.0844166577 0.1248627100
166246202.4369627833 0.1250751940
165829271.5442171395 0.1254030361
165815183.9926600754 0.1250206354
166292746.9771920443 0.1253872980
165807206.3836701214 0.1252651675
166308697.7512398958 0.1239710908
166310982.4536958039 0.1250197183
165806986.9675931931 0.1266598398
165808106.3701477647 0.1251301798
166126197.4692507386 0.1252810517
166284121.1108396649 0.1251242236
166214102.8577339947 0.1249354174
165789997.4906778336 0.1253947193
166246404.4919156134 0.1247029316
166327207.2817879915 0.1251394654
165913283.4022698402 0.1260025266
165785517.9701326191 0.1251430970
166219734.4054605365 0.1251175104
165820310.3471846581 0.1250990308
166197072.3315863311 0.1251442728
166324488.7411327660 0.1251102622
166265013.4220918119 0.1245113794
166313298.0373111665 0.1251489996
166309780.7995036244 0.1251648804
166341957.7284542024 0.1248442014
166254183.6999934018 0.1251440604
166253584.9468671083 0.1251587356
166316039.4589602649 0.1251001532
165791350.8982977867 0.1255236136
165799769.9000665843 0.1251475756
166039615.1783706248 0.1254896937
166320608.1596319973 0.1251508602
166291216.0454705954 0.1249135076
166318144.0306179821 0.1251530297
166315818.2139438689 0.1253360699
166318741.7692770660 0.1250980908
165910775.0995493233 0.1251124434
166333289.1320094168 0.1250522282
166308651.3343327045 0.1251500190
166338381.5652554631 0.1250957466
166290789.6418954432 0.1250608854
165797045.6275552511 0.1250820585
166272935.1684499085 0.1253749767
166324266.6338646710 0.1251312273
166263182.4006457329 0.1251387771
166305276.3680986464 0.1251056359
166338278.4010405540 0.1252409591
166286571.2399333715 0.1251310921
165785579.1089358628 0.1253402883
165802840.9560446143 0.1252027456
166323493.9759757817 0.1256227400
166328989.2639238238 0.1249961200
165795701.3722992241 0.1245890279
165798385.8437936008 0.1251331446
166351806.2008817196 0.1245047028
165784687.6276277900 0.1251353452
166250397.3234216571 0.1249350858
166307404.9081679583 0.1251371029
165833154.2629440129 0.1254247309
165824759.1359754503 0.1252061508
166301515.8277924061 0.1251602485
165793479.8345796168 0.1250949018
166289112.5855301917 0.1247783720
165828819.6517489254 0.1251932528
165947228.5392345190 0.1244158219
166310695.8007674515 0.1250689701
165800202.6195427775 0.1258074471
165797972.5587373078 0.1250743319
166318469.3655412495 0.1250158446
166318498.6807702780 0.1251529774
166328533.6287869811 0.1251099831
165793163.1920438707 0.1250437267
165803704.5551585853 0.1251212570
165880908.4160298407 0.1252914273
165817936.7283088267 0.1251371116
166312718.7115103900 0.1252478287
165828100.4917700291 0.1249387578
165788454.8618511260 0.1251493562
166324084.6826679111 0.1251496030
165785717.2861122489 0.1251258035
165783853.7088491321 0.1251190692
166334715.1991683245 0.1251086933
165789091.9234902561 0.1250350566
166326453.4191386700 0.1250984140
165790472.7642031014 0.1252261591
165784834.3135862052 0.1251053044
165784029.6543284059 0.1252160295
165785067.7747499347 0.1250702348
165793085.9231067300 0.1252379647
166331925.4172375500 0.1251014294
166328497.3016516268 0.1251595250
166325369.9648674130 0.1251126184
166329111.2327112854 0.1250069721
165786008.3320373595 0.1251445531
166315768.9017516077 0.1250730535
166325110.4704914987 0.1251081341
165788476.9587591290 0.1251679715
165784451.1953069270 0.1251063871
165811166.6133711934 0.1251494477
166331059.6368972957 0.1251246015
165799791.9226108193 0.1250309243
165788615.6005325913 0.1251467123
165791581.7870577872 0.1251151467
165785417.0707353354 0.1251122615
165786935.4325039387 0.1250740743
165783582.5580279231 0.1251213514
166327106.1171297431 0.1251537470
166331808.6877542436 0.1251236487
165808256.9191426635 0.1251413643
165787733.7640136182 0.1251271136
165806602.5763807297 0.1252005297
165790249.4096122980 0.1251150243
166333073.5327125490 0.1251646706
165788867.9422993660 0.1251098886
166327761.7976487577 0.1251666143
166328847.0650341809 0.1251187579
165808878.5500052869 0.1251232490
166322923.1388846636 0.1251668684
166327802.9980987608 0.1251441259
166326810.2935272157 0.1251159036
165800318.5895814896 0.1251609675
165783819.3155893683 0.1251265532
165788717.8510205746 0.1251089652
165785645.7596751153 0.1251187121
165784086.9756445885 0.1250975062
166330393.1680252850 0.1251164816
165793357.2627508044 0.1251108319
165785089.8926945329 0.1251322439
165786459.7278176248 0.1251341468
165785691.6152462661 0.1251241415
166318103.1857020259 0.1251248848
166330887.0227051377 0.1251190364
165801254.0970095992 0.1251507567
165783765.1531478167 0.1251181930
165788094.9869535267 0.1250808338
166330448.2155413628 0.1251201334
165788369.9165054262 0.1251291033
166330532.2989212275 0.1251089598
165789929.8373528421 0.1251964894
165783886.2089418769 0.1251190982
165783317.6233132780 0.1251054066
166329172.0535136163 0.1251040116
165795413.6134049296 0.1251150730
166327902.9095921516 0.1251193777
165791960.9297639430 0.1250550874
166333182.2501736283 0.1251234149
165787367.5701168180 0.1250881924
166333236.1369414330 0.1250991262
165799023.3607486188 0.1250985335
165783502.8685560226 0.1250959140
165803517.8842505813 0.1251151653
166333818.4239947498 0.1250961319
165788752.1731795371 0.1250976661
165785663.0679394305 0.1250966988
166337044.8205358386 0.1250136026
165784563.0736348033 0.1251013149
165788628.8003279269 0.1251316528
165788660.2403673530 0.1250707699
166326648.2815651894 0.1251732601
166332896.9082983434 0.1250704266
166330891.8421648145 0.1251008261
165794794.4597586691 0.1251273484
166331757.2802102268 0.1250988126
165789659.7958783209 0.1251272405
165787420.9260314703 0.1251109995
166332430.3266584575 0.1251111365
166332718.7378961146 0.1251057619
165784467.5188179314 0.1251149097
165784577.3380676210 0.1251165010
165784824.2961562872 0.1251124845
165784108.9794385731 0.1251070684
166333573.0507768393 0.1250835264
165783130.5610759556 0.1251073625
166333534.4526260197 0.1251439031
166333814.9535013735 0.1251024307
165785769.3129647672 0.1251295500
166332860.7159999609 0.1251062836
166333379.6099566817 0.1251176898
166333062.1749007106 0.1251063015
165784398.4608713686 0.1251079132
165784156.4616402686 0.1251033968
165793115.8550976813 0.1251205641
165785496.7922953069 0.1251039542
165786228.8947288096 0.1251078158
166333290.1353257895 0.1251081969
165788063.2223092318 0.1250943412
165784021.1384157538 0.1251115097
165785743.1761942804 0.1251079105
166333729.9938232601 0.1251139190
165783352.5196622908 0.1250801327
166333534.4708557129 0.1251046224
165785548.4370013177 0.1251230117
165784109.0578420162 0.1251035146
166327822.9580208361 0.1251107244
166330973.8957930505 0.1251090447
165783943.3282426596 0.1251071131
165784415.7487434149 0.1250942361
166332406.7066947520 0.1251067126
165786003.3826368749 0.1251076360
166333704.0581943095 0.1251065816
165788083.4455414116 0.1250972201
165783043.6799026430 0.1251105267
165785328.3342100382 0.1251263519
166333498.7931335568 0.1251100795
166329961.2849949002 0.1250997758
165782883.1779540181 0.1251128817
165785198.9098950624 0.1251162727
165783719.2415652573 0.1251150996
166332188.0461695194 0.1251187275
165783922.2852022946 0.1251140130
165790043.6098858118 0.1251189770
166333747.7612535954 0.1251147449
165785769.0730104744 0.1251071277
165782859.9121148288 0.1251124590
166333730.2634736598 0.1251040743
165783197.5853650272 0.1251069110
165783619.3260279894 0.1251219949
166333521.9854687154 0.1251136551
165788144.3208494782 0.1251181483
165782892.2896708250 0.1251151385
165784457.4036577046 0.1251149227
166333851.4499231279 0.1251127510
165785569.6897929311 0.1251183014
165783048.8729414046 0.1251089425
165785295.5409986675 0.1250964200
165783348.2599352300 0.1251150825
165783902.7327574193 0.1251251378
166333577.1800279915 0.1251159035
165785879.8853809536 0.1251010200
166333400.6971189976 0.1251154406
165783641.4982665181 0.1250990093
166333682.3908234537 0.1251100952
165785523.8033770919 0.1251257100
165783070.7355135977 0.1251133202
166331633.8080338538 0.1251149630
165783238.0351477861 0.1251140231
166331695.1770744920 0.1251157670
166332761.2425242364 0.1251141133
166333327.2173903584 0.1251106594
165783220.7784740329 0.1251191916
166333647.9890679419 0.1251111708
165783788.3759408891 0.1251157009
166333728.1490413547 0.1251118477
165785949.2339747846 0.1251154334
165782948.3286526799 0.1251113032
165782728.8265576661 0.1251079931
166333100.3415498435 0.1251100121
165785451.2908507586 0.1251059230
166333478.7475744188 0.1251054903
166333664.5569775999 0.1251048330
166333521.5819731653 0.1251079384
165785767.9843046665 0.1251118872
165782874.0312960148 0.1251071962
165784518.9754735231 0.1251086168
166333450.4445159733 0.1251073535
166332187.0209668875 0.1251104311
166333465.1719508171 0.1251058099
165783150.2133730650 0.1251155510
166333617.8912801147 0.1251068845
165785314.4506648779 0.1251151325
166333629.7691787779 0.1251078909
166333806.9101341665 0.1251040960
166333522.1367251575 0.1251075952
165783504.3804348707 0.1251008324
166333482.7941669524 0.1251102858
165783376.5547616482 0.1251095559
166333526.0584453940 0.1251076484
165783776.1645769775 0.1251033071
166333398.2057692111 0.1251116471
165783295.0918729603 0.1251036587
165783054.9624741673 0.1251080219
165783431.4151147306 0.1251012004
166333494.1689262986 0.1251092497
166332811.9300120771 0.1251117243
165782747.8771576881 0.1251054649
165783033.4578252733 0.1251097308
166333049.1329702735 0.1251063070
165784204.3938133121 0.1251022951
166333272.2660399675 0.1251066874
166333461.6055095792 0.1251142854
166333517.4537470937 0.1251073320
165783670.4338084459 0.1251144806
166333299.9620082080 0.1251109633
166333722.1034510732 0.1251011725
165782844.3804958463 0.1251079502
165784699.4809403121 0.1251080079
165782867.0109626651 0.1251080567
166332513.2193682492 0.1251004626
165782757.6158267558 0.1251079275
165783002.7019417286 0.1251019884
165782775.2086243331 0.1251085076
165782575.3205577433 0.1251149684
166333142.4948203862 0.1251140551
165785283.3450232744 0.1251162447
166333236.7049951851 0.1251144248
165783672.8418354094 0.1251122356
165782591.9973976314 0.1251153161
165783586.4492352307 0.1251060095
166333188.3625190556 0.1251147846
165783097.5902398229 0.1251212268
166333030.9581358731 0.1251140968
165782536.3062296212 0.1251150575
165783131.7910819650 0.1251154428
165782521.8050018549 0.1251167868
166332986.0400681198 0.1251147713
165782531.7306003869 0.1251177858
165782498.9668012857 0.1251169375
165782933.8579608798 0.1251182395
165782696.2643808126 0.1251148587
166333188.6295619011 0.1251167866
165784180.2983590961 0.1251190706
165782467.3679030538 0.1251183656
166333070.6146343946 0.1251206849
165782568.5526949465 0.1251168767
166332548.4910540879 0.1251211194
165782736.1217406392 0.1251181856
166332086.4122560620 0.1251183569
166333105.4994620681 0.1251179674
165782872.5179672837 0.1251176517
165782575.2039915621 0.1251185979
165783061.5455901325 0.1251159487
165782487.2951707542 0.1251181281
165782716.6581041217 0.1251160922
165782776.5469265878 0.1251182912
165782425.6651493311 0.1251188605
166333187.8914629221 0.1251187827
165783745.3899813592 0.1251193672
165782498.4390590489 0.1251187323
165783075.4171904624 0.1251216711
166333042.3918049335 0.1251176778
165783347.2919937372 0.1251230931
166333153.6766586304 0.1251192796
165783480.2558046281 0.1251171820
166333140.9666341841 0.1251188876
165783245.0017018616 0.1251180324
166333039.8213694394 0.1251183889
165782698.1116403639 0.1251185558
166333122.8267348111 0.1251210782
165783011.4361267388 0.1251146620
165782511.3577232361 0.1251195364
165782598.2097876072 0.1251192520
166333228.8726372719 0.1251182510
166333214.8679025471 0.1251183092
166333111.3075280488 0.1251187160
165783052.2228116691 0.1251193996
166332850.8946636915 0.1251189731
165782546.3230947554 0.1251178684
165782538.2099146247 0.1251184615
165782844.0398850441 0.1251152651
165782639.6630401313 0.1251189228
166332933.0775285661 0.1251144249
166333189.8586953580 0.1251199411
165782743.7735277116 0.1251189192
166333076.8382821381 0.1251182410
165782512.6653659046 0.1251220890
155723886.0000000000 0.1251220890 0 0 0 0 0 0 0 0 0 1 0 0 0 0 0 