204041824.6428390443 0.0000009890
188772208.2549467683 0.0000003415
181852320.2751843929 0.0000000584
218387210.8088176250 0.0000004382
241286640.0605911613 0.0000004277
263063072.6629730165 0.0000000088
227293571.3578517437 0.0000003092
199024843.2750968337 0.0000003715
212312000.9130721092 0.0000004108
244154972.1631755829 0.0000002743
209412007.9172305465 0.0000000849
185296626.4011427462 0.0000010006
207430590.3934862912 0.0000000312
186503264.2162784338 0.0000002739
190886721.0441415310 0.0000004486
214740924.5651235580 0.0000258729
212137718.1129465699 0.0000000619
186348556.8101148009 0.0000003055
171382971.4608383179 0.0000000735
168031953.7004807889 0.0000003070
175782473.6730829775 0.0000026939
168596129.3833111823 0.0000004540
215719076.0147265494 0.0000008349
161077819.2252939343 0.0000005401
165728685.5736332834 0.0000010879
202556956.1914267540 0.0000004334
177876076.2804805934 0.0000018311
184012879.5134641230 0.0000005038
201261183.6828394830 0.0000001952
261896352.9767951071 0.0000005047
188953889.1722729802 0.0002392961
152280466.3700351715 0.0000045428
141859412.0114828348 0.0000110707
226020896.3101455271 0.0000000251
143641907.2063530684 0.0000343852
136530897.8828900158 0.0002132083
157131408.3992617428 0.0003574546
138019967.1082923412 0.0005511913
142990707.5025642216 0.0000663809
128037611.1649421602 0.0000029143
151835493.0884222686 0.0000031455
142669984.6052846909 0.0000032794
183175497.9297789633 0.0000040502
141056637.1445474327 0.0000010497
181277772.2177100480 0.0000043183
144579660.8020713329 0.0000023392
173021718.3907687664 0.0000072288
129097073.1253780723 0.0000127955
137355667.1910899282 0.0000086633
188576328.0262250602 0.0000000778
184849442.0067259371 0.0000022531
138329977.7509127557 0.0000005449
139939689.0601149797 0.0000125275
151297192.4652088881 0.0000119319
126181470.1138214171 0.0000001248
177862026.3234799504 0.0000000002
123985796.1499081850 0.0000001505
162396274.8145167530 0.0000000280
123055994.3346478492 0.0000008713
166707940.5150009692 0.0000252263
131326768.8629849702 0.0000002519
187707699.2454667687 0.0000742093
122649261.1799880117 0.0000072727
174782054.4044022560 0.0000022884
134757831.4396501482 0.0000097676
138021371.3061922789 0.0000880706
132994065.4217740893 0.0000006198
136559975.2448057830 0.0001784637
124077026.6114674956 0.0000007191
214144156.7965850532 0.0000034308
141615028.3280441165 0.0000013028
169711392.4398409426 0.0000577284
128112654.9311266094 0.0000051611
132302359.5725735724 0.0000061983
134422166.4649755657 0.0000219099
167768973.5448166728 0.0005511644
136191627.6342710257 0.0000354265
129426223.6787305176 0.0000008520
141117876.4083845019 0.0000006483
162064354.5470440388 0.0008364523
134514249.8253481984 0.0000030076
135066823.7402841151 0.0000146269
151187788.3133175969 0.0000208540
132021461.0895927250 0.0000353559
122400232.2321096659 0.0000029797
164697318.7012741566 0.0001151799
165014238.9367353618 0.0000010245
128855731.3974068761 0.0000013480
135249325.5930601060 0.0000021524
154370871.2563786507 0.0000004083
122618089.9722367227 0.0000002282
152698109.4393352568 0.0000127778
166042195.7743673921 0.0000206933
142510248.0643956363 0.0000043077
124818650.9318920374 0.0000005445
140260869.9815803468 0.0002823007
127128571.0790239125 0.0000072646
139381487.8662912250 0.0003997661
127854630.1585791409 0.0000025896
157915212.3442180157 0.0000175938
138433393.6968315244 0.0000118329
228924892.1559590697 0.0000469515
135194234.5989526212 0.0000012426
143037294.3173948526 0.0000068841
171952271.8742124438 0.0000000019
146701508.0174335837 0.0000035552
126113089.4595012367 0.0000133061
143409030.8331880271 0.0000008167
154187692.7087632120 0.0000085996
123287936.9336752594 0.0000011157
128365500.8672725409 0.0000000841
123192476.0196832865 0.0000018660
144646703.7528353333 0.0000001553
124343378.9526428878 0.0000045634
124482068.2428731620 0.0000067576
122709183.8856258839 0.0000063294
143495362.6374247670 0.0001442037
141699476.6530528963 0.0000061243
125788360.8084553033 0.0000012548
145516142.2869955003 0.0000001705
133233579.7294551581 0.0000079648
129795942.7232905477 0.0000015438
124388945.9395929277 0.0000080215
130650063.1874669790 0.0000036995
156312863.3525107801 0.0000008073
125284998.8664291501 0.0000094011
156298294.5137348175 0.0000003008
125478010.7252961844 0.0000054854
164469855.6257167459 0.0000081027
126008476.8142291456 0.0000063961
124678373.9216389507 0.0000204013
134659141.2902442217 0.0000072009
122167500.9288801551 0.0000052821
140010135.7018712461 0.0000296342
122715605.2626949102 0.0000067781
138270025.6761089861 0.0000000833
122533326.1761955023 0.0000113494
136627443.0278073251 0.0000131320
122360074.2002951056 0.0000048984
131157629.0272153616 0.0000006618
142291135.9896817803 0.0000037487
129009080.3691222370 0.0000189942
125757333.9314675927 0.0000013094
130626024.1855611354 0.0000265665
122468629.3729501069 0.0000046361
135595356.1222904623 0.0000160793
122950679.1257829219 0.0000043878
125514099.6798598766 0.0000000718
122288007.0353677869 0.0000072344
132250992.8324962556 0.0000034833
122698639.5900700390 0.0000042228
146563787.9022767544 0.0000028304
144030143.4523680806 0.0000050838
135919958.5750529766 0.0000464400
122211047.4688093811 0.0000065193
129546048.2670829594 0.0000004420
125531140.2377816886 0.0000036822
134274572.8840404451 0.0000050788
127955572.9306501448 0.0000024456
140065870.2517799437 0.0000226139
122486856.4063075036 0.0000039943
132800107.3380973041 0.0000011302
124756396.9239820838 0.0000064462
121293490.5458093286 0.0000049935
123536554.8913948387 0.0000059122
121918659.5492710620 0.0000007100
130951719.8775673956 0.0000039925
123520647.3813714385 0.0000023685
131581662.9725930691 0.0000021025
137067603.3798285127 0.0000124518
122108098.8495371342 0.0000147648
131759511.2678454518 0.0000011079
127137615.6318144798 0.0000025373
135947104.9262221754 0.0000001619
124721932.6175389737 0.0000029465
130932734.0018001497 0.0000126736
131778046.7110212296 0.0000048139
121097936.0601488203 0.0000188023
134765004.8551379740 0.0000192881
133437821.2534090579 0.0000298706
125226175.9957403839 0.0000146090
130482133.0044088960 0.0000317449
127775736.6456396580 0.0000157392
133818755.9623034149 0.0000676602
120635451.3662432283 0.0000222200
127763567.5925792456 0.0000389790
133970370.5029597133 0.0000231296
120417487.2164335847 0.0000453523
132210165.8275505304 0.0000418621
150453860.5147158504 0.0000120658
129676103.9013703912 0.0000546496
127694418.5906082392 0.0000047838
126364097.4230372757 0.0000357528
123833518.4768331200 0.0000972077
128237522.4466224760 0.0000468699
124595436.8113522232 0.0000464516
121841555.8597369939 0.0000515100
131479987.0976641625 0.0000488181
121009126.2191423029 0.0000532520
142718634.1393633783 0.0000429699
119300339.5863556266 0.0000501364
122816363.8321654648 0.0000256171
121976211.9072034210 0.0000599705
137904644.1546941996 0.0001240584
123434350.4042581320 0.0000372216
129008413.8957649320 0.0000745986
131402701.0140561312 0.0000392521
145123801.4651285410 0.0000114800
123692612.7254091352 0.0000399543
124253985.8270352632 0.0000640274
129557206.9425121993 0.0000370921
137069614.3754572570 0.0000242925
124831047.1517948955 0.0000482508
167838551.6705307662 0.0000170497
119813258.5282798111 0.0000561259
121270836.8877977282 0.0000223493
127641943.0611845255 0.0000671319
136082977.0796675086 0.0000475146
127095273.3596647084 0.0000280483
143858261.3066092134 0.0000258437
127512230.8515362889 0.0000705229
129416302.9245450348 0.0001398697
131724772.4606661350 0.0000386921
131381891.0311171710 0.0001009220
123166293.3120842427 0.0000695490
134895210.1557264328 0.0000596711
122640781.6006014496 0.0000749309
132704310.5784716457 0.0000306262
126880508.1454647034 0.0000761644
144762793.3021949828 0.0000349245
128789060.3316287845 0.0000334243
135684640.6394779086 0.0001450381
122986928.3227296621 0.0000478357
145479862.8312981427 0.0000356214
126453508.6001300216 0.0000537043
133012029.5972962379 0.0001106737
126846263.0931783170 0.0000523481
127616518.6083292067 0.0000523746
121735622.9454097152 0.0000548526
145893785.8176896870 0.0000328288
131420469.9802042693 0.0000196478
139363393.7497695386 0.0000429506
120441929.5777881294 0.0000614457
139078637.5632927418 0.0000384048
128752011.3798583150 0.0000430038
139147715.7300711274 0.0000487694
129769471.5570768416 0.0000511588
129068078.6364588886 0.0000628053
133852253.3689321280 0.0000435098
128673152.2373349518 0.0000536146
120237114.8726847321 0.0000445566
129684273.9762368649 0.0000554422
131066628.4240668714 0.0000523074
126363345.8225154430 0.0000412190
129535727.3783026189 0.0000572869
130777278.2043289244 0.0000554891
119675237.2489828914 0.0000519713
121394486.3035722971 0.0000478696
119465891.5441198796 0.0000494777
125780669.3340680748 0.0000391344
131003170.1957177669 0.0000524190
125483604.8929254115 0.0000657874
131208250.2711628079 0.0000518320
130333527.9447985291 0.0000615482
121185615.3155092597 0.0000544778
128111604.6757285595 0.0000344887
130042394.6111704409 0.0000498307
129197440.0201741606 0.0000462860
120822358.5003392249 0.0000485084
124804328.7591183484 0.0000477785
131782565.6717787087 0.0000498333
130625891.0414799154 0.0000527442
120605768.3280182630 0.0000441634
123836827.4433658868 0.0000688060
122437337.2437224239 0.0000452025
123453511.3564430475 0.0000382615
120079367.4488889575 0.0000475141
121908267.8571299613 0.0000371686
119611835.5631943941 0.0000487183
124429581.4487538487 0.0000491258
129127503.0986756533 0.0000569953
127812524.4849983603 0.0000342001
120947825.7834069431 0.0000483498
119537865.1261518896 0.0000603131
119737701.5589754879 0.0000502711
124025096.0074090064 0.0000757855
119791403.5189566463 0.0000546249
120660784.1970546395 0.0000458852
120628421.1373116523 0.0000492386
125908523.5261825621 0.0000635928
124025524.2964868397 0.0000501145
127887205.0188573003 0.0000501628
131614348.0949780941 0.0000502327
122460297.0544931442 0.0000553625
131326076.2926139385 0.0000488292
121925259.6860357225 0.0000455855
131180746.9426124692 0.0000486690
120175337.2237202823 0.0000524676
130662324.9008219689 0.0000497758
120338322.7999051064 0.0000552890
119562462.1914306134 0.0000516172
124073238.0929639637 0.0000434548
130831370.8729744852 0.0000514173
121433846.7829736322 0.0000451663
131659765.7373175323 0.0000509330
119723660.7271291763 0.0000458930
131258986.9004588574 0.0000501161
131561676.7923066467 0.0000517302
131455944.4126480222 0.0000509210
131762090.7602339387 0.0000519094
131079325.2472352982 0.0000483146
130653167.3605675995 0.0000511944
120568386.1695844978 0.0000477691
120280301.1946874559 0.0000591022
119545682.2341087461 0.0000500462
131034530.3588581979 0.0000439016
131087078.0103828758 0.0000489308
129255695.6404661834 0.0000588929
119596944.2176089734 0.0000493356
119743354.7566319108 0.0000488017
119314389.1005684137 0.0000508276
119543925.4160597920 0.0000496418
119965040.4541028440 0.0000491447
131526847.1994931847 0.0000497567
131521910.3599972725 0.0000530495
119338672.2518897504 0.0000507999
120608211.9648005813 0.0000483259
119624578.3814836144 0.0000496011
131081656.5436785966 0.0000492243
119981109.9852596670 0.0000515758
131565592.9091846198 0.0000505511
119890002.0307450294 0.0000506004
119460695.4431361705 0.0000503433
119899478.1530613601 0.0000477932
119632280.0443603247 0.0000493160
119657170.9673303217 0.0000496897
119281254.4602126479 0.0000497605
119666039.0176597536 0.0000476835
131523083.8215246350 0.0000492656
130221730.9715121686 0.0000511945
131587527.7522673458 0.0000499016
119820470.5433153510 0.0000501595
119431474.1605065167 0.0000491411
119390934.4207157195 0.0000495395
131704646.0034567863 0.0000500177
119405241.4818055630 0.0000494804
131661474.5289016515 0.0000490575
119375017.9405285865 0.0000487922
131655937.4594377577 0.0000500797
120602242.8885944486 0.0000488919
131689542.2793955505 0.0000497862
131449632.6653083265 0.0000479998
119450165.1288889050 0.0000494329
131656002.1634176821 0.0000519454
131563661.5523859262 0.0000495575
131811882.9668162316 0.0000499064
119506371.5947441459 0.0000495143
131580904.1911840141 0.0000514297
119371638.7173329294 0.0000500428
119436804.6690595299 0.0000512210
131630706.7962627262 0.0000500676
119993587.9656548798 0.0000472512
119493698.9785186052 0.0000491550
119388576.1443779320 0.0000494587
131688163.4137575030 0.0000498096
119362429.1884738654 0.0000495685
131637920.9270968586 0.0000499644
119467409.9885794967 0.0000502315
119345066.9595322907 0.0000494816
131681126.6514855474 0.0000493239
119303985.3037910014 0.0000498714
119412316.0434090942 0.0000494342
131610129.7791884094 0.0000496673
119661355.5741732717 0.0000494939
119317112.4092827588 0.0000499319
119357108.0072875470 0.0000495798
131507926.9604439139 0.0000497583
119551550.1412293166 0.0000502773
131455185.9550573379 0.0000502691
131689938.3557728976 0.0000496334
119407907.6395954788 0.0000501499
131633334.3073454946 0.0000497953
119364115.2527717203 0.0000497332
131669767.1027914882 0.0000498155
119280918.3705957830 0.0000498774
119380568.9358256459 0.0000498681
131667377.4610819817 0.0000504753
119323985.1088569909 0.0000497423
119334633.7523093522 0.0000499572
119297119.9893834889 0.0000498745
119461424.3354011327 0.0000493086
119303485.7057666928 0.0000498735
119300134.7258882374 0.0000499002
131700544.6604202986 0.0000498285
131555138.1576884687 0.0000499400
119334406.6363216788 0.0000498491
119522263.9383357614 0.0000498528
119296738.5947917551 0.0000497671
119356417.1520852149 0.0000497253
119291742.7775243223 0.0000498489
119312385.6028040051 0.0000497637
131683835.9175983965 0.0000499767
119539350.1090926975 0.0000495762
119305507.3923600614 0.0000497200
131609547.3015726060 0.0000502671
131669340.3047743887 0.0000498911
119514503.6794034243 0.0000496380
131669877.7837875336 0.0000498276
119350297.8970224708 0.0000497457
119289619.4392376691 0.0000498817
119378485.3023006916 0.0000494460
131652451.3114653826 0.0000497862
119316947.8980093300 0.0000496271
131666360.4958995134 0.0000500910
131553439.7517722249 0.0000496122
131630320.2964556366 0.0000498931
119384175.4231792986 0.0000490608
119303369.8461503386 0.0000498334
119292628.6010549963 0.0000499763
131651908.4396498948 0.0000498391
119293382.6535743475 0.0000504331
119288130.7058229893 0.0000498830
131548986.6060242057 0.0000499181
131686538.5928475112 0.0000499798
119388851.5225491822 0.0000491363
119328261.0077019334 0.0000497744
131683744.6069558561 0.0000502628
131673675.2564009726 0.0000499976
119318777.4244460911 0.0000498482
131675864.6627118438 0.0000501353
119309034.6655266285 0.0000497706
119335769.2945323437 0.0000498180
119345999.9417621791 0.0000497080
131666026.7042833567 0.0000497885
131686804.2378955036 0.0000499307
119309125.2123297006 0.0000497165
119279603.9030608237 0.0000498645
131689938.2941561937 0.0000498595
119279776.5773243308 0.0000498669
131690647.8241456449 0.0000498496
119285295.3007733375 0.0000498347
131689907.6247923076 0.0000497180
131693168.5117827654 0.0000498608
119300842.3487938792 0.0000497857
131686005.1141760647 0.0000498612
119331458.1933232844 0.0000499059
131695052.8316528499 0.0000498650
119329397.6714783311 0.0000497864
119304979.4628371894 0.0000498177
131686273.9052426815 0.0000498924
119298868.3038100451 0.0000498478
119302860.2819669992 0.0000498167
131682781.4152447730 0.0000499304
131685847.3758571595 0.0000498017
131690231.3603832424 0.0000498879
119327546.5930252671 0.0000497214
131691294.1920883507 0.0000498755
119301151.1138654500 0.0000497370
119286200.5325731337 0.0000498198
119311194.5302901715 0.0000498250
119285838.3847247511 0.0000498578
119279738.0394648612 0.0000499882
131686097.2747078687 0.0000498783
119288669.8529225588 0.0000499090
119289723.4566639513 0.0000498382
131688080.4284131527 0.0000500111
131691771.5546894372 0.0000499378
119279494.9325788915 0.0000498555
131681414.4660908878 0.0000498224
119282069.3853739351 0.0000498536
119304710.7395543009 0.0000498810
119279845.6829589009 0.0000498298
119284927.5072686374 0.0000498563
131691946.1586689055 0.0000498577
119288885.5059420764 0.0000497949
131684754.4419854730 0.0000498529
119296824.4620453119 0.0000498820
119283048.4716947973 0.0000498527
131693072.1137042046 0.0000498901
131693716.2962647527 0.0000498603
119309770.3288345784 0.0000498036
119281295.9049753994 0.0000498583
131678137.9149472415 0.0000498239
119279659.1794083267 0.0000498576
131692712.3503980637 0.0000498817
131685590.7681055665 0.0000498881
119317101.3938971013 0.0000497799
131692725.1094060689 0.0000498463
119281491.0504365712 0.0000498697
119283470.2764177769 0.0000498571
119303359.5050199330 0.0000498179
119286389.0183032006 0.0000498385
131684970.3744759262 0.0000499258
131694747.2073303014 0.0000498578
119289212.9413497001 0.0000498660
131689369.9297390729 0.0000498768
119281069.6934962869 0.0000498201
119283488.2860080600 0.0000498524
119291459.8450484723 0.0000498276
131690811.5312864929 0.0000498626
119285797.8764868379 0.0000498952
131683726.2335049808 0.0000498829
131695168.7581045777 0.0000498607
119283646.7723566592 0.0000498523
119281678.9442519248 0.0000498489
119280375.8332066834 0.0000498591
131692199.9842839241 0.0000498600
119281387.1482586265 0.0000498183
131693319.8706303984 0.0000498570
119290319.0791107863 0.0000498406
119282852.6675939560 0.0000498447
119290872.1457171440 0.0000498409
119281775.7283053249 0.0000498516
119285189.1611805260 0.0000498603
131694982.3608801514 0.0000498536
119279907.1880804896 0.0000498516
119280572.0870603472 0.0000498583
119282418.8071665615 0.0000498437
119281739.2280547172 0.0000498382
119287794.1971966475 0.0000498427
119279994.0465904027 0.0000498533
131692774.7433250993 0.0000498781
119281500.5204125196 0.0000498495
131694089.2192811072 0.0000498163
119280716.9792917073 0.0000498650
131694765.0689460784 0.0000498504
119284417.6449408978 0.0000498634
131692899.4958504736 0.0000498569
119287591.0523864180 0.0000498432
131693675.6783328652 0.0000498533
119282550.0583600998 0.0000498720
131694989.2975605130 0.0000498567
131695812.9919675738 0.0000498698
131692407.3763344437 0.0000498579
119283717.9450115114 0.0000498494
119280313.0897689611 0.0000498529
119280787.7866595834 0.0000498524
131695149.4432062805 0.0000498552
119288492.5659854710 0.0000498423
131694004.9795262069 0.0000498577
119286904.3076897711 0.0000498480
119279766.6077236831 0.0000498552
119283909.5716009885 0.0000498492
119279819.6515739709 0.0000498527
119281491.5700352192 0.0000498535
131693627.3249077797 0.0000498566
119284584.4697727263 0.0000498566
131693621.6762576848 0.0000498597
119283770.1848992556 0.0000498439
119280791.2302136570 0.0000498524
131690530.0438855290 0.0000498459
131693832.8567125946 0.0000498605
119284554.9171484560 0.0000498398
131695186.3540337086 0.0000498522
119281748.7288901955 0.0000498655
119280460.7924804091 0.0000498616
131694627.1488365829 0.0000498554
119282124.6745720953 0.0000498515
131694777.8487135321 0.0000498557
131693574.4233194441 0.0000498617
131695054.8799578398 0.0000498560
119280043.4718063027 0.0000498536
131694055.3284798115 0.0000498579
131693665.3691087961 0.0000498526
119280060.9178990722 0.0000498538
119280263.9295488298 0.0000498544
119279476.8325554579 0.0000498565
119280960.7843478918 0.0000498582
119279567.2291821390 0.0000498578
119284138.6748045683 0.0000498547
131695122.4952426404 0.0000498571
119280416.4182205796 0.0000498529
119279701.6456974000 0.0000498564
119279740.8429797143 0.0000498570
119281605.6563583612 0.0000498521
131694682.5948473364 0.0000498568
131695003.7007103860 0.0000498536
119279537.3654417694 0.0000498559
119279883.4418331832 0.0000498517
131695188.7575871348 0.0000498569
131694595.6732782274 0.0000498570
131695071.2232157886 0.0000498572
119280602.9261953384 0.0000498554
119280091.9912858903 0.0000498561
119280018.8451121151 0.0000498549
131695029.7061658055 0.0000498582
119280917.9058228880 0.0000498547
131694985.0575044155 0.0000498575
131695260.9627541602 0.0000498570
131695107.4085016251 0.0000498574
119281862.9423873127 0.0000498503
119279794.4194528311 0.0000498558
119280978.8379129618 0.0000498593
131695253.7098677903 0.0000498569
131694643.5436314493 0.0000498525
131695242.4194435924 0.0000498571
131695001.0915541053 0.0000498602
131695030.6343345195 0.0000498561
131694667.5985192060 0.0000498561
131695086.1643328965 0.0000498570
119280639.7021563649 0.0000498558
131695110.8044827282 0.0000498576
119279964.5521167219 0.0000498544
119279980.9404618889 0.0000498561
119280068.5316432714 0.0000498564
131694790.2032833397 0.0000498579
119280311.4056297690 0.0000498574
131694946.6046827883 0.0000498575
119280682.9252813756 0.0000498575
131694561.2156329155 0.0000498580
119280078.8443728536 0.0000498559
119279997.6553819478 0.0000498560
131692832.9576675445 0.0000498624
131695062.0222225487 0.0000498565
119280739.9047515094 0.0000498588
131694704.2912605554 0.0000498592
119279510.1294811666 0.0000498543
131695179.2116663605 0.0000498565
119280213.3485212475 0.0000498558
131695296.6899717152 0.0000498562
119280658.1802545786 0.0000498542
131695077.8259710371 0.0000498567
119280289.3268180639 0.0000498579
131695315.9714782685 0.0000498564
131694700.1447020769 0.0000498592
119279493.7920793295 0.0000498561
119279818.9133194387 0.0000498560
119279604.3139091283 0.0000498567
119279617.0794973224 0.0000498548
119279562.2758989483 0.0000498563
119280128.3528412580 0.0000498552
119279619.8912981153 0.0000498560
119279957.6643302143 0.0000498550
119279502.0805240571 0.0000498560
119279852.3446698040 0.0000498547
119279559.6837065220 0.0000498562
119280137.0958161205 0.0000498549
131695125.4367057830 0.0000498563
119279892.6966716796 0.0000498571
131693885.3909576237 0.0000498584
119279527.4037743956 0.0000498565
119280003.1591396332 0.0000498554
131695246.3158788979 0.0000498569
119279774.4608615786 0.0000498557
119279478.6299816966 0.0000498564
119279573.1597607732 0.0000498563
119279523.8698625416 0.0000498566
119279671.0483983904 0.0000498564
119279487.5892096609 0.0000498566
119279583.6987141967 0.0000498559
119279475.1146800369 0.0000498565
119279553.5961613357 0.0000498553
131695267.6334121972 0.0000498564
119279596.3590167612 0.0000498561
119279489.8526797444 0.0000498563
119279552.7663248032 0.0000498567
119279497.9154071361 0.0000498566
119279656.2850078493 0.0000498553
119280476.4207902700 0.0000498556
119279684.3045220822 0.0000498567
131695286.0823994279 0.0000498566
119279534.2691959292 0.0000498559
119279480.7161444873 0.0000498567
119279507.2252843231 0.0000498564
119279497.0512734950 0.0000498566
119279492.6606236249 0.0000498567
119279481.3547551930 0.0000498565
119279502.3448688388 0.0000498568
119279483.8226537406 0.0000498564
119279483.1598859578 0.0000498565
131695252.1904212385 0.0000498566
119279557.8727741987 0.0000498564
131695287.8350886852 0.0000498566
119279561.5058645457 0.0000498560
119279490.5143994689 0.0000498564
119280094.4464011937 0.0000498558
131695282.4460304230 0.0000498566
119279486.8242115229 0.0000498564
89201768.0000000000 0.0000498564 1 0 0 0 0 0 0 0 0 0 0 0 0 0 0 