568872799.9443697929 0.0000009890
553760856.8717044592 0.0000003415
558310196.1324154139 0.0000000584
604286859.3299720287 0.0000000015
573821347.5787565708 0.0000000969
650981187.9537063837 0.0000000164
603496441.3142282963 0.0000000007
555037335.7064505816 0.0000012535
579388842.5297942162 0.0000000025
589300363.5762227774 0.0000000007
632818187.3462190628 0.0000004952
523312849.9588469863 0.0000000479
580822549.0391505957 0.0000000568
523168866.8613545299 0.0000004368
522332314.5226696134 0.0000018952
553814041.0003304482 0.0008397408
556577123.4330815077 0.0000009135
452708190.2886913419 0.0000032554
412650995.2279430032 0.0000043206
413743752.6578443646 0.0000046900
371704168.5936964750 0.0000048630
362274472.3742083907 0.0000049184
390139659.2917996049 0.0000001383
344934121.4036135674 0.0000054948
337651861.7560476065 0.0000033902
421881321.3516280651 0.0000000039
426024882.3943507671 0.0000005456
400061600.8148016334 0.0000000238
368247128.8212803006 0.0000005955
299065097.1081472039 0.0000008110
337378140.8299433589 0.0003593511
251974364.4541334212 0.0014756991
243853780.5464374125 0.0031881888
271100028.4434406757 0.0035332451
282680090.7002808452 0.0053430295
242901812.9937413931 0.0033558538
268823807.9997571707 0.0007848848
234640332.3380618989 0.0026085372
284854769.2876432538 0.0014318156
252856742.6366347969 0.0030539663
280566992.7938721180 0.0001345082
232152047.3536487520 0.0033044869
281923432.6113530993 0.0032381343
232313946.6967128515 0.0030744929
251561859.1322838068 0.0002646994
232148843.8674975634 0.0032525324
229762772.3279644847 0.0037573968
225868031.2146545053 0.0038614256
210944696.4037522376 0.0020301483
216411021.8725160658 0.0020177035
189144333.1683430970 0.0012802816
184734792.5957157612 0.0016322392
305027356.6390914321 0.0007225389
203289317.1574501395 0.0014637573
176160246.0412049592 0.0000175646
181934309.6313768029 0.0000227917
170171714.4247326851 0.0000000008
167668425.9209306240 0.0000000013
235205367.3618800342 0.0001979070
199572874.7276108861 0.0000163374
207328203.8755404651 0.0084470247
173632626.5065003335 0.0000083758
159566772.7092442811 0.0030673617
162304881.9069293141 0.0030085972
136530866.1678538024 0.0000133847
152511367.6169328988 0.0000000021
166545193.1031564474 0.0016959894
137011676.3527517617 0.0001600590
131442906.3818614483 0.0009071088
155502832.3169859946 0.0010858802
126337818.4451461285 0.0006688049
131102290.9166282862 0.0006252775
146319716.9538304508 0.0000014180
133670702.5228253156 0.0008566446
171346283.3955240846 0.0000395099
125208496.7762638330 0.0005352142
201792150.8703677356 0.0003227687
124374628.6415948123 0.0000885314
132394195.0610201210 0.0000063321
126522717.0693995506 0.0000851303
156459585.4118580818 0.0000089838
131664532.4332714975 0.0002428990
139570711.2895671427 0.0000028440
141825560.1276880503 0.0000140945
153021377.1114888489 0.0034314115
127276758.3231747746 0.0001325489
136735156.6333198547 0.0000000229
124201742.2107858509 0.0000785759
147696360.8933461308 0.0000003722
127669312.4917942137 0.0001514155
157547194.4316362441 0.0000019220
130039568.9889349341 0.0003789499
135230903.0292421281 0.0047977920
124384718.8160762489 0.0000460379
163022441.9950651526 0.0000106120
127224920.1649458855 0.0000509325
137226818.6862264276 0.0000059813
126916351.6568410397 0.0001991274
133148144.6096331626 0.0081446816
131731428.5603454858 0.0000075977
131284492.5950717628 0.0000400154
129709593.7533068210 0.0000000154
154452827.7049808800 0.0004380193
124950668.4800666422 0.0000242101
128716250.0267492533 0.0000034038
135402379.5620519519 0.0000050498
155960492.3368380666 0.0002935232
125830930.7655138224 0.0000012091
187823714.1629204750 0.0000207912
135274648.7610510588 0.0010723647
126429445.0637823939 0.0000588297
139343201.5358094871 0.0000014921
125408405.9448997676 0.0001177790
124923948.7406754643 0.0000022113
124319853.0315729976 0.0001058016
124492894.2596034110 0.0000178251
123927802.1327196807 0.0000399852
127485919.0993319452 0.0000000004
124869910.2812498212 0.0000313323
128136889.5844971091 0.0000598991
124141476.6633942574 0.0000566719
126509772.9383523017 0.0001527151
126213417.8898759335 0.0000064422
131607757.0602721125 0.0000185931
133211778.4519739449 0.0000669881
141313282.6047877669 0.0000092318
126360850.5513374656 0.0000743741
126870100.1990595907 0.0002472113
124811577.1952078044 0.0000397343
128033895.9505252391 0.0000175267
124504130.7838789076 0.0000327049
124377583.8819975257 0.0000167128
124571012.1954856217 0.0000291602
126681806.1136742085 0.0000115735
125227971.9138233364 0.0000295875
125522544.3998009115 0.0000001013
126775230.7500125319 0.0000370444
125729611.2119648457 0.0004787199
128969180.9515936524 0.0000643330
133076129.7039805949 0.0000003344
124705949.8668618053 0.0000371614
128436118.0282615721 0.0002493729
125653136.2702324688 0.0000625801
125553109.8751154989 0.0000447731
125406028.8401335180 0.0000394513
125550576.4161365330 0.0000023055
125320395.9059406966 0.0000307977
124653457.6527401060 0.0001063496
123960154.6294520795 0.0000492669
126013370.1985466182 0.0001283931
125264527.5596941710 0.0000196732
129007882.9477313012 0.0000418366
127445737.9110466242 0.0000569451
128482893.2152702212 0.0002125028
124831254.5998644084 0.0000477523
129114661.1597621739 0.0000014468
127127942.3078834862 0.0000462000
128241215.9072688669 0.0000183807
124068915.8804160058 0.0000365874
126312770.2625965774 0.0001417323
124998341.8484629840 0.0000308954
129836711.7943294942 0.0000019100
124432564.4336125553 0.0000424913
126118832.4059144855 0.0001647289
126619044.2141887695 0.0000384633
125756289.5291192085 0.0000109565
126838405.6595542431 0.0000303857
131738623.9346712530 0.0000000529
125748567.8772162199 0.0000280561
124459972.9396026582 0.0000351843
127645257.4348290563 0.0000071126
124408514.6608016044 0.0000419224
126282356.9279370308 0.0002069297
124422396.2798078954 0.0000218645
126566665.0993807763 0.0000303889
125024182.9610527307 0.0000699691
124154672.3910737932 0.0000398573
123978333.2082166672 0.0000684998
124319519.9109368175 0.0000403811
128021821.5097935796 0.0000320775
124624135.2447575182 0.0000526851
124630118.4011274278 0.0000273584
124830586.0594462305 0.0000384031
124145990.5078721046 0.0000298640
123990390.4497994781 0.0000377066
123983140.1691322476 0.0000286513
124557666.7001921535 0.0000467645
125385692.8253249973 0.0000261526
124509154.7605058700 0.0000364033
126947419.0863637179 0.0000712722
124285784.9508824497 0.0000438392
124541488.7286525667 0.0000427019
124703392.3787536621 0.0000456519
126669307.0550106168 0.0000440691
124379795.1492026746 0.0000327051
127291154.1568209082 0.0000574085
124122780.1659606397 0.0000438874
124250929.8709475398 0.0000193515
127040930.0043174028 0.0000518477
124440621.2608847320 0.0000592388
124554476.2608497888 0.0000389129
124316334.9419056475 0.0000056684
125277801.4792755842 0.0000321912
126625930.7221236825 0.0000676127
124648998.4596908987 0.0000372278
126942900.2724495232 0.0000318486
124368102.6083478332 0.0000383289
126778441.4038379788 0.0000449553
124249973.8740582764 0.0000396103
125873070.9422592670 0.0000777736
127009519.6739596874 0.0000354829
125514631.8347507268 0.0000330396
123958194.9109164923 0.0000398034
124595433.3788876981 0.0000490325
124681815.2820663005 0.0000400332
124102792.8233413100 0.0000367952
124610023.6068849713 0.0000437041
124022158.5696230233 0.0000400645
124116744.6603663266 0.0000328334
124553206.2502107620 0.0000381271
123960125.9170100540 0.0000452902
124505205.8944237828 0.0000414184
124074408.7302821130 0.0000435162
124021329.6137477756 0.0000396799
124233085.3142116070 0.0000313285
123998082.1595732272 0.0000399657
124983491.6813188344 0.0000379672
123936487.3790313303 0.0000391095
124433845.9662212580 0.0000483777
124756174.2446623296 0.0000406901
123984548.7840807736 0.0000352701
124482671.6165263355 0.0000398887
123957697.9020693898 0.0000404054
123955935.6261580288 0.0000391011
123930864.1170005351 0.0000322804
123923708.5901749134 0.0000396716
124234080.4787480980 0.0000326716
123972583.0689250827 0.0000399917
124771809.8281498104 0.0000320846
123938201.3113841265 0.0000402239
124384213.3670734167 0.0000464437
124676165.1866142303 0.0000403730
123937407.4365102500 0.0000444692
124599773.9886196703 0.0000400700
123939405.8233425319 0.0000362379
124027878.3991989046 0.0000391593
124740902.0344373286 0.0000427153
124248319.2448750287 0.0000374009
124105725.4642071575 0.0000447295
124009056.2629314214 0.0000405224
124156473.5609499514 0.0000410101
124070732.2472736537 0.0000397502
126798573.3600777984 0.0000391779
124611127.4462928772 0.0000400057
124532682.7125155628 0.0000408485
124005705.8781547248 0.0000377598
124493782.3413084447 0.0000368662
123963389.7840036601 0.0000392557
124710879.0594050586 0.0000406835
123962780.5211241692 0.0000394408
126837130.8106951565 0.0000394427
124583401.2236457914 0.0000401913
124761216.9907352179 0.0000371758
123999731.1211324334 0.0000392322
127096645.0745901167 0.0000394017
124055082.0377297848 0.0000397555
127289486.0246928185 0.0000402379
125101251.0741309971 0.0000333727
124505800.1457343698 0.0000394502
123926915.8401924521 0.0000396217
124333091.2768721581 0.0000398117
124733610.4649296552 0.0000395910
124151044.4183350503 0.0000433141
123921893.2481878847 0.0000403773
124610960.2873097807 0.0000447001
124619824.2091267556 0.0000396091
124261648.5495319813 0.0000433342
124766135.8686804920 0.0000398584
124424633.6831313670 0.0000385640
124777782.8935841918 0.0000413264
124555633.9224567413 0.0000375463
124629601.5245186388 0.0000416104
123983122.1858219206 0.0000375838
124743338.7287579328 0.0000408697
123929892.6312052011 0.0000402136
124001294.0931423903 0.0000381492
124759730.3357843906 0.0000395494
124742845.7279722691 0.0000400097
124762715.4870696217 0.0000404593
123955314.5134185106 0.0000397486
124709851.9302362800 0.0000403881
124615300.3395905644 0.0000387475
124734196.6657368690 0.0000409635
124013911.8925242722 0.0000408760
124749429.7533029616 0.0000402181
124770427.9527121484 0.0000397178
123924178.6242560148 0.0000405059
124123934.4029427469 0.0000395613
124748320.8540148437 0.0000402684
123948986.8600873649 0.0000401749
123990394.5632668287 0.0000399117
124034564.5328952074 0.0000422380
123997807.7731825560 0.0000407962
124619445.5599543601 0.0000425432
123982123.9852830768 0.0000399568
124000981.5205648839 0.0000405762
124751335.0289071500 0.0000403349
123960770.0755848140 0.0000405577
123983097.3690750599 0.0000401235
124017588.3242854029 0.0000383221
123958231.2220947593 0.0000401294
124693410.3119377494 0.0000395550
124752520.6906932741 0.0000401999
124692115.4562511742 0.0000399344
124760581.5913160145 0.0000403890
124634679.2315803617 0.0000414925
123955830.6724423468 0.0000408712
123952453.0710210502 0.0000404524
124748381.1874276102 0.0000405062
123944782.2583098263 0.0000423226
124705407.6982938349 0.0000402193
124051392.3471117765 0.0000410662
123968484.5987365246 0.0000413080
123933939.9379810244 0.0000404339
123941718.7397356480 0.0000403998
124759638.4943393022 0.0000403677
123953705.9192899913 0.0000401684
124761922.8816455007 0.0000403492
124759347.9551374167 0.0000404558
123926522.0852508992 0.0000403156
123935434.8527913839 0.0000406705
123936918.8531809449 0.0000403550
123940254.2636619806 0.0000401816
124760105.4400859475 0.0000403759
123928011.2003289312 0.0000398456
124760852.9610057324 0.0000405901
123993984.4020802677 0.0000398617
123932607.7410804629 0.0000403888
123972685.1810691357 0.0000397947
124749956.2138983905 0.0000404939
124735944.8598356396 0.0000406534
123939781.4552107006 0.0000403854
123989235.4126985967 0.0000404115
124757186.1241064221 0.0000401960
123990780.8975988328 0.0000401120
123931582.7522237301 0.0000402454
123940584.6341010034 0.0000411609
123949214.6739980578 0.0000404361
123942429.4411980957 0.0000405885
124758933.9458172321 0.0000407192
124756320.3035299182 0.0000394365
124751835.6976594776 0.0000401086
124732568.9994129241 0.0000413794
123945808.2789622098 0.0000403484
124687010.2258801460 0.0000400607
123927020.5067106336 0.0000401553
123960885.8162412643 0.0000408038
124765555.9403199553 0.0000401153
123940501.9464304149 0.0000401810
124762230.7780110836 0.0000403930
123971569.7712862641 0.0000402340
123923676.2782726139 0.0000404081
124753182.5093609095 0.0000406391
124764310.2261264771 0.0000404548
124754566.0481107384 0.0000407339
123930635.0823316276 0.0000404085
123933618.3860898763 0.0000397540
123922245.0740864426 0.0000403202
124756085.5323243439 0.0000397414
124760428.3151384741 0.0000403911
123927575.3671033531 0.0000406707
123922069.3066334426 0.0000403001
124756177.0408089161 0.0000406916
123925667.0508584678 0.0000404775
124760863.0092203170 0.0000397203
124763333.3623205125 0.0000403264
124755296.4755487144 0.0000403845
124764574.3940339535 0.0000404938
124758108.4835211039 0.0000396758
124763198.0707237870 0.0000404294
123947203.5929742157 0.0000402699
124759333.4007461667 0.0000402392
123934763.5316433311 0.0000405360
124754064.6280988455 0.0000402722
124761626.3690389544 0.0000403869
123938417.0684915781 0.0000404550
124765276.6250642836 0.0000404314
123927675.8371367455 0.0000403593
124763506.6428395510 0.0000403225
123923853.3003628552 0.0000403686
123922743.8528984040 0.0000403451
123944360.0436731726 0.0000402311
123921884.9220715463 0.0000403627
123929082.1382289976 0.0000403558
123927096.1459728032 0.0000403907
123927696.0293980390 0.0000402210
123925339.1853415072 0.0000403315
124743063.6603516191 0.0000405226
124758272.4585405737 0.0000404417
123944743.1619601250 0.0000405124
123923787.0464846045 0.0000403188
123960788.2949435711 0.0000401144
123923415.5516443998 0.0000403824
123923716.2982972264 0.0000404456
123922266.4825587720 0.0000403305
124761049.2371714711 0.0000405027
124762162.6697522998 0.0000403409
123929743.5347730666 0.0000405626
124765103.5455572158 0.0000403566
123925574.9531642646 0.0000403580
123928097.3257156909 0.0000404266
123932843.7682437450 0.0000402973
124764699.1528100967 0.0000403021
123921815.4840110838 0.0000403221
124761238.3012938946 0.0000403325
123943197.6191870123 0.0000400787
123924718.7722056508 0.0000403363
124760416.8310156763 0.0000406546
124759645.4182827771 0.0000403406
123961469.4777711183 0.0000403905
124760281.8606445938 0.0000403644
123930697.2628455758 0.0000403008
124756998.5283173323 0.0000403237
123923554.2249327451 0.0000403146
123924626.5883766264 0.0000403241
123934323.1624276340 0.0000400357
123924674.8458304554 0.0000403269
123939811.4303304553 0.0000403828
124758186.1347895116 0.0000403277
123930632.6443991214 0.0000402111
124756964.1943083704 0.0000401855
123921519.1446192563 0.0000403112
123923942.4723174572 0.0000404530
123922182.9370021373 0.0000403012
124727143.7033758312 0.0000403609
123922036.4241162390 0.0000402949
123939024.0690527111 0.0000401715
124763181.7061063796 0.0000403231
123927095.9015855193 0.0000403397
123921629.6912264973 0.0000402979
123926440.9682313651 0.0000402271
123921660.7986901104 0.0000402975
123923097.0968372524 0.0000402594
124764128.5224920958 0.0000403129
123922765.3888622075 0.0000403366
123922373.4488101304 0.0000403242
123922911.6549482346 0.0000403239
123921290.0099102259 0.0000403221
123922720.8836786598 0.0000404112
124764122.5487627536 0.0000403410
123922035.4868763089 0.0000403920
124764440.5988363922 0.0000403267
123921619.3389479667 0.0000402624
123921717.4581127018 0.0000403078
123926123.3490939438 0.0000402882
124764073.0043332279 0.0000403129
123926355.1811643988 0.0000403717
124763365.6401883066 0.0000403181
123924281.8410422802 0.0000403806
124764079.6520374119 0.0000403267
123925603.0022482872 0.0000403009
124763351.9245011657 0.0000403126
123930259.3280452043 0.0000403423
108458918.0000000000 0.0000403423 1 0 0 0 0 0 0 0 0 0 0 0 0 0 0 