439917576.5917183161 0.0000009890
431793650.3205682039 0.0000003415
434668201.9548076987 0.0000000584
460720030.4141543508 0.0000000015
438057952.0637030005 0.0000000969
453905970.0711176395 0.0000000164
458291590.9882871509 0.0000000007
433967631.3758929968 0.0000012535
461616578.4075818658 0.0000000025
488521718.0199860334 0.0000000007
485780723.7799965143 0.0000004952
415120391.2545176148 0.0000000479
426698286.9844317436 0.0000000568
412908521.2109031081 0.0000004368
417262930.5685255527 0.0000018952
416835398.4953851104 0.0001935371
433337628.5811004639 0.0000006503
372782036.5443736315 0.0000005469
350746180.9857913256 0.0000007400
357551589.1712371111 0.0000034095
350969086.4929651618 0.0000063798
343685509.6008877754 0.0000010911
392238938.3069424629 0.0000022404
329509537.2916011810 0.0000018277
324010234.9546127319 0.0000033692
437732214.1032837629 0.0000014967
363706337.1936029792 0.0000010057
334307719.0929185748 0.0000018867
380727029.4721860886 0.0000013291
343566156.0752654076 0.0000016422
337804117.7065554261 0.0014928229
249021584.2405800223 0.0000018494
282818081.9964224100 0.0000014381
253793420.8657072783 0.0000073909
297959730.7634999156 0.0001241642
246772850.8751843572 0.0000033321
272952278.5938559175 0.0000027548
248328278.2537680566 0.0000190592
274484139.7332242727 0.0000001704
265434669.3520974517 0.0000145802
290565146.9495529532 0.0000733938
251648961.7973671556 0.0000000021
239288272.3146367967 0.0000047278
242170983.3374096155 0.0000024191
275030452.5079578757 0.0000113178
238185533.1936291754 0.0000066745
264772860.6630264223 0.0008386577
248643183.9984790087 0.0000000464
240765575.1146644354 0.0000622150
238357867.5062029958 0.0000125295
236677931.6373322606 0.0000097485
236522297.2893321812 0.0000106811
321265025.0479912162 0.0000424184
254962475.2042634189 0.0000167550
200696233.8704670072 0.0012049106
248919999.2556345165 0.0004444259
207318529.2145212293 0.0009670582
194088034.3222138882 0.0007684715
207435389.5920654833 0.0010564042
215859954.0617875755 0.0008847570
222405537.8218784332 0.0008630409
217340422.3791119456 0.0000742479
213186718.9260419309 0.0005021721
172152829.9821285903 0.0005072773
184429778.3442261219 0.0004336376
199921721.6558006108 0.0018311256
190488047.2138659954 0.0002443029
166034955.4314007163 0.0022094578
165663786.3612148166 0.0020957145
231532440.7376188040 0.0014042011
165177157.4356046915 0.0005240907
160780316.8758691847 0.0030602798
169844074.2330349982 0.0033013500
169018247.3609454334 0.0000216728
165487604.8207475245 0.0016394089
176854788.9477054477 0.0036329118
169099554.7351742685 0.0052215881
155216474.4311504662 0.0004928286
154154811.5343698561 0.0006991662
194504673.7794862986 0.0065780026
151882303.4753148556 0.0010125430
181493053.9271273017 0.0000073140
149728938.4564581513 0.0009307952
171231847.8772557974 0.0034286079
150569602.3513299823 0.0013072917
163044833.3091466725 0.0011424397
149930222.0977232456 0.0010212841
188578000.8864527941 0.0008422822
153891769.0658780336 0.0011509029
207269918.4588415921 0.0133929232
158638914.8110700548 0.0006873733
186226490.6342670321 0.0011360712
156557590.4366440177 0.0033950820
160946301.9602561295 0.0050775834
150423146.1882291734 0.0017423930
190377352.1333068013 0.0000209017
165354520.3775335252 0.0007760860
156019848.0481355786 0.0000370947
148483243.9241765738 0.0012437076
183035760.5608160198 0.0006015184
148266304.6813085675 0.0009746134
206763797.7717255950 0.0015572654
148230443.9337458313 0.0012453886
188986229.8101631999 0.0000756411
145123412.2590033412 0.0014995598
154202644.8327670991 0.0001821843
153780570.4211690426 0.0022455861
179178720.3802938759 0.0012945089
142768011.2912836671 0.0017194467
180690824.2985912263 0.0019108102
142736518.6718708873 0.0020566271
156105511.9374102652 0.0016686238
145496715.6783624589 0.0001529446
196185059.1186641753 0.0002642548
158252037.6048170626 0.0026204043
166116702.8713771105 0.0082885921
142796254.1061560512 0.0016150038
141619625.9304719567 0.0021200572
144280561.9301158488 0.0029416454
167896268.8281103075 0.0002557297
140890593.2784943283 0.0061467010
180712711.7513829470 0.0272623349
140300006.1299256980 0.0051912734
185254298.9103811681 0.0011038418
159925295.7039348781 0.0076703322
195197142.6364117265 0.0000298436
140854687.2269355059 0.0041348120
158903792.5506555736 0.0001447736
140170111.0145093799 0.0063547319
182353783.6301450431 0.0021066412
136803583.7782525718 0.0071926605
173152884.5396761000 0.0054123341
142886870.7158324420 0.0071025498
171492892.7466251552 0.0068692286
140753530.3437139094 0.0046207213
176505059.2431520522 0.0118688247
138341887.4537024796 0.0075408945
170518203.7576226294 0.0001314488
135842662.7289284170 0.0096907599
191777481.6176784039 0.0008460603
141760162.9973581731 0.0086488142
155211389.2544288039 0.0335972003
140887540.5568802655 0.0252262527
184494461.0667648315 0.0131204199
138540308.0466220379 0.0020345811
172068451.1871038675 0.0012699502
133467360.1115392894 0.0069317841
143893529.1701833904 0.0004334512
131110131.1012160629 0.0085659721
136423125.8109858632 0.0002736214
132823068.1331326514 0.0082925866
157502515.0406818688 0.0090754924
141347593.3844191432 0.0048367250
194072581.7665211558 0.0129278646
129290747.1687682420 0.0006564346
168916330.5960905552 0.0078494494
129428982.3164461255 0.0004243147
155702675.8572021127 0.0098082513
128755982.5874761194 0.0013777252
143880589.7527024150 0.0044263492
130897700.4215658307 0.0005276514
156211267.5778387785 0.0031886912
131869727.9389663190 0.0030112804
156386836.6644976139 0.0374932525
128018296.7248689979 0.0019928507
149680314.4661649168 0.0021537540
134574846.5817129016 0.0029883546
181494552.4788600802 0.0036188680
133795126.0765524954 0.0017907668
167750226.5316662788 0.0003994808
134943262.1017490625 0.0069031575
172337512.4048385620 0.0002007049
132601122.3214492798 0.0027716681
175858886.4230582416 0.0000713114
132598864.2631557733 0.0036537111
192373676.6864392161 0.0056825710
128067970.3904304206 0.0019888218
142577952.5029671788 0.0005710797
147039378.0526987910 0.0024242436
128337328.2925371379 0.0030510621
135143631.4066378772 0.0000981635
126755090.8220918477 0.0020224345
134874126.2892213762 0.0000046854
131502829.1141778976 0.0008222028
133359019.1534104794 0.0001041386
127903740.9774874747 0.0011537317
142090035.8637264967 0.0021323468
127985093.3234983534 0.0018855587
132833079.7691545486 0.0017277952
126348823.3362378329 0.0012854793
139602776.4807727635 0.0041266169
127676091.5248322338 0.0020371446
131192563.5972670317 0.0006604338
126992686.4291728735 0.0008490345
134617300.1073591113 0.0010990917
127833225.4157482684 0.0006996249
129423717.8857139051 0.0079255783
127224385.9322898984 0.0024178233
138384204.4646912217 0.0012889881
129305983.7217608541 0.0007822107
134771268.1757323146 0.0196523771
126562437.4745339155 0.0012202514
130819360.6261003613 0.0021446415
126487503.6947804242 0.0013224745
130520654.0505625010 0.0028085765
126544026.4433788061 0.0020177028
125628450.3336797059 0.0004265802
125894624.5434269309 0.0003197499
127373611.2210980356 0.0009338478
128695820.6989448965 0.0004215144
130069983.0176618695 0.0007972444
126370290.1101594865 0.0002034935
126383031.8487468660 0.0000495097
125921118.2612577826 0.0010255073
128345088.7212700546 0.0000997356
126620128.2488214076 0.0002763983
128153531.4327253401 0.0024686418
127977875.1755897552 0.0002789698
126991580.1653939635 0.0001141283
126308693.3487456888 0.0003478964
126780162.0539541990 0.0005600379
126704760.8126924187 0.0004046065
130811414.0376755595 0.0008250246
126796510.8909286708 0.0006928674
129235900.0843891948 0.0010596934
125588811.7382088751 0.0004182751
134557802.6930196881 0.0005839156
126751686.0780617148 0.0004502343
128441764.6010689735 0.0005709959
125929787.0358041227 0.0005590628
132566450.2374998778 0.0018266107
125981104.2293370068 0.0004136578
131610656.2737693489 0.0000045048
126369741.6321559399 0.0006316921
136820790.1116087437 0.0000247072
129622991.1312842965 0.0000589649
125981184.0450268537 0.0002649925
127327547.6327798963 0.0002423826
126045680.6005569249 0.0004138360
128528180.8479793668 0.0003033941
126141541.7759083509 0.0003859553
126029258.0274797231 0.0005406706
126506540.8718093634 0.0003537414
126051879.9637962282 0.0012581913
126080932.8400102556 0.0001998549
127554860.8150597066 0.0000291807
126359226.2595800310 0.0003594317
126026362.0068901777 0.0010762917
126254281.4163256437 0.0003862499
128718617.5657538325 0.0005720039
125806137.1757702678 0.0003601177
126631954.9532947093 0.0003318763
126064788.6692857891 0.0005252976
129010172.8544708937 0.0006417730
125674427.0890300274 0.0004068070
126451471.9144494832 0.0009121768
126458218.8371985853 0.0007540177
125957406.2289612442 0.0003468572
128988908.0868927836 0.0004254507
126415510.7754544467 0.0004061271
130104819.5798165351 0.0005275768
126241254.5798095763 0.0003984187
125967644.6077863723 0.0003868922
126278485.9170779884 0.0005502615
125994707.0435780734 0.0004183111
126296350.2970315367 0.0003987649
125965495.4820350856 0.0004677796
126224593.1390410513 0.0004902624
126132241.9850990474 0.0004098725
126097043.1787414998 0.0003479970
126052089.9884661436 0.0004799789
125957184.5997450948 0.0003222851
125618321.9313502908 0.0004338105
126792182.3117823154 0.0003218185
125997000.6196167171 0.0003888706
125965639.0606622845 0.0005263973
125688459.6933882087 0.0003985997
125767347.0202071816 0.0004462709
126101751.7023224235 0.0004313284
125911993.6641734540 0.0004587614
125853230.0909498930 0.0004165856
126682370.0223815143 0.0003759594
125603593.6203914881 0.0004385363
126194072.5984151512 0.0004588736
126371673.7682887316 0.0004109056
125629383.7629393637 0.0004074822
125602602.0811182708 0.0004244580
125722451.7698892355 0.0004103445
125796907.4500559568 0.0003682294
125601967.2196337730 0.0004026634
125768379.9318280518 0.0004379345
126076913.1255664825 0.0004141137
125584521.5106117278 0.0004199324
125977367.2077504843 0.0004063547
125938497.3573215604 0.0004027355
126071359.7708406299 0.0004220070
125992895.8462202251 0.0004598124
126088105.9616865814 0.0004395553
126828482.6772290915 0.0004295430
125757369.8841044754 0.0004260190
125782999.8507695496 0.0004293580
126097027.4492618889 0.0003890822
125938001.0044327825 0.0004265679
126122613.1553788930 0.0004068577
126101145.3861227036 0.0003897958
125665023.2789231092 0.0004077900
126302443.3009820580 0.0004096266
125757584.4601318240 0.0004222430
125780255.6915878803 0.0004835000
125651073.5839149952 0.0004018612
126127300.0285609365 0.0004500418
126080188.4812985361 0.0004214064
125648020.9829360396 0.0004045157
125707776.1098137498 0.0004238890
125938052.9922644943 0.0003822968
125724663.4937309176 0.0003952387
125901557.4559177458 0.0004867201
126133179.1454071254 0.0004376662
126118349.7540943325 0.0003078504
126111319.8403702974 0.0004201262
125900005.0654718131 0.0004229923
125612868.2173233777 0.0004178856
125752195.7330776304 0.0004929106
125984902.8727102131 0.0004070824
125726214.4940986186 0.0004345502
126146782.1493677348 0.0004478267
125611596.0699797273 0.0004235049
125678525.4348417968 0.0004094569
125943184.2058030814 0.0004215571
125743870.2126257271 0.0004168463
126688663.5585842580 0.0004647945
125921312.6240902841 0.0004093738
125877311.6475478113 0.0004032844
125975340.6811647564 0.0004375780
125938536.2326242030 0.0004485560
126034369.0182561278 0.0004517886
126127367.7561007887 0.0004084081
125943587.1985404044 0.0004270240
125663102.9460072070 0.0004988529
125636643.4718933254 0.0004522614
126808301.4296091199 0.0003935255
125684532.3314893544 0.0004016234
126698801.2149565071 0.0004455253
126032705.8623194993 0.0004206856
125822592.2349779159 0.0004331752
125669061.7628818303 0.0004172135
125581989.8847985119 0.0004189303
125862884.9535478950 0.0004158546
126359595.8139687330 0.0004033255
125585591.0739551634 0.0004203775
126794599.1658879220 0.0004582691
126160163.1432373524 0.0004218142
126317724.6896389127 0.0004187482
125651984.8709412366 0.0004283057
125644377.4307687134 0.0003610014
125604704.0684218109 0.0004293565
126681879.3350559175 0.0004332369
125679027.6518602073 0.0003990403
125592968.2293649614 0.0003403772
126101764.6968954504 0.0004116344
126105983.3731396198 0.0004116588
126165694.4602605551 0.0004119478
126038251.7876012176 0.0005127882
126139786.9200107753 0.0004188305
126102450.8584338427 0.0004402494
125623099.3914361745 0.0004195809
125839541.7267242968 0.0004189440
125599677.3409960419 0.0004258563
126047536.2483547181 0.0003512045
126119472.6833636612 0.0004122929
125993709.5361707360 0.0004436825
125593883.7927929461 0.0004374463
125902290.6324870735 0.0004705618
125645293.4855452627 0.0004294332
126856889.2411876619 0.0004146880
126048271.9493170679 0.0004197912
125613990.3471310586 0.0004114200
126055031.6229256243 0.0004151796
125607633.8185689896 0.0004188010
125930813.1046084911 0.0004342427
125576026.7274937332 0.0004281701
125648429.2709104866 0.0004540357
125577431.4929767996 0.0004254517
125973166.6337167323 0.0004663659
126161501.1108252555 0.0004096248
125604979.2611577809 0.0004310841
126110551.0276929885 0.0004246045
125685303.5262367278 0.0004145003
126162785.8949722350 0.0004227098
125814481.2489490956 0.0004463860
126135518.9062552899 0.0004232976
126133998.4193791598 0.0004480110
126149164.7711115479 0.0004334662
125628680.5934710354 0.0004298535
125577367.0952172130 0.0004349746
125587259.0900179446 0.0003956646
125590640.0848605335 0.0004125188
125698607.6674566120 0.0004012291
125583853.6878759861 0.0004353529
125681828.9851666391 0.0003998773
125672035.8425019979 0.0004298220
125919342.7212880254 0.0004213921
125612388.2415979356 0.0004374136
125924152.6089335382 0.0004097506
126146178.5887440145 0.0004394285
125940118.7187082022 0.0004017843
125615344.6813830882 0.0004334105
125631569.9976362735 0.0004697201
126045341.0888385624 0.0004290253
125773311.4948772937 0.0004315085
126123277.9683374465 0.0004209302
126077326.0121735483 0.0004320270
125700846.1992826909 0.0004266183
125919458.5202077329 0.0004348206
125623468.0244944990 0.0004339848
125830357.2293037772 0.0004051997
126088880.2695601285 0.0004476834
126131517.7092109770 0.0004379015
126154281.3550420254 0.0004325280
126077506.8765884638 0.0004272688
125586693.2748182416 0.0004264512
126114003.7478650510 0.0004279863
126099572.6130683869 0.0004218611
125580769.2561124712 0.0004278776
125593531.3469083756 0.0004265950
125577717.5193503797 0.0004324558
125597918.3730484098 0.0004283095
126149463.2803759724 0.0004299524
125674796.0556068867 0.0004235301
125607698.1434868872 0.0004287360
126155991.8596882969 0.0004292073
126155900.7838274091 0.0004277419
125588256.5245059431 0.0004261813
125587555.5891367346 0.0004266587
125636820.7345647961 0.0004275203
126161407.0846100748 0.0004305935
125579305.2468698919 0.0004347784
125574288.9191987962 0.0004254660
125573571.0492313504 0.0004190692
126164489.3920411319 0.0004166183
125575918.6896961480 0.0004103893
126159477.4498409182 0.0004194437
125600062.1081666350 0.0004199888
125587026.7846254110 0.0004189436
126168999.0070684999 0.0004259632
125571469.0157589763 0.0004204234
125639213.2160745412 0.0004184024
125593776.2417147011 0.0004205242
125599259.3594268560 0.0004198215
126152589.8728185296 0.0004200580
125636243.2499747574 0.0004173989
125572907.1799979955 0.0004211971
126159608.5457529128 0.0004284169
126155392.9564874321 0.0004201215
126153260.6762909442 0.0004252840
126164319.8810134381 0.0004196135
125621907.4614946097 0.0004155809
125569329.9063191414 0.0004215635
126114313.0463235378 0.0004235240
126154048.0791380256 0.0004215697
125670729.1191818118 0.0004234515
126155630.6133228093 0.0004206023
125575811.8086768985 0.0004221449
126150094.4179466069 0.0004254090
125590337.8220198601 0.0004168481
125570482.5560511947 0.0004222148
126145552.3488392979 0.0004080200
125582163.8882688731 0.0004201302
126139928.6473772675 0.0004189801
126155035.7894495428 0.0004197226
125583170.0354957432 0.0004197604
126140836.7711164951 0.0004206416
125571373.4083251059 0.0004206959
125568602.5702981800 0.0004250094
125569436.4306829423 0.0004244406
125569113.2978486568 0.0004282897
126159814.6981583387 0.0004253980
125589693.1420404166 0.0004277306
126156130.2161024511 0.0004253403
125570871.7299147695 0.0004193604
125579152.7653996795 0.0004253067
126155043.0683142841 0.0004242254
126161187.7847751677 0.0004244904
125570461.9336284995 0.0004237390
125573857.9424820691 0.0004229688
126147734.6989642084 0.0004236987
126152358.6327697635 0.0004238216
126153224.0000963360 0.0004242140
126162423.0075053424 0.0004249500
126156062.2900725603 0.0004249589
126158364.9466033131 0.0004255667
125606363.4635392427 0.0004245342
125569030.2218317240 0.0004248464
125584225.9941008389 0.0004219368
126157478.5493395478 0.0004269622
125632075.9371619672 0.0004246645
125570649.3785976470 0.0004241728
125569259.0575246066 0.0004240536
125571989.1226180494 0.0004248762
125593736.9857636094 0.0004268119
125569379.6167362183 0.0004254066
125586975.2026270032 0.0004250987
125570017.4561741650 0.0004251905
125577080.7933663577 0.0004245091
126157841.7794871181 0.0004262170
125586273.9806534052 0.0004238756
125573064.5329888612 0.0004253567
125581221.5968908519 0.0004249593
125575148.3995210677 0.0004263314
126158443.0844158232 0.0004313327
126159846.1565490663 0.0004258042
125582656.7643191665 0.0004206256
125570698.6088095456 0.0004242635
126147495.3914306760 0.0004236660
125569373.1174493730 0.0004252439
126150237.3092599213 0.0004245215
126143120.3097801059 0.0004244534
125591325.8313452303 0.0004257633
126159407.6180519611 0.0004258490
126141547.0313584954 0.0004217589
125569500.3680226952 0.0004248412
126119824.6880268306 0.0004267603
125571285.7634399533 0.0004255557
125576177.2758578956 0.0004306958
125570137.1422545612 0.0004250630
125576435.1237233579 0.0004306288
125571552.4941675365 0.0004249138
125575418.0595000982 0.0004304805
126158793.9248419106 0.0004241228
125581899.2625159621 0.0004272112
125577110.4945571274 0.0004273439
126159749.0350104272 0.0004254095
126158874.6789372563 0.0004251549
125577893.0200871527 0.0004235044
125568526.1846667081 0.0004254143
125570904.3152785450 0.0004255131
126160566.4997017980 0.0004254313
125582770.1912408173 0.0004256871
125568698.0533753335 0.0004254311
125573807.5571008325 0.0004255835
125569406.9334226847 0.0004259167
125570110.0560049415 0.0004250266
125569131.7854674309 0.0004253168
125573834.2728664577 0.0004258594
125569191.5014929473 0.0004253344
125571337.0495589823 0.0004258272
126162820.0805035084 0.0004254782
125568822.5756216794 0.0004247828
126159684.1954225451 0.0004254009
125573904.2588834912 0.0004250912
126162467.5348851979 0.0004255927
126160432.2963339537 0.0004254087
126163105.2384812534 0.0004255765
126160814.0182812810 0.0004243962
125569469.8697858304 0.0004256810
125570760.7624235600 0.0004256806
126161835.2683851868 0.0004253770
125570198.0037373155 0.0004257039
126163055.1430277228 0.0004254039
125572629.8695665151 0.0004255665
126161071.1420342773 0.0004255166
125572896.1339472830 0.0004259636
126160782.8384855539 0.0004256382
125568962.6716928929 0.0004250466
126162537.7613936663 0.0004254744
126163119.0918467045 0.0004259652
126161379.2316619605 0.0004255167
125568475.7555252910 0.0004256109
125572443.6374345571 0.0004254361
125568656.0477510542 0.0004255885
125568590.1419264674 0.0004255846
125568871.5650663227 0.0004256437
125569029.6751924008 0.0004257659
125568610.2833157927 0.0004258138
125574991.6265068948 0.0004246061
125569149.2403413504 0.0004256096
125574323.7588429749 0.0004262513
125568499.7643865198 0.0004254349
125568386.6183400005 0.0004250937
125569428.2394914925 0.0004250686
125568520.1959291250 0.0004253419
125569341.0107526779 0.0004250786
125568819.2582065761 0.0004247826
125568618.7581647485 0.0004250332
126161137.3706714362 0.0004252619
125568872.8276904821 0.0004250507
126161101.5051039457 0.0004251044
125569039.9035872370 0.0004251970
125570487.1472787857 0.0004251780
126161572.6856564581 0.0004251243
125570130.2157668620 0.0004250166
125569136.8311155885 0.0004251203
125575298.9258687943 0.0004250006
125568392.6340812445 0.0004250740
125573323.4406497329 0.0004251027
125569178.5097868592 0.0004250762
125569077.4349260181 0.0004251747
125569384.2680541873 0.0004251388
125573532.0492795855 0.0004256458
125569010.5973424017 0.0004250785
125569306.9714204073 0.0004247575
125568509.0507053584 0.0004250671
125569286.2334947437 0.0004247622
125568349.6789572388 0.0004250246
125569682.4814195335 0.0004246696
125569827.8362343162 0.0004251332
125568543.6683744341 0.0004247840
125568523.0673596859 0.0004251726
126157201.0750187188 0.0004251583
125569393.5195651352 0.0004250082
125571231.7814426571 0.0004245025
125568579.7648086101 0.0004250163
125569361.7705907226 0.0004251071
125569191.4492132515 0.0004250625
125568862.0243396312 0.0004247449
125568734.9698617458 0.0004250605
125569687.9429501444 0.0004251394
125569202.3180970401 0.0004249605
125568383.4679801017 0.0004246647
125568525.4380436093 0.0004250034
125568896.9995910376 0.0004249121
125569115.6650531292 0.0004250106
125570316.7431418747 0.0004249880
125569423.5647358298 0.0004249796
125571727.9502070248 0.0004250344
125569412.5495119691 0.0004250399
125570725.5781637728 0.0004253387
125568736.8752975017 0.0004250137
126160310.5268594772 0.0004249091
125569318.9796692729 0.0004250207
125568866.2213459611 0.0004253269
125569298.9913417995 0.0004249826
125569381.6094539911 0.0004250284
125568606.3102518618 0.0004249131
125568369.9275345057 0.0004250297
125568652.5289104581 0.0004250064
125568486.4987558126 0.0004250356
125569210.0392375886 0.0004250266
125569347.8438530862 0.0004250267
126162079.0118191391 0.0004250452
125569245.1822770238 0.0004250180
125568392.7006563395 0.0004250010
125568630.2854166925 0.0004250735
125568340.2178472281 0.0004250258
125568983.3242707998 0.0004251115
125569461.1015690565 0.0004250427
125568938.1725487411 0.0004249046
125569452.5127476454 0.0004250486
125568877.0396568179 0.0004250021
125568420.7415168434 0.0004250149
125568422.6399388164 0.0004249648
125568373.8692809641 0.0004250222
125569236.1089625955 0.0004250181
125569499.3947141916 0.0004250205
125568346.2958307415 0.0004250475
125568364.6857417077 0.0004250298
125569319.1368860602 0.0004250413
125569420.6245045662 0.0004250481
125568988.4955991507 0.0004250122
125568429.2711338103 0.0004250067
125569207.8607497811 0.0004249908
125569477.1818329692 0.0004250345
125568471.5961337835 0.0004250565
125569377.3281091005 0.0004250189
125569418.5522506386 0.0004250667
125568391.2605278492 0.0004250309
125569154.2324960530 0.0004250417
125569495.1242085844 0.0004250193
125569113.0338772535 0.0004249886
125569482.5611562729 0.0004250276
125568378.2754105181 0.0004250398
125568359.4615091085 0.0004250411
125569287.0333776921 0.0004250299
125568382.1618942022 0.0004250262
125569368.9658900350 0.0004250562
125569381.4266171157 0.0004250251
125568554.7978821844 0.0004249759
125568400.6794975251 0.0004250254
125569093.5937605798 0.0004250457
125569364.5010181814 0.0004250040
125569133.7988894582 0.0004250224
125569431.3462200612 0.0004250265
125568440.4641689062 0.0004250099
125569392.9849877208 0.0004250169
125569268.3879345357 0.0004250016
125569468.3693376482 0.0004250254
125568426.1062505394 0.0004250582
125568350.7601323724 0.0004250186
125568420.8167346716 0.0004250085
125568726.4972712100 0.0004250214
114619504.0000000000 0.0004250214 1 0 0 0 0 0 0 0 0 0 0 0 0 0 0 