285720594.8522329926 0.0000849938
272668062.6834385395 0.0002895318
272613414.1549371481 0.0010669560
285156855.9783602953 0.0007906243
311126222.2734075785 0.0003086506
293120099.8148928881 0.0000806172
305435952.3811486363 0.0006659918
274109469.6974645257 0.0010041550
283257510.0755248666 0.0007157627
329842710.4108055234 0.0005017443
305591897.6448107958 0.0001773997
266126068.8497479260 0.0013325801
308841024.8929040432 0.0004784292
260015463.1278980076 0.0013616641
261191719.1661984026 0.0003125862
293020303.5214032531 0.0007258062
295560700.2838373780 0.0003095873
259234573.7088725567 0.0004958563
250145373.2321138680 0.0006443959
251884219.7065300345 0.0000198407
248104705.4353680015 0.0006518077
243213520.8943542540 0.0009590201
262674465.6945811510 0.0045973673
236131661.3344648182 0.0016035557
225171164.5063577294 0.0029457761
278059226.3708404899 0.0013021444
268043718.6977231205 0.0008781965
272927030.0155293345 0.0016426822
250427404.3187291920 0.0011529760
249513759.0775987506 0.0014278927
258323509.7444846630 0.0015701836
199631276.9778568447 0.0000793159
203380956.5029042661 0.0005351854
196451839.6416040957 0.0000001076
230788796.9001172185 0.0001790464
196121722.8335038424 0.0000061110
205178170.6473004818 0.0001034882
193234664.7918848991 0.0000028042
185378938.1887332797 0.0013302806
185839334.0610350668 0.0037688272
202950098.8353074491 0.0014726585
206698810.6444061697 0.0009167167
199411215.2792209089 0.0000337201
184811831.6740826368 0.0012762184
198237571.1024861634 0.0010833938
184620560.5929178894 0.0013219383
159872543.8560216427 0.0010192706
160822644.9458771050 0.0010683961
170669055.0949165821 0.0044946989
159560784.2461448014 0.0016511155
170968227.3927949667 0.0095733962
160290960.0599980950 0.0017856175
183728351.3828774095 0.0032902977
165387414.2305064499 0.0010741762
156105354.5224040151 0.0005764441
155601579.8387406468 0.0004403508
147703498.6813357770 0.0004675352
152725546.3896270692 0.0004050165
154808863.9462451041 0.0000101544
147069201.5052727163 0.0006039637
179004823.3209372759 0.0026144392
151940949.1789097786 0.0000041101
193625757.3084425926 0.0014176733
158258834.7259072065 0.0000068527
169240909.7872972190 0.0045229217
149348913.3709450662 0.0000662282
146020895.6471130550 0.0102438468
158381065.2952165902 0.0056499174
153570896.8048535883 0.0236210497
150669260.1405692697 0.0097238586
159057740.9588822126 0.0106526231
146541255.8977891803 0.0074221903
164542667.0864075124 0.0047780171
145570802.5008724928 0.0035779464
173726622.0054125786 0.0045528944
169061714.3685016632 0.0050540482
199370481.2738373280 0.0000408390
146017915.9956409633 0.0035106432
166444283.1248128712 0.0093511803
153754760.2881838977 0.0115908421
145557082.8950899839 0.0104220306
144874624.2967809737 0.0081284719
145238618.0628733933 0.0048571644
139482210.2257482409 0.0123282219
241662964.4049047530 0.0008901386
142390700.3825818598 0.0095826206
187580235.1969827116 0.0495260221
142038956.4848166108 0.0152161773
161181379.4983720183 0.0015785568
141404352.6082718074 0.0152324053
159789900.6053899527 0.0010470368
147112867.4741012752 0.0128788808
129358945.3308554739 0.0483827864
134802850.4933194518 0.0367740995
235562643.1211649179 0.0283778100
130683403.7221342027 0.0487071049
148907067.8511406183 0.0271594765
128586525.8879597783 0.0432598510
175412364.0716525018 0.0170907437
127603359.6471169889 0.0402197302
150366070.3866345882 0.0417031660
144426520.6627601087 0.0373854335
132602720.9938853383 0.0514954977
136057336.5385173857 0.0303422955
192473956.7721275091 0.0029081821
130405079.7393509150 0.0372119426
150371293.3799353540 0.0320999900
131959589.2314850390 0.0427377839
155885732.3069363534 0.0219554410
135798216.6859230399 0.0423992590
168829360.2318846583 0.0063587247
128110606.9341424853 0.0437208997
165518272.6623606980 0.0092468256
143002111.2803438306 0.0305040238
127844575.0596739352 0.0544505878
126545262.4820011705 0.0447041860
174758957.2059302926 0.0609016059
140011408.5088838339 0.0391920525
130825462.1742119491 0.0332898209
128337885.9730220139 0.0430550585
177999217.6017224789 0.0255434614
132874870.6896008700 0.0463861603
140846147.7923813760 0.0488047058
124589782.4493066072 0.0439756890
164806100.2936176062 0.0066260401
124797018.4123290777 0.0455913116
117748900.2278092206 0.0555104972
132433022.8708612621 0.0424221385
195819836.0929101408 0.0529853764
117029446.4294247031 0.0658428458
180092330.7020598650 0.0103710963
117110441.6886946559 0.0608214754
130628759.6272699684 0.0524293494
118612424.4286837876 0.0521093260
132106896.5115783662 0.0442268897
115564856.6374334097 0.0695505561
173496342.8203569651 0.0060528065
116458905.7354003787 0.0624693541
137189105.0803975761 0.0195658477
113770863.4707740247 0.0749342241
117798534.3316504508 0.0759368390
125844803.1692955494 0.0894597247
320426252.9098896384 0.0026535208
122970115.7426495403 0.0642633580
117956208.1922574043 0.0641375685
187736928.3647502661 0.0325543305
125230446.5404470265 0.0662012530
117333124.8691039532 0.0625683254
106574669.9335239977 0.1045135885
110640853.0671814680 0.1035794463
112978267.4691216946 0.0906496240
111922978.6492324322 0.1145146015
170035649.5514693558 0.0372510785
111959176.9837195277 0.1043230882
171932749.8760637343 0.0396595932
104033301.8392068893 0.1161902208
169519521.2551868856 0.0788222159
106418267.0977005363 0.1345476239
104626213.9837745577 0.1121446319
117252089.7567728460 0.0863681707
186863974.7281592488 0.0522058993
101587393.6293734014 0.1221969800
132580056.0109224617 0.0761011134
100625823.5209953785 0.1261551814
159858797.6496452093 0.0809791745
203906040.3748535812 0.0851922211
172059063.9006640017 0.0429436982
101610887.4044615626 0.1275709915
101481628.5570622832 0.1246875897
103916377.5244395286 0.1186528075
125422785.5316291749 0.1091586043
112948169.9824428260 0.1442105952
231941816.0375634134 0.0246691312
106583414.1954994500 0.1347894221
176452048.6644029915 0.0537075422
102952799.6150985360 0.1295071434
108206551.1071977913 0.1371721844
102704251.8251687586 0.1291478748
127024808.9603874534 0.1077304966
101186692.0767083615 0.1199090324
120890024.3644732833 0.0659392308
102367299.9242455512 0.1286612875
173486492.7927978337 0.0578864215
107362639.4218727946 0.1359316305
176883090.4950320721 0.0507326834
153010185.2374807000 0.0939503213
196283671.0692105293 0.1063972947
105016274.3821476698 0.1138492970
160063595.3516102731 0.0448277813
107250608.0129504949 0.1150129803
101357571.5162927061 0.1272064920
142278026.1090140045 0.1032481614
213679230.5941014588 0.0358095185
107138505.0359330624 0.1123438766
130301761.8717334718 0.0942708783
104820266.0216174871 0.1149473137
185317305.2428102195 0.0284390311
101253820.4623663723 0.1270572527
153337131.8681349158 0.0599009863
123088591.2547948360 0.1596754566
127965055.3008440435 0.0934056692
160390019.2200576961 0.0976765902
189445907.1119471490 0.0233942635
104806212.6986063272 0.1170673922
190166059.3020544350 0.0590771212
123694720.3363761455 0.1064822066
202417887.9017617404 0.0148848264
102383806.1269089878 0.1286850964
213579592.8077645600 0.0176504609
104430611.6795262843 0.1151054429
188581689.5336717069 0.0860838676
111916015.8632128537 0.1129152214
174789361.8936064541 0.0393329892
102389064.9348949045 0.1286926698
100779320.9861989617 0.1263755339
101482557.9841102213 0.1211436290
201458376.0244338214 0.0189123656
107800470.0345955938 0.1365748270
100744577.8920817226 0.1226917709
118270062.8216269761 0.1522540574
104858706.2297142148 0.1196671293
122955209.6743613034 0.0998198140
103846501.3996706605 0.1234615038
100621142.4352056980 0.1214977761
112805045.6338922381 0.1048275256
106470989.1871757954 0.1131881054
102387344.8546140045 0.1219784776
102737096.7392392457 0.1206795640
102874077.9304575324 0.1239176505
102615559.1174301356 0.1290197457
101476786.8991733044 0.1237645238
100027678.4022304565 0.1252977322
110855242.8594105840 0.1140379828
100704099.9258026481 0.1262675394
108692981.2479766756 0.1111544729
101516220.3201844543 0.1245988280
109039953.4882460237 0.1384008283
102157004.8175347745 0.1202749590
108553870.6212248802 0.1376835655
102833292.8664579988 0.1215927652
107491221.8985358328 0.1361204454
101612822.2666183263 0.1243470972
104221976.4222266674 0.1313463467
104070337.5487442911 0.1311261846
102621403.3808348626 0.1290281967
102406322.1368149221 0.1287176211
107918458.6878957301 0.1367482861
102641106.0977711082 0.1212910881
108508463.0678945780 0.1101001526
100228098.8540135324 0.1255848450
111501952.0955636799 0.1174872139
102538632.9819748849 0.1213656864
100755501.2671688646 0.1229791197
100746538.8190758526 0.1222017041
102061423.8378654122 0.1282201149
100616052.1446177661 0.1236756535
113673385.1714352220 0.1452975791
102536201.1447779834 0.1204898460
111410963.6338933259 0.0995388168
100320119.5257657021 0.1257167386
107520024.1269807220 0.1099146930
101415881.3175611794 0.1246937641
110265884.3464738876 0.1143735045
101070036.0530978590 0.1267930760
106737524.9719549268 0.1176461262
102586165.9149588346 0.1289772897
108886273.0453528464 0.1190290413
102560093.4947481304 0.1215234071
100129915.5734964609 0.1254441897
112273200.1612384021 0.1058898180
103670537.7834065259 0.1305462707
101107759.7508014888 0.1268472929
102106374.7433586568 0.1245540345
100492208.5116683692 0.1259635074
107707965.2439502031 0.1187116015
101289941.5504652262 0.1241446491
100116643.7189909220 0.1254251532
101653600.0458906740 0.1276324718
100158513.5435275882 0.1254851441
102011522.7691948116 0.1281481425
100351016.7507811487 0.1257610379
100869218.5363038182 0.1240411890
100042486.6966726035 0.1253189387
104457607.4098352492 0.1316886715
101385144.8711464554 0.1244839284
102869356.0992428511 0.1212540918
100162960.8573904932 0.1254915154
100482879.3845128119 0.1233019528
100207499.0160883963 0.1255553333
103228887.8928859383 0.1299065752
100609544.0327748358 0.1261318324
100595876.9984123558 0.1233653468
101655142.3391160071 0.1276347150
100984403.4392098784 0.1220744153
100751234.8770667613 0.1263351867
101285529.0089289993 0.1197055447
101014599.2128116935 0.1267134190
101973074.8801653981 0.1195842745
100737892.9157611877 0.1236141145
101972643.9983566254 0.1280921044
101763538.6489883363 0.1248585539
101879288.5236506909 0.1248677679
100021554.5947275609 0.1252889651
101967024.7334310561 0.1280840020
100480430.3007691652 0.1259466138
100470644.5211902112 0.1259325652
101349780.5628783405 0.1245107767
100476760.9979259968 0.1223669980
99896938.0153827667 0.1251105377
102527296.9440013766 0.1210290047
101291127.8152681291 0.1243787560
101238852.2744482905 0.1218591170
100329542.2679061890 0.1257302511
100865079.5465464294 0.1264986428
100113303.9531406760 0.1254203773
100515536.3942870200 0.1259969847
100398343.1155149639 0.1258288976
100771157.0115497559 0.1221825499
101361961.6890387684 0.1244485987
101957816.4290712923 0.1201134200
99930136.8010489792 0.1251580653
102099987.5122938305 0.1215642995
99829530.6425015926 0.1250140540
100872963.9284663051 0.1227911807
100212347.3234097511 0.1255622799
100218124.7396321595 0.1255705624
101867814.4447655380 0.1248114172
100689611.2842855752 0.1262467382
101728593.0408476889 0.1249194488
100691433.5565963835 0.1262493521
99893930.6435748488 0.1251062330
99820255.1475166380 0.1250007755
99863796.3461874574 0.1250630949
101555761.8303989172 0.1274916497
99937353.1588338315 0.1251683929
101113063.6943453997 0.1224613869
101417714.9267939329 0.1244269784
100748918.1032765508 0.1235844217
101689001.8751836121 0.1247477521
100663761.8210011423 0.1236893877
101563695.9989316016 0.1245985157
100457389.1871657968 0.1259135739
99830243.0207726359 0.1249941750
100422371.4140743017 0.1258633436
101499456.6703179330 0.1245045283
100683272.3108447790 0.1235019082
100262814.9770817459 0.1256346054
100112471.1210437417 0.1254191811
101571055.2894094735 0.1245410315
102037044.5693938434 0.1281849337
99869691.0323336273 0.1250715325
100554233.2534235418 0.1233658679
101764005.3088786900 0.1248651614
100520915.6732528806 0.1260046766
101760672.3624776006 0.1248386926
100776602.2166240364 0.1237612459
99972074.7018893212 0.1252181076
101929538.8362712413 0.1248236184
101811543.9894238412 0.1249125658
101174962.7694387138 0.1240473561
101598100.3119784147 0.1246121633
101281104.2313799858 0.1243083556
100142603.1292303354 0.1254623477
100808108.1472982317 0.1238002444
99982701.8132507652 0.1252333242
100535898.0473927408 0.1232919159
100185641.0954405218 0.1255240123
100743780.6992305815 0.1234064654
100140569.7231223881 0.1254594357
101541487.0671677589 0.1274710992
101774358.9314796329 0.1248840591
101056061.5220191479 0.1267729978
101512200.1990558505 0.1245324425
101359581.4066846967 0.1228099667
101628248.5655669421 0.1246957120
101315031.2622532248 0.1271452871
101795922.2745942920 0.1249311353
100809634.5362542570 0.1264190282
99948951.1655771732 0.1251849972
100686647.7756091505 0.1233899349
101739414.5252537876 0.1248399980
101077737.8063414842 0.1238454456
99876102.7926619053 0.1250807088
101772256.9595001787 0.1248986511
101571440.4229455441 0.1275142161
100263584.6400166601 0.1256357082
99872818.8220380843 0.1250760082
101249541.0335926265 0.1242974353
99838175.7365533710 0.1250264230
101539231.7435064465 0.1245926545
101797217.5124496073 0.1248837216
101366847.7908089012 0.1243974462
100293980.9993267059 0.1256792773
101766258.6868406683 0.1248501594
99894047.8599411994 0.1251063991
99853044.2920577824 0.1250477043
101522448.7132478207 0.1245628258
101783351.1068167984 0.1248895929
99948402.9194071740 0.1251842146
101811838.4778671414 0.1249148378
99830432.5102057308 0.1249959015
99921582.9366916120 0.1251458154
100265198.1895380467 0.1256380222
101798662.2801757604 0.1249012665
100325336.7804051340 0.1257242238
99922325.8122860938 0.1251468785
101784531.2571077347 0.1248990597
99920830.8934539706 0.1251447387
100337294.9980012327 0.1257413665
101793584.1147454977 0.1248973408
100016783.5758875608 0.1252821285
101836820.5000389516 0.1249457357
99924379.2050845176 0.1251498169
101809861.6009932756 0.1249292563
101688212.5705011934 0.1248068481
99901150.5846659988 0.1251165638
99929250.7247976959 0.1251567941
99844667.1991138160 0.1250357140
101815978.1102466285 0.1248835810
101775081.0823789537 0.1248794405
101767357.9748438299 0.1248417509
101800188.7891215533 0.1249021322
101814235.4866276830 0.1249478398
101730823.3656283021 0.1248147041
100146695.1705604792 0.1254682121
99912978.8563615233 0.1251334976
101693202.0426281542 0.1247482822
101852663.3553898185 0.1249688536
101618652.5241880119 0.1246988475
101684156.7472552359 0.1247407634
99835175.8841764331 0.1249975371
100029280.1964903176 0.1253000248
101837984.8261055648 0.1249560975
99863586.6653245389 0.1250627943
99823432.8491840363 0.1249852903
101831921.2718714625 0.1249548861
99826098.6966402084 0.1249885585
99853322.2832346261 0.1250481023
101835165.5884566158 0.1249536290
99855447.6225661337 0.1250511440
99869882.2582299113 0.1250718052
101780718.9389406443 0.1249080307
101831278.8156557083 0.1249499372
99868683.2405822724 0.1250700881
99854452.2394890934 0.1250497196
99820767.1501472741 0.1250015083
99821827.3317914456 0.1250030255
101834519.3699040711 0.1249754014
99837244.1582282186 0.1250250901
99911210.1340544820 0.1251309657
99827234.6488931030 0.1250107638
99826999.0334408432 0.1249894693
99912998.3502882123 0.1251335256
99820298.7250928581 0.1250008378
99990530.4845566452 0.1252445338
99823490.4638524354 0.1250054057
99946076.8674743474 0.1251808829
101855859.4175278991 0.1249744295
99833575.1843120903 0.1250198389
101850425.8736185133 0.1249674870
99960291.3119432330 0.1252012351
99825719.0647474080 0.1250085953
101818539.8280434906 0.1249301408
99833322.9863825291 0.1250194780
99820425.1502697021 0.1250010186
99830492.7813154757 0.1250154274
99914285.3825890720 0.1251353677
99838119.4336100221 0.1250263428
99835261.3764587343 0.1249999622
99842243.9528744966 0.1250322460
99824120.9738184959 0.1250063080
99821467.3562045246 0.1250025103
99859682.4398202896 0.1250572058
99847327.3353875726 0.1250395217
101858454.9448485374 0.1249713655
99824220.2912077457 0.1250064502
99862822.1564668864 0.1250617000
99842129.7878227979 0.1250320826
99868982.5859943628 0.1250705177
99824879.8824685961 0.1250073944
99822656.5073177814 0.1250042122
101832951.9089630991 0.1249422969
99828856.0833368748 0.1249919926
99837755.4458172321 0.1250258218
99825360.2048736662 0.1249876956
99849879.3374736458 0.1250431744
99834287.6998504847 0.1249987555
99909854.2456028461 0.1251290246
99822160.7582666129 0.1250035027
101856250.8518868387 0.1249698235
99824034.0679866374 0.1250061837
99832512.9486109912 0.1250183188
99826006.8887117505 0.1250090072
101848586.5373057872 0.1249725666
101855985.8722686768 0.1249758816
99852489.4877328426 0.1250469101
99823955.4157998860 0.1250060712
99821958.3494045287 0.1250032128
99831071.3644919246 0.1249946213
101863001.2697447836 0.1249842614
99859076.8588942587 0.1250563388
99822788.3634217680 0.1250044009
99825896.8340361267 0.1250088498
99823645.6414553076 0.1250056278
99843626.3324456513 0.1250342245
99828873.0552649349 0.1249919997
99839189.3856192231 0.1250278742
99821368.3123589158 0.1250023685
101851493.5741536021 0.1249671289
99830206.2410219163 0.1249936656
99829494.6596658230 0.1249928393
99832016.1953244060 0.1249959168
101861460.4439245015 0.1249808139
99823215.9252149910 0.1250050128
99844462.9779653549 0.1250354220
99825760.0764452666 0.1250086539
99844530.4448424876 0.1250355185
99819839.3792679012 0.1250001804
99844952.7172442228 0.1250361229
99820677.4788834900 0.1250013799
99848196.1781784892 0.1250407652
99825192.5439157039 0.1249873788
99847184.5604307950 0.1250393173
99831806.6178553253 0.1249956632
99848060.6205752939 0.1250405712
99829104.1539744139 0.1249922694
99849648.0121071339 0.1250428432
99822692.5253454298 0.1250042637
99848826.9904899597 0.1250416681
99834335.1728636920 0.1250209266
99833992.9243247211 0.1249983915
99831174.7827284187 0.1249947950
99829311.8679397851 0.1249925399
99823908.2118767500 0.1250060036
99820065.8273022324 0.1250005045
99832290.9354743212 0.1249962621
99820085.1740584671 0.1250005322
99832108.4725410193 0.1250177397
99833668.9650285244 0.1249979865
99826540.0982402265 0.1250097703
99834824.4575682729 0.1249994385
99821380.2788338959 0.1250023857
99821524.3586176336 0.1250025919
99826141.4178732187 0.1250091997
99821700.4642988443 0.1250028439
101852643.9164998084 0.1249711653
99825585.2210653871 0.1250084037
99839021.0096171200 0.1250276331
99832395.4927840680 0.1249964347
99821528.2468118966 0.1250025974
99821841.5691698790 0.1250030459
101852226.4607268423 0.1249710078
99822693.5377854109 0.1250042652
99826019.5820103586 0.1250090253
99834810.9225891083 0.1249994360
101861075.4065830857 0.1249811340
99831474.6568316370 0.1249952651
99834885.8402334452 0.1249995552
99823328.4512230009 0.1250051738
101859175.8147912323 0.1249799268
99831568.1055930853 0.1249953615
99825246.1527656317 0.1249875033
99819878.7272839993 0.1250002367
99820173.2479156852 0.1250006582
99834843.4493472129 0.1249994943
99834410.0636271238 0.1249989349
99821453.2696148157 0.1250024901
99833429.0762974322 0.1249976924
99820372.1285083741 0.1250009428
99820146.9824837446 0.1250006207
99830721.3462296873 0.1249943247
99820999.4763650298 0.1250018407
99823755.8977151513 0.1249855348
99835230.7023650110 0.1249999571
99820627.3739625961 0.1250013081
99835061.6307752132 0.1249997426
99829579.5934560895 0.1249928677
99819720.7087106258 0.1250000106
99832618.6059538871 0.1249966695
99821039.1004752070 0.1250018974
99823190.1918642968 0.1250049760
99821226.7535378039 0.1250021660
99822181.9337883443 0.1250035330
99819766.1937891692 0.1250000757
99834988.9279000461 0.1249996292
99833239.1730813831 0.1249974602
99823977.7651072145 0.1250061031
99834938.2884003520 0.1249995941
99823143.0102133900 0.1250049084
99820184.8452221900 0.1250006748
99833794.1685244292 0.1249981901
99834624.5096390098 0.1249991882
99828845.0065698028 0.1250130690
99834891.5725883991 0.1249995210
99823563.2209999561 0.1250055098
99835074.1172986627 0.1249997544
99835073.7089534402 0.1249997637
99820042.0510239899 0.1250004705
99829905.4722101390 0.1249932554
99833460.6074585617 0.1249977479
99821301.0518986285 0.1250022723
99834305.4300802499 0.1249987864
99833630.4627973288 0.1249979290
99820021.0810097903 0.1250004405
99827300.3471818268 0.1249900127
99820215.9548417330 0.1250007193
99824476.5562442094 0.1250068170
99820001.5315412134 0.1250004125
99830685.3772482127 0.1249942648
99819801.1822320968 0.1250001257
99834558.3216579854 0.1249991470
99834919.9239411056 0.1249995791
99835105.6246033311 0.1249997887
99832942.0017461032 0.1249970865
99834964.0793470740 0.1249996162
99831372.6187215894 0.1249950907
99819742.6520022005 0.1250000420
99822310.4860938787 0.1250037170
99835168.8280007541 0.1249998775
99819963.4700716436 0.1250003580
99819872.2795447409 0.1250002275
99834535.6616082042 0.1249990647
99820327.2152031064 0.1250008786
99820135.9912728965 0.1250006049
99820048.1453029811 0.1250004792
99834904.0041490644 0.1249995515
99820254.6135944724 0.1250007747
99834028.1098961383 0.1249984493
99819911.4822228104 0.1250002836
99820712.5142319798 0.1250014300
99820166.4932052344 0.1250006486
99831568.7617493421 0.1249953585
99820259.6277403235 0.1250007819
99824863.1638090611 0.1250073703
99833799.0426541269 0.1249981548
99821702.6016830951 0.1250028470
99820135.8280495852 0.1250006047
99820656.5068143010 0.1250013499
99835213.1413789392 0.1249999183
99819927.7598850131 0.1250003069
99834838.1004659832 0.1249994552
99820923.8002538830 0.1250017324
99820339.5295661092 0.1250008962
99820764.1037567258 0.1250015038
99820132.4764843732 0.1250005999
99821924.2262841314 0.1250031642
99820657.1216149181 0.1250013507
99835222.2793295383 0.1249999530
99834601.3432638794 0.1249991576
99820849.5948989093 0.1250016262
99821442.7473051846 0.1250024751
99821031.9792794734 0.1250018872
99820428.3073771149 0.1250010233
99834667.9754821509 0.1249992540
99834310.9043121487 0.1249987981
99824040.6596455574 0.1250061931
99834283.5445697308 0.1249987637
99834823.9937338978 0.1249994385
99833202.2170024067 0.1249974162
99819849.5929079950 0.1250001950
99819858.8438129127 0.1250002083
99820003.3936423808 0.1250004151
99819713.4007502198 0.1250000001
99820951.9336912036 0.1250017727
99819780.8676206172 0.1250000967
99835196.6899888217 0.1249999116
99835230.5431974977 0.1249999469
99819738.5304040760 0.1250000361
99819711.5377020538 0.1249999975
99819807.6453324705 0.1250001350
99835127.9650715590 0.1249998186
99835109.9042224139 0.1249997897
99819700.6125166118 0.1249999818
99820187.2042429000 0.1250006782
99819880.8611781597 0.1250002398
99820866.0343734622 0.1250016497
99835109.0600062162 0.1249997956
99834470.9431700855 0.1249989932
99819861.2026752234 0.1250002116
99820154.8930044323 0.1250006320
99819737.5831743926 0.1250000347
99819886.3942617923 0.1250002477
99835203.9798083752 0.1249999132
99819811.3872946203 0.1250001404
99835034.1526130438 0.1249997025
99820506.7092395872 0.1250011355
99835057.2393765301 0.1249997309
99820115.0234458447 0.1250005749
99835140.1858692020 0.1249998343
99820291.9953409731 0.1250008282
99819706.2275348902 0.1249999899
99835057.7220485210 0.1249997356
99835123.9157156646 0.1249998149
99835226.9113942385 0.1249999423
99819745.5675049424 0.1250000462
99820344.0233215988 0.1250009026
99819757.8904493302 0.1250000638
99834984.0658572465 0.1249996395
99819746.2105288059 0.1250000471
99834972.3100868762 0.1249996248
99819729.9972119033 0.1250000239
99834973.6047872603 0.1249996264
99819706.4715881497 0.1249999902
99834968.0928174257 0.1249996195
99835116.8348433673 0.1249998041
99819877.4328125417 0.1250002349
99834972.7224738002 0.1249996240
99819707.0776532739 0.1249999911
99819833.5062992871 0.1250001720
99835206.7461994886 0.1249999178
99819914.1414294243 0.1250002874
99835147.3304005861 0.1249998431
99819786.1963748932 0.1250001043
99819817.3757075369 0.1250001489
99835038.7756985575 0.1249997068
99819792.6589470804 0.1250001135
99820356.9335924089 0.1250009211
99835170.3876721710 0.1249998724
99819894.2915699035 0.1250002590
99819693.8182695955 0.1249999721
99835124.5345351994 0.1249998147
99819751.2180515826 0.1250000542
99820271.3676686138 0.1250007987
99819706.4488736987 0.1249999902
99819886.6648106426 0.1250002481
99819742.0631880015 0.1250000411
99835216.3869671822 0.1249999302
99819757.9510910660 0.1250000639
99819819.5450222790 0.1250001520
99819691.9585860372 0.1249999694
99835199.2003127038 0.1249999087
99819859.4038806260 0.1250002091
99820164.1116588563 0.1250006452
99835238.4815458953 0.1249999581
99835243.2572946399 0.1249999637
99835237.2889727205 0.1249999558
99835212.7245392948 0.1249999256
99819688.5989603549 0.1249999646
99835215.5160754770 0.1249999283
99835222.6734504998 0.1249999374
99819854.2099444121 0.1250002016
99835201.8608557284 0.1249999114
99819945.1925958544 0.1250003318
99819718.6244100630 0.1250000076
99835211.1915448457 0.1249999231
99819702.2560954839 0.1249999842
99835229.6441397816 0.1249999462
99819721.7964641005 0.1250000121
99819952.6745641381 0.1250003426
99835214.2929727584 0.1249999274
99819873.0057978034 0.1250002285
99835217.0742895454 0.1249999306
99835143.0442520082 0.1249998367
99819715.4546013772 0.1250000031
99835203.2505821735 0.1249999134
99835197.5452627093 0.1249999056
99819731.2296721488 0.1250000256
99819710.9065251797 0.1249999965
99819750.1037377864 0.1250000526
99819748.3328474164 0.1250000501
99819720.7589509040 0.1250000106
99819734.9270010293 0.1250000309
99819704.9181539863 0.1249999880
99819750.1579313129 0.1250000527
99835224.7200924754 0.1249999390
99835171.9875878692 0.1249998738
99819840.0115891695 0.1250001813
99835066.1975438893 0.1249997405
99819688.0000000000 0.1249997405 0 0 0 0 0 0 0 0 1 0 0 0 0 0 0 