621800906.9156892300 0.0000009890
579230645.1480846405 0.0000003415
583338573.7106970549 0.0000000584
609365161.3275485039 0.0000000015
620703130.0302064419 0.0000000969
609511049.8513427973 0.0000000164
627634044.0069427490 0.0000000007
584762096.9774897099 0.0000012535
601901278.7390394211 0.0000000025
721065649.1175059080 0.0000000007
626310068.0125473738 0.0000004952
575704427.9366248846 0.0000000479
631709732.7877342701 0.0000000568
572511908.1057245731 0.0000004368
566369998.5196346045 0.0000018952
621511084.5821682215 0.0008397408
653080288.6193016768 0.0000009135
521289754.3016937971 0.0000032554
493298223.0435079336 0.0000043206
496697290.6256265640 0.0000046900
470971605.7560998201 0.0000048630
460083021.3010365963 0.0000049184
484176928.9750679135 0.0000001383
447188257.7052273750 0.0000054948
434032605.8978723288 0.0000033902
499389551.2507394552 0.0000000039
448881320.9952051640 0.0000005456
491311001.7068501711 0.0000000238
535108868.6301822662 0.0000005955
391578448.2235003114 0.0000008110
451237614.1747126579 0.0003593511
329046047.4583163857 0.0040792627
336331082.8437520862 0.0161032527
326650918.3837524652 0.0041011818
365802358.9111566544 0.0041570714
324812822.2880910635 0.0036681913
419382151.2395249009 0.0031648363
334419103.9165067673 0.0032314515
333513275.3520807028 0.0021767458
324648277.6659294963 0.0049766912
381762353.3778067827 0.0019957042
335869958.5500811934 0.0046353545
354654419.8837757707 0.0044907883
324980593.5503351092 0.0050352551
370489922.6753455997 0.0057615812
324719839.8077050447 0.0048377815
293948727.3504130840 0.0032816352
297856548.5554913282 0.0034197269
397649581.3136180639 0.0006303689
294852099.9495224953 0.0031251068
281310878.7233197093 0.0026305920
275811093.2178456783 0.0029941924
301095881.4335064888 0.0013042741
274839905.0013866425 0.0028881472
274900685.9444135427 0.0029458833
275642949.1947561502 0.0029324065
280446383.2971537709 0.0002365399
274859207.4256334901 0.0036214747
270648461.6907254457 0.0007639909
300942300.6007986665 0.0007999886
280952221.1837066412 0.0346584151
268074709.5030589998 0.0006484514
344774562.3649951220 0.0000261545
269822482.2566525936 0.0007014187
309466459.9616529346 0.0015965536
260469234.6806842089 0.0006911088
315766759.5049847960 0.0001083055
281617101.1459588408 0.0011079535
257245648.3470690846 0.0005657814
256580971.5723587275 0.0011178576
296542944.1143847704 0.0022326909
264212442.8307220638 0.0007174414
252831417.3221475482 0.0010902238
251868755.1279353201 0.0008868855
299707661.9927089810 0.0001929149
251299597.3234040141 0.0010827744
297251306.9641992450 0.0000712687
250255989.6703710556 0.0001634507
309797007.2215011716 0.0040884372
273115210.0227194428 0.0001039412
233159279.8451265693 0.0001703409
223914396.1250345409 0.0001026337
261610114.2053160667 0.0010182730
264227672.1332974136 0.0000252622
232218886.6661424041 0.0001654447
232796410.0794446170 0.0002260872
244661111.1042014658 0.0038937016
217052081.1958039999 0.0003235780
226782052.4023022950 0.0366139827
221381596.7146945000 0.0002652786
229591520.5768408179 0.0017510529
214096972.7309053242 0.0000625412
308815917.6220204830 0.0009466543
213739812.8891654611 0.0000210033
234467369.8357118070 0.0000714372
211656877.1168872714 0.0001270902
196737735.3741803467 0.0002599680
194153244.8086656928 0.0002772876
217505571.7576171756 0.0000767253
193732484.9533627331 0.0003536654
220012031.1447058618 0.0000018356
196462582.2289193273 0.0002264249
238071156.8257046044 0.0010785711
193699199.8071493804 0.0002689613
260388271.1231905520 0.0000645858
187560693.7834687829 0.0003670065
216094437.6412181854 0.0006761697
195126553.0664326549 0.0002016194
229043250.9788181782 0.0002802509
202705115.1979303956 0.0002604624
198225605.1290716827 0.0027009625
194785742.4128741920 0.0000398838
253283686.6011807024 0.0001097281
190150910.8515649438 0.0009936430
208644494.3343992829 0.0001090870
195640755.7912290394 0.0002270482
261887649.6531624198 0.0006146464
221260582.0952862501 0.0003912707
248898798.0954937637 0.0025959579
197633658.7141337395 0.0000000387
205017390.4872792959 0.0010846762
195582778.1295401156 0.0002362599
243321784.2442976832 0.0000048230
184351520.6538541615 0.0002893251
236583036.0535275638 0.0086321794
234029777.7448096275 0.0003181298
249164004.8168150485 0.0000539591
191676287.4176197052 0.0000057259
184589776.0217206776 0.0002809562
195531828.1889055371 0.0013026303
217415082.8716001511 0.0009217436
191449486.9837354124 0.0005202789
203559822.6669962406 0.0000000168
199880277.5037004352 0.0000852953
211951771.2096924186 0.0000661513
184301177.3398952782 0.0004242575
215066785.1121838987 0.0000021143
202953910.9194787145 0.0002020687
206715096.5020002723 0.0003555647
193995242.0770501494 0.0007866746
221748570.9786872566 0.0000264944
192652258.7204886973 0.0005172471
199937306.0187060237 0.0007579589
188443694.0678609014 0.0000510475
217243146.4449242055 0.0075466563
206271891.3165293038 0.0002786266
197020672.6815916002 0.0003354359
203451018.6913978457 0.0001543253
188916741.6864767075 0.0002275635
238448774.3341533840 0.0010588806
189233012.3390427530 0.0008366117
183047607.6092237830 0.0001258096
184366363.9744342864 0.0001663675
196157999.4889297187 0.0000245984
183766631.9365191460 0.0000178388
176975904.9111713767 0.0001390261
181873654.0965182483 0.0000000025
178936724.2413444519 0.0004781680
181842424.5165581405 0.0000080672
189721479.1349340081 0.0044830733
177433671.4644650817 0.0000368507
176183932.1359923780 0.0000822267
182959159.3047900498 0.0001462710
167111180.4905660450 0.0000018299
167521330.8525022566 0.0000019854
191642230.0205339789 0.0000014884
170178578.6009062827 0.0000053303
179147117.6265798807 0.0000002355
163157217.4776844680 0.0000027228
179452662.4969540238 0.0000752658
164884185.9867535233 0.0000110236
170979972.3371337056 0.0005494284
162596625.5117862821 0.0000000768
171024912.1712043881 0.0000011768
164330724.5035307407 0.0000567320
163192998.8739835918 0.0002448365
161970552.6603758633 0.0000722623
183559882.7758625150 0.0000554816
163594759.5970406532 0.0001852710
172604031.1154638827 0.0000195020
165320193.9420605302 0.0000025314
168152731.3415095210 0.0000002469
163678365.6939289570 0.0001295536
188213797.4958256483 0.0002533535
162030035.8045889139 0.0000017633
166865483.0107595325 0.0006172303
165187703.4937763810 0.0000032338
170164306.4580947161 0.0086520444
163181745.5571454465 0.0000919597
166983584.6265008152 0.0000172892
164427274.7015483975 0.0000497058
188005556.0212765336 0.0002230340
162352508.0044507682 0.0000002466
196426812.8397298753 0.0002934532
162654238.2105201185 0.0000518278
176173624.6256241202 0.0001964854
163767292.3931865394 0.0000663058
166303980.6229692400 0.0000260682
165561609.6775693595 0.0000656250
187897371.9452841878 0.0001287844
164959029.1658330560 0.0000384748
189320505.3266141117 0.0000993697
164520912.5722054839 0.0000432676
159459753.0824903846 0.0004126507
182670518.5092148781 0.0004121802
171968416.8432281911 0.0000778356
180843667.8914293349 0.0006430773
160225331.1433204412 0.0000709399
157068890.9188153148 0.0002917658
171239618.9666963518 0.0000194335
164109293.2174288630 0.0001280254
173853963.6967959702 0.0007080468
157806365.5604847074 0.0004680781
192505152.3507934809 0.0009675750
187653575.7704528272 0.0001645630
158322742.1344953179 0.0005488957
156110870.7008565366 0.0003280213
183959846.0632641912 0.0007508529
158377365.3318487704 0.0002700501
174656501.4232360423 0.0008662251
160772777.4104531109 0.0005992915
204363238.6637181342 0.0000000513
159713768.5428813994 0.0005408996
156296069.6310657263 0.0002288305
156573185.8796232343 0.0002195329
155761912.5727139413 0.0003118517
155726777.4681452811 0.0002953202
158501283.7095619142 0.0006037308
155993478.7907253504 0.0002575287
166961542.3803562224 0.0012517399
158156753.7228946984 0.0016197861
158805223.4453047216 0.0021631751
156705738.0281982720 0.0002782029
160610905.4587762952 0.0013318403
161451215.8565838635 0.0001449389
166850889.1371460855 0.0000161651
158745348.2454739809 0.0004201217
164108723.0034183860 0.0000008129
157783186.1956982613 0.0005551249
186144059.6490250826 0.0004266269
163391327.6764977574 0.0001207238
162826609.2319639921 0.0000392399
155934231.2983880639 0.0003015150
162101571.8932543397 0.0000019574
160655270.0097005367 0.0007041245
186916716.6214783192 0.0000061093
163697944.3197270930 0.0006363198
176964120.1831788123 0.0000035614
158923308.9209538996 0.0001422742
166843073.3431781530 0.0001280623
158750290.3383334875 0.0004063916
166837946.3137636483 0.0005952554
158731454.7291056514 0.0001216924
174193816.9202812314 0.0000357236
157432478.2765282691 0.0003763776
164992909.0326505899 0.0007499490
158959735.8728223443 0.0002391893
179472687.0632836521 0.0000882029
159254201.5400483012 0.0002584036
154837435.4318914711 0.0005810316
158882752.5545350909 0.0007835108
169454040.5189996958 0.0029610340
158413712.7495029569 0.0006321755
172547451.8754155636 0.0056359432
154707513.8197009265 0.0008905368
154863117.4438007474 0.0030598983
156451912.3314131200 0.0006714158
161980394.8669966757 0.0010885167
155798757.9028255939 0.0002565211
187888216.9853094220 0.0005620060
155942014.4744763672 0.0001709131
153240290.2628033757 0.0003645434
151111255.2362059653 0.0004704867
165694257.6123079360 0.0001746954
151800837.9900378585 0.0007707531
168849830.5732295811 0.0004421823
168709451.2511238456 0.0007468427
155160513.3566388786 0.0018744556
153432122.7161703110 0.0001988660
160496545.8853760362 0.0000419007
150956235.6179349422 0.0003987905
171931011.4105997086 0.0005010260
153691616.5491437912 0.0002646502
154748693.4034483731 0.0004034093
151786380.5667608380 0.0004891643
154144885.1199969053 0.0000023451
154999776.6813123226 0.0003897300
156834070.5362597406 0.0000192777
154334904.9614414871 0.0003682606
157045415.3977718055 0.0022191581
153633741.4092664719 0.0002937728
152335863.2641526759 0.0000513894
154123872.5869192779 0.0004403549
169238640.6008016765 0.0000244372
154790684.2449037731 0.0004510369
168898262.6174386442 0.0011202590
157427824.3866451085 0.0007002895
151850505.0118292570 0.0004516431
168197090.7665438950 0.0003927314
150758079.9479623735 0.0004474109
151459092.4757591486 0.0003168292
151632498.1197355986 0.0003370484
168191127.8393075466 0.0008438701
155241753.2119825482 0.0006257170
167736763.1568736732 0.0009560368
152067677.6446254253 0.0003670202
151155701.7126977146 0.0004556096
151397860.7712492347 0.0003759261
161686237.9248827100 0.0001304751
150579037.6529121995 0.0002825802
151854608.4196456671 0.0003625140
152171617.1494418383 0.0003612137
159888148.2472297549 0.0007049992
152914914.9000270665 0.0003062651
152625574.4662291706 0.0000240938
152013953.3638662696 0.0001800568
155640923.6751101911 0.0000511880
152159534.8977279067 0.0002599476
153367060.9309905469 0.0003144907
153559452.2307699621 0.0003117601
155627418.9065399766 0.0000000613
151637933.5047685802 0.0002261189
151102896.7556565702 0.0001282943
150966807.1795282960 0.0003597944
154821377.8924571872 0.0004736431
153587481.6995082796 0.0002292398
150751090.2137427926 0.0000016998
152937658.5577044487 0.0003854077
155622829.8804521859 0.0003180104
153446208.0173031092 0.0001757038
169821619.0570206940 0.0001771533
153402667.0446343124 0.0002657797
151903029.5652218759 0.0000926854
153425116.4037586451 0.0004321330
153781131.4397040009 0.0008172130
153727806.1473380029 0.0003603913
152827557.1440873742 0.0003217528
153091236.1217042804 0.0005251864
152270099.0068953037 0.0003344460
152702459.1025018096 0.0002197697
153533231.6659140587 0.0002346104
151342564.8247061074 0.0002663053
153355092.6756615043 0.0001779396
150565488.2735756040 0.0002938148
153026389.9446395040 0.0002899770
153209879.4991250634 0.0002864805
150465023.4066884518 0.0001696460
150566982.8181474805 0.0001508975
151209065.4784997404 0.0001693810
153045452.7183227837 0.0001668615
153770117.6880790591 0.0002504060
153120492.3663944602 0.0001848783
153977494.1919474006 0.0001876154
150611223.2048690617 0.0001507748
155197219.8648769855 0.0001564028
150191339.6846050024 0.0001807744
152463850.4652103782 0.0001123947
150330944.4298738241 0.0001823121
150695236.8091344535 0.0001330543
151212416.8715297282 0.0001810277
151243284.8804251254 0.0001811510
153440870.9816505909 0.0001718861
152781886.6163325310 0.0002309171
153435566.3109118044 0.0002019900
152013771.7005292475 0.0002328729
150492064.0095260739 0.0001949246
151021883.2222898304 0.0001475183
150240182.9227737486 0.0001815469
151220494.6495111585 0.0001243432
153139754.8236197829 0.0001875785
153034936.0530390143 0.0001227150
151149109.3774027824 0.0001536051
150478248.6553271413 0.0001812544
153156436.3498430550 0.0002037159
152651462.4938513339 0.0001670915
153732469.3683115244 0.0001853396
152932912.0422882438 0.0001075785
150163931.6910700202 0.0001686651
150980510.7718423009 0.0002732186
150153944.5699803829 0.0001553041
151079451.6016299725 0.0001034430
150987060.2103490233 0.0001566962
154059190.2955026925 0.0001079497
153628842.8597852290 0.0001519330
150272078.6546513736 0.0001310826
151177189.9193098843 0.0001624026
151434359.7290555835 0.0002546762
153716960.3012413085 0.0001607330
150968861.4167515337 0.0001267954
150383693.9626771510 0.0001418579
152267362.5047383904 0.0001088867
150456623.5042945445 0.0001458983
151980312.8915663362 0.0001374121
150226348.3178270459 0.0001640797
153303913.7732954323 0.0002430552
150880532.1820235848 0.0001593537
153225659.3144864440 0.0000920337
153930224.1212592125 0.0001565728
152429047.5640079975 0.0002062170
150216823.5370013714 0.0001676496
151777322.5568874776 0.0001336954
152583980.3298072517 0.0001463071
151408307.3483203053 0.0001365256
153541832.8662635088 0.0001628743
153479234.1521460116 0.0001537314
150229460.2596508563 0.0001773156
151300975.9089265168 0.0001943682
153744754.4613111317 0.0001781305
150445441.6029385328 0.0001972994
152823560.4649725556 0.0001689641
152746940.8261202574 0.0001156158
153251917.2203640044 0.0001412437
150454989.5873399675 0.0001440058
153209596.3507907391 0.0001653770
150859878.0056927502 0.0001179916
150834659.4206134081 0.0001620071
152145077.0921864510 0.0002485606
153774873.7888111174 0.0001585854
152348226.6189813018 0.0002218240
153338112.0950050950 0.0001323982
154143080.6724331677 0.0001407993
153818005.6015841067 0.0001737070
150452545.8108727038 0.0001385331
153560614.4950663149 0.0000919678
150765408.6942481101 0.0001712970
150417692.9658942819 0.0001495165
153832032.2905126512 0.0001813316
153490763.5917756557 0.0001506501
150069658.3293735087 0.0001460927
150353362.7018237412 0.0001453242
150155522.4050599635 0.0001297181
150198233.7579097748 0.0001556696
151192119.6591649354 0.0001212708
150558362.3562157750 0.0001420111
150190613.8749868274 0.0001807319
153585474.2110564709 0.0001474807
153062536.1978799105 0.0001219403
150435034.5623667836 0.0001498965
151717411.0322382152 0.0001971821
150294032.1906832159 0.0001330300
152711237.7063243985 0.0001545059
150227939.5183528960 0.0001507226
152355275.6578837633 0.0001387525
150215205.0476102233 0.0001542240
150864568.2440082133 0.0001801906
150282202.2659593821 0.0001490301
150970282.4043669701 0.0001520472
153451220.5262938440 0.0001515408
153963899.1094160378 0.0001295807
150211898.8200510442 0.0001485274
153776776.4262029827 0.0001532584
150051785.3029476106 0.0001424052
150191761.4713830948 0.0001321533
153490266.5716494620 0.0001419810
152162832.2165553868 0.0001634917
150327986.2996239066 0.0001377527
150822206.3848080635 0.0001259895
150084886.1358940303 0.0001436323
152660653.3585854471 0.0001579695
153467383.9405743182 0.0001495116
150563843.4421453476 0.0001224846
150101913.3277538419 0.0001445343
152420689.1150453091 0.0001691522
153245171.2327126265 0.0001409833
150572369.6299769282 0.0001594836
153316585.0068323612 0.0001652594
152905404.0742485821 0.0001473691
153536269.6931516826 0.0001393024
153494160.2488414943 0.0001452234
153540220.7950022817 0.0001476783
150102036.4534040391 0.0001232692
150042024.6119325459 0.0001365162
150290531.7481495738 0.0001384301
153508019.8257459700 0.0001385971
153503937.7413698435 0.0001485238
153559754.3159253895 0.0001331856
151059014.8159732819 0.0001290727
150386929.5216106474 0.0001314651
153524530.6830465496 0.0001355825
150143855.4727365971 0.0001400907
150518727.1234967113 0.0001281800
153546147.3629137874 0.0001413263
153543574.5920494795 0.0001081264
153668495.1396233141 0.0001351900
150006573.0106111765 0.0001321131
153615989.6830808222 0.0001299657
150269915.9614428282 0.0001441758
153214977.9187769592 0.0001315860
150512041.6338994205 0.0001295057
150026409.4191204309 0.0001350182
153575725.2434714437 0.0001335147
153369429.0597512126 0.0001326540
150789670.6854345202 0.0001305552
153434349.9673546851 0.0001325687
151286064.9065145850 0.0001322448
153490124.3800414503 0.0001268003
150252259.2590664625 0.0001326448
150075833.3725705743 0.0001273782
150215460.0282875597 0.0001398399
150074712.0993748605 0.0001314164
152961947.3129489720 0.0001261651
150104619.8724524379 0.0001324375
153156499.5635752082 0.0001096217
153463724.5224461555 0.0001398188
150760936.1289365888 0.0001216137
150022480.4292336106 0.0001308000
153040541.2058494091 0.0001397237
150047367.2389885485 0.0001274510
149973293.2850094736 0.0001525742
153298081.9032905400 0.0001550037
150452216.4341414273 0.0001469199
153533469.9587215483 0.0001535979
150414212.7520325184 0.0001427191
150165964.1209076047 0.0001513315
152782204.7806019187 0.0001618554
153566240.8000395298 0.0001538616
150221806.1149734855 0.0001513170
150149189.3388878405 0.0001511217
153210778.4776795805 0.0001474901
149974056.9116194248 0.0001526891
150026097.9066253006 0.0001552806
150037815.3955830932 0.0001514205
150266008.2119873464 0.0001775204
149995448.4319530427 0.0001493001
150163956.7280389965 0.0001681051
153420601.6020902097 0.0001560511
150197227.2998431325 0.0001530412
150032116.9388510883 0.0001468649
153376721.8564463854 0.0001417713
153511547.4413888752 0.0001514313
153351209.4999653697 0.0001670554
150065160.4354939759 0.0001520473
153011429.7737834156 0.0001527106
150183875.5715839267 0.0001548448
151120912.9703617692 0.0001479714
149994803.9639641643 0.0001574193
150370255.7858086228 0.0001387926
153512527.1558963358 0.0001522836
153196653.9514732361 0.0001432432
150017873.6798456013 0.0001584422
150077635.9883085787 0.0001452643
153349759.1003888547 0.0001547166
150483167.8907080591 0.0001464347
153036907.5671663880 0.0001548736
150382047.7260846198 0.0001477078
150001116.7708934247 0.0001501287
150050252.4762546122 0.0001389066
153511844.2957517207 0.0001519646
150219440.3280329704 0.0001524394
149987708.8164499998 0.0001501775
150047826.8802439570 0.0001594790
150018170.0222613215 0.0001518820
153523250.9529105723 0.0001528781
149987357.9863516688 0.0001517023
153531797.3366449177 0.0001523816
150058712.6404243708 0.0001521356
150007399.5181593299 0.0001573680
153492144.5496398807 0.0001513318
153551983.6273878217 0.0001539050
153554085.3834211230 0.0001510874
153552669.8028998673 0.0001530522
150118388.4189616442 0.0001470546
150016529.9437913299 0.0001520436
153519256.2180115581 0.0001522265
153554896.4459387362 0.0001543086
150133846.3803374171 0.0001569872
149966577.7990435362 0.0001527352
150227810.7970586121 0.0001516945
150002556.3519110680 0.0001524300
150071712.4482932389 0.0001533178
149970089.2503184378 0.0001531488
149960191.3312010765 0.0001519847
149983421.7875274122 0.0001525111
150011042.2520141304 0.0001500341
150007712.8971720934 0.0001516083
149972468.9500876069 0.0001489743
149962806.4052454531 0.0001501180
153411445.9762719870 0.0001479198
153449719.9300700724 0.0001521350
150055871.6155061424 0.0001554648
149969576.5454753041 0.0001523513
150185194.7547908425 0.0001477341
153463862.0843033493 0.0001515366
150206701.9796741307 0.0001501399
153496620.9914919138 0.0001512867
150058221.7330260277 0.0001544035
153446592.1066438258 0.0001525750
150037382.9882756472 0.0001497754
153497889.9469012916 0.0001525826
150005129.5444342196 0.0001504853
150007215.3196069896 0.0001512898
150011715.5351045132 0.0001490337
153510823.8549830317 0.0001523258
149983228.8448436558 0.0001523278
149977199.7725453377 0.0001523985
149989005.1314202845 0.0001541924
149964976.7570323050 0.0001521146
153273763.1941083670 0.0001515575
149973764.4836426377 0.0001530641
153475430.4455628097 0.0001550700
153461404.4835434258 0.0001513399
150117943.9860687852 0.0001494908
149978496.0504884422 0.0001527062
150100666.0061621070 0.0001531471
153478326.6767880619 0.0001519470
153488912.7112994492 0.0001487072
149955254.2104220390 0.0001518923
150044558.6742390990 0.0001566763
153438233.3748280108 0.0001521255
150253572.4441002011 0.0001522746
153476487.2827119231 0.0001526242
150007514.5583035648 0.0001512482
149969027.9439103603 0.0001511749
153366521.8444148600 0.0001549169
153483589.9910338521 0.0001523027
149957459.3033821285 0.0001516571
150009588.3636000454 0.0001501704
149962864.5217958689 0.0001518177
149999271.9616463184 0.0001525747
149967828.0627103150 0.0001520371
149951729.2509843111 0.0001502372
153489795.8861099482 0.0001499787
150002014.6257353425 0.0001514866
153506571.4599391818 0.0001505169
153478511.0938000083 0.0001504294
153493758.5033417642 0.0001503520
153502493.9119456410 0.0001499415
149967239.2672773004 0.0001502978
153481785.7777817547 0.0001488090
153500667.1031012535 0.0001506865
149969185.0658589005 0.0001474383
149963531.1813088059 0.0001501891
150002094.2842280865 0.0001489775
149957998.6617515385 0.0001494251
149963922.5096467137 0.0001491393
153466906.0007130206 0.0001502876
150028092.1746646762 0.0001499217
153505268.0267923474 0.0001495849
150110016.0361813009 0.0001496477
149964679.0823013783 0.0001503484
150052423.8015297055 0.0001494500
149954236.9701353908 0.0001508542
153486221.7919581234 0.0001528712
153481274.1050608158 0.0001502143
150013054.0668217242 0.0001518387
153507176.5249065161 0.0001509641
149976943.0258744359 0.0001459398
153481676.9554333985 0.0001503609
149963471.0993127227 0.0001505893
149975343.5247737169 0.0001502163
150047223.9893904924 0.0001506294
149968646.2488552034 0.0001502096
153439314.2536193430 0.0001502781
153506002.1900630593 0.0001504788
149955906.6126463711 0.0001497455
153433002.1170524657 0.0001504600
153471189.3306326866 0.0001503486
153497768.3335514069 0.0001504640
149967871.5664438307 0.0001501106
149954375.6089627147 0.0001503082
150005304.0548969805 0.0001495549
153500569.6711795330 0.0001504736
149972264.8320072591 0.0001494702
153502532.1267627180 0.0001500882
149971293.8451963067 0.0001481268
153510464.8706035614 0.0001504806
149948704.5389996469 0.0001501499
149949461.8366445601 0.0001500115
149954509.8084144294 0.0001500739
153504532.6716014147 0.0001500332
149946977.3069709539 0.0001492394
149949400.3244443536 0.0001492328
149962759.3526454866 0.0001497308
149947180.9246487319 0.0001493048
149954947.8390958011 0.0001481301
153486308.5342477262 0.0001493017
150008471.4866852462 0.0001493392
149951646.7060184777 0.0001492017
149987591.7521071136 0.0001500016
153507564.9746874869 0.0001488837
149997680.5242031813 0.0001489530
153500914.0106468797 0.0001493501
149971008.0964252353 0.0001499193
153500073.7558824420 0.0001490909
150014696.5468089283 0.0001486799
153504825.0839315653 0.0001493490
149988490.8385722637 0.0001487046
153506664.2536250055 0.0001492864
153476893.1940234005 0.0001484156
153503266.1115533710 0.0001496942
153492426.9682001173 0.0001508635
149948784.4721208513 0.0001493041
153510607.9335412383 0.0001480726
149955764.9664712250 0.0001490024
149958505.8097447157 0.0001495994
153501351.1564634740 0.0001492276
153501398.7524703741 0.0001514878
153505298.7332853675 0.0001492332
149967729.7164506912 0.0001481422
153508068.5047414005 0.0001491618
153501841.5751599371 0.0001495193
153505402.6954408884 0.0001493029
153509749.1688709259 0.0001489605
149963273.0552141368 0.0001490927
149954310.1178341210 0.0001488131
149957580.4252509475 0.0001493362
149948969.1881157160 0.0001491309
153514236.1240773797 0.0001491260
149956865.3212415874 0.0001487214
149952430.9121949077 0.0001490289
153506830.9157266319 0.0001493097
149955245.2323869467 0.0001486766
149948435.8666317761 0.0001491489
149959218.5552650094 0.0001493720
149949185.3390530050 0.0001491864
153511204.6199944913 0.0001492916
149948740.9637095928 0.0001493295
149947808.9766394198 0.0001489309
149946615.5972765386 0.0001493122
153498646.8698769510 0.0001489057
153503491.1418220699 0.0001493117
149977638.2363845706 0.0001491482
149948265.4841230810 0.0001492379
153511561.8400987983 0.0001486809
153502608.4658413529 0.0001493540
149954900.1241704226 0.0001498051
149946533.1375591755 0.0001491825
153504763.6850004792 0.0001494534
149949688.7855423689 0.0001492509
149949435.1031571329 0.0001501869
149950551.4436385632 0.0001491830
149971238.8905292153 0.0001486119
149948062.3196499944 0.0001492613
149950412.3174134791 0.0001494171
149951409.2639998198 0.0001493544
149946713.8417577744 0.0001493154
153501738.8457477987 0.0001489998
149959872.1027702689 0.0001496374
153505366.9174616635 0.0001490978
153508414.9180684686 0.0001491626
149947080.7743745148 0.0001493994
153508518.1000919938 0.0001492005
149950062.0635659993 0.0001491057
149947720.6175103784 0.0001491291
149961879.1831883192 0.0001491813
153509035.0824221969 0.0001492113
149955625.1617082953 0.0001490854
149947097.0012982786 0.0001490702
149952015.2260288596 0.0001493402
153505171.9027990401 0.0001492033
149950321.6662588716 0.0001489783
149946584.3955228925 0.0001491812
153505488.6327811182 0.0001488789
149947060.1050572693 0.0001491584
149948070.3445052207 0.0001492802
149949955.7005446255 0.0001492022
149961438.0591319203 0.0001491216
153506380.0370583236 0.0001491928
149954958.6761196852 0.0001491579
153508480.1810661256 0.0001491602
149953172.6471584737 0.0001491034
149947137.2748622894 0.0001491745
149952978.1129289865 0.0001494115
149948439.7442043126 0.0001491841
153507383.8383560181 0.0001494231
153509280.2637871206 0.0001491703
153508798.2172954082 0.0001493207
153508294.7860659361 0.0001493087
153509077.0210577548 0.0001492456
153509214.2409672141 0.0001492123
149948185.7597672939 0.0001490211
153507723.4304701388 0.0001492087
149950013.2094716430 0.0001492223
149946787.6640762389 0.0001492569
149948343.4668813348 0.0001491392
149947773.3293062449 0.0001492142
149946814.3616624177 0.0001491606
153506812.0942116082 0.0001492174
149946294.1449176967 0.0001492456
149946716.6780141890 0.0001492097
149949526.1250038743 0.0001492308
149947422.6675593257 0.0001492606
149949974.6710428894 0.0001491192
149946813.7866151631 0.0001492545
149954725.0598783195 0.0001491409
149947048.7499239147 0.0001492706
149951785.2007130980 0.0001492141
149947099.0713806748 0.0001492846
149950027.2033546269 0.0001492427
153507590.3869958818 0.0001492530
149946879.6644639671 0.0001492484
149945857.8043854535 0.0001492138
153508359.5576747954 0.0001490416
149945847.8201025724 0.0001491907
149952912.5151061416 0.0001492503
153506647.8169904947 0.0001491705
149954446.5008547008 0.0001492038
149946167.0818422437 0.0001491792
149948288.4732157588 0.0001493035
149947256.6591467261 0.0001491672
153507498.9226818085 0.0001491186
149946091.4515413046 0.0001492022
149950332.1782917976 0.0001492303
153507711.1090361476 0.0001491995
149949436.1459404230 0.0001491915
149945698.8064058125 0.0001491970
153506669.4952767193 0.0001493653
153506623.7715814710 0.0001491746
149948285.9170151055 0.0001492596
149953014.7569341958 0.0001491508
149947477.3136310577 0.0001492388
149946008.9778535962 0.0001491789
149946130.7700514793 0.0001491652
149945840.4118909538 0.0001491854
149946867.0951987803 0.0001491986
149945854.5106873810 0.0001491850
149946790.1171528101 0.0001491896
149946075.2646951079 0.0001492192
149946652.8656245768 0.0001492398
153507906.4152574539 0.0001491936
153507123.4301298559 0.0001492615
153507240.6584171951 0.0001492084
153508033.6689504385 0.0001492203
149946507.6309973300 0.0001492082
149946007.2294594646 0.0001492140
153507828.0680270493 0.0001491941
149945753.4206070304 0.0001492455
153507866.7177319825 0.0001491955
149948405.8078125119 0.0001491200
149946199.1109825969 0.0001491940
149949933.5188468099 0.0001492038
149945920.7830577493 0.0001492061
149946918.5179055929 0.0001491159
153507692.7638614476 0.0001492030
153505913.6429106891 0.0001492631
153508058.4134818316 0.0001492073
149946614.8263456523 0.0001491418
149945805.2690269053 0.0001491923
149945507.4188224673 0.0001491529
149946864.9768595695 0.0001491390
149945585.8281259537 0.0001491490
149945377.5014615953 0.0001491573
149950052.9869231582 0.0001491424
153507601.6405429840 0.0001491794
149947680.6453324556 0.0001490803
149945553.3711437583 0.0001491545
153498706.1177836955 0.0001491939
149945503.7335701287 0.0001491578
149950479.8624644578 0.0001491700
149945756.2956795096 0.0001491746
153498706.1236035526 0.0001491939
153508233.2311041653 0.0001491357
149947274.2874734402 0.0001491665
153507640.0400654376 0.0001491931
149947283.4035140872 0.0001490613
153508050.5843900144 0.0001491712
153506399.6373342276 0.0001491028
153508320.0329836607 0.0001491616
153507525.2693508267 0.0001491974
153507972.5404227972 0.0001491450
153507737.0036613941 0.0001491900
153508173.8301585317 0.0001491748
149945323.8491710424 0.0001490956
153507724.5403277576 0.0001491062
149949128.2149572074 0.0001490792
149945571.6931238472 0.0001490891
149946011.1558133364 0.0001490809
153507807.7980285883 0.0001491009
149946481.7664032280 0.0001491162
149945249.0984502137 0.0001490856
153498736.2161201537 0.0001491221
149945634.3274955451 0.0001490939
149949654.2118853927 0.0001490715
149945498.9123350680 0.0001490893
153498736.2039528489 0.0001491221
149945531.1127071083 0.0001490774
149949829.1912599504 0.0001490914
149945738.9790927470 0.0001490989
153498736.2134878635 0.0001491221
153507644.0003164709 0.0001490773
149946065.5680693388 0.0001491489
153503476.2100662589 0.0001491038
149945427.0436609685 0.0001490828
149946607.2774732113 0.0001490738
153508161.9632610381 0.0001490949
149945753.9644143581 0.0001490641
149945428.3565163910 0.0001490871
149945637.5245063007 0.0001490403
153508120.8754331172 0.0001490896
149945708.0165284276 0.0001490634
153507979.9413379133 0.0001490812
149945520.1194993258 0.0001491152
149945294.9255489707 0.0001490824
149945622.1012468934 0.0001490452
149945329.3218025565 0.0001490869
149945529.7060968280 0.0001490538
149945306.7247172296 0.0001490778
149945327.7918531597 0.0001490642
149945341.2581768930 0.0001490934
149945412.3442097306 0.0001491038
153508179.4955744147 0.0001490902
149945793.8613828719 0.0001490925
149945238.0198318362 0.0001490972
149945827.1222095788 0.0001490710
149945269.0916325748 0.0001490943
149945481.6506065726 0.0001490942
149945345.0210277736 0.0001491031
149948118.4163424969 0.0001491048
149945421.1427234113 0.0001491006
149947363.3679723144 0.0001490820
149945526.7096909881 0.0001490964
153503480.6171816587 0.0001491155
149945325.9254279137 0.0001490939
149947212.8532021046 0.0001490890
153508162.0840444565 0.0001490914
149945395.0733155608 0.0001491183
149945316.6548194289 0.0001490996
153503480.6135179698 0.0001491155
153505850.6306574345 0.0001491063
153508133.8207147419 0.0001490995
149945729.7069146931 0.0001490854
149945244.5931826532 0.0001490963
149945392.2693337798 0.0001490877
149945273.4653367102 0.0001491002
149945344.4884135127 0.0001491202
149945434.3364154398 0.0001490926
149945287.2148358226 0.0001491211
149945248.7913259268 0.0001491012
153507865.5027034879 0.0001490934
149945218.7661928833 0.0001490967
149945575.0254011452 0.0001491013
153508149.0369830430 0.0001490964
149945569.2215167582 0.0001491058
153507010.4336075187 0.0001491013
149945230.2596646547 0.0001490995
149945927.0586080551 0.0001490968
153508173.8068317175 0.0001490957
149945459.7016272247 0.0001490980
153508168.3479555845 0.0001490982
149945352.1868893206 0.0001490942
149945251.6869702637 0.0001490961
149945270.3862909079 0.0001490970
149945217.9944877923 0.0001490942
149945264.3379512131 0.0001490990
149945269.1871055365 0.0001490924
149945281.0605841279 0.0001490939
153508183.1066838205 0.0001490936
149945243.5005330741 0.0001490985
153508188.6761795580 0.0001490912
149945231.9050891399 0.0001490892
153508134.1997065246 0.0001490981
149945256.7026470602 0.0001490971
149945267.0830280185 0.0001490913
149945257.9381230474 0.0001491053
149945251.5763965249 0.0001490919
149945280.2102716863 0.0001490981
149945217.0873720646 0.0001490941
149945479.4801136255 0.0001490853
149945260.2367989719 0.0001490935
149945975.5438867509 0.0001490923
149945326.8531277478 0.0001490906
149945222.4973253906 0.0001490952
149945305.4637366831 0.0001490937
149945227.1202657223 0.0001490955
149945260.4860280454 0.0001490909
149945217.5671030879 0.0001490936
149945253.7887261212 0.0001490929
149945227.4318108261 0.0001490950
149945324.0331347883 0.0001490959
149945232.8007906079 0.0001490949
149945555.6693474650 0.0001490942
153508128.3799429834 0.0001490937
149945236.2414495051 0.0001490953
149945218.9563522935 0.0001490958
153507558.6048201323 0.0001490964
149945231.2969140708 0.0001490944
149945592.7424067259 0.0001490921
149945221.4822973907 0.0001490936
149945357.2286986113 0.0001490910
153508140.4686825871 0.0001490928
149945249.5731579661 0.0001490974
153508133.4482810199 0.0001490928
149945239.1297310591 0.0001490971
149945222.8071256578 0.0001490933
153507558.6047473252 0.0001490964
149945223.9133895934 0.0001490934
153507558.6047536731 0.0001490964
153508148.1713762879 0.0001490935
149945234.4517397881 0.0001490965
153508148.6143762469 0.0001490922
149945242.0754703581 0.0001490994
153507558.6047031581 0.0001490964
153507854.8574670851 0.0001490952
149945222.1631811261 0.0001490939
149945405.7993853688 0.0001490932
149945219.3924638033 0.0001490939
149945271.7573875487 0.0001490955
149945216.3180526197 0.0001490941
149945231.1598891318 0.0001490942
153508150.2430123091 0.0001490939
153508167.0217037499 0.0001490962
153508131.1163152456 0.0001490942
149945228.9557774365 0.0001490922
149945216.6062643528 0.0001490937
149945231.5062846243 0.0001490947
149945223.3070840836 0.0001490940
149945241.5259608626 0.0001490955
149945217.7466139495 0.0001490943
149945281.8354055882 0.0001490929
149945235.8824489415 0.0001490940
149945343.1478788555 0.0001490931
149945235.8185428083 0.0001490940
149945261.7530759275 0.0001490932
149945222.9518523514 0.0001490942
153508020.4949387610 0.0001490927
153508142.9273769557 0.0001490941
149945273.8072479963 0.0001490946
153508142.9752486348 0.0001490936
149945250.4371844530 0.0001490970
149945321.3063670099 0.0001490948
153508000.8634772301 0.0001490947
153508147.4289462268 0.0001490943
149945246.0755758882 0.0001490935
153508146.4013672173 0.0001490939
149945247.4325594306 0.0001490952
153508145.3592486978 0.0001490940
149945225.6122445762 0.0001490936
153508142.8669861257 0.0001490937
149945224.0002037287 0.0001490949
149945218.8457581699 0.0001490941
149945220.6462481320 0.0001490935
149945219.7688624561 0.0001490942
149945219.1766458154 0.0001490937
153508142.6140792966 0.0001490944
149945236.7174730003 0.0001490944
149945220.2240978777 0.0001490944
149945235.4980443716 0.0001490933
153508146.6633512676 0.0001490944
149945240.2490149438 0.0001490946
149945219.6632324457 0.0001490939
149945244.7313075960 0.0001490952
149945216.3216708004 0.0001490948
149945324.4104467928 0.0001490933
149945217.8522795737 0.0001490940
149945253.8487863839 0.0001490948
149945221.9369512200 0.0001490939
153508000.8634795249 0.0001490947
153508138.6864948571 0.0001490943
149945233.2474562526 0.0001490930
128445591.0000000000 0.0001490930 1 0 0 0 0 0 0 0 0 0 0 0 0 0 0 