891966977.7616446018 0.0002566230
850202395.7099469900 0.0001465884
862068807.9963806868 0.0000000564
937396553.9852490425 0.0000059674
990286502.4771655798 0.0000072871
888321682.2778916359 0.0000081021
803503571.0143960714 0.0008760127
804235889.5783406496 0.0002988049
891001073.9804760218 0.0004742158
877058630.7949582338 0.0003350452
952961793.2407248020 0.0002027291
744984201.5705323219 0.0008417856
994281641.9880404472 0.0003650472
745253972.8045417070 0.0011182206
738895426.5595960617 0.0012090133
751650884.7443437576 0.0006444389
806807487.9130641222 0.0003088331
651639844.8722748756 0.0023005154
595631429.3097661734 0.0030360499
592910412.7473759651 0.0015565215
587397278.6232423782 0.0002453143
582063363.9513701200 0.0032048819
609755423.0157809258 0.0021120477
537622095.8529775143 0.0046318247
532409661.6373599768 0.0062590433
682272294.3330209255 0.0015962560
724305833.9583843946 0.0016463891
744094507.2103135586 0.0022166049
541840867.7642327547 0.0000626150
493222361.9807398915 0.0104311985
553264682.3868893385 0.0055601295
363769290.0557581186 0.0174013687
461086069.9206525087 0.0082925245
359783367.6843701005 0.0182459517
374262443.7782927155 0.0209168052
362703626.0231118798 0.0171854039
354661521.5062093139 0.0312656161
362198224.1008631587 0.0294215009
417912335.1456820369 0.0198737619
362453264.7320435047 0.0367646570
383902297.8673903942 0.0098403024
354855850.8697580099 0.0300543087
374458515.2481956482 0.0231389526
354493353.1198056340 0.0310336196
394729335.7987077832 0.0134334738
354348009.5170320868 0.0309070113
381984729.4507579803 0.0299105736
351488362.4643067122 0.0318071079
411939534.9875678420 0.0172689704
361929939.2455579638 0.0311095174
349595139.5890460610 0.0311277538
348828177.4350129962 0.0310833111
374399715.9529172182 0.0000320227
358508067.7123696804 0.0278218715
353068882.3043900728 0.0307371665
336987451.5556948185 0.0341390257
378051694.0687500834 0.0253338513
319770623.9616931081 0.0450445094
408468784.1245402098 0.0196591753
359586063.5178065896 0.0321003529
369191035.4990732670 0.0314830036
331527800.3472029567 0.0430953134
316547616.2073104382 0.0075657377
315828609.6187077761 0.0088865296
385911483.8352702856 0.0053656257
319319642.7107150555 0.0085539781
305496539.7820490599 0.0146061537
305608415.4481444955 0.0120781576
334704927.8430918455 0.0098003697
314544298.0351347923 0.0137154700
306638825.4033537507 0.0203338677
316582223.7283022404 0.0141058937
342931029.6141835451 0.0075541150
317469389.0301355124 0.0105249960
398446146.4821585417 0.0064947968
305752192.2065907121 0.0170277218
314492074.3319755197 0.0093961843
306852794.8096206188 0.0142960065
387015401.0010561943 0.0056011450
307077579.2624340653 0.0145299569
363611196.5230057240 0.0087609468
321030004.5724319816 0.0047666916
354283719.1300551295 0.0067422377
310192016.5453168154 0.0163141685
365261054.3680492640 0.0099161647
316660604.7775891423 0.0157723351
384840763.4362201691 0.0099418254
307173658.6046172976 0.0126166454
331954742.4805250168 0.0164994278
306132304.3145728111 0.0142430533
313746378.9535374641 0.0137997056
315879759.1806167960 0.0115705415
351613578.4066662788 0.0103182337
329741962.6980631351 0.0102572254
378668795.0550480485 0.0089666172
312471346.6606566906 0.0147988951
379110893.3531289101 0.0045158587
316254432.0016645789 0.0153705819
310467898.9404463172 0.0189574570
312511705.2419045568 0.0164513742
350068902.2690297961 0.0161083160
306064988.9021293521 0.0287696532
342481786.9075095654 0.0212487477
311705711.2777906060 0.0133279315
368454469.6589057446 0.0083181380
318021851.3511153460 0.0139104852
342159798.6673345566 0.0117771130
313218634.5187430382 0.0115032517
378039139.0368615985 0.0083335933
322215691.6190231442 0.0130763168
317400438.8822779059 0.0137141313
313304586.9254404902 0.0149614436
314197307.1319407821 0.0137681959
306272566.3360874057 0.0155514017
310209762.5999073386 0.0156494573
305972595.9775481224 0.0146876372
300518252.6160293221 0.0151287694
300422850.9549268484 0.0155164994
311495944.5358369350 0.0147510912
300815845.9226385355 0.0151828627
307486864.3460548520 0.0156416818
302682896.5496035814 0.0151154303
306655302.9142570496 0.0151218296
303047062.3781951666 0.0154948987
309978554.6557305455 0.0168807672
302858935.5281683803 0.0148616041
292642867.8799065948 0.0179325420
303711508.7113434672 0.0164093855
296155645.8207770586 0.0187962701
292686392.1727672219 0.0181711446
304201010.3267190456 0.0149766431
297013620.1481530666 0.0176469563
297647823.2184622288 0.0125420181
293283378.8905528784 0.0184720779
317001771.0470785499 0.0187596514
294042215.2240731120 0.0131182665
305703939.3915720582 0.0212355602
292585190.3218948245 0.0174357991
296328216.1038935184 0.0208370200
292749548.4676271677 0.0178996264
277989458.6827936172 0.0191265425
299942155.9837719202 0.0185165458
279338306.5020895600 0.0183791700
311446393.6580264568 0.0138002893
278843242.1012686491 0.0189971970
300076087.3528165817 0.0190262497
277694645.0580266714 0.0192636329
276641178.8786198497 0.0200237702
272455598.5893968940 0.0192885770
261041501.1590313017 0.0224314905
260672499.9101305902 0.0223089411
269304341.1632735133 0.0225965126
260004685.9582623541 0.0218776414
277989331.3521257639 0.0237994174
259406887.0364390910 0.0216136611
261257102.6989251375 0.0247346590
273919881.8833072186 0.0211721227
278054129.6573964953 0.0222865689
277396506.4431762099 0.0217552748
259848496.2828737795 0.0199660113
261028580.8297244310 0.0216346783
250478273.6175107956 0.0293234521
250069749.6771234870 0.0264316267
252031397.2615222335 0.0225944983
262609336.3661354184 0.0260449788
265306607.6772982478 0.0229544143
250814528.5054401457 0.0255613857
248248686.2751842439 0.0293185004
248437104.2094447315 0.0286181351
264478992.4389738142 0.0150398794
268738676.3120919466 0.0291604316
268186161.7828639448 0.0313188624
267589366.9080894291 0.0298507928
266333745.2053684890 0.0314937250
263933041.7924511135 0.0296290045
255771743.6077760160 0.0252397579
248751206.1126242578 0.0311226443
265666787.7648019493 0.0288181976
247907041.9905335009 0.0298813393
255292127.9315696359 0.0307043640
248256831.0164604485 0.0304758265
249818302.3670417368 0.0291978835
248763251.3828203678 0.0305540435
247613741.6902811825 0.0310927453
269195962.0443404913 0.0304384032
264179996.3371465206 0.0292940516
249344096.2594379485 0.0309247556
247656724.0312380195 0.0354967766
248527074.2011154294 0.0299506540
251107548.3825065792 0.0321543007
248753275.7594072819 0.0326373906
266327369.5869833231 0.0319917307
250915440.0109647214 0.0305304854
262424022.1793519557 0.0285856350
250291972.9583131969 0.0312280643
255354194.0170513988 0.0311583244
248181262.5525789857 0.0309355997
260357039.2877632678 0.0309678799
249751413.5674919486 0.0311786320
246933695.8902638555 0.0294042995
246763013.2248299122 0.0299388653
241200079.0780995488 0.0319354061
240879709.0103335679 0.0317681460
260817442.8827612400 0.0226664371
242005206.6052640378 0.0305588981
244140275.5361289084 0.0243000840
243601985.3750915825 0.0313090861
241107416.8795357943 0.0358515470
240882947.5746038258 0.0335666312
244715586.2433236241 0.0311723568
242477762.0199306309 0.0303321354
245015121.3984310925 0.0318481842
243076673.5528515875 0.0333358003
243161922.4383288622 0.0267309973
240641961.6953052878 0.0338394358
241375492.7807742655 0.0366844878
242713285.3224757016 0.0333043197
240000922.2593171299 0.0337054281
241749457.0442647934 0.0331537105
239502259.1346566677 0.0384889179
239943043.6362572014 0.0397979180
253787055.7596454620 0.0463081712
240124670.4247005880 0.0396419720
246932683.1963727772 0.0416199854
255009938.6743022203 0.0390221378
252430899.1306359470 0.0443678716
254056304.5454110801 0.0360941831
250115894.0228834450 0.0416232320
255053596.1259098649 0.0388538137
234096989.4103866816 0.0386419675
234607490.7939565480 0.0406777130
240556802.1382009089 0.0360177888
233591485.7210892141 0.0418098950
244183725.8436705768 0.0385249680
233911432.2570767701 0.0412801486
249884602.5658414364 0.0401685536
234730708.3632216752 0.0406245872
237863999.1749064922 0.0365201182
249287007.8810651898 0.0388967925
238184877.5671059787 0.0341866914
234434325.2802706063 0.0415659827
254463370.5823501647 0.0512321646
235436504.4117000103 0.0416705956
242303815.2562311590 0.0389550164
235873715.9641277790 0.0437602357
233811958.0719800293 0.0404037017
235578992.5195509493 0.0412137505
241828011.4484287798 0.0362515833
236571104.4397124946 0.0378343809
236666568.8264718056 0.0342459243
234498406.1577742398 0.0415732787
236832447.1205005646 0.0388222555
250447706.5718569160 0.0385565552
234640822.9157699645 0.0487555932
234024064.4139881432 0.0420402645
251814070.9672718644 0.0436037561
235451681.1567345858 0.0410571360
239683442.4139444530 0.0332590491
233602217.7033337355 0.0423429185
254892382.9066299200 0.0377070326
246154599.7617720068 0.0402554290
231703279.4874439836 0.0535084712
232477857.0452612936 0.0521894227
230753549.0381539166 0.0557239772
231543088.4579745233 0.0579875923
243643189.3237812221 0.0591656437
232274727.6764431894 0.0519204156
247510765.7097830772 0.0486599150
231151421.7904567719 0.0561569484
236443532.5160976052 0.0559405011
231671547.7476577163 0.0541901168
239936301.6574308574 0.0536179863
231567911.4891640544 0.0536709647
234077633.1245251894 0.0515449960
232152776.6980265975 0.0566953249
238234558.1339464784 0.0588529088
231854886.2568026483 0.0563848724
231429917.9587539732 0.0601016293
230192096.2177251875 0.0575691159
239325825.0884693563 0.0552256046
230034332.8408787847 0.0576084278
234094294.5499353409 0.0584625718
233371625.3252050579 0.0550484775
242286238.2444047928 0.0551703504
231924462.9304015040 0.0559640431
235480365.7198523283 0.0532787475
234925558.1543057561 0.0591298653
230642317.8527796865 0.0475524010
230892722.6643302441 0.0558607502
234462583.6623014510 0.0640073876
229878540.1318993866 0.0578073755
232222899.6134544611 0.0565566401
229227776.0382325351 0.0611289377
233940762.6317659914 0.0572288652
230358813.1707656682 0.0591642791
238347042.5097056329 0.0540750500
229075910.0132897496 0.0619730239
239476560.3566695154 0.0616102230
231430145.3377482593 0.0608946861
231444550.3312924504 0.0699424865
232747582.9967730939 0.0646787155
237639563.3894934356 0.0525461774
234495970.9107231796 0.0617833109
229809871.4678485692 0.0647002330
228783884.2610467672 0.0620708780
232152883.2762579620 0.0547291557
230927720.1702446043 0.0622749193
231478776.4760741889 0.0621557181
229628290.0617871583 0.0598574244
229045533.6402165294 0.0544821182
231566756.4569038451 0.0622713557
234296442.0884001255 0.0718099200
233316228.9258396626 0.0580924781
243454700.6460540295 0.0752074508
228818467.0000725091 0.0625382398
239872965.1493048668 0.0498139653
231990358.0307325423 0.0637597778
238318894.6927380264 0.0548205186
228971135.1266074777 0.0656443647
237714288.0409548879 0.0571186618
229611277.6280123591 0.0639097426
234309271.3172685206 0.0541890995
231866046.4338623583 0.0637430070
239708881.3346885741 0.0571791046
229445791.2105759978 0.0633176677
233601159.5963086486 0.0606961295
230977640.4316157103 0.0628910247
232123762.9615426660 0.0575608609
229338405.3983760774 0.0615197402
238523526.8703249395 0.0562298525
229702644.1154069901 0.0620521604
231115018.9460889697 0.0700197556
231363368.0230036676 0.0628614937
233740409.7325211465 0.0623365032
230039884.1423374414 0.0597814126
242759177.3135623634 0.0731972351
229331496.2923015356 0.0622646572
231296122.0678739846 0.0684676209
228909426.7082201838 0.0631776026
243818873.6628795564 0.0759279209
228468704.0861606598 0.0639886418
243864401.3849879205 0.0764114359
231140039.9799920022 0.0636320825
230652859.8882036209 0.0686922125
228863338.3426515758 0.0604395556
231613688.9019725025 0.0572806214
228299136.6109906435 0.0652472028
227761126.0613980591 0.0680789006
228961722.9865259528 0.0684337566
233987813.3425975144 0.0561858587
228013757.3015854955 0.0688524596
236029236.0302687287 0.0595193633
231054145.2693275809 0.0723260612
233573239.7475396693 0.0788896231
240082852.4405255318 0.0654994138
227679231.7402752042 0.0684445860
232105905.9896529019 0.0662699752
227394050.6946495175 0.0690402058
237937090.1180690229 0.0622315144
229829107.1710827947 0.0698431433
231420042.7419666946 0.0684505802
227719425.3631973565 0.0687730682
228017093.1797605753 0.0719166089
227306208.8725599051 0.0699326525
233608943.6708723307 0.0699979337
228139010.4853106439 0.0713483619
232725863.9696674347 0.0650811432
229741182.6626180112 0.0708044088
229732379.9119042754 0.0730206632
230121033.0245509446 0.0699189244
243141515.2857720256 0.0669674681
230757749.1103672385 0.0679449825
225683813.3367483616 0.0768727534
225724084.4814995527 0.0768753677
230562016.2872190475 0.0755768115
226207547.9368848801 0.0754686988
229174005.5080175400 0.0788791998
226737094.5958096981 0.0765916096
225929203.8229180276 0.0792093983
227520363.9773449004 0.0766980597
231883597.0866737962 0.0739231297
231708738.9761686325 0.0742665569
236721723.1592133641 0.0836971003
225285110.1761104465 0.0762575807
225431460.0653220713 0.0784362029
225019652.8904423118 0.0774369417
226690755.6289036274 0.0749072465
225757446.2492060661 0.0772259982
225906026.7099484503 0.0796998570
225194895.6784651577 0.0774792453
236989948.1648114920 0.0737859021
225711831.8127586842 0.0764288990
231565237.2168802321 0.0761389581
225921167.6834472120 0.0781744588
230617548.3927057385 0.0718321453
225724502.0906182826 0.0762031670
229903886.7949351966 0.0748999208
225716838.5755430460 0.0799861444
227108845.3256089985 0.0774626436
226148583.9239192009 0.0783858234
230223015.1939570904 0.0775203560
231071052.1709055901 0.0775688348
230881106.1220140457 0.0787008968
226341820.3491121233 0.0749094769
232264964.8927722573 0.0694364377
225853018.2942195535 0.0762597411
229006161.7822507918 0.0754828698
226649956.0636923909 0.0783777492
225924149.2024244666 0.0776743531
225830929.5575546026 0.0773856622
226214758.5169925094 0.0781341884
231067014.7447439134 0.0772439647
224354193.5445324183 0.0849351336
229759837.3572421968 0.0817888384
224126290.9021088183 0.0848087563
225145019.3940497041 0.0828756084
224965035.6200901568 0.0850464099
224842377.5357433856 0.0855137268
224094207.0813105702 0.0837719101
226101271.0346350968 0.0852452241
223981423.5531127453 0.0842837854
230320790.9562107325 0.0814595639
224067794.5503134727 0.0840260680
224931246.8946494162 0.0846957439
230861820.3277693093 0.0838541126
231123238.8873472512 0.0831722503
223968374.5854586065 0.0847814168
224421316.8117538095 0.0841260179
229966216.7022599876 0.0836626951
223855249.0006484091 0.0856164484
230740236.1686014235 0.0852253443
229061437.3834743202 0.0851359265
230674069.9322412014 0.0851942262
230525128.0542970002 0.0855692211
230944231.0462829769 0.0854636852
225607895.5033240318 0.0859142928
223677487.6931905448 0.0854698394
224513065.1634649932 0.0886420237
231020716.7618380785 0.0838059203
224170098.6650938392 0.0877588454
224157049.2751028836 0.0863690541
228279882.2845464349 0.0814141836
223913767.1715825200 0.0852327670
231016598.9009575248 0.0865425669
223972035.4007586241 0.0855150780
230654370.8666668534 0.0888324480
223691976.6380316317 0.0850153359
229926358.3917703331 0.0867574731
224196098.4791885316 0.0857717622
225186795.7051287293 0.0860314735
223787434.3098063171 0.0854010257
223499035.4769579172 0.0840879322
223699389.3394207954 0.0844166108
226801639.2777067721 0.0842832839
224864407.1427066922 0.0841913924
230011737.2996601462 0.0838039989
223433137.4565915167 0.0836252899
225998254.3256660402 0.0864308919
224787358.0913452506 0.0831335708
224301517.2720771134 0.0832789359
224032426.2207616270 0.0842121966
225454612.7633685470 0.0818225421
225868576.2435424328 0.0849140637
224259793.9383249581 0.0820481123
223524195.4828544557 0.0830352366
222662739.3176206350 0.0864728865
222323844.4049253166 0.0865335536
221812258.5472033918 0.0867353361
223658913.0051987469 0.0866992841
224707704.3052870333 0.0869026889
223174927.3879767060 0.0857968128
221033789.7926431596 0.0896273191
222934583.1503347158 0.0886592709
226860909.8324444890 0.0872857937
221309496.6020845175 0.0895622858
222344315.6530036926 0.0903842778
221448579.0254635811 0.0896064032
222729441.8216623068 0.0885363982
222513423.0535299182 0.0898679515
223230695.8736266196 0.0873015535
221066317.4592891335 0.0898453878
222340246.7437255085 0.0903527520
221502339.7183749080 0.0894859165
221684087.0718500018 0.0913189660
221622038.5337325931 0.0894391425
221661390.3433161378 0.0900102384
221628759.0883221924 0.0906417098
227801104.3234100938 0.0858299631
222288231.3963548243 0.0905232482
223643986.8766470850 0.0910879546
221430056.0368228853 0.0895055982
220916654.9771456420 0.0888305022
222435164.1574953496 0.0885262726
223543003.0713309050 0.0928727568
221465150.5544665456 0.0888341181
227312623.7736164033 0.0899346955
220906107.9186445475 0.0889955197
222231184.4741856754 0.0873200041
222291075.5034815669 0.0875797183
223402518.7943536043 0.0921593024
221288564.7286098599 0.0888961654
224728219.4333345294 0.0921616315
221897220.1296261549 0.0886144865
222498997.4750669599 0.0869269327
221746572.2989825010 0.0894204704
221918106.1066625416 0.0882445326
221301253.4281849563 0.0889676726
227939908.1468839645 0.0832834450
221370478.7241042554 0.0894313759
224506003.8705814481 0.0866261392
221259872.7885126770 0.0889263496
221206011.3907144964 0.0902649464
222901564.9206810892 0.0887119169
222991622.3963054419 0.0884433472
222673463.8996447921 0.0885048260
221914076.4608089924 0.0880694256
220980004.3701353967 0.0894404372
223470351.9113647044 0.0880417902
222389345.8173578382 0.0883893152
221829231.0689579248 0.0894674112
222978410.5469048917 0.0880974162
222567921.4972375631 0.0890741113
222509756.4026694298 0.0893188333
226436413.0693521798 0.0873891835
221045102.0684586167 0.0885239874
222930532.4111846387 0.0907659606
221008404.7280377448 0.0894409972
221145038.4986215532 0.0916363297
222396443.4783673584 0.0882536318
222021392.5498861074 0.0882539638
221047168.9228885174 0.0889936735
227325403.3604345620 0.0917442646
220986123.9869457185 0.0886958084
227824505.1578976214 0.0835224380
221592322.1082169414 0.0901804306
222164444.7652894855 0.0870123551
221199780.7928946018 0.0895312783
227296437.2506723404 0.0830924865
221594699.2675411105 0.0860494670
222668863.5337896645 0.0889535476
222593170.4514200687 0.0879871022
222494066.7527382970 0.0890979799
221419632.9370953441 0.0890608812
220949598.8642080128 0.0885911215
222754515.7938951552 0.0881732655
220955562.4528356493 0.0890757439
221102168.2527892888 0.0884804450
221449678.2607737184 0.0893479048
222527609.9032789469 0.0897072021
221446881.6410382986 0.0889438629
221264336.6088750958 0.0907728471
221630926.9533359408 0.0897159370
222885923.4672273695 0.0888848410
221011705.7925709784 0.0886701213
220969018.1756962836 0.0890652637
221169952.4837012887 0.0890154365
220886839.9562367797 0.0889587234
221190295.5374395251 0.0889824650
222804787.4038923383 0.0889905161
222570164.9086989164 0.0887571686
220952618.1585616767 0.0887586606
221723562.7120252848 0.0886195101
222773235.4796876609 0.0889925734
221286798.6592116356 0.0895600235
221053868.1244691908 0.0892309838
222240644.4387941957 0.0893160148
221009101.9538690746 0.0888959227
222735322.4974890351 0.0881092980
221024747.5783688724 0.0891042322
222702058.9498746693 0.0890092155
220999649.4755150974 0.0890463518
221919523.1621161401 0.0891941049
222758285.1100186110 0.0886358655
220902188.3442066908 0.0891090795
221129042.5508589149 0.0891407051
221236192.0979887843 0.0880706882
222847876.1149194241 0.0886338204
222844723.7824180722 0.0900230335
220840470.9919177294 0.0891086024
221578094.3224189281 0.0881567380
222828687.0983909369 0.0890173412
221139962.3966893852 0.0892327500
220973165.3008137047 0.0892209726
221776639.6204672158 0.0900205834
222952017.1887468994 0.0888941328
221071582.8910466433 0.0902039380
222748456.7301905751 0.0889316307
220820679.1097045839 0.0890498251
220869565.8935143650 0.0892543538
220807396.2077919841 0.0890966587
220978435.8469159603 0.0890125437
220838809.4855698943 0.0892069107
221163030.9840846360 0.0894171993
220820830.6449951231 0.0890047109
221368138.2134882808 0.0892252081
222830863.9452571273 0.0890008631
222638994.3893942535 0.0890616400
220839321.0067220628 0.0891756764
220784257.1866311431 0.0892425150
220774371.1012277007 0.0893162495
220832185.2917995155 0.0898609183
222786351.0105059743 0.0892840282
222425880.5447666347 0.0891900039
222825326.5356462896 0.0892738582
221059732.1824698746 0.0898525972
220767617.8134034276 0.0893148483
221036844.8477750421 0.0895038440
222815335.7729110420 0.0892317885
222331938.5512702465 0.0892383136
220906574.2621713877 0.0894327962
221154687.7422662079 0.0896791408
220779485.1886309683 0.0891965379
220846503.6069326401 0.0893947195
222830678.1132513285 0.0892133811
220798497.2764326036 0.0894790045
220772041.3236917853 0.0893026816
220984577.4983613491 0.0894424249
220937154.3514461219 0.0893357398
222612734.1926085055 0.0892896236
222790833.8556341231 0.0894072070
222579297.6226000488 0.0888241738
220821177.2359461188 0.0892722720
221143613.0299479663 0.0892099801
222766365.3403388858 0.0894437239
222886232.1109150350 0.0890685183
220755244.5826181769 0.0894093982
220873943.5721671581 0.0892534374
220917881.6528150141 0.0894411228
221362130.6309088469 0.0896638864
221003388.9066025913 0.0895567666
220827924.5664113462 0.0894460894
220790255.3996466994 0.0893930034
220759684.3859378397 0.0894131897
222800500.9519916177 0.0893874310
220754398.0089585781 0.0894224527
220762434.9254640937 0.0894749851
220753381.8969780207 0.0894088638
220777104.9204365611 0.0896303407
222802725.5722680092 0.0894488858
220806195.1866704524 0.0894832012
222786361.7980297506 0.0893137553
220792955.6623646021 0.0895224600
222787832.6137647927 0.0893893402
220958783.5618079305 0.0894580417
220800348.6515264809 0.0894891431
222751539.0264858902 0.0895108017
220791319.5429014266 0.0894339000
222826529.0440029204 0.0893841959
220837311.2553290725 0.0894062915
222809215.4260497689 0.0891858200
220856839.2627669871 0.0894769515
222789418.9428130686 0.0891659657
220779157.0595112145 0.0894109259
220775601.3087902367 0.0895745243
222807516.9448440671 0.0893962547
220969235.1811456382 0.0894764846
220751079.7322584689 0.0893717234
220773729.6123839915 0.0891864591
220788778.8357031345 0.0894145019
220788182.7296718955 0.0892579525
222800934.8625722229 0.0893510736
222800168.3893996179 0.0893736534
220780855.8776559830 0.0894003280
222827256.3895635307 0.0893782277
220782940.6795959771 0.0894600058
221003557.6582009792 0.0896116746
222795049.4228189290 0.0893207876
220869625.9255716801 0.0893959939
222808337.5572673976 0.0893979707
222721949.4850136340 0.0891950147
222764684.2193669975 0.0893472704
220855240.3112851381 0.0894644560
220811816.4836972058 0.0894072120
222728767.3810733855 0.0895045043
222806172.1779353917 0.0893158044
220705012.6178587675 0.0895925006
220716739.8146845698 0.0895154608
220717879.6101821363 0.0895905921
220753598.5196443498 0.0896527849
220726303.4156897962 0.0895965538
220692094.1212518513 0.0896877126
220722040.6671978533 0.0897021886
222696360.0261188745 0.0896111225
220698424.7933295369 0.0896654840
220819491.2718538344 0.0897394301
220683642.3170812130 0.0896751383
222659704.2296554148 0.0896591331
222749333.2104050219 0.0896571904
220707468.2908616066 0.0897578192
220709133.4509228170 0.0897153327
220784664.6815850437 0.0897669996
220680942.3631219268 0.0896555049
222689710.1271518171 0.0897061014
220688145.2493211925 0.0896926198
220723150.8363519609 0.0896328676
220699835.0816643834 0.0896628231
220682540.9451685250 0.0896691211
222720505.3329992294 0.0896454858
220806443.8434096277 0.0896612579
220679547.5693864524 0.0896524250
220702225.8427099884 0.0896405344
222737471.3460437953 0.0896423983
220715245.5578269064 0.0895987761
222739957.9441229701 0.0896536917
220725229.9477292299 0.0896159053
222730824.8112414479 0.0896355632
220703997.2714908421 0.0896693557
222743736.7061035633 0.0896395264
222708801.9078658819 0.0896324399
222740264.7641257346 0.0896622042
220697575.8051833510 0.0895986659
220720426.3695849776 0.0896965542
222757948.8471219540 0.0896863561
220692277.3912634850 0.0896140718
220729842.6060939133 0.0897483394
220681261.1016779244 0.0896346888
220769614.2582838833 0.0897445492
222703182.3278478086 0.0896261511
220738115.7683925629 0.0897253281
222746369.6593583822 0.0896585364
220849992.6796365082 0.0896688454
220680415.7920877337 0.0896572383
220727054.3846679330 0.0896784494
222744406.2933240533 0.0896506552
222703998.4934499562 0.0896157049
222708899.5799209476 0.0896514688
220685956.6199729443 0.0896345990
222731499.2243898213 0.0896415441
220739347.5993696451 0.0896799602
222745327.5865047574 0.0896514680
220721437.7653471231 0.0896887454
220684657.4790176153 0.0896540053
220680890.2006511092 0.0896679136
220678432.8456775844 0.0896625435
220736834.7134673297 0.0896497494
220679027.8546389639 0.0896611466
220728852.3408677280 0.0897146832
222742946.6803154945 0.0896635047
220736804.5011061132 0.0896633287
220680910.6524289250 0.0896851682
222734988.8839145899 0.0896542563
220685816.7578535974 0.0896642877
220676524.1635447443 0.0896693642
220679104.3195711076 0.0896685510
222736338.2160524726 0.0896628689
222737774.9176545143 0.0896581915
220706353.2573671043 0.0896588721
220675663.9432412684 0.0896801180
220765552.8030466139 0.0897076968
222743729.8245062530 0.0896715952
220690851.9773232043 0.0896479616
220675274.2586673796 0.0896777638
220705308.6067804396 0.0897353032
220681049.3692767918 0.0896830599
220700733.3878804147 0.0897145415
220679697.3601870537 0.0896797523
220693928.3335161805 0.0896763315
222745644.4937480092 0.0896593477
222735234.5041696131 0.0896871811
220677112.6483694911 0.0896791277
220692163.8394440413 0.0897247297
220695722.3232165277 0.0896815942
220677020.0077477098 0.0896405388
220678572.6460476816 0.0896841739
220675674.6724441350 0.0896369377
220675418.8372642994 0.0896665428
220678274.2588101327 0.0896502307
220677854.6821442246 0.0896862095
220677461.5704369545 0.0896456923
220679652.2783943415 0.0896839596
220674719.2684420645 0.0896329112
222750690.4141510129 0.0896279298
222747210.1617827415 0.0896266004
220694061.3425131738 0.0896495936
222748127.5987462103 0.0896308403
220693273.3565787077 0.0896487717
222744761.5123339295 0.0896273828
220700495.2578284144 0.0896444801
220671252.9511314332 0.0896359066
220706564.9386219084 0.0896478701
220677475.4758569896 0.0896373405
220699135.6167802513 0.0896318398
220670511.0269561112 0.0896367517
222744068.3324273229 0.0896560511
222747313.4109028578 0.0896358458
220688639.5954309106 0.0896579122
222743861.7525393665 0.0896408494
220694063.8653170168 0.0896757244
220677426.9241439998 0.0896390783
220680892.8899759352 0.0896635310
222746305.9719344079 0.0896412052
222749175.2574662268 0.0896480449
222748526.2775578499 0.0896336613
220703230.8772811890 0.0896337922
220671328.9403755069 0.0896417128
222748099.8227653801 0.0896149298
222747140.2449071705 0.0896336360
222735910.1617963612 0.0895988985
220675573.4109169841 0.0896397474
220687763.2333517075 0.0896440697
220673179.7429756224 0.0896392590
220671498.5845395625 0.0896381167
222747225.4937825799 0.0896350843
220700090.1166086197 0.0896576110
222744485.8104974329 0.0896343110
222749815.7240862250 0.0896202347
220676652.7897320688 0.0896386144
220669504.2691412568 0.0896526176
220668621.5126230717 0.0896495152
220713187.0465137362 0.0896723804
220668644.3924040794 0.0896492261
220675730.1149034798 0.0896540051
222746281.4013467431 0.0896403896
220696983.0667480230 0.0896744715
222745793.3976836503 0.0896433172
220702019.3671987355 0.0896577293
222740193.3054045737 0.0896434035
220669826.7980851233 0.0896736479
220669712.3257695436 0.0896519044
220693908.6237226129 0.0896780498
222745548.8445964456 0.0896466778
220686378.0391067863 0.0896580175
222739282.3485733867 0.0896496908
220695544.8822204769 0.0896430245
220668285.8396679759 0.0896568822
222736163.1719639897 0.0896582731
220666243.6992214024 0.0896479769
220685113.0725637376 0.0896736781
222744241.5841810107 0.0896424084
220702407.9503468275 0.0896836715
220668943.8523815274 0.0896588506
222742614.1536150575 0.0896417417
222744722.1305507123 0.0896507569
220674791.9703188241 0.0896368651
220665448.0559426844 0.0896436687
220683042.5286638439 0.0896345077
222749858.8646428287 0.0896367732
220686686.4110548496 0.0896709986
222744020.4042307138 0.0896394101
220665936.6578262746 0.0896416985
220664735.9997053146 0.0896397931
222747235.3094846308 0.0896381327
220664276.8176867366 0.0896473822
220664430.0296139121 0.0896452556
220667957.7562426627 0.0896437740
220663937.7866310477 0.0896477565
220672678.0180268586 0.0896495405
220667053.8830566108 0.0896516738
220682165.7435927093 0.0896568410
220667243.8314705789 0.0896505062
220674658.4694903195 0.0896440486
220665732.3940607309 0.0896482061
222735415.8816586137 0.0896530210
220665255.7569115758 0.0896479386
220662181.8320854306 0.0896579380
220663828.1836807430 0.0896601870
222744684.6204413176 0.0896517440
220663178.4642625451 0.0896557968
220680419.7632896602 0.0896791620
222745009.4098829925 0.0896573896
220670114.9154342115 0.0896536280
220662501.5097619593 0.0896599668
220661134.9255593419 0.0896603685
222742199.3487740159 0.0896619473
222733572.9738039076 0.0896586154
220661579.9057735503 0.0896600660
220661957.8068909645 0.0896575362
222743853.0216799676 0.0896578853
220663040.3039033711 0.0896702761
222743066.7140467763 0.0896576826
220678229.1901347339 0.0896716759
222738983.5852552950 0.0896576265
220673950.6436501741 0.0896767029
222741969.6924296916 0.0896642367
220670703.8019848764 0.0896552950
222741336.7984240949 0.0896587774
220674103.4240249097 0.0896553895
220661029.5275174379 0.0896598178
220674776.8400066495 0.0896583512
222739302.4875319004 0.0896594315
220676503.9477337599 0.0896585174
222744556.5322857797 0.0896590748
220671800.7361037135 0.0896613415
222742763.3049736917 0.0896598682
222744331.7414408624 0.0896693890
220662681.7591361403 0.0896625108
222745914.3523123562 0.0896525734
220662213.8814961314 0.0896609811
222743880.7655557096 0.0896670048
220661438.7837156951 0.0896613554
222736586.9274576902 0.0896498932
222743894.8299354911 0.0896601777
222744911.3912749887 0.0896495439
220665548.4055149853 0.0896620412
220660795.2856686413 0.0896568357
222738680.7297764719 0.0896538607
220685871.3982263505 0.0896733754
220661920.3989588320 0.0896543628
222745453.2131492794 0.0896527241
222741438.8058875501 0.0896554806
220667214.9172423482 0.0896464930
220660984.5278942287 0.0896623452
222744017.9777075052 0.0896559024
222742985.8674605787 0.0896597110
222744033.9104572535 0.0896569519
222741296.0042595863 0.0896499734
222744031.3742480874 0.0896569755
220663964.3900610507 0.0896628660
222743999.7080284655 0.0896557979
220668947.3495340049 0.0896671755
220661931.5414758921 0.0896560639
220662549.8682637215 0.0896538225
220661414.7086789608 0.0896559137
220666537.0952460468 0.0896612017
220660602.8812788427 0.0896577635
220662827.3526320159 0.0896593532
222743168.9893563688 0.0896578575
220665276.8226879239 0.0896574576
220661255.0695410967 0.0896580408
220666119.5558978319 0.0896560683
220661790.0684968531 0.0896578666
220660803.1723658442 0.0896623332
220660964.2281802893 0.0896578831
220673301.3138638437 0.0896647582
220661034.6336950660 0.0896568529
220666539.7859967053 0.0896649980
222744035.1110062599 0.0896566667
220665635.8123678863 0.0896588298
222743197.8007016778 0.0896563431
220662931.3601871431 0.0896622431
222743622.2618162930 0.0896575113
220662747.8782712221 0.0896510497
222743813.1798800230 0.0896575185
220661839.2023220062 0.0896554420
220662138.2789937258 0.0896583704
220662831.8449966311 0.0896632866
220660555.1917465925 0.0896580043
222743118.8356546760 0.0896564703
222742988.9992669523 0.0896563696
220672390.2902159989 0.0896600720
220660904.9813103378 0.0896579769
220664328.1274433136 0.0896627636
220661564.6323873401 0.0896591894
220664643.0135170221 0.0896544684
222743736.6010648012 0.0896580999
222744508.6249849796 0.0896537758
222742535.1076963544 0.0896593476
220660760.4814160466 0.0896576789
220661631.0495373905 0.0896592107
222744232.5244770050 0.0896569205
220662640.7623739839 0.0896590977
222743274.3110938668 0.0896566268
220663217.6787466109 0.0896624025
220661578.7005149126 0.0896584750
220664392.4233493507 0.0896601261
222744034.3356258273 0.0896581739
220662357.6626542807 0.0896553858
220661660.7992387116 0.0896587774
220663093.0440717638 0.0896606957
220661356.5888189375 0.0896589369
220661405.6304358840 0.0896594675
220661961.8145284951 0.0896588453
220661488.5077786744 0.0896551437
222743735.4718461037 0.0896572958
220662761.9239895046 0.0896606663
222744015.3956566751 0.0896582580
220660890.1411667466 0.0896559971
222743374.2996068597 0.0896574971
220664853.5347707868 0.0896606325
222732748.0063643754 0.0896526958
220661973.6495435834 0.0896598260
220660778.4413451552 0.0896581705
220661687.2508288920 0.0896575635
222744212.6874516010 0.0896573452
220661051.7356788814 0.0896590536
220660634.7083907723 0.0896580243
220661284.9577074647 0.0896599266
220660546.7657274306 0.0896582655
220660774.2940812707 0.0896579562
222743967.7779516578 0.0896577687
220660625.2998565137 0.0896587032
220660645.8715575337 0.0896580860
220660691.1642822325 0.0896604530
222744060.9830469191 0.0896582740
220661171.5027198792 0.0896587120
222744299.0262077749 0.0896576920
220660929.6638509929 0.0896595277
220660577.1188658178 0.0896585273
220664108.4201647043 0.0896584392
222744166.9643312097 0.0896580795
220661448.4078189135 0.0896587037
220660709.0221408606 0.0896583154
220660516.2716251612 0.0896580575
220660615.1969909370 0.0896583900
222744190.7747805715 0.0896579477
222743066.5059164166 0.0896573302
220660595.6232305765 0.0896580630
220661081.9207825363 0.0896594888
220660548.7210429311 0.0896580839
220660861.3246948123 0.0896582556
222744153.7470629811 0.0896577839
220660862.5916005671 0.0896585082
220660614.0640679896 0.0896580735
222743725.4008706808 0.0896585853
220660546.1942986250 0.0896581125
222744189.2706271112 0.0896582792
220660686.3372231424 0.0896581004
220660896.0918211639 0.0896589091
222744167.3155392408 0.0896579318
220660574.5907763839 0.0896581823
220660740.6661440432 0.0896583335
220661560.6128150225 0.0896586011
220660549.3577298224 0.0896581246
220660448.9582248032 0.0896583459
222744204.1718054414 0.0896585045
222744207.4024394751 0.0896579194
222744286.9901458025 0.0896579878
222744283.8275162876 0.0896580672
222743810.6244541407 0.0896581767
220661329.3426858783 0.0896576640
222744124.7639340758 0.0896581852
220661830.9460154772 0.0896593708
222743974.2519806027 0.0896583260
220661209.2783472538 0.0896597420
220660590.8256424367 0.0896583111
220660888.5111904740 0.0896586809
220660662.9024243057 0.0896585160
220661005.8125767112 0.0896585894
220660642.2097258568 0.0896587773
222743857.0318514705 0.0896589309
222744060.5533768833 0.0896582649
220660888.2658098042 0.0896585043
220660621.5388866067 0.0896584674
222743561.3239299655 0.0896580547
220660744.8750871420 0.0896581644
220660779.0220836699 0.0896584276
171362719.0000000000 0.0896584276 0 0 0 0 0 0 0 0 0 1 0 0 0 0 0 