894884899.1039801836 0.0005510867
841871929.2410193682 0.0010496245
847757725.2585933208 0.0003813602
862185140.0797415972 0.0004110700
859288202.0601897240 0.0000745767
945146145.0656157732 0.0000713334
939060470.7186167240 0.0003791402
847378643.9318364859 0.0007070821
912474001.0687727928 0.0003649905
885185190.7940000296 0.0002628258
871701989.9857716560 0.0003900622
809717867.4505019188 0.0005740219
979915449.6454365253 0.0003820071
806110483.0189714432 0.0000454363
807047291.6811877489 0.0005050280
854764300.8609580994 0.0000242188
931256690.8327586651 0.0000756448
712203678.3946100473 0.0001879309
681618490.7631701231 0.0002394821
700426320.0136055946 0.0004182920
657062703.4699503183 0.0020862322
639774112.1463385820 0.0027247194
685814605.4917068481 0.0024625005
597680829.7197564840 0.0040739074
590256247.4993162155 0.0059514225
651487737.5125362873 0.0017868358
674564065.0958757401 0.0016202584
738742124.0474381447 0.0024060385
684623482.3129867315 0.0150018902
636421276.8421436548 0.0018616298
625999440.8697077036 0.0031722797
478685138.6155801415 0.0000509138
441826888.4110795259 0.0003455771
455480174.1290686131 0.0000742350
461538113.0121211410 0.0006547601
444432008.4166094065 0.0002799846
573953844.3700512648 0.0011428385
444372742.8399305344 0.0001973922
511429362.6398212314 0.0007629937
466307053.1603612900 0.0000481939
425305653.3674654961 0.0024584899
435699171.3755614161 0.0031402717
545657900.4792349339 0.0019216707
423995588.9522062540 0.0036345015
419827092.4076755643 0.0040167682
425719842.6592327356 0.0026517377
418026069.3108206391 0.0359911107
408159377.5045397282 0.0249008487
429645288.9460756183 0.0115676328
411789785.1282860637 0.0239893981
400508460.0130366683 0.0265455289
398566924.5325098038 0.0280173932
518370967.0548662543 0.0025401454
380708023.1812749505 0.0285561758
316781803.0075002909 0.0395786431
264085274.6424300373 0.0549612359
260514361.9258279800 0.0557401715
320242645.2341095805 0.0005066347
257489142.4157605767 0.0620912888
300380346.9049109817 0.0339979572
286349681.9288438559 0.0447565217
269779420.8707207441 0.0297732782
272708033.3913909793 0.0516249528
266337107.0348291993 0.0355141383
288592649.9150986075 0.0363343203
220228365.3915714622 0.1289252893
226284402.2004605830 0.1095996602
260077404.3885406852 0.1382977190
227252683.9768578112 0.1191945187
234225241.0237196088 0.0658020038
222839308.7700076997 0.1265154750
291487993.3268595934 0.0582658642
221963056.2111587524 0.1376741271
212687762.6410673857 0.0854538862
199574707.4461728334 0.0932142782
268571970.9378853440 0.1185478568
200028394.7536036074 0.0979773794
333615503.5967468023 0.0216620529
203628418.4865841269 0.0967040445
222748756.3434346616 0.2826399201
204648617.5545484722 0.1036684733
252781684.1971652210 0.0102959866
204024564.1961914599 0.0910329770
346940259.4564280510 0.0362294246
201214178.6190043390 0.0909452046
241790656.5977388322 0.0611898003
199856654.1406947970 0.0959078402
228549433.2704235613 0.0710847512
189603902.6499348283 0.1124048117
234020458.7942146063 0.0317151674
194364946.7132792473 0.1051471696
203618190.9309722483 0.0595217682
190170586.1409884691 0.1166761236
245865298.8973586857 0.0692579936
207751408.8756000102 0.0907106513
259373697.0809754431 0.0785113686
192383072.1182734966 0.1133441561
279927940.6886267066 0.0454870055
189363787.6714248359 0.1156830596
216081764.4942785800 0.0873451079
189445443.4498191178 0.0997467317
239587893.2588960230 0.0602603612
193326203.4181186259 0.1168418626
226231627.4620524347 0.0740365709
196053255.6688790917 0.1088129707
285202633.3760496378 0.0512309172
197005012.7263208628 0.1051903465
225605117.0236914158 0.0627578472
199334642.5356793702 0.0985197283
204287611.9155688584 0.0726605152
193599520.3895328045 0.1243567816
258304138.7959949672 0.0700673658
189213837.7370499074 0.1269450984
270781304.5305159688 0.0774445796
186492698.8020273447 0.0983041506
238040432.9965651929 0.0331400149
189997017.5657996237 0.1094218352
191796091.2625808120 0.0285122464
187121351.5106938481 0.1183244302
221920589.8287716210 0.0303660476
187334030.2428585887 0.1021392196
265711272.3505309522 0.0368869957
190331046.8440262973 0.0928964515
193769119.2471042573 0.0616557829
184149591.5713305771 0.0991881150
209782532.1050628424 0.0585431296
188833632.1189959347 0.0864891678
316643630.0116499066 0.0389618146
187253091.6108550727 0.0905164078
286330919.1215803623 0.0241893574
189815168.0196053386 0.0888007450
214495414.0583514571 0.0705943173
188090425.5864465833 0.0914467457
230091561.7830013335 0.0420653347
193745374.7214902639 0.0813774583
266893759.9553514421 0.0959940454
237255576.6713031530 0.0468433948
187928034.3523342311 0.0916084606
185063608.4807959199 0.1098731571
185273350.1242180765 0.1134176805
193652614.5811828375 0.1891507716
186625912.8093955517 0.1006189239
200429607.3544656038 0.1254637835
186487801.8754014969 0.0992384960
193113875.1674728096 0.1311139053
185041627.5695427954 0.0946763353
195670795.0805253983 0.1139225648
186767026.5590905845 0.1187266480
204238083.1386883557 0.0705153196
186974823.6578738987 0.0631741070
191823907.6105808020 0.0721774152
189053088.4204904437 0.0922770856
187817138.9208164811 0.0990708008
201233906.8245265186 0.0819639978
185496248.6752800643 0.0974894889
185644277.3526242971 0.1002408798
186890071.2086092532 0.0940249920
188475021.1813911498 0.1078535999
186750274.5720292330 0.1045664923
188446325.9061349332 0.0945938122
183921742.3902029097 0.1008975966
188089536.4057006538 0.1052526569
186103036.3969337940 0.0975672389
186219433.5734010637 0.1022515291
184761849.0932132006 0.1023670288
197807580.9753901958 0.1182935358
183909238.8207456172 0.1013102950
184708061.1224756539 0.1055133591
184156473.9465253353 0.0996723902
192641485.0634479523 0.0838001147
191124172.1785717010 0.1087725372
185003100.9163948298 0.1012026620
186860499.2644918263 0.0947821550
185458498.4484007657 0.1002596711
187397207.0801155567 0.1160770982
186943859.1358087659 0.0999188706
186428318.5224914849 0.0992888215
184645536.4549936354 0.0989220055
185364365.9026718438 0.0957402531
184091842.4099149704 0.1042556917
188350503.4168627858 0.0977657522
184192081.0653297901 0.1006668212
188778472.9688749015 0.0940579339
184740892.1223637164 0.1010088086
190670876.6748601794 0.1090016299
183652118.6266152263 0.1015001007
186223535.2653761208 0.1041425946
184238870.4849601686 0.1031399393
184220212.4039098322 0.0975222069
185897015.6203372478 0.1034530812
187316272.7881437540 0.0963530267
183843500.6626069248 0.1005269683
186172479.5713121295 0.0919989785
184428685.8321034610 0.1035587948
188713887.1633796394 0.1048960762
184090447.8051177859 0.1010868579
183828947.7644326687 0.1043407259
184894927.8843053281 0.0972139908
184779192.0448948443 0.0901623791
184181035.4564504027 0.1019509078
185281079.8697124422 0.1004079035
185063636.8396716118 0.1012417850
192973040.8622641563 0.0973346160
183212301.3336170316 0.1088512087
186646961.9616938531 0.1079297984
183611903.9011381865 0.1095424846
185302468.6970030069 0.1226393819
187212568.0758062005 0.1089264676
189516796.3732134998 0.1036046058
184235283.5360831022 0.1088743439
188578511.7526929379 0.1009915704
183384403.0238740742 0.1061375089
182559178.0180943906 0.1143227205
188562486.7595631182 0.1168809182
185225633.1968843937 0.0932914257
182742380.9820769727 0.1127801753
187235626.5802659988 0.1114571817
186929939.2409048080 0.1133840133
188760694.9385167360 0.1166170758
193534657.9244996607 0.1124990049
185252401.7500583231 0.1181109696
182756575.6489196122 0.1143577799
184220908.0119235218 0.1217551060
183163515.8437438011 0.1137196668
188868151.4333922863 0.1144648452
188079958.9567116201 0.1124294256
187003530.8018073142 0.1162634233
183023257.9557715058 0.1128264247
186268296.6178529561 0.1151162625
182642081.7942219973 0.1151045181
188138667.6982224584 0.1136234710
183637320.0123168826 0.1152125034
186610229.1629574895 0.1128141124
188387440.2117195427 0.1132187575
182547217.1390626729 0.1136120857
187248561.1189820766 0.1127239797
184495346.0462352037 0.1174604082
182918179.3139643669 0.1139291268
183253998.5980710089 0.1113780925
182904431.2355232239 0.1135362478
187464517.9119806290 0.1150413685
182447912.7284229696 0.1138545377
186734353.8569889963 0.1140671655
182443444.7444108427 0.1153096362
182936915.2091326714 0.1215153671
187426435.1010743678 0.1144677656
189362954.4552817643 0.1199913368
182784926.6427994967 0.1183787232
188306174.1134995520 0.1181828400
182695549.5030904710 0.1159367664
182528447.9192515612 0.1127165284
187149050.4039965570 0.1156822528
185515599.7033804357 0.1150169514
182849738.9163188040 0.1163949709
186516371.3884818554 0.1131248052
187661570.4489918053 0.1166220750
182767238.4335360825 0.1115381711
182533929.4461311102 0.1144701021
184905992.9514344037 0.1180683872
187450416.8331093788 0.1144275651
184735860.5216810405 0.1085481939
182984792.0782853365 0.1158723195
182639947.0226991773 0.1143863590
187888378.9095432162 0.1155889583
184594592.1958250999 0.1112792238
182510646.7000219524 0.1142858334
184390558.0305537581 0.1170159158
182302998.6590137780 0.1164393032
184032451.6942449212 0.1118197514
182444166.5729814470 0.1167833867
185460732.5782915354 0.1207895020
183467361.2150732577 0.1171522502
183412094.1334279776 0.1242212354
183723078.2895540297 0.1171700260
183622424.2206104100 0.1157659733
187649005.4929163754 0.1146979791
188084776.2109049261 0.1085903174
182478756.1945365369 0.1184598420
182423681.4707085490 0.1194672503
182469737.4671343863 0.1148616701
182537389.3498528898 0.1146511385
187169102.0068381429 0.1125066219
182793206.5574423671 0.1158385160
183123335.9965297282 0.1183023011
182784096.6588141024 0.1166002743
182510341.6473937929 0.1166982900
182371569.4650150537 0.1162331590
187497240.0804678202 0.1172725092
182901398.1994442940 0.1157503731
186713168.4745329022 0.1149700342
182910421.8318674564 0.1148004867
186670649.9302331209 0.1173704087
182277932.8930315375 0.1163593607
182650926.7709418833 0.1155505791
182930511.8134409785 0.1163558082
185082460.1320392489 0.1190952271
182780561.2030473650 0.1168219909
182552970.5011690557 0.1158925176
187349077.5190017223 0.1156429235
184408457.6900233626 0.1162254169
187793495.7893410623 0.1170547999
182731919.5314906836 0.1162317429
183440099.3591526747 0.1174555786
182371731.1638084352 0.1164496829
182988183.3169519305 0.1153601969
182744554.5395869315 0.1166113542
182814125.3148019314 0.1165443007
182215189.6483970582 0.1166371492
182745067.6137965024 0.1153026290
182710396.9845649302 0.1164693587
182099328.4401665330 0.1182084834
182603702.9354835153 0.1180087679
182749548.9651401639 0.1195156865
182265158.7805764079 0.1181494023
182320563.1539372504 0.1197383799
182240188.1821175516 0.1182854902
182333719.2063563466 0.1180058086
182254893.6432093680 0.1179448501
182901280.0381912291 0.1185449001
182153092.4194575250 0.1184868637
182402165.5838567019 0.1176911168
182093220.1990042031 0.1182898191
182664400.2961736023 0.1195343086
182352797.1225065589 0.1186347498
182680498.0245067477 0.1179917106
182680096.8511092067 0.1180388251
187885362.1451878250 0.1174053335
182202862.3163001835 0.1184172969
182442045.9843414426 0.1198957423
182398482.5174734592 0.1183717680
183094642.9495947063 0.1172655941
182268866.8428921103 0.1183417574
182534065.9033708870 0.1185929907
182203156.2201894522 0.1183621601
182729576.3504807949 0.1189425835
182133466.5125514269 0.1182943179
187675376.9114703238 0.1179036752
182680385.0311533809 0.1181409531
182603271.2641109228 0.1181998849
182655138.4192853868 0.1182070780
182396306.6867699027 0.1184244670
182650002.7488737106 0.1183514308
182322979.7504543364 0.1186111772
182538034.3863312900 0.1182641095
187836615.7768530548 0.1175607874
182557868.8040816784 0.1183391797
182651312.3710950613 0.1181363502
182220048.2480483651 0.1187527774
182225032.0752570033 0.1184432970
182379889.4699124992 0.1186242635
182128185.6605328321 0.1183313778
182740601.8666814268 0.1172006052
182159692.0450734496 0.1181238730
182295705.6411955059 0.1185211140
182139387.0182143450 0.1183118687
182562042.3697404861 0.1187462293
182105647.1578868032 0.1184264810
182660930.9212653339 0.1174876921
182109643.4236979783 0.1181279145
182430623.0467406809 0.1181444272
182698078.4671612680 0.1181208215
182657843.4229711592 0.1180697108
182476719.3587950766 0.1186326303
182237977.1998615563 0.1185706957
182097375.0279006064 0.1182159818
182183239.6533636451 0.1186947650
182135606.0144657195 0.1182947681
182145610.9010602236 0.1187004528
182157486.9088885188 0.1184426514
182712742.0413595736 0.1181554794
182137340.3748848140 0.1183398760
182669588.8702967167 0.1180620667
182126764.4899052680 0.1183423271
182371246.6379256546 0.1182556689
182603322.8554220498 0.1183465343
182706916.3525112867 0.1181260007
182704931.6283917129 0.1182886901
182096453.9314087927 0.1183518556
182103524.4251944423 0.1183001485
182109074.7574243844 0.1183235886
182089818.5160069168 0.1182461500
182158116.2468277812 0.1180553767
182090265.3698034883 0.1183198139
182222088.6993352771 0.1183386152
182651796.6379137039 0.1181881640
182172960.8039187193 0.1183238235
182690829.0999832749 0.1182318218
182205583.8117947578 0.1183805343
182113222.9953981936 0.1182250040
182643471.8931111395 0.1182189448
182121948.9741413593 0.1182632076
182201228.3333990276 0.1182793993
182096722.9903998077 0.1182313293
182195590.3180277944 0.1183711051
182701180.1038673818 0.1182563405
182135777.9616811574 0.1183337676
182696502.5668188035 0.1182714015
182128103.2563709021 0.1182726722
182706579.0238231122 0.1182384027
182675841.9242509902 0.1181649438
182089920.2818506956 0.1182107209
182574660.8854545653 0.1182459341
182707739.4231818318 0.1182882038
182126884.9281282425 0.1181429149
182703238.6716823578 0.1182073538
182651893.1063835621 0.1184570216
182129075.6156510413 0.1182486572
182156134.0145384967 0.1181812436
182118443.4225764275 0.1182757957
182571889.5485933423 0.1181785062
182703200.4990993738 0.1182815678
182615793.4181306362 0.1181360914
182675071.0779998899 0.1182534300
182710501.4964994490 0.1182227250
182118442.6979823411 0.1182943074
182086825.9297150075 0.1182704476
182691677.9987296164 0.1183033003
182087488.7000797689 0.1182541389
182095881.0519413352 0.1183414752
182088148.8315458298 0.1182949656
182108230.5051043630 0.1182542259
182691628.1341365576 0.1182490058
182189965.0247813165 0.1184051827
182094525.8857023120 0.1182274249
182089764.5338613689 0.1182812975
182695466.0263574421 0.1183129358
182710134.3134339452 0.1182681878
182104051.9409987330 0.1182054692
182708023.5322301090 0.1182563220
182102191.6955119967 0.1182729634
182710881.5962626934 0.1182720156
182119673.9266160131 0.1182941222
182708167.8405259848 0.1182669220
182087320.7898279428 0.1182502167
182087975.6089620292 0.1182760023
182697565.0985834599 0.1182518811
182090897.5409337580 0.1182640562
182694538.5113180578 0.1182658680
182703383.0649255812 0.1182577326
182100073.2166194320 0.1183059652
182087827.0303907990 0.1182757843
182084820.0240975618 0.1182861503
182084498.4902701974 0.1182824297
182095418.8892446458 0.1183324312
182083406.7726696432 0.1182918536
182127442.1904296279 0.1183456022
182084945.5005109012 0.1182983656
182127204.1819259226 0.1183105824
182705427.5375607908 0.1182913018
182097731.9927550852 0.1183265274
182708991.5862269402 0.1182834163
182705548.6474596858 0.1182698675
182706821.3703426123 0.1182902913
182701693.1956645846 0.1183192542
182700288.7372127771 0.1182953202
182705876.0011503696 0.1182928834
182084040.8009273708 0.1183015178
182099939.9903715253 0.1183139419
182085044.0008854866 0.1182864134
182097815.7549280822 0.1182934982
182707424.9667393863 0.1182786707
182087234.3961460888 0.1182587240
182701046.6373138130 0.1182999831
182706289.1238464713 0.1183085441
182094885.6886350811 0.1182954356
182087418.9543352425 0.1183419127
182082080.4361796975 0.1183127138
182097705.4153730869 0.1183722350
182705533.7396488786 0.1183040402
182111089.0529747009 0.1183712675
182081569.9433087409 0.1183147092
182082920.2845559418 0.1182976574
182706610.5939582586 0.1183081872
182118723.4323081374 0.1183138205
182084812.2695449889 0.1183249925
182090657.6708421409 0.1182634773
182083053.3477811217 0.1183188802
182103276.8253714740 0.1183364497
182082048.6108356416 0.1183127990
182712419.9010789692 0.1182690289
182082629.3553283513 0.1183104930
182692772.8827733397 0.1183313986
182087072.4350426793 0.1183265467
182109843.6586614549 0.1183471751
182087444.2724586427 0.1183128863
182704274.3292233348 0.1183425878
182085379.8220768869 0.1183143637
182079707.0162492990 0.1183467164
182694813.8994784355 0.1183440369
182104623.5062807202 0.1183329942
182081283.2026846111 0.1183621241
182079120.7818146646 0.1183450910
182079384.2606126666 0.1183606210
182704612.1433955431 0.1183432871
182095506.1295028925 0.1183520012
182079512.7967033386 0.1183505576
182093530.3851415813 0.1183397036
182704663.0772510469 0.1183410026
182701423.6800412238 0.1183283008
182079648.3906025290 0.1183534616
182079135.5259793997 0.1183630716
182085973.8655157089 0.1183473307
182699836.6174727976 0.1183454334
182705104.0878158510 0.1183380330
182089997.1142361164 0.1183692491
182080511.8603088260 0.1183494475
182082401.6352930069 0.1183652809
182084869.2872429192 0.1183424294
182079878.9560148120 0.1183332082
182703699.4134473801 0.1183401220
182084033.7330940068 0.1183459358
182081445.2714631557 0.1183436876
182083290.1093146503 0.1183243005
182080680.5628060997 0.1183446440
182086528.9890217483 0.1183707262
182704798.6488197148 0.1183363123
182086373.2188689709 0.1183326235
182080778.0046197474 0.1183447526
182698245.3515903950 0.1183372302
182082432.7541187108 0.1183414325
182103123.4435377717 0.1183802789
182080911.0555256307 0.1183480454
182081951.7942947149 0.1183458941
182082329.0277987123 0.1183432062
182078731.5656290650 0.1183554024
182079109.4376248121 0.1183515680
182100119.4978314042 0.1183738730
182081366.9918771684 0.1183555321
182700421.3011057973 0.1183485195
182080045.9008097053 0.1183558920
182081319.5407808423 0.1183347819
182082062.8653666973 0.1183586458
182082543.8075196743 0.1183723014
182083841.4673422575 0.1183609853
182093885.5249030292 0.1183656380
182081375.7862198949 0.1183513351
182098300.4895568192 0.1183676411
182083286.4633897543 0.1183533738
182078626.9765652716 0.1183633957
182702886.2242329121 0.1183653755
182089519.2672918737 0.1183637573
182657944.4924645424 0.1183412656
182083163.8511058688 0.1183607511
182078687.2013190687 0.1183626466
182081606.3803626597 0.1183814050
182079115.9198225737 0.1183628000
182081506.7968484163 0.1183578829
182704574.8491506875 0.1183586399
182078058.7519924641 0.1183683956
182077979.0935639739 0.1183679829
182081237.2255288363 0.1183653722
182079926.3858236372 0.1183711201
182079544.6615579426 0.1183689119
182078938.1677607000 0.1183681207
182704057.8950096667 0.1183697617
182080677.7009889483 0.1183653967
182083141.3433224857 0.1183887331
182078621.1827973127 0.1183680221
182081504.9216164947 0.1183603897
182080755.9603808224 0.1183663591
182078111.8288872540 0.1183719521
182078451.4058048725 0.1183674923
182079059.5386624634 0.1183787504
182078087.0309126377 0.1183699722
182079466.3654788733 0.1183755838
182078069.4706490338 0.1183721284
182703782.7893177569 0.1183690468
182078417.2701018751 0.1183708146
182078534.2967849374 0.1183705038
182078543.9485128820 0.1183685268
182078920.2370143235 0.1183630120
182701450.2974319160 0.1183670913
182079444.5104911923 0.1183677277
182080815.4022299647 0.1183659886
182099369.0083057284 0.1183684180
182080643.9245563447 0.1183675119
182702706.3403367698 0.1183626996
182080545.0869542360 0.1183675260
182703051.2979451716 0.1183627584
182081001.3802314401 0.1183642108
182703023.4339608252 0.1183626341
182078680.2905398905 0.1183720903
182702731.8941638768 0.1183614301
182079178.9119674563 0.1183702003
182703013.9763894081 0.1183629838
182077954.1520164609 0.1183722536
182702724.6106874049 0.1183656991
182078646.6981272697 0.1183748805
182703982.6039713025 0.1183681664
182078574.7701686025 0.1183745804
182703314.0961572826 0.1183668897
182079769.8430974185 0.1183699231
182703014.4959135950 0.1183662942
182079471.6475457251 0.1183686154
182703439.3706053495 0.1183671339
182080954.5488611758 0.1183702639
182703394.9636366069 0.1183668148
182079055.4037468135 0.1183695344
182078567.3126047552 0.1183728660
182088309.3052548170 0.1183723904
182080599.3183812201 0.1183701705
182080711.0248981416 0.1183712586
182078281.3637437522 0.1183730472
182703232.2465109527 0.1183810790
182080675.2124109864 0.1183710760
182078549.5730617344 0.1183639610
182078521.0419356227 0.1183718432
182702672.0902030766 0.1183793203
182080666.0028107762 0.1183719320
182079303.8840796053 0.1183690399
182078194.5134097338 0.1183715871
182079774.6022884548 0.1183820110
182077810.4705095291 0.1183722629
182080911.9588902593 0.1183675236
182078133.5866684020 0.1183721401
182079704.0790612102 0.1183689360
182702192.7139577270 0.1183783109
156554207.0000000000 0.1183783109 0 0 1 0 0 0 0 0 0 0 0 0 0 0 0 