675073151.9405441284 0.0000849938
645686275.2975552082 0.0002895318
649884747.6742755175 0.0010669560
677765037.2363650799 0.0006716029
719133353.7420114279 0.0004910410
695502658.0654523373 0.0000287013
675103797.4280766249 0.0005065953
651700303.1524988413 0.0012021308
674637675.0569856167 0.0006216905
713516680.3313026428 0.0004225310
667976128.5408089161 0.0000075055
616131662.5729719400 0.0013795474
625437717.5666899681 0.0002124451
617706439.3502827883 0.0003688868
612127253.8313865662 0.0002648893
687851807.7376000881 0.0001411936
666899643.0514202118 0.0000187675
561287102.6911177635 0.0007304374
530246979.9098911285 0.0009464470
531680870.9536941648 0.0001142105
502377597.7144045830 0.0015935536
492471698.4848459959 0.0022530137
518092555.4744386673 0.0092933125
478467165.1736312509 0.0036340582
471300407.0385384560 0.0062273943
508983241.8114395738 0.0024777559
562434372.3700673580 0.0018087925
447060698.1380482316 0.0031784300
482753272.3626152277 0.0001087897
436983298.0029615760 0.0047346593
510164908.4026465416 0.0025237099
400593012.0239857435 0.0053417759
503713298.4721801281 0.0006422349
403891908.0725334287 0.0047950323
482067849.0893396139 0.0023211056
401759063.9067464471 0.0052349931
465175437.4897349477 0.0030399348
413949349.7158859968 0.0048776542
490695212.7946947813 0.0020439141
398941439.6339171529 0.0047439358
531218661.0319574475 0.0017014480
414582262.9297424555 0.0049784860
408765473.1902033687 0.0067051880
410399756.9992298484 0.0043400603
437458474.7332850695 0.0021073830
384986527.2910122275 0.0055109626
327739373.5663921833 0.0066335472
324117149.0632981658 0.0069087465
343909953.0284222960 0.0027691502
328127408.0333504677 0.0064142143
306521032.7956628203 0.0066933206
302883446.6793161035 0.0053260362
343691044.5904014111 0.0035941131
313714100.3084697127 0.0052586822
285432767.1088827252 0.0056009051
284599002.8282493353 0.0055182053
364200296.7056335211 0.0017014036
335698866.4834145904 0.0039445584
295080802.7309893370 0.0016764243
284274696.7046309710 0.0082147346
289907133.5855634809 0.0165448873
287024761.0368229151 0.0077859411
371632658.7731861472 0.0067528961
287067986.2576358914 0.0083258781
328187994.8566427827 0.0043582557
300086851.6790775657 0.0067778432
241391010.1988439858 0.0067526493
244531478.8730911613 0.0041522405
359859858.4304755330 0.0039641601
239799725.2177296579 0.0082985347
310720488.4122371078 0.0039641822
238217856.4790299237 0.0082011008
290463823.0029026270 0.0020011268
239004349.7819779217 0.0087144238
302536812.8517464995 0.0053004772
238273117.4185600281 0.0085154971
288680617.4665933847 0.0035647966
247805838.8613653183 0.0080323778
279489984.1029098034 0.0042725246
236667727.7775896192 0.0071613262
334652845.1756809950 0.0014933569
247382589.0523589551 0.0186581654
254210361.2937462926 0.0018662991
232955289.2915183008 0.0064876434
274953794.0558909774 0.0076569964
232509191.2908247411 0.0064791302
239048991.6430543959 0.0044182238
212938125.9355191588 0.0076438411
309700136.7359181046 0.0037378520
215602463.2855731249 0.0048584545
244055595.2042855322 0.0043475978
214272423.1114132702 0.0005114857
244870170.0276040137 0.0083809255
198388113.7044796646 0.0091156389
327617006.0902613401 0.0028539975
217145729.6182938814 0.0143390494
281969040.9369763732 0.0037624006
195440821.7289361656 0.0083662655
304838050.3508550525 0.0047018670
202566115.6017741859 0.0075088329
287261880.9699558020 0.0039058055
197167561.6744122803 0.0078289870
254811296.3234308362 0.0029805133
204227846.6653593481 0.0072483339
240465369.8500618935 0.0035010878
205880702.0826332569 0.0061886329
259267704.0519584119 0.0009478020
204840835.5960194468 0.0052069923
222532168.4720270038 0.0164155490
201116370.6559755504 0.0070667607
259186576.2481909692 0.0052129180
197533633.0359089971 0.0123288136
238368215.5353604555 0.0022138972
188998422.9818852246 0.0067792877
270798147.4900035858 0.0046907544
188358626.2377257347 0.0066074086
240227746.4350472391 0.0007945980
206359816.8602319658 0.0093153768
207568643.3935629725 0.0090092576
203410318.0635321438 0.0059862508
175200819.9157305360 0.0000001394
194870727.6637328863 0.0000114064
212195425.0955992937 0.0007091567
183737128.7902721763 0.0000179917
279315433.3527296185 0.0002517025
170434920.6993348002 0.0002321113
289894192.5032128692 0.0002078020
161969921.9546857774 0.0000710358
181691457.0854167342 0.0005464528
178642106.1806408465 0.0002659340
202297365.0585529506 0.0000116246
163069893.2244892716 0.0000969306
249958928.9273531437 0.0002353254
195369963.4293503761 0.0000877109
159454284.1671642065 0.0000006240
181587385.1368293166 0.0001207071
167372391.2456576824 0.0000175836
170726637.2720583379 0.0000092569
158438375.1323344409 0.0000005940
162034551.0935299098 0.0000000043
156797611.7378388941 0.0000038632
172617072.9563898444 0.0000001238
157625406.8726946712 0.0000148773
151571482.0145074129 0.0000695641
148872137.6134723425 0.0000596278
153703343.9252631366 0.0008347329
148165301.5381111801 0.0001503573
180456951.2613300979 0.0016237327
148345191.1028318107 0.0000233484
161979987.0994217694 0.0013968278
153167404.7875421345 0.0000263430
152586330.5767474771 0.0025308449
148746486.1500433981 0.0000352210
165983291.7391377985 0.0000255151
151727063.9121387005 0.0000564599
157071819.4084039032 0.0001482387
150456827.8674886525 0.0001880229
143832354.2206049860 0.0000369463
144686850.3535606563 0.0000400462
150546938.3725685477 0.0000161968
151589044.7756415308 0.0000000008
150148340.1607851386 0.0001613257
142680998.0203841031 0.0000176318
170340293.2902929187 0.0000636781
147024617.2751120031 0.0001030019
148047523.6247119009 0.0000267313
144476223.8254020512 0.0000008753
163094251.2968064249 0.0008184881
143113686.1650032699 0.0000286320
161615838.1113710701 0.0000427765
146054928.6346317828 0.0000139345
148351794.5132121444 0.0000000004
142750874.1739323437 0.0000373093
159434252.4470096529 0.0000793304
148068444.4419064224 0.0000020047
183000710.3960568011 0.0002119912
143500195.5707736313 0.0000291956
175333414.4076008499 0.0002483537
143037556.0945107937 0.0000067581
165119424.0641506016 0.0003111417
141660097.4134580791 0.0000102882
187339468.3426646888 0.0041855933
143326416.2147141397 0.0000169274
144745666.1525077522 0.0000117123
145822043.0012022853 0.0000245341
152288746.1389975250 0.0000016078
142875861.3027849793 0.0000043101
165547721.6386750340 0.0000056668
147597657.9293930829 0.0000024757
142271973.0444973409 0.0000008368
142297276.5832915306 0.0000361862
154520181.3691292405 0.0000010920
145244128.8571808338 0.0000193699
157511951.2162138522 0.0004485450
142600166.8789425790 0.0000077425
193484649.6784681976 0.0000442735
141124413.3296658993 0.0000325311
160002306.6182524860 0.0000000221
142171530.6952366829 0.0000147855
148509908.7676709890 0.0005508655
141688214.6770588458 0.0000182581
143134150.3247365654 0.0002597814
142531350.8161475956 0.0000249060
175183843.9502648115 0.0000154359
142339377.5329717994 0.0000702382
152047651.3246462643 0.0000005109
150023398.1778425276 0.0000056199
173734125.9143913984 0.0000842741
142818698.4163896739 0.0000015661
141859475.6646377146 0.0000146427
143106724.8662869632 0.0000010242
141115811.3974397182 0.0000232383
143787631.6230812073 0.0001037349
141334371.0658890903 0.0000223750
143087654.0716940165 0.0002935939
142633463.4142138362 0.0000166748
142071868.1813892424 0.0000126616
141001631.3358433247 0.0000234827
140621481.7171977162 0.0000007014
140496503.2284052074 0.0000015815
147352700.8170953393 0.0000015858
139988380.1655250788 0.0000213314
140908950.5110604465 0.0000080626
141225551.1943796873 0.0000282058
149967118.4692296386 0.0000013322
141511810.2032898366 0.0000124875
142441794.3414488435 0.0000127007
141799671.8077004850 0.0000112875
142722949.8893184066 0.0000034460
142750799.2628301382 0.0000320365
142189654.4691926241 0.0001388075
141228248.1445925534 0.0000665182
141981248.8707632720 0.0012259725
141115907.6183077693 0.0000161613
142900411.5297583044 0.0000027996
142802159.1852007508 0.0000222719
141896958.5827541351 0.0000153576
141680826.2681115568 0.0000168158
140264374.1015931666 0.0000163612
143592979.7564142644 0.0000252912
142345027.4452099502 0.0000174340
141666955.4642646909 0.0000602770
145998888.6185164452 0.0000019317
141531171.6339011788 0.0000290778
148641742.7704388499 0.0000275672
140807514.0784392655 0.0000194088
142070451.5362112522 0.0000010743
142618565.5664464831 0.0000370169
147145536.1699579954 0.0001727338
140123750.1702569127 0.0000308792
146467724.2852948606 0.0000285261
140189126.1581697464 0.0000163815
142157486.0722063184 0.0000198697
141402576.9920706451 0.0000237988
146011865.2603305876 0.0001398921
140518519.4872359037 0.0000172910
139584966.0874513388 0.0000050821
140778508.5423903763 0.0000034592
139692549.7826035023 0.0000069974
139400836.7675730884 0.0000116179
140778792.3931892812 0.0000052089
138618105.9715974927 0.0000018331
145665344.1551339030 0.0000104836
139394228.5929563046 0.0000052099
143596301.8045782447 0.0000557775
138652206.2608328760 0.0000002021
151293159.3784979284 0.0000392832
138745273.6156399250 0.0000080836
137289003.3525071442 0.0000308145
136340247.1605752707 0.0000342313
137491636.4194737077 0.0000456993
137999005.2551876307 0.0000286975
138742811.6942572892 0.0000083919
137518097.5271679759 0.0000164156
137026394.6651105285 0.0000660507
137504360.6189874709 0.0000063833
139689587.4465065300 0.0000229589
136339816.7096684575 0.0000404476
137769935.9067497551 0.0002105345
138677139.8192583919 0.0000298733
136791837.6566538513 0.0000437098
137613950.3845996559 0.0000044857
136523390.3887206316 0.0000419191
134971498.6756505966 0.0000348500
136421573.1374113560 0.0000636883
134628029.7675185502 0.0000370899
134945913.7372727096 0.0000021243
137294989.3867697120 0.0000513292
135278112.5534280837 0.0000200386
134829150.6707374752 0.0000440018
141549182.1469706893 0.0002127911
134693399.1053474844 0.0000187678
138155892.9165151715 0.0000349901
136358459.4548493922 0.0000303032
136126409.3937163353 0.0000670103
135176367.0442305207 0.0000044764
134546908.8632267118 0.0000255602
138814844.8804183006 0.0000776110
134633308.3630432785 0.0000143144
134213825.2342524827 0.0000087018
134083411.4460616410 0.0000053180
134647901.4456304610 0.0000005027
134540911.4490807354 0.0000063666
134662146.6844073832 0.0000079016
134132771.2247716188 0.0000050997
137633323.3841720223 0.0000090788
134060897.3586437702 0.0000001830
134271731.2562760115 0.0000110895
134191622.5168851912 0.0000000187
135692794.2050094008 0.0000107319
134291966.0859072208 0.0000000007
134739125.2178407907 0.0000025456
134119293.6980239898 0.0000001014
134583469.2680599988 0.0000025261
133985742.0500782728 0.0000003076
134199245.1430409551 0.0000036609
134033020.3332724571 0.0000001936
135790524.1675472260 0.0000002518
135061163.8603703678 0.0000005068
134252545.6604486704 0.0000046755
133983299.5892754495 0.0000024108
134359381.7418693006 0.0000008471
135328362.3947738111 0.0000039929
133986591.6081220508 0.0000110831
133976812.4222565293 0.0000007055
135989312.1676724255 0.0000051403
134746546.6068180203 0.0000018901
134082250.3264234066 0.0000088909
134072039.7662336975 0.0000001055
134400590.2197423577 0.0000027963
134495847.2793978751 0.0000004373
134309485.4854925871 0.0000185439
133984415.0276037306 0.0000011113
134156641.8877693266 0.0000110165
134009456.1824218333 0.0000000141
134059017.4764888734 0.0000091450
134131386.0792897642 0.0000014669
134425991.4244551063 0.0000089556
134170740.0274828672 0.0000003325
138001046.0468316674 0.0000478886
134538115.4130308032 0.0000000037
137669794.7479581833 0.0000001202
134232778.2277914882 0.0000011157
134574751.8170058429 0.0000067317
134060366.5814588368 0.0000004142
135246996.5666255355 0.0000003991
134306193.1285560429 0.0000002682
135838279.9943746626 0.0000001867
133987862.6272563189 0.0000018854
136037339.0695441067 0.0000059430
135045788.4382885098 0.0000031838
135118690.5538634062 0.0000274558
134265011.8684512377 0.0000027330
138212321.6942180693 0.0000015606
134994876.0978576243 0.0000000107
134048574.3184437454 0.0000285545
134091045.1304251403 0.0000095316
133980030.9464298338 0.0000004766
134045400.9729298055 0.0000009762
133982546.1523168832 0.0000002107
134566826.3456804454 0.0000003104
135301684.8432156742 0.0000001496
134017300.8998898715 0.0000054397
134008189.3490906954 0.0000003322
134160932.4512316436 0.0000067167
134762291.8648400903 0.0000006086
134345577.6612136066 0.0000021403
135433519.2922597528 0.0000001972
135317653.3730745018 0.0000023801
134186866.5844611228 0.0000018214
134518997.8536942005 0.0000003779
134088036.0141264200 0.0000005351
134790400.5073728561 0.0000015354
134004860.2805531472 0.0000004264
136450593.2770982981 0.0000006956
135233048.3882881999 0.0000007382
135592661.1071345508 0.0000000104
135107600.5561328530 0.0000020046
134675992.1644023359 0.0000001422
133986726.2917649001 0.0000007607
134615728.7213311791 0.0000056662
134041621.4179510772 0.0000005802
134732023.8658764660 0.0000000052
134008245.1137452424 0.0000017721
134590057.1962753236 0.0000046731
133975474.7871304005 0.0000007532
134344836.8943077922 0.0000014723
133980463.4550681710 0.0000002822
134128856.3397938907 0.0000009918
134245065.3319713473 0.0000004691
134820560.8137325943 0.0000001619
135446356.8484266102 0.0000011437
134878236.4481799603 0.0000002800
133992512.2586949617 0.0000014482
134011040.9076977521 0.0000005081
133978484.8140572160 0.0000005392
134115796.0955527127 0.0000026425
133994324.4402001947 0.0000010622
135227452.5282229483 0.0000022614
133971446.4214310646 0.0000006276
134113658.9156793803 0.0000000352
135408584.2390350699 0.0000006477
135515883.3585521877 0.0000004328
135467256.3785523176 0.0000010208
133982083.6848108917 0.0000000494
135510006.0495474339 0.0000006477
134207783.9495423883 0.0000007224
133997679.1291716397 0.0000007157
134010450.9714785069 0.0000008937
133977198.1229765564 0.0000015607
134031708.2388524860 0.0000008463
134046550.4752261490 0.0000005210
135334604.4814426899 0.0000008307
133998760.3907432258 0.0000011124
134998983.0720142722 0.0000018050
135318249.8733439147 0.0000013151
135360554.5189976692 0.0000004283
134081006.1857774705 0.0000003959
133975142.7395087332 0.0000004139
134212926.4560686052 0.0000005829
133980519.1145369262 0.0000006902
134023390.7448576391 0.0000011790
133982641.1519229859 0.0000006175
134070897.7509354651 0.0000004942
135451952.5087305009 0.0000006872
134062551.8357215673 0.0000007406
133989615.2769545764 0.0000004379
135206359.3092035055 0.0000002367
133978377.6515481919 0.0000006264
135220879.2319078743 0.0000004174
133976015.9404755235 0.0000006635
134015407.7673115134 0.0000000453
133971645.8583471626 0.0000006019
133988689.8088280261 0.0000009723
133984328.7839308530 0.0000005051
135556482.3113064468 0.0000009593
133972558.7894031405 0.0000006011
133981920.0660678595 0.0000004753
133994268.5809757113 0.0000005245
134084095.5218459815 0.0000007317
134000199.8684769273 0.0000007969
133984285.5895731151 0.0000009503
133994226.8164858818 0.0000006476
135398285.9528360367 0.0000016272
133974311.5329795331 0.0000006924
133992679.6211761981 0.0000009939
135432201.7708590925 0.0000003661
133974482.7449410707 0.0000006426
133986961.4063710272 0.0000007287
133975123.6588522792 0.0000005975
134030032.2738046646 0.0000006758
133974898.8022293299 0.0000006603
134023111.4132724106 0.0000004487
133983228.6750886589 0.0000005874
134014640.8373297751 0.0000006675
133977097.3067741245 0.0000006091
134089865.7656291127 0.0000005819
133982819.9115045071 0.0000005880
135484152.6836403310 0.0000003653
133989004.5870023221 0.0000006517
133983779.9985121638 0.0000011363
133975356.2765948027 0.0000006644
133993643.5918747783 0.0000006332
133982657.2565061748 0.0000005989
134898258.2077539563 0.0000005564
133982889.9447780252 0.0000005952
134038106.9368981719 0.0000004815
133988382.1437293291 0.0000006373
135408548.4541805089 0.0000007038
133979140.4439887106 0.0000006052
134022854.6461076587 0.0000003404
133982952.0753190219 0.0000006274
133988042.3540247381 0.0000006428
133976758.6868862957 0.0000005135
134865091.3971362114 0.0000006412
133982351.9244051725 0.0000006838
134882501.2299754620 0.0000007158
133976377.4188253582 0.0000006911
135444845.3881178796 0.0000003428
133993596.2789345235 0.0000006234
133977475.6712354273 0.0000009759
133990581.3594591320 0.0000005821
133979505.3424686790 0.0000010328
135225024.2070272863 0.0000006216
133972996.7789909542 0.0000006311
133973831.9715370983 0.0000006300
133987720.3681883663 0.0000006362
133983256.9675680846 0.0000008304
133975060.7555533350 0.0000006988
133977712.8354604989 0.0000007812
133984633.4050174057 0.0000006827
133982255.9946123064 0.0000006411
133975672.7109130174 0.0000006493
135311961.8419033587 0.0000004640
133979400.0110303462 0.0000005876
133981238.7673238814 0.0000009302
133976826.5278936923 0.0000005551
133985258.0995658189 0.0000005529
133974316.9720716923 0.0000006696
135217463.1612037718 0.0000006291
133976669.4685060084 0.0000006332
133997999.8543928862 0.0000007226
133971914.3221426606 0.0000006278
134001099.1349127740 0.0000005360
133972161.5228430480 0.0000006171
134027309.0804530978 0.0000006283
133975647.0887021124 0.0000006267
133996531.3854525238 0.0000005166
133972948.0611994714 0.0000006485
134009713.9894626588 0.0000004467
133986001.7178443819 0.0000005937
135276347.2459070683 0.0000006618
133972895.1458832473 0.0000006138
135464433.6438595355 0.0000005597
133979276.3572650552 0.0000007095
133984977.0650695413 0.0000007083
133978296.2712411135 0.0000006676
133972369.4477690607 0.0000006092
135375945.2852975428 0.0000006341
133971703.9338234961 0.0000006279
133984695.1825749725 0.0000005579
133974420.5628792793 0.0000006327
133976372.7583575845 0.0000006094
133985447.7112358958 0.0000006239
135463261.8783791959 0.0000007402
133973242.0538340658 0.0000006447
133984228.3220300674 0.0000005034
133971176.2602347434 0.0000006164
133990755.8215015978 0.0000005491
133989744.6101561040 0.0000006242
134007403.0375861526 0.0000006062
133972959.2118434459 0.0000006088
135385314.2715439498 0.0000006580
133980279.2123071402 0.0000006071
133973729.6304214746 0.0000006098
133974078.6795611680 0.0000005921
135435257.7924675941 0.0000006402
133977774.8780674338 0.0000005952
133990570.6539805532 0.0000006081
133981905.9791590422 0.0000006279
133972054.8090469390 0.0000006219
133971720.8053403348 0.0000006768
133970847.8365973234 0.0000006073
133975912.5753539652 0.0000006467
133971575.3253215849 0.0000006072
133970939.7791099399 0.0000006012
133987988.2232270092 0.0000006066
133975141.7616020888 0.0000006097
133972187.2840172052 0.0000006051
133973036.5956818312 0.0000005309
133974071.5536418110 0.0000006089
133984916.2703304887 0.0000005872
133972574.4238702059 0.0000006082
133981020.7101206630 0.0000005857
133971841.7227836996 0.0000006115
133977071.4787850082 0.0000006181
133990385.7494510859 0.0000006108
133972231.2942152768 0.0000006159
133972884.0575225651 0.0000006070
133973263.3001593500 0.0000006325
133985781.5587639213 0.0000005984
133970921.6796101928 0.0000006054
133973670.9004166424 0.0000006130
133990639.3085662723 0.0000006004
133972489.9362051189 0.0000006353
133971189.7800623626 0.0000006094
133971337.7406601310 0.0000006284
133971108.6294832826 0.0000006063
133971011.1312807351 0.0000006257
133989164.3504973203 0.0000006064
133971059.4452195168 0.0000005816
133970996.6629593223 0.0000006091
133971714.1070674658 0.0000006061
133971033.9492290169 0.0000006062
133983963.6878204942 0.0000006217
133989877.1328731477 0.0000006078
133971747.2521463484 0.0000006053
133990081.9882512391 0.0000006062
133971535.9981293529 0.0000005962
133985667.7001435757 0.0000006109
133974254.4095397443 0.0000006024
133970918.2579014301 0.0000006092
133974958.5171405971 0.0000005911
133989519.0739450753 0.0000006092
133974403.2967835814 0.0000006068
133971383.1554097384 0.0000006059
133988731.0426225364 0.0000006047
133986555.2788774818 0.0000006123
133975149.6385096163 0.0000006140
133971040.1958482862 0.0000006002
133982827.7551219463 0.0000005883
133990407.0138611943 0.0000006083
133980894.2822140306 0.0000006086
133990598.8146676570 0.0000006105
133988464.6264162213 0.0000005908
133970843.6949924827 0.0000006111
133972522.4025389403 0.0000006276
133990467.1380293220 0.0000006108
133973604.0116878152 0.0000006221
133972053.2635955811 0.0000006167
133970948.1976885796 0.0000006142
133972825.9486270696 0.0000006083
133990726.9215679169 0.0000006124
133970911.2759742588 0.0000006175
133971502.3922823668 0.0000006119
133989538.9817606807 0.0000006242
133990497.1440627277 0.0000006119
133989770.6508259028 0.0000005965
133970833.0422966778 0.0000006113
133972558.8038632274 0.0000006044
133988670.5936159343 0.0000006119
133988111.1255534291 0.0000006073
133990531.8036514372 0.0000006097
133971318.0046407729 0.0000006157
133970949.0479266942 0.0000006129
133971941.4894409776 0.0000006108
133971070.7949738204 0.0000006082
133972788.7082862407 0.0000006273
133971036.7408358306 0.0000006110
133971812.3794069141 0.0000006034
133970895.8741973490 0.0000006101
133971557.6726416796 0.0000006087
133990347.3407169431 0.0000006116
133987934.2304111719 0.0000006164
133990707.8066325337 0.0000006130
133990575.2976946831 0.0000006133
133987092.9797763526 0.0000006140
133989027.4273843765 0.0000006126
133970820.5636038929 0.0000006100
133970895.6945336759 0.0000006155
133970902.8111944199 0.0000006103
133989488.5428290367 0.0000006102
133989903.8707956076 0.0000006107
133971924.7111491263 0.0000006026
133990203.3419033289 0.0000006099
133971512.7830174714 0.0000006137
133971107.0677119941 0.0000006094
133970945.9074850380 0.0000006113
133971017.0967279077 0.0000006107
133971269.6963548660 0.0000006073
133971169.5468415916 0.0000006098
133989304.8759107292 0.0000006091
133971014.9757652581 0.0000006107
133971731.4686050564 0.0000006127
133970866.4583837837 0.0000006097
133971351.0850846916 0.0000006084
133990368.9319657385 0.0000006119
133971227.0168986171 0.0000006024
133990013.5978790969 0.0000006089
133971160.6487141103 0.0000006138
133990710.4287569821 0.0000006098
133989028.3344320059 0.0000006110
133989695.9211178720 0.0000006090
133970845.2735583931 0.0000006101
133971432.6722883582 0.0000006066
133990623.3793984354 0.0000006102
133971149.8530620933 0.0000006124
133990738.5527448356 0.0000006100
133971210.6060851961 0.0000006075
133990518.6150692999 0.0000006100
133971180.8450246900 0.0000006066
133970902.7325747162 0.0000006112
133970937.6693612784 0.0000006114
133970992.6533623785 0.0000006100
133990597.8839497566 0.0000006111
133970836.0887008309 0.0000006101
133990601.0393637270 0.0000006112
133990778.1967736036 0.0000006097
133970909.9650144875 0.0000006118
133970903.0401340127 0.0000006104
133971037.1472411454 0.0000006109
133990615.8010213673 0.0000006101
133970923.4307840317 0.0000006099
133990713.8883218020 0.0000006097
133990399.1922831088 0.0000006114
133990489.3739126772 0.0000006089
133971216.0376561284 0.0000006127
133990085.4126694500 0.0000006060
133990501.3981044739 0.0000006080
133990752.6292557120 0.0000006099
133970988.6774002463 0.0000006103
133970826.7009784728 0.0000006101
133971056.4354711026 0.0000006088
133970827.6480033249 0.0000006102
133971030.9779081345 0.0000006112
133990754.1471108496 0.0000006099
133970932.2384014875 0.0000006094
133970799.9795796573 0.0000006105
133970996.3354261369 0.0000006104
133990708.6994640976 0.0000006101
133970914.7459599972 0.0000006110
133970874.8810608238 0.0000006105
133971067.3232642114 0.0000006121
133970809.5254712403 0.0000006107
133970853.3313154876 0.0000006118
133990718.9198020101 0.0000006102
133971026.3448592871 0.0000006110
133990805.0435827821 0.0000006104
133970850.7498306632 0.0000006100
133990739.6648729146 0.0000006104
133970818.3274872303 0.0000006112
133990804.5704076588 0.0000006103
133970798.1870674640 0.0000006118
133990410.0735151470 0.0000006119
133970900.3114949018 0.0000006096
133970839.8212332875 0.0000006118
133971028.9648512155 0.0000006127
133990587.4893994331 0.0000006123
133970893.0366793424 0.0000006102
133990675.6213726699 0.0000006115
133971263.9758211672 0.0000006119
133990632.2863482833 0.0000006117
133970869.8853161335 0.0000006106
133970853.2183539867 0.0000006118
133970990.5210120380 0.0000006108
133970810.5253840238 0.0000006114
133970815.0060306489 0.0000006121
133970810.5246518552 0.0000006121
133990038.0336154401 0.0000006101
133990696.2648541480 0.0000006115
133970839.6367891282 0.0000006116
133970867.1660035402 0.0000006122
133970950.9082946628 0.0000006134
133990805.6921014190 0.0000006116
133970796.8918699324 0.0000006128
133990717.5813973248 0.0000006129
133971089.1482876241 0.0000006138
133990795.1850585938 0.0000006131
133990647.2000256777 0.0000006113
133990768.5102849752 0.0000006129
133990318.5368252844 0.0000006139
133970818.5044334829 0.0000006119
133970821.4166148156 0.0000006119
133970880.8346052468 0.0000006134
133990741.7259127647 0.0000006128
133990815.0195583254 0.0000006127
133970813.0947116762 0.0000006127
133970919.9803639799 0.0000006125
133970802.4727886766 0.0000006128
133990558.8227458000 0.0000006129
133990796.0466350913 0.0000006128
133990665.7566109002 0.0000006126
133990666.2677655667 0.0000006129
133970919.9987006783 0.0000006127
133970823.3658865988 0.0000006128
133970881.3804136664 0.0000006128
133970802.9601870030 0.0000006128
133971015.6228509396 0.0000006130
133990782.9270129800 0.0000006127
133970903.4834153801 0.0000006130
133990760.0137194246 0.0000006127
133990782.4246710986 0.0000006135
133970808.1996437162 0.0000006129
133970797.2875923663 0.0000006135
133970798.0749833286 0.0000006129
133970836.6743730307 0.0000006129
133990776.7909588367 0.0000006127
133970847.9751271009 0.0000006130
133970821.9723362625 0.0000006128
133990744.1233014315 0.0000006128
133970823.5637593567 0.0000006128
133990448.5143214911 0.0000006132
133970820.7893472910 0.0000006128
133990771.6863405406 0.0000006121
133990775.5108529627 0.0000006128
133970846.6319063902 0.0000006130
133990692.6450584978 0.0000006128
133970894.0394220650 0.0000006127
133970806.2561807781 0.0000006127
133990660.4263744503 0.0000006125
133970806.2716531307 0.0000006127
133970850.0556912720 0.0000006131
133990755.9335177541 0.0000006128
133970861.8739650100 0.0000006128
133990783.9569741189 0.0000006128
133970801.0430741161 0.0000006133
133990699.2761267275 0.0000006130
133970810.3519695550 0.0000006130
133970819.6152910888 0.0000006127
133970813.9104422480 0.0000006121
116804144.0000000000 0.0000006121 0 0 0 0 0 0 0 0 1 0 0 0 0 0 0 