602069625.7370595932 0.0000009890
589325029.5996837616 0.0000003415
593739778.7392312288 0.0000000584
632767210.7131648064 0.0000000015
629923043.5627665520 0.0000000969
646591825.5502686501 0.0000000164
653991165.8554031849 0.0000000007
591963590.6824290752 0.0000012535
657140614.8513510227 0.0000000025
652085534.1499021053 0.0000000007
630762725.2976093292 0.0000004952
574968394.4360406399 0.0000000479
753989832.9765127897 0.0000000568
574346408.6963613033 0.0000004368
571460741.7939736843 0.0000018952
607245122.3590427637 0.0008397408
598182027.1994283199 0.0000009135
518029036.2750463486 0.0000032554
484697951.9885927439 0.0000043206
476405572.1710026264 0.0000046900
442458707.8763814569 0.0000006809
427208680.0059987307 0.0000004642
466853172.9947667718 0.0000022454
392995150.2494940162 0.0000002651
390600329.5384639502 0.0000000557
442682919.7666726708 0.0000011163
434388054.9124627113 0.0000000994
537426407.8542243242 0.0000010604
435902874.4293915033 0.0000022276
375932037.4703964591 0.0000028870
401632869.3087554574 0.0012791812
305301086.3372280598 0.0000911126
365971054.0866720080 0.0025812864
307550278.7194193602 0.0000560438
341416777.0796571374 0.0000015693
306557847.9416325092 0.0000838717
337099696.8887069821 0.0000148255
304994630.4833915234 0.0000745374
358730598.2795001268 0.0000034194
311096290.6377202868 0.0000766551
385111862.1129428148 0.0002098524
316639531.8629427552 0.0000239755
346807629.6732886434 0.0002517113
298982427.4301291108 0.0002112759
328452109.9708542228 0.0001260366
293119413.5120189786 0.0001849174
320168160.6154987812 0.0029477200
290613312.1546175480 0.0001851849
356582388.9729725122 0.0002812204
295416062.7882378697 0.0001434571
291103808.2178288102 0.0004906805
289597343.8795451522 0.0002454619
324952546.4748320580 0.0014668522
288639771.6428773403 0.0002425906
258973578.1823518872 0.0004826235
265277022.0483933687 0.0005487132
265315673.1275810003 0.0061433810
261686352.1486026049 0.0003229850
344884779.2892056704 0.0000218975
290604360.7331188917 0.0002591886
269990620.3036106825 0.0062691029
260881879.1378214061 0.0005668629
342047938.3772838116 0.0007765100
268582742.1060770154 0.0005176046
275971195.7193422914 0.0000142177
265330433.4243282974 0.0002219239
336075667.2677735686 0.0000749741
265673705.8418056071 0.0009735855
299870897.2701806426 0.0006041302
262009691.5780782402 0.0006155669
241796047.8500939310 0.0026903788
247656743.5308735371 0.0028062751
243806733.4703460038 0.0060995316
245004334.0996820331 0.0018392519
265478714.3530136645 0.0014564357
241321264.5832576752 0.0021324129
256229910.3664245605 0.0054080926
253634081.7650031447 0.0030357655
276350139.3870186806 0.0048367210
238342625.7088128626 0.0005015621
244196858.5566980839 0.0053186623
242504820.7824366093 0.0004114518
264960286.4400714636 0.0009898639
235536971.7718015611 0.0005265419
256228167.9363080263 0.0000005273
236179355.7553091347 0.0008531694
285916059.4953351021 0.0002379864
246076533.5673724115 0.0006447275
337917426.3184031844 0.0000104940
241832481.0647031367 0.0015686928
301986879.4352231622 0.0000111927
229317609.9027272463 0.0008809782
271636920.2109627128 0.0006768595
244390383.8902734816 0.0003677400
252352879.9455720186 0.0005563565
229269154.4038377106 0.0013637625
295323771.7594083548 0.0012104607
227510054.6263013780 0.0014680788
258780765.8531249464 0.0051224837
231954413.1939167678 0.0012827268
311607105.0769463778 0.0006961213
232634387.2379922569 0.0016127838
229192993.3974348605 0.0013316712
208693760.9161058366 0.0014102076
208232558.4728648663 0.0014753301
200062794.2794951200 0.0000217195
206050302.4429708421 0.0001620841
207184354.9320092201 0.0002557401
194256470.0231063366 0.0000203299
207878700.5335029662 0.0000187260
197726402.8011006415 0.0002787487
194179199.3646177053 0.0000033196
205441448.9404397309 0.0000104704
216680622.2107736170 0.0006264854
205236419.5319486558 0.0000358835
203457890.6989381909 0.0000145362
193587191.8634891510 0.0000463516
211595632.1131779850 0.0000014933
208672650.9661805630 0.0000782646
196141705.6798107028 0.0002337473
197037118.7769056857 0.0000012594
192089469.2545972764 0.0001325069
194384197.1061977744 0.0000292676
204196409.0091625750 0.0005578526
192837572.6831077635 0.0001453398
189241101.7011751831 0.0000002700
187812804.6391420662 0.0000231607
191203434.3787403107 0.0003171130
185901700.8167490065 0.0000096944
198238573.0791169703 0.0006831153
188804269.0688499808 0.0000279224
186457037.8165727258 0.0003684541
185440572.5898290873 0.0000208629
185332409.7537884414 0.0002745660
194745027.4419130087 0.0004933556
194186977.9591064453 0.0000112780
184076450.7586996853 0.0004142028
186684696.7872973680 0.0026924008
185450136.4547896981 0.0006339195
191393658.4659213126 0.0000757688
191265053.4989143312 0.0006236821
188001241.5332427919 0.0000005359
191674385.8333439231 0.0003981791
192545323.7731906772 0.0006016758
184357376.1649198234 0.0002603961
207991294.0476775467 0.0001409187
193036482.3679749668 0.0004076022
186393702.4263799191 0.0001420396
183006398.3837855160 0.0005400816
197403137.2819009125 0.0004599461
183705262.9843737781 0.0001842542
189154892.0110332072 0.0002039967
185728303.9196980596 0.0005013896
176655266.6152590215 0.0007692596
181959853.2620363533 0.0006120990
173484062.0529255867 0.0012327324
175054053.1920962036 0.0014124428
180860520.9871776402 0.0012080518
175138712.6270578504 0.0023961193
194449373.3750815988 0.0000386317
177507150.0515167117 0.0011500228
194750201.3922210336 0.0036145681
179485009.0949692130 0.0019286287
187356588.0336599648 0.0027841802
173307696.6642423570 0.0011097624
183987404.0352460444 0.0001977687
181588271.8755075037 0.0007808020
181737111.4487912655 0.0002112361
187863839.2688457668 0.0005997722
186168790.9064132571 0.0013327747
178502999.8255558908 0.0008097074
186530745.4013140798 0.0040635450
177562938.2445983887 0.0016818029
185998566.8188346922 0.0000374331
172369456.1778496802 0.0010775142
190222596.7732453644 0.0000104520
174640073.3177951276 0.0009932070
183310662.8947217464 0.0008348896
179263114.0800441802 0.0012839950
189057142.0847328007 0.0017876815
175368188.1374199390 0.0010595816
187046806.4112254679 0.0008734683
174820640.3686538339 0.0010566821
179650710.9423307776 0.0046175357
174601368.3952989578 0.0012564187
181725899.7888185084 0.0038548669
185205645.0463250875 0.0012323731
180063517.2390614152 0.0086273302
178410305.9127622545 0.0012073004
182581252.4866486192 0.0001382920
180948378.6858393252 0.0011711383
174109289.2558975816 0.0002879998
172906701.6449442208 0.0006929400
191150314.1682041883 0.0000048772
177256748.1493287683 0.0006771136
184177936.7068918347 0.0001363233
185422677.6702917516 0.0012190515
178328785.4417475462 0.0010843278
181982121.8766733408 0.0009638056
181723244.0116620064 0.0030175529
175743305.5522622764 0.0011008834
179091792.7666211128 0.0000235375
176229875.6232935488 0.0012796797
185489836.9847005606 0.0013380558
180409667.3205983043 0.0011970494
192738020.5208742023 0.0000297253
180578493.2508478463 0.0018184515
181238946.3718078136 0.0001866738
187504152.8831614554 0.0003190594
172246207.9711237550 0.0012659236
178685661.5944514573 0.0017529275
183192246.7322097421 0.0012519952
180548056.0887464583 0.0028066315
172200827.0720998347 0.0007223009
173301685.0658059716 0.0006658652
183279813.8553119600 0.0005203237
172334145.6130456626 0.0006255321
181564823.1957001388 0.0014137427
173569919.3832708001 0.0007166902
174142879.4350622296 0.0004177532
172222230.0839916766 0.0007165200
177453095.4795219004 0.0009808908
172316551.6090403497 0.0009341966
183610789.9179097712 0.0006606472
173144273.8616990149 0.0009280700
183928068.5659748316 0.0006336368
173603367.3929695785 0.0007347573
179593037.6136381030 0.0011977904
183058663.8240271807 0.0007977163
184817833.9055921435 0.0008447339
172958297.6140415072 0.0006945579
172463329.5473854244 0.0006953223
173715566.9268169701 0.0005984845
176238454.5141948760 0.0003534849
172440556.5041635931 0.0006994817
175870442.6987035573 0.0010015372
172921506.0713939369 0.0007197167
182521841.9891405106 0.0011052790
183570494.4824270904 0.0006641363
176802256.3248648047 0.0009574176
183832561.9204244912 0.0007415036
180329511.3667460680 0.0008652962
181419923.5262726843 0.0008390755
177879447.6351065636 0.0005947041
182034243.1788051128 0.0007623976
179684487.1449448168 0.0007005869
172146396.8532867134 0.0007413466
173934904.2232619822 0.0006370082
182563451.9866635799 0.0005768145
187673534.8702306449 0.0008189913
183190590.0636292398 0.0008865710
179155532.7730605900 0.0004738002
172223775.6032736599 0.0007012125
182787283.9790716469 0.0010487661
173779117.4829515219 0.0006995228
184185695.6526518762 0.0002583645
172224983.5056230426 0.0006035568
182884947.9265295267 0.0003006679
173190135.1318704486 0.0008602153
175463062.6118904352 0.0008202509
171938408.8814283907 0.0007420711
180253803.6146367490 0.0014630377
182202181.5778454542 0.0007056704
172811793.8675017953 0.0003246373
184181123.8869223595 0.0006533705
173111040.1873110235 0.0008478718
171633709.5520596802 0.0008827246
171767085.8233550191 0.0008706928
184109583.9689135253 0.0009365530
172090507.9679969251 0.0008016492
172137798.3662050664 0.0008341218
171973848.9422200620 0.0008951156
172798741.7060178518 0.0008426990
172428622.9454778433 0.0008929653
172213035.7947113514 0.0008667384
171676821.2883182466 0.0008469807
182444271.2242517471 0.0013747956
171606946.8368556798 0.0009185410
181288761.8816272914 0.0010445082
173383033.0070356727 0.0008598741
182141832.5724018812 0.0010705486
182946010.0312533379 0.0010058686
184329175.7764287591 0.0005857485
171510109.3936320543 0.0008909333
178293697.5367874205 0.0009578811
183677593.8006396592 0.0009024125
183444698.8834255338 0.0005650485
171552494.4745795727 0.0009258337
183496000.5195381045 0.0008369128
183863442.4229203463 0.0008339319
173813964.9686147273 0.0010188291
183747437.6309674680 0.0008957794
174835439.8323439062 0.0008452612
184287888.2891848385 0.0009118521
182337364.3869758248 0.0008261807
171762787.5232701302 0.0008874659
171560732.1327161491 0.0008833550
183366433.6880547702 0.0009675428
174421703.6633841991 0.0005688351
171619596.8509260714 0.0008848875
173420442.9912470281 0.0008528518
184191812.5667655766 0.0008785262
184977164.9658199549 0.0008567979
184115581.4163360298 0.0009028282
180280415.8573527634 0.0011550688
183755796.2734581828 0.0008405690
182629090.0398766100 0.0010383599
184047218.9696466029 0.0009064773
171744506.0190370679 0.0005399064
183154685.6131918430 0.0008996780
184064645.9055992663 0.0009234722
171740042.4828881025 0.0008734168
172741049.7568575442 0.0008346182
171902484.1286654472 0.0008880937
181203723.2370805442 0.0008526397
172023972.8845321238 0.0008923417
171929216.3877513707 0.0009376235
171810403.5235586762 0.0008942816
171778261.2331352532 0.0009373078
171822212.2920030355 0.0008872112
171811189.6676948965 0.0009374439
171554292.6001216769 0.0009042120
172274755.4940273464 0.0009325134
183772828.9440923929 0.0009145364
183694357.8512205780 0.0009503749
183465272.6529268324 0.0009041590
183682519.0869154930 0.0009689819
171542208.4089024067 0.0008921778
171933853.0680372715 0.0010441262
184083673.0176386535 0.0008825939
171980836.2715065777 0.0007022440
171836718.1083041430 0.0008892089
183467892.6736758649 0.0010194627
171727586.1060097814 0.0008894694
183040532.3990111947 0.0008566413
171522570.8869844973 0.0008885336
183835552.9410786331 0.0008632481
183616945.6291156709 0.0008969022
172372113.2001370192 0.0008337552
171460513.2634144723 0.0008888842
171550619.4216383398 0.0009041215
171520237.4250159562 0.0009195975
171961927.5026981235 0.0009248486
171880507.5664897859 0.0008610905
183824605.6736776829 0.0010305198
171589712.7130516469 0.0008736766
171628374.1757940948 0.0008206968
171549498.2861284912 0.0008898312
184452180.3801536858 0.0008273553
171619485.5024669766 0.0008685802
171760635.2935000956 0.0006918361
172130411.9358087778 0.0008838201
171886831.4865526855 0.0009065898
171451636.1278661489 0.0008323791
171840032.0055253804 0.0008249545
172559174.2904154062 0.0008006189
171409077.5113251805 0.0008243205
172044366.9555159509 0.0007677403
171462990.5859000087 0.0008278512
171502404.9537186325 0.0008285889
183909900.7305430472 0.0008191564
171526485.1545134783 0.0008476524
171523372.4673784673 0.0008268065
171531211.5603145659 0.0008229923
183968153.5576269031 0.0008019231
171572035.1529365778 0.0008099493
183678618.3676761687 0.0008227036
171740046.5762002170 0.0007653460
171419357.4261108041 0.0008337767
171350056.3334516585 0.0008669884
171361735.9830692708 0.0008480673
171691256.2337722480 0.0007665909
171811483.7334820926 0.0008608885
171533824.8625657856 0.0009661336
171417087.9525366426 0.0008651209
171630657.7538837194 0.0009003419
171446905.3450698555 0.0008780029
171794570.6445060670 0.0008988679
171716272.9745963812 0.0008958850
172023187.5134392977 0.0009088103
171429229.7723829448 0.0008941677
172123280.5961109400 0.0008621048
171580222.5431160331 0.0008757586
171618012.4287849665 0.0008599409
171853406.8244529963 0.0008646064
182901644.4560070038 0.0008900869
171351255.4969600439 0.0008846393
183363079.0116166770 0.0008852629
171443798.1547951698 0.0008665982
171399549.9227685332 0.0008449415
171435561.1154470146 0.0008580986
173464176.7487211823 0.0008366313
171547956.4679471552 0.0008426353
171527812.0393398404 0.0008795368
171866263.4499261975 0.0008706196
183754158.3471543193 0.0008770209
171347977.2817485034 0.0008316850
171566276.0786808431 0.0008042825
171355508.0807100832 0.0008326487
172483240.8006660640 0.0007641755
171852598.3727699220 0.0008255945
183421789.2315168679 0.0008416678
171710155.7769758403 0.0008312893
171592725.0214488208 0.0008375957
171768350.6882952750 0.0008338910
172237100.6165447235 0.0008229246
171366265.7982093990 0.0008238771
171766918.3966054618 0.0008219978
171374698.4244154096 0.0008294624
171430847.4018061161 0.0008007825
171389812.8067800105 0.0008304731
171654091.7800903320 0.0008559292
171353606.5965960026 0.0008304129
171572446.3197299242 0.0008192196
171323747.9737178981 0.0008376810
171451993.9570517540 0.0008770359
171801254.7917894423 0.0008427144
171464583.7864337265 0.0008362264
171392506.2362379134 0.0008406607
171384772.9405143857 0.0008557249
171318153.6612752378 0.0008349180
171339078.7822915018 0.0008341660
171347277.2685105205 0.0008304946
171803237.4920908511 0.0008555882
171401647.8793818057 0.0008309144
172009835.7181104720 0.0007816147
171797636.0760108531 0.0008389193
171538011.0743131042 0.0008323063
171323115.7939280570 0.0008365065
183767285.8683845103 0.0008358952
171654383.3141895235 0.0008306750
171412722.4833546579 0.0008386353
171708210.8761713505 0.0008453010
171696448.7936289907 0.0008525140
171767915.7719821632 0.0008323126
171385060.8629054129 0.0008276542
171475844.6010664999 0.0008440426
171312416.0648427308 0.0008395975
171752753.0386186540 0.0008574981
171840577.3262241483 0.0008384727
171357705.3314803243 0.0008416449
171336106.3579438031 0.0008400881
171809662.4902730286 0.0008354533
171323038.0823863149 0.0008365450
171335039.0850104392 0.0008485951
171398245.8220819831 0.0008352837
171399866.6570646465 0.0008371321
171340344.7997571528 0.0008355100
171670993.3894332945 0.0008331408
171372462.5642737448 0.0008405215
171437341.2370368838 0.0008467726
171797459.6234819889 0.0008365156
171851576.1300852597 0.0008554972
171831312.7678948939 0.0008411521
171521280.4431132078 0.0008185552
171354107.2386177778 0.0008449578
171378065.4370351732 0.0008401518
171843338.9674240351 0.0008375435
171493708.6404551864 0.0008296082
171380947.2130703330 0.0008361300
171545623.6159532368 0.0008389389
171313335.7384491563 0.0008389074
171530658.2844188213 0.0008205821
171784283.6577005684 0.0008402665
171788957.0085280836 0.0008358929
171815980.6938310862 0.0008440141
171348113.6754079759 0.0008263116
171789931.2361673117 0.0008435837
171323369.3117251992 0.0008405029
171320669.9755280316 0.0008484764
171328527.9114794135 0.0008406175
171336025.9507097900 0.0008389760
171332634.9993868172 0.0008382952
171333691.8869493306 0.0008412670
171831985.7039071321 0.0008430518
171677976.5144391656 0.0008383927
171314216.6197399199 0.0008441716
171400733.1983240247 0.0008275337
171851514.3227562010 0.0008397989
171355320.0457236171 0.0008406954
171837128.7816734016 0.0008408024
171779403.6531547010 0.0008422800
171350967.2822882831 0.0008398687
171414894.5165041387 0.0008404867
171376720.7266988158 0.0008334790
171796308.4227460027 0.0008435944
171844280.9359408021 0.0008386904
171397557.6773728132 0.0008419045
171835970.7930956185 0.0008398489
171367542.7834410667 0.0008383329
171858259.3187054098 0.0008390258
171345198.3200916052 0.0008340447
171825658.5632761121 0.0008401155
171324145.8214411139 0.0008349101
171853085.5056453645 0.0008417051
171309930.7962831557 0.0008378155
171826607.5248819292 0.0008359172
171499193.3039814234 0.0008320731
171310513.7137701213 0.0008378383
171364476.5506768823 0.0008362931
171311298.6090824604 0.0008389442
171333718.9715557694 0.0008326576
171311184.1644058526 0.0008371711
171461758.5787823796 0.0008448202
171313272.5891400874 0.0008384480
171438802.9665408731 0.0008386289
171328121.2134862840 0.0008382404
171308422.4993503094 0.0008379078
171830638.4864463508 0.0008378858
171371206.7824528217 0.0008420542
171334953.4374434054 0.0008380244
171729196.4180867970 0.0008432675
171319006.5293676257 0.0008374147
171743105.0326731503 0.0008413255
171809614.2848073542 0.0008369017
171836442.0657048523 0.0008421586
171411626.1199512780 0.0008354664
171844904.4029295146 0.0008367735
171366966.8411711752 0.0008356717
171311650.8746267855 0.0008380606
171342210.7630991340 0.0008394122
171307876.1039878130 0.0008370460
171312392.9329903126 0.0008394805
171313886.3782820702 0.0008372127
171310539.3851096034 0.0008361752
171311471.2917239666 0.0008378155
171839578.5170342922 0.0008348272
171312726.4827429652 0.0008368340
171814157.7618609369 0.0008376696
171326437.4629892409 0.0008354372
171335026.8045096695 0.0008288796
171311759.4584473670 0.0008365354
171366597.5202582479 0.0008389191
171305232.6548611820 0.0008367292
171369290.6258889735 0.0008428806
171300186.0350168347 0.0008370134
171307153.5572945774 0.0008377300
171838874.1739283502 0.0008380548
171824840.6676400304 0.0008371481
171843842.7272945344 0.0008371155
171314738.4601303637 0.0008384379
171822271.7169717848 0.0008372489
171835268.2358697057 0.0008389236
171842730.7419378757 0.0008372221
171374574.6132504642 0.0008327443
171821928.7653270662 0.0008372382
171355785.6139968038 0.0008355830
171307862.8600926697 0.0008373700
171323895.3025092483 0.0008347605
171314025.3264483511 0.0008368734
171359904.5540306568 0.0008379335
171807251.8761957586 0.0008384444
171335071.3531801403 0.0008367727
171834503.1554054022 0.0008364110
171345243.7922757268 0.0008365340
171817695.1814978123 0.0008387852
171302499.3113717139 0.0008370965
171814462.1489028335 0.0008396712
171844937.4709766805 0.0008374795
171315916.3980429471 0.0008333743
171300849.6431469917 0.0008365864
171314855.4081438780 0.0008355341
171300286.2541532218 0.0008367046
171348314.9356987476 0.0008395092
171845271.2459997535 0.0008374060
171304835.2032048404 0.0008379020
171317085.2654322982 0.0008369051
171843138.9476606250 0.0008369015
171301328.0702117085 0.0008371654
171301361.3966304064 0.0008371054
171302692.0079629719 0.0008370243
171843519.6953464448 0.0008368426
171314899.0587738454 0.0008362105
171841101.7763660550 0.0008371050
171315157.9476528764 0.0008363782
171845023.9804491401 0.0008370624
171843290.2764756083 0.0008374248
171840417.9466325045 0.0008369259
171835181.8047870100 0.0008369696
171300068.9575131536 0.0008369957
171304647.4942895472 0.0008364237
171301837.9808127880 0.0008367068
171304963.5684515536 0.0008363267
171844264.5124328434 0.0008369887
171306513.7046022415 0.0008368618
171301463.9035942554 0.0008374158
171315371.6020545661 0.0008366582
171303041.7396747470 0.0008372384
171305800.6493578851 0.0008372279
171307004.1498906910 0.0008372604
171308252.6834073067 0.0008368027
171300552.8671288490 0.0008371617
171840572.1596207619 0.0008363397
171300132.7533789277 0.0008372447
171307821.7246670723 0.0008366865
171304453.1625850201 0.0008365817
171837772.8091886342 0.0008377403
171843225.9808531106 0.0008370548
171310924.0581434965 0.0008361651
171843077.4676510394 0.0008371325
171836773.2986093163 0.0008366193
171302202.1322887242 0.0008362894
171316972.8746127784 0.0008370728
171301926.4624844491 0.0008372446
171303029.3189435899 0.0008371026
171844592.5072359145 0.0008372116
171839622.2484275103 0.0008374588
171303899.5778399408 0.0008365697
171305771.5778242350 0.0008373490
171846069.1607038975 0.0008367943
171303940.0306418240 0.0008382231
171844827.9932908714 0.0008367330
171844895.9494678676 0.0008372451
171844967.2862785161 0.0008370326
171303886.5256293416 0.0008365772
171845403.3148145080 0.0008370637
171845324.4462381005 0.0008367994
171845546.9254428446 0.0008371203
171840690.6958094239 0.0008372342
171844744.2724310458 0.0008369533
171310494.3653002679 0.0008366858
171301031.3077295721 0.0008369881
171304081.9653118253 0.0008367198
171300748.8532590270 0.0008369829
171302795.0266626477 0.0008369279
171845091.6921985149 0.0008370635
171301234.1364025176 0.0008372397
171845159.8161677420 0.0008369523
171845470.7319748998 0.0008367234
171300249.8122344911 0.0008373931
171300161.2821737826 0.0008369456
171845197.7574491799 0.0008370037
171302027.7521029711 0.0008369005
171844640.1879788339 0.0008370157
171301826.1914321184 0.0008371179
171845456.8418452442 0.0008369309
171303057.4906056821 0.0008370597
171300138.5132780075 0.0008370361
171302535.4101678133 0.0008369459
171301440.3520991802 0.0008369918
171844170.1617162824 0.0008370987
171300127.5581842363 0.0008369534
171301159.0208562613 0.0008366927
171301126.5512946844 0.0008369412
171300519.7969105244 0.0008370118
171845614.0930578709 0.0008369795
171302166.0981689990 0.0008370433
171845581.3285119236 0.0008369663
171303179.5382061005 0.0008370390
171300533.2247978151 0.0008369667
171844855.8991377354 0.0008368558
171300723.7952274382 0.0008369581
171299968.4634877443 0.0008370503
171845415.0363024175 0.0008369937
171300815.1568639576 0.0008371608
171300670.1494089961 0.0008370197
171845073.0419574082 0.0008369431
171301496.6640826166 0.0008369909
171844643.6885653138 0.0008371244
171845239.8590387404 0.0008370230
171300826.1964643896 0.0008369567
171299993.4999411702 0.0008371070
171305798.0668419003 0.0008369112
171844469.3836533129 0.0008372506
171844992.5175552070 0.0008371695
171299964.8743563294 0.0008370579
171303258.9132349789 0.0008368606
171845442.1669991314 0.0008369916
171303620.3905677497 0.0008370486
171301108.2053655684 0.0008370611
171303023.5137990117 0.0008367011
171845009.8438203931 0.0008370597
171301768.8068917692 0.0008367462
171300673.4091813266 0.0008370721
171845673.9875005186 0.0008373627
171300418.6352160573 0.0008370779
171843859.3934255540 0.0008370120
171844798.7822701633 0.0008370334
171301761.1022415459 0.0008370700
171845526.0348190963 0.0008370683
171843739.1270693243 0.0008369384
171843395.0485870242 0.0008370842
171300207.8165073991 0.0008372132
171300162.1490992308 0.0008370664
171300374.5207583904 0.0008371140
171845331.1096522212 0.0008371072
171301280.9287324250 0.0008368714
171845397.2623125017 0.0008370422
171301952.5547826290 0.0008371515
171300128.2561334670 0.0008370494
171845457.8232824802 0.0008371043
171845380.0542427599 0.0008370531
171845670.9373974800 0.0008368922
171845346.7008062601 0.0008370283
171300099.7633602023 0.0008370235
171300149.7995540202 0.0008370505
171300602.0130339563 0.0008370046
171845447.7855218649 0.0008370467
171844681.4842047691 0.0008370818
171300232.9024617374 0.0008370281
171301332.1530238390 0.0008369913
171300413.4258240759 0.0008370478
171303119.2750538588 0.0008371546
171300042.6524687409 0.0008370488
171300649.5462070704 0.0008371401
171845539.8739094436 0.0008370622
171300902.1056437790 0.0008370512
171299964.0074067712 0.0008370562
171299998.0542288125 0.0008370585
171845125.9023954272 0.0008370818
171302300.3256936669 0.0008369962
171300689.6480036378 0.0008369984
171845387.0154071748 0.0008370813
171300068.0728658140 0.0008370567
171300162.0416559875 0.0008370555
171300066.4119585752 0.0008370548
171845321.9741702676 0.0008370819
171300059.0652075708 0.0008370615
171300157.1874215901 0.0008370880
171845400.9401897490 0.0008370675
171300907.5976778567 0.0008369763
171300105.6556493342 0.0008370497
171300107.6769216657 0.0008369936
171845293.9741814137 0.0008370580
171300835.0039135218 0.0008370581
171300309.9230583906 0.0008370234
171845546.4138852358 0.0008370501
171299930.8078470528 0.0008370561
171300011.7260735333 0.0008370634
171845361.8862181902 0.0008370544
171300746.7639464736 0.0008370543
171843919.4216753840 0.0008370862
171299975.5294531584 0.0008370655
171300535.4696435928 0.0008370853
171300003.8735220730 0.0008370507
171300123.7549246848 0.0008370503
171299919.6612002552 0.0008370558
171300313.2053935826 0.0008370453
171299870.6739963889 0.0008370610
171300175.7755631804 0.0008371016
171299920.5529853106 0.0008370516
171300155.9102199972 0.0008370508
171845606.5688631237 0.0008370566
171300230.0176430643 0.0008370630
171299857.6011069417 0.0008370666
171299983.0838230848 0.0008370530
171845578.3688978851 0.0008370664
171299906.7752393186 0.0008370479
171845561.3421327770 0.0008370696
171300013.2258943319 0.0008370608
171845624.7651749849 0.0008370675
171300011.7644961476 0.0008370546
171845597.5377848446 0.0008370707
171300043.7920480669 0.0008370436
171299932.0247043669 0.0008370602
171300029.8614627123 0.0008370663
171299910.0219644904 0.0008370539
171300080.3372316062 0.0008370500
171299919.9038061798 0.0008370631
171300921.3657366633 0.0008370514
171845518.1523841619 0.0008370783
171300239.7377544045 0.0008370388
171299840.7533915639 0.0008370710
171843806.2630972862 0.0008371011
171299836.3563279510 0.0008370792
171300625.7016270459 0.0008370727
171299920.5366599560 0.0008370789
171300005.2106730044 0.0008371010
171299876.2847071290 0.0008370723
171843803.7728359103 0.0008371092
171299894.7669002414 0.0008370745
171300781.0276882350 0.0008370749
171299821.9595658481 0.0008370754
171300186.5027013421 0.0008370722
171845539.9815734923 0.0008370792
171300045.0367340446 0.0008370469
115655837.0000000000 0.0008370469 1 0 0 0 0 0 0 0 0 0 0 0 0 0 0 