447179669.1992087364 0.0003696950
426258526.1147831082 0.0001328477
429755716.6258077621 0.0000190272
439090778.8709773421 0.0009115246
445850226.0711952448 0.0000339039
437280622.1460472345 0.0000064498
481116018.3697776198 0.0000005312
431778503.8841904998 0.0004686375
430170411.2583792806 0.0000005233
476110431.3504294157 0.0000000959
481942601.3584588170 0.0001861678
421371443.1784878969 0.0000149892
425504193.7430731654 0.0000228284
410065087.0605029464 0.0001699292
413484015.1166002750 0.0007083693
442743506.4419183731 0.0000905772
453004072.8861274719 0.0002451007
364225958.3591517806 0.0002154356
346736880.0225695968 0.0000326197
354049457.0036281943 0.0001653142
339418947.2982581258 0.0003163098
329022968.7698092461 0.0003636279
391998720.4103950262 0.0000612542
320615923.2239988446 0.0004747930
315807153.2159404159 0.0004935550
386454958.7758829594 0.0000596349
321144230.8626726270 0.0001138358
344758678.2328584194 0.0000980747
382243673.9439319968 0.0000113065
357878920.7286559343 0.0000520234
354059415.4391259551 0.0002630790
235142273.1024333239 0.0020380387
253148536.5198368132 0.0008594427
233961428.5193646848 0.0020418267
237117517.0449059904 0.0030675183
235586468.7375405431 0.0023607014
281819336.8271765709 0.0007973070
241059014.0001235604 0.0007199720
244447424.7785078883 0.0005921944
242799599.8830850422 0.0019786499
311783741.1389560699 0.0012013313
236520807.1901675761 0.0024999497
287946700.3722919822 0.0014616117
241512063.4242670834 0.0018889573
250618479.3927941620 0.0015223334
235228079.4082805216 0.0020736437
212506189.5978766978 0.0012366094
215565722.4503608048 0.0011766386
187361021.5377435088 0.0040887336
187030396.8128098547 0.0035401006
184217277.0415239632 0.0008593130
186220589.7735899389 0.0008113248
231515760.3402908742 0.0012643230
181306658.2636932433 0.0013501610
183030025.1111635864 0.0004701391
183410658.4422293603 0.0012405502
211025067.7917577624 0.0000503505
181243969.0796575248 0.0023382307
185703532.1005731225 0.0082862000
178365080.5645083189 0.0029637532
228829595.2399246693 0.0024531485
184382517.6892231405 0.0023384449
273009278.2742049694 0.0062103242
182708796.4538722634 0.0030088223
242400971.6650058627 0.0063341734
177438681.6985221803 0.0024590513
245117373.7359944880 0.0041954267
177791130.4881472290 0.0024597575
209063490.2054226696 0.0004958498
172787282.6838614047 0.0060705071
215965470.3641688228 0.0129380543
180282663.9069180787 0.0090331703
160474939.8288777769 0.0013827160
161985274.1998274624 0.0011748693
214435153.8434388638 0.0014275052
160568491.8311198652 0.0024620204
172325648.2517619431 0.0061341148
157303183.7709493041 0.0012426541
177894544.5708392262 0.0043084748
164496688.3551688790 0.0010572819
222175309.2040532827 0.0001925961
157981151.7415687442 0.0006295385
218093889.1509714127 0.0000217255
157211057.7747251689 0.0013169732
202487505.2917051017 0.0003277506
162872233.8083711863 0.0009994834
157527913.1056491435 0.0000101320
158142971.3470199108 0.0040147246
183755293.9563533068 0.0020065269
160425639.1477102339 0.0000607865
177441796.7666246295 0.0034762645
160299976.0132814050 0.0019961480
186975709.0443539619 0.0025671175
161742596.7760512829 0.0013002787
179540423.8056208193 0.0036805416
161782466.1040803194 0.0022437352
199982564.4064246714 0.0003754712
156268971.7024831772 0.0031957980
172098966.8169828951 0.0008275120
159003705.8632191718 0.0027020619
201240492.7628571689 0.0065708643
161225092.4758052230 0.0030219620
249189389.1969037056 0.0031822047
162718051.3661050200 0.0055436190
183051893.0704349875 0.0012971337
160940168.0469682217 0.0022430837
162855452.1108490527 0.0009426470
163078495.6365639269 0.0028628224
163190173.8986125886 0.0304501689
166412834.0075156093 0.0039198658
159911684.0883801281 0.0000354907
165673860.9369052649 0.0016810100
172203685.6898023784 0.0009514248
153147645.6716342270 0.0024767316
187955190.9925563931 0.0001865030
156073870.1130440235 0.0033921954
172927962.1798158884 0.0022105020
161836737.1727629602 0.0058647065
164170462.2648253441 0.0008835108
163969165.4409329891 0.0042851887
159333109.9876465201 0.0025341857
156162171.6237000227 0.0117680609
154123235.3658605218 0.0019382430
184064803.5852837563 0.0039748518
162638247.3191468418 0.0030381534
163852754.8568143249 0.0009181960
153497443.8403122127 0.0020544059
161100666.9638409913 0.0007863604
153911031.2940603495 0.0026023592
158513850.0055402517 0.0036500598
158506447.2564066052 0.0010198112
159266770.9367277026 0.0015690325
155329482.8297301531 0.0026120345
161414044.8115430176 0.0017956081
154747295.7876320183 0.0015779068
155111041.8903974295 0.0005411117
158839629.6488185525 0.0019429282
157851313.8555910289 0.0035991946
155059639.1560562551 0.0026652217
176157862.1108254194 0.0013107690
156095488.2292621434 0.0007695669
158182490.0180386901 0.0016352531
153607319.3040638268 0.0030623562
157420743.2881363034 0.0018502989
152738536.9265687168 0.0026132321
153870526.2142431140 0.0024462901
157614824.1889125109 0.0030402833
152781138.6123746932 0.0025251345
165603475.9099037647 0.0051385716
155850050.0332266390 0.0024521947
155999732.6863721311 0.0045706077
154334214.6746570766 0.0029823659
162570574.4204373360 0.0027467666
154234399.9686095715 0.0028210269
161346331.2677442431 0.0022742073
152456642.8781304359 0.0027040492
159842226.7584341764 0.0042881815
152162204.9833939075 0.0017989322
152640095.7451488972 0.0013397744
154824867.7705826461 0.0022573860
152594358.5716471970 0.0003426704
151250809.6138061881 0.0020307316
155531580.5533497334 0.0026269364
152609738.3995721936 0.0018048770
155532763.0760773122 0.0001778027
153182477.1397068202 0.0017429537
150680938.7753863037 0.0033218811
151079674.8398932219 0.0045814801
158178532.8214101493 0.0037967773
152930878.0053860843 0.0029353515
158589095.7101182342 0.0033645331
157702196.6202083826 0.0037621927
159000004.6359661818 0.0024605719
153159550.0688768029 0.0031221762
155411165.6250149608 0.0012619892
151435853.0825666785 0.0033880707
154935420.9088752866 0.0015437677
156910101.9319539964 0.0031061269
162224356.7432635128 0.0040843591
150856154.6398161352 0.0037412469
158496442.4154432416 0.0014833167
154061173.7590826750 0.0022328465
167255824.0783033073 0.0080972013
155315204.5962435603 0.0041356548
152897461.1354548037 0.0020969532
151658733.3379065692 0.0032910009
152901583.8693064749 0.0021166277
153955813.3691758811 0.0028565853
157012632.9953726828 0.0058449422
153095807.2020539641 0.0033385482
152538157.6120286286 0.0025483725
152534949.8679353297 0.0029745549
152679956.3515505195 0.0031697541
153463499.1360011399 0.0036530491
161881934.3576655388 0.0078426256
151439153.4879844487 0.0031609801
151999242.8484250307 0.0025934336
151644353.3856828511 0.0033296452
156948335.0439155102 0.0042792324
156432589.2668983936 0.0037732083
151891753.1552132070 0.0058823978
150712567.3508931398 0.0037347908
153372298.7562130988 0.0029308418
152019077.0796575546 0.0032225820
164601112.1896310449 0.0025906212
151594666.5981926322 0.0034742606
166981737.1923710406 0.0050113400
153700547.4767984450 0.0045076108
154035407.2291831076 0.0034263255
151947288.9656215012 0.0028291856
165371160.2068622708 0.0058508154
155857914.8970681429 0.0036093310
151540901.8211784959 0.0061774118
151077935.4469301701 0.0027438356
168898491.3798717856 0.0019515401
157218067.2331562042 0.0036702203
159250869.9977795184 0.0042556323
150883090.2337753475 0.0037532000
165857524.6408731639 0.0051218652
150809873.5101603270 0.0034314720
165506950.4062427878 0.0048641689
153172672.2552320063 0.0044660619
155052759.4783223867 0.0076195785
157965135.1699664891 0.0032604744
168897279.5039981902 0.0018925540
152641944.5039996803 0.0032870647
166569731.1889070570 0.0021132224
152955237.9195814431 0.0032346993
167383151.4668428898 0.0023803132
159677964.6959471405 0.0028249784
152425951.5777065754 0.0032367710
160132880.1128792763 0.0041903035
152245620.7210763097 0.0035644694
152984429.5896225572 0.0025331842
153129662.4252883196 0.0037823891
161602887.8865269125 0.0026748307
150910682.3567638397 0.0031270915
153143577.1264828742 0.0039961416
153609589.4314297438 0.0032960432
151971548.4543617964 0.0018912502
153038928.0953390598 0.0034089472
151961495.0257958174 0.0053697914
151834876.6004292965 0.0031411149
151097101.3919700682 0.0026250340
155245556.8681086600 0.0034723117
150742150.4773435295 0.0030757996
151821115.8263854384 0.0034323991
151689192.0104958415 0.0033880913
152624644.2935870588 0.0036389808
150681792.7677888274 0.0032588218
154758344.2278105915 0.0027856109
151962738.8730912209 0.0032484583
151131171.7032006681 0.0038490577
150753176.2676422894 0.0032851275
153711844.4067290425 0.0028439972
151052973.5892742872 0.0033479709
151368000.1907040477 0.0030045145
153278326.9330134094 0.0033639373
151530040.5055591464 0.0029999137
152725885.0074430108 0.0032782401
158837259.2066136003 0.0032114213
150974651.5540378690 0.0034305839
151376606.0927978456 0.0033659422
153554014.5362850726 0.0032505030
152183596.6285146177 0.0032169688
151397767.8992125094 0.0036679092
152436651.3235699534 0.0038851850
153431155.1451860368 0.0032926558
153080932.7497151196 0.0028958132
153098735.9816972613 0.0032645955
152438923.9115890861 0.0032870950
150776321.5457542837 0.0032881258
154418392.3736062348 0.0037540482
151268209.8253528178 0.0033286067
151520926.6420404613 0.0032339388
150628784.1898306906 0.0032926612
152628099.9301238358 0.0034734637
150947540.2442867458 0.0034524950
152533189.3671523333 0.0034566995
153336070.1930156350 0.0031476899
150641293.8007217050 0.0032564504
152747177.9869095981 0.0033414666
150629599.2291205227 0.0032905056
154508372.3922169209 0.0031483732
151136395.7079864144 0.0033112796
150722333.3646940887 0.0032736871
153028224.5636439919 0.0034915417
153500370.5141361356 0.0033156966
150742836.5149025321 0.0031630884
150710984.9188556671 0.0033004409
152997954.9939231873 0.0031325149
150601165.5466537774 0.0032801996
153670152.3753500581 0.0033050830
150720076.3925409317 0.0032868641
151270632.6971992552 0.0033690731
150876106.6770555973 0.0032910281
150698474.2644008994 0.0033172539
150777032.3539530635 0.0032849564
152937677.1913207769 0.0033870904
150833340.9203303754 0.0032703076
151486869.5930415690 0.0031495693
153607695.4873812199 0.0032901525
150952155.9474306405 0.0031735238
150693995.5512863100 0.0032517976
150865346.6290694475 0.0032342015
150941918.7254292965 0.0032766019
152041388.0529815853 0.0032360299
150605528.5886853635 0.0032831676
153426011.6930352151 0.0032147533
153525415.3509864211 0.0032710370
150669676.7233073115 0.0033040462
153598710.5559993386 0.0032480257
150739523.8656089902 0.0032826587
150949487.1254908442 0.0032668687
153258880.8704475462 0.0032055643
153599522.7064812481 0.0032745995
153061823.2411984801 0.0032522856
150882924.4418804049 0.0032946363
153164792.9160409570 0.0031923338
153340953.4565149546 0.0032461728
150619582.0611195266 0.0032525969
153249876.1003980935 0.0032278470
153527949.7084479332 0.0032634773
150748635.1220916212 0.0033624761
153626269.2776976824 0.0032847180
150823727.0710551739 0.0034145134
153633540.8917554617 0.0032484678
150689126.4614540637 0.0032067506
150609831.4053451717 0.0032949434
150638974.2535935938 0.0032814241
150687600.6418556571 0.0032865227
150714306.5675357878 0.0032798676
150591444.3376618326 0.0033070986
153181597.8047019243 0.0033365714
150652776.6033612788 0.0032825864
151579961.7915544808 0.0033885682
150633385.4850357771 0.0032962433
151105292.4770871997 0.0032594789
150659299.7350462973 0.0033289424
153197805.3813587129 0.0033550659
153589345.1726730466 0.0033254302
153517616.4206852019 0.0032847301
153615721.6404718459 0.0032824460
153312691.3152249157 0.0033933378
150620667.8253606260 0.0033154443
153517877.3196366429 0.0032585005
150620466.6255483925 0.0032962864
153379645.4333166480 0.0032611461
153507855.6460433006 0.0032840675
150605563.6799427569 0.0033163647
153581448.4421328902 0.0032837258
150596898.0725094080 0.0033059573
153591954.9527297616 0.0032971719
153592634.2465736568 0.0033014863
150626064.3679958880 0.0033424200
150584520.0188060701 0.0033163813
153588763.5308591127 0.0033480321
153530984.7919939160 0.0033157155
150611999.5427289009 0.0033269200
150599119.9687178135 0.0033158945
150610740.4047156274 0.0033138327
153613685.6666167974 0.0033202538
150628798.4062158763 0.0033810273
150607903.1453592777 0.0033162529
150655163.7607668042 0.0033165321
150675345.5483842790 0.0033234761
150946848.2523451149 0.0033309746
150620349.9198395312 0.0033126688
153538210.3048767447 0.0033252762
150644595.8460961878 0.0033099583
150779228.2906663120 0.0033275578
153595123.9544098377 0.0033092775
150664632.8428168595 0.0033537724
150634776.4635450244 0.0033028202
153508989.7994792759 0.0033137546
150635922.6709131002 0.0033025238
150610273.3889181316 0.0033108023
150610158.8837828338 0.0033262927
153617045.4462922812 0.0033179567
153594661.7259472609 0.0033181011
150603180.6280730665 0.0033135671
150584849.4601379335 0.0033102934
153620397.3001343906 0.0033196493
153539418.8900532126 0.0033175460
153579709.4313538074 0.0033200789
150629900.0767022371 0.0033219524
150614909.9504717588 0.0033141528
150703981.6651966572 0.0032971417
150589368.7069877088 0.0033118645
150666135.9192152023 0.0033089480
153618634.1961663365 0.0033163820
153619151.4146896005 0.0033179494
153606408.3934485018 0.0033194200
153625711.2506152689 0.0033053286
150586374.5159935057 0.0033142842
153612083.4873112440 0.0033220736
150587560.6994766593 0.0033120194
150631483.2750579417 0.0033337558
153622607.0933510661 0.0033185981
153620085.8084821105 0.0033145459
150594785.5037969947 0.0033232432
150585802.2615922987 0.0033143958
153622071.3501237035 0.0033174395
150588214.1066606343 0.0033200230
150673053.0098670721 0.0033195593
150580175.0897883475 0.0033159336
150600928.8845825493 0.0033171087
150593557.6384121776 0.0033170667
153600798.1001855433 0.0033003440
153621888.1942118406 0.0033154044
153580204.9784149528 0.0033190700
150583965.7030005753 0.0033175601
150648950.1163338721 0.0033172938
150585234.9808494151 0.0033171358
153595350.6753530204 0.0033209333
153615088.2537586987 0.0033146076
150647078.5446866453 0.0033250393
150580419.0458163321 0.0033148395
153627268.5407021344 0.0033121911
150590818.9218644500 0.0033132734
150588285.0909042656 0.0033070427
153625965.5989642441 0.0033136560
150584462.7496608794 0.0033163322
153620034.0485906005 0.0033199574
150581305.0166360140 0.0033173214
153616739.7780135572 0.0033184596
153621572.0232623816 0.0033161059
150612015.3179584146 0.0033193137
153620471.0384936333 0.0033149105
153613677.6388255060 0.0033112411
153619212.3321548998 0.0033153762
150618999.3475823402 0.0033167793
153618707.7311384976 0.0033172891
150607884.7630506158 0.0033115043
150586331.5411172211 0.0033149338
150589163.4788164198 0.0033135097
153621920.7510155141 0.0033152729
153582519.5228429139 0.0033100668
150580600.9740548432 0.0033166966
150583611.2965248823 0.0033190307
150581026.3459583819 0.0033164246
150607607.3275865912 0.0033152209
150582849.8931475580 0.0033159670
150590774.0681124628 0.0033158547
153622659.4230121970 0.0033156256
150590572.7203695178 0.0033125745
153620589.9081627429 0.0033176597
153623464.9716107845 0.0033144652
153622421.2965017855 0.0033156616
150583234.2723999023 0.0033213692
153623198.2145276964 0.0033161583
150595211.0017508566 0.0033207177
150580761.1249944270 0.0033167945
153614561.3578556776 0.0033214902
153613111.4972076416 0.0033162444
150620364.4260892570 0.0033130273
153617668.1520000994 0.0033170222
150580345.7585009634 0.0033157272
150585470.2021601200 0.0033153025
150581728.0034563839 0.0033149471
150588200.3390785456 0.0033176923
150583563.1877053678 0.0033158507
150585234.8537925184 0.0033138295
153620778.4718208611 0.0033164779
150589396.0699122250 0.0033157988
150580087.4025726318 0.0033157475
153611730.1224924028 0.0033121823
153623589.4071963429 0.0033157791
150586935.0457881391 0.0033143102
150582330.3367951214 0.0033154772
150593524.5505341589 0.0033141340
153619559.9941544533 0.0033157323
150581499.6069914103 0.0033166714
150589077.1788052917 0.0033165653
153623298.5890015662 0.0033156957
150586020.6354282796 0.0033156270
150581221.1365079880 0.0033159322
153610578.6747781336 0.0033162866
150580496.2256926894 0.0033156913
150582016.2834668458 0.0033172527
150579828.4716234207 0.0033159601
153614704.4069053829 0.0033168886
153622610.9782656729 0.0033159661
150585422.6589087844 0.0033161394
150581876.6911598742 0.0033159960
150582478.2023024261 0.0033151338
153622597.8347464502 0.0033163263
150584156.3304017782 0.0033160130
150580676.7075259984 0.0033157277
150588641.0427793860 0.0033157610
150581345.1687288284 0.0033162033
150585080.2935559154 0.0033159900
153622753.6920804083 0.0033153714
153623521.8373101056 0.0033153564
150579845.9414147437 0.0033158816
150583918.4931490123 0.0033176622
150579820.7222015858 0.0033160705
150581463.8333564997 0.0033166422
150581808.2565321028 0.0033158737
150589067.6410144866 0.0033165339
150580005.4541369379 0.0033163712
150585571.5261595249 0.0033151792
150581166.8926433623 0.0033162788
150582664.4941987693 0.0033162835
153621885.3703779578 0.0033156946
150585909.0863454640 0.0033168694
153622134.6588539183 0.0033158703
150582851.2644060552 0.0033151034
153622384.3950412869 0.0033158813
150586249.8419638872 0.0033151781
150582373.3557609618 0.0033162629
153622963.9674868882 0.0033160280
153622262.9384661913 0.0033165404
150579778.7508244216 0.0033159283
153622276.6763744950 0.0033158797
150579661.6592900753 0.0033161032
150582093.0758656561 0.0033167662
150579821.7644587159 0.0033162098
150585352.8670095503 0.0033155761
153622375.1952986121 0.0033159645
150582733.5380769074 0.0033168281
150579833.3603616059 0.0033160484
150580058.0779903233 0.0033160761
150580187.5441807210 0.0033158603
150579718.5118580461 0.0033161246
153621686.1070688963 0.0033158564
150580265.5236470401 0.0033160612
150580561.0959792733 0.0033161377
150579920.0041003227 0.0033161292
153622298.3481718004 0.0033159659
150579715.3973371685 0.0033161331
153620613.0331704915 0.0033160104
150579873.8454570174 0.0033161628
153621683.4657597244 0.0033163913
150579671.3347589076 0.0033161260
150579720.1942940056 0.0033159519
150580053.6954755187 0.0033159650
153621666.6463565826 0.0033164085
150579744.0747547448 0.0033161045
150581248.7072094679 0.0033161411
150579915.3056842089 0.0033160443
150581157.1984909773 0.0033160474
153622612.4181836545 0.0033160851
150581873.0388928950 0.0033163482
150580521.0634826422 0.0033160645
150581646.6692277789 0.0033159454
150579795.9146599472 0.0033161129
150580768.6176777184 0.0033164529
150579661.5413766801 0.0033160754
150579758.2333658338 0.0033158458
150580270.9945327044 0.0033160455
150583127.9535529613 0.0033160282
150580341.3258125484 0.0033159747
150579808.0749536455 0.0033161178
150579926.8089465201 0.0033158880
150579776.2957996428 0.0033160597
153622587.4044237137 0.0033159824
150579678.0350864530 0.0033160897
153622308.1347071528 0.0033161221
153622651.6304534078 0.0033160398
150579810.7093305886 0.0033161338
150579858.2387125194 0.0033160847
153622965.1435769498 0.0033161064
150579767.6577219963 0.0033160681
150580015.9288285375 0.0033162404
150579931.7626436055 0.0033160584
153622867.2088612318 0.0033160862
150579647.4921202660 0.0033160377
150579652.9679588079 0.0033160651
150580153.5499246418 0.0033160232
150579738.4333682656 0.0033160665
150579643.6908904612 0.0033160118
153622777.6771940589 0.0033160190
153622814.0217120647 0.0033159623
153622745.6009208858 0.0033159937
150579746.9803801775 0.0033160583
150579670.3043778837 0.0033160195
150579605.3583905399 0.0033160020
150579763.0367889106 0.0033160191
150580428.3382889926 0.0033159756
150579660.4075633287 0.0033159872
153622744.6638119519 0.0033160501
150579675.0894458890 0.0033160002
153622725.9796682596 0.0033159412
150579654.2187650800 0.0033160157
150579766.3910415471 0.0033159015
150579712.2882102728 0.0033159681
153622654.4400637448 0.0033159514
150579678.3770139515 0.0033159884
150579625.7222744524 0.0033160730
150579641.2435942590 0.0033159998
153622522.5847866833 0.0033160226
150579725.2702302933 0.0033160029
150580139.0854687095 0.0033160079
150579616.9757629931 0.0033159902
150579884.2059366703 0.0033160554
153622775.3614729643 0.0033159720
150579825.0964341760 0.0033160806
150579674.1467496455 0.0033160017
150579834.8175134063 0.0033160655
150579668.3159326911 0.0033160148
150579667.9198932052 0.0033159731
150579691.3861054182 0.0033159993
153622726.8676180243 0.0033159874
150579636.4852634966 0.0033159961
150579684.1417046189 0.0033159774
150579644.8675938249 0.0033160055
150579689.9767856300 0.0033159760
153622803.4721553326 0.0033160030
153622835.0293008089 0.0033160001
153622841.3799905777 0.0033160030
150579660.3764308691 0.0033159908
153622783.6852329969 0.0033159844
150579758.2658838332 0.0033159991
153622706.9419299960 0.0033160236
150579722.8588482440 0.0033159591
153622708.6396092772 0.0033160436
153622735.1270889938 0.0033159548
153622698.1434724927 0.0033160054
153622684.7028714716 0.0033160832
150579746.0308182240 0.0033159888
153622833.8152663410 0.0033160020
153622629.3052679002 0.0033160138
150579614.6080717742 0.0033160083
150579738.7608515322 0.0033159602
150579647.1142240763 0.0033160081
150579614.8628401458 0.0033160050
150579722.1994983852 0.0033159987
153622830.1149661243 0.0033159993
153622832.9605857134 0.0033160228
150579600.4419854879 0.0033160033
153622837.5996713340 0.0033159972
153622830.8794355094 0.0033160005
150579683.0504339933 0.0033160196
153622818.6676116288 0.0033160049
150579656.1169093251 0.0033160172
150579604.3654536605 0.0033160012
153622810.6905950606 0.0033159911
153622805.1923164725 0.0033160016
150579740.6701020896 0.0033159869
153622818.3496722579 0.0033160145
150579633.4809218049 0.0033160095
150579631.3236159980 0.0033160027
150579792.3203598857 0.0033160056
153622805.8403585255 0.0033160067
150579677.6618620455 0.0033160047
153622816.1086876988 0.0033159989
153622761.4361641705 0.0033159940
150579622.6111117601 0.0033159980
150579665.1521690488 0.0033159861
150579603.1388391852 0.0033160016
150579691.3119505942 0.0033159961
153622814.8686672747 0.0033160044
153622790.7980339825 0.0033160026
150579617.4208949208 0.0033159979
153622729.1846729815 0.0033159831
150579603.5764252543 0.0033160010
150579623.9803824723 0.0033160312
153622813.3526216745 0.0033160129
150579673.4760862291 0.0033159936
150579606.9579946697 0.0033160054
150579637.7919190526 0.0033160256
153622825.1123553813 0.0033159994
150579595.2075073123 0.0033160315
153622788.7703422010 0.0033160354
150579797.2604977489 0.0033160313
153622803.7134254873 0.0033160271
150579612.3438169062 0.0033160501
150579607.9737733603 0.0033160288
150579657.9079879224 0.0033160527
153622796.6830175519 0.0033160313
150579661.5612200797 0.0033160391
153622795.7780388296 0.0033160344
150579646.4514164925 0.0033160280
150579594.0275858343 0.0033160310
150579647.3965247273 0.0033160386
153622795.4751237929 0.0033160324
150579665.5605621040 0.0033160206
150579605.4897400439 0.0033160302
153622409.4465768635 0.0033160337
153622807.4550776482 0.0033160297
150579661.6268931031 0.0033160282
150579600.9999867976 0.0033160335
150579688.3211104274 0.0033160287
150579608.9493088722 0.0033160311
153622409.4465641081 0.0033160337
150579646.2371177673 0.0033160255
150579595.9247308075 0.0033160308
150579638.7869930565 0.0033160237
150579597.4022603631 0.0033160277
150579611.2420619726 0.0033160313
150579597.4225527942 0.0033160309
150579669.6864552796 0.0033160320
150579595.3726957142 0.0033160306
150579626.5893470645 0.0033160421
150579599.9743607640 0.0033160308
150579642.2597953379 0.0033160236
150579595.1515558362 0.0033160313
150579643.6540589035 0.0033160282
150579594.6830101013 0.0033160303
150579613.4968641698 0.0033160237
150579603.2618798018 0.0033160311
150579604.4480482638 0.0033160332
150579601.8394440114 0.0033160361
153622608.6323419809 0.0033160324
153622802.7654722929 0.0033160294
150579636.0420755446 0.0033160331
150579601.9585529268 0.0033160317
150579682.4971948266 0.0033160313
150579605.4208308458 0.0033160341
153622608.6323402822 0.0033160324
153622800.6364014447 0.0033160296
150579605.9348542392 0.0033160351
153622800.6837238073 0.0033160324
150579597.0169310570 0.0033160275
153622708.2252717614 0.0033160317
150579594.0651406050 0.0033160313
150579640.3309808075 0.0033160313
150579595.4370366335 0.0033160295
150579616.7326828539 0.0033160313
150579592.7804247141 0.0033160305
150579615.5560100675 0.0033160289
150579592.2071860135 0.0033160298
150579607.5554637909 0.0033160339
150579592.2317970097 0.0033160304
150579633.8993222415 0.0033160293
150579595.2656338811 0.0033160304
150579617.7879112661 0.0033160305
150579594.1450482607 0.0033160284
150579621.9845620394 0.0033160247
150579595.6062168181 0.0033160302
150579617.2480966747 0.0033160309
150579593.3927574456 0.0033160289
150579616.3209701777 0.0033160289
150579592.8902601004 0.0033160294
150579617.0179865360 0.0033160256
150579594.4873611629 0.0033160293
153622705.6665131748 0.0033160305
150579590.8076588511 0.0033160299
150579617.3723619878 0.0033160291
153622803.5371278226 0.0033160305
150579604.1922915876 0.0033160280
150579594.8183811903 0.0033160297
150579635.7036748230 0.0033160291
150579593.2342796624 0.0033160296
153622704.1870734096 0.0033160306
150579594.1051193774 0.0033160298
153622704.1870736778 0.0033160306
153622800.1257015467 0.0033160301
150579607.4433013499 0.0033160294
153622800.3460066319 0.0033160308
150579605.9790487289 0.0033160302
153622753.9835450351 0.0033160302
150579590.3001049757 0.0033160301
150579612.3598985374 0.0033160306
153622801.1844058037 0.0033160298
150579597.9796976149 0.0033160305
150579590.4456985295 0.0033160297
150579593.0053079128 0.0033160276
150579592.1921260059 0.0033160300
150579591.9692147970 0.0033160309
150579590.9173944294 0.0033160295
150579594.7117489278 0.0033160317
153622802.1529788375 0.0033160305
150579594.4843034148 0.0033160283
150579590.3705181479 0.0033160302
150579593.4328160286 0.0033160283
150579590.9363105893 0.0033160307
150579598.1189255714 0.0033160284
153622802.8903737962 0.0033160303
150579602.7241550386 0.0033160293
150579593.3364162147 0.0033160302
150579618.6247247458 0.0033160293
153622802.8214626014 0.0033160300
150579602.2194892466 0.0033160299
121273228.0000000000 0.0033160299 0 0 0 0 0 0 0 0 0 0 0 0 1 0 0 