642068986.1999561787 0.0000009890
617714387.0506490469 0.0000003415
617995945.2954276800 0.0000000584
620059466.2074455023 0.0000000015
644006866.4055213928 0.0000000969
637393774.5733518600 0.0000000164
682639606.0150771141 0.0000000007
621607272.7227591276 0.0000012535
667267683.4039934874 0.0000000025
733759977.4447237253 0.0000000007
702530275.4675337076 0.0000004952
591489250.6783550978 0.0000000479
698269066.7575025558 0.0000000568
589993155.8149749041 0.0000004368
605032168.1499341726 0.0000018952
664777772.1886596680 0.0001935371
650425631.0665314198 0.0000006503
583363872.8160364628 0.0000005469
580451524.1660581827 0.0000007400
589684036.5564165115 0.0000034095
584667413.0673195124 0.0000063798
563007850.1890559196 0.0000010911
659758039.5276465416 0.0000022404
530541529.2840476036 0.0000018277
523900097.8609164953 0.0000033692
652464374.1522951126 0.0000014967
567819536.7222436666 0.0000010057
605610442.9269232750 0.0000018867
654211723.8390457630 0.0000013291
575037964.8441022635 0.0000016422
623353111.4348076582 0.0014928229
382610521.8027997017 0.0001356915
436513096.2449221015 0.0006249426
392218516.7916861176 0.0001660213
450657615.5153368711 0.0008969765
375356375.4978991151 0.0000170960
469069112.5726118088 0.0012008155
374886330.6507889032 0.0000274675
472447561.5823563337 0.0007345310
362968225.3442399502 0.0000498038
393349548.2069377303 0.0010097536
359796946.2050985098 0.0000536950
307320170.5071640015 0.0002273041
312522662.3709530234 0.0002256215
332024688.7610012293 0.0000004654
310318699.4173820615 0.0000073302
411491836.3666096330 0.0000078153
309274246.2095221281 0.0002418063
340850438.7106947899 0.0000402725
341019185.6284909248 0.0000544802
335796885.8923457265 0.0004205269
312191630.3823553920 0.0002743405
369493153.1015993953 0.0140644325
333996530.0377314091 0.0004327924
318780113.8720259666 0.0001047688
306993306.2063561082 0.0002800867
322305505.9858077765 0.0000084735
306343442.8039329648 0.0002733570
331769129.7192893624 0.0002060048
294222462.5263798237 0.0002464102
272638753.2280310988 0.0003984574
289739643.5788670778 0.0003865629
370409883.4883131981 0.0000361980
268533321.8730772138 0.0006603200
273014718.5224338174 0.0000358532
260965791.1523463726 0.0008779806
265434952.5479760170 0.0001097629
263354354.7186492085 0.0008836600
335807440.5542901158 0.0003803241
270414336.4658370018 0.0011831707
282366584.7687849998 0.0000647204
255034596.3134841919 0.0006417709
288936083.4112589955 0.0003171177
260201369.9883847833 0.0005281179
303329873.0870277882 0.0000330679
253767122.4234914482 0.0009863828
299858137.3914511204 0.0001927309
260849059.7600773871 0.0008697165
365325896.7715549469 0.0001637348
258819161.6717538238 0.0006025795
307818548.1911609769 0.0006362833
257721193.7367975414 0.0000267987
299484518.1342831850 0.0036698447
257611362.7392682433 0.0006396663
237351195.6642610431 0.0019475146
242300567.0528860390 0.0022417204
245426254.2786584198 0.0021698431
239148531.9416488111 0.0020946933
262623033.5879182518 0.0631918007
238015985.9870389700 0.0028231427
286487540.2312142253 0.0011339709
230256175.6310385466 0.0016684429
259624359.4577333629 0.0007781761
237621969.7072251439 0.0010954563
280311431.8952131271 0.0004291160
233674111.0441785157 0.0020470305
292309106.1319542527 0.0000860002
231775723.1608779728 0.0017880414
266016254.6702451110 0.0046504971
223686785.5906950831 0.0011247955
220072043.9161578119 0.0005963498
222838233.1756840646 0.0000819345
218182445.4308060110 0.0005294916
217167078.3996305466 0.0003319713
246348327.8573224545 0.0002054090
218488077.7255698442 0.0005412477
286158486.9925531745 0.0013009716
226454234.5358861387 0.0003438140
206823780.0814620256 0.0000668547
216349034.2547127604 0.0000576246
278990109.4465281367 0.0018554941
209126869.7373123169 0.0000366718
199091414.1681324542 0.0000009520
229131966.3163261712 0.0000092483
218971988.6139053404 0.0000006604
195339302.6577458382 0.0000683136
269712282.8292192221 0.0000106554
231602023.5383483171 0.0000777091
215256299.9781830311 0.0006238715
200583990.8528161645 0.0001741303
240281083.8902761340 0.0000035644
205887050.6951879859 0.0003719246
232186158.7953541577 0.0084692983
228127565.1865108609 0.0006269090
264805666.1142633855 0.0000300207
216075608.0275252759 0.0000106053
255686214.1017213464 0.0010328076
200331040.9350700676 0.0001224530
224978303.2867046595 0.0000037309
206037513.0843054354 0.0000055009
296101981.8682668805 0.0000108612
196456955.2601516843 0.0002170038
228781010.5790378749 0.0033679742
199345673.8967062533 0.0002373528
236191724.9704749584 0.0005243357
199873609.3636412024 0.0000110392
222428220.9794493020 0.0002834495
193720298.5452004373 0.0000050582
206561184.5520903766 0.0002614952
189852839.1791467369 0.0000398013
258325872.6257603765 0.0026635987
207872504.6357450187 0.0005111611
247535496.3974148631 0.0058417431
196965052.5094888210 0.0003444779
261306384.7815599740 0.0030822037
216718318.8956271410 0.0000398619
215301255.9264304042 0.0024968702
193683735.6855434477 0.0001839079
292655204.9695181847 0.0005347661
193730784.2636540532 0.0000240052
199007860.6107327640 0.0267056564
190469590.0305836797 0.0002248005
229187596.7209751904 0.0000014272
189998427.0356397629 0.0000009978
262231391.6085655987 0.0054965883
215914766.2343987525 0.0000879492
217974119.7830146849 0.0000025161
191880862.7410340309 0.0000413034
256116169.0210267603 0.0005023653
189134969.0874916613 0.0000010956
265018322.9499730766 0.0006955098
191378872.5840401649 0.0003013397
254997934.7478626072 0.0000001510
193198565.9318194091 0.0000548313
239044063.2047915161 0.0012060275
218233883.0777533054 0.0001351203
222175519.9691689312 0.0003174381
194446347.8925285041 0.0000339327
233374137.0671391785 0.0062979881
213030879.8277541101 0.0000146777
284547634.8972604871 0.0008089342
189179639.9764344096 0.0000810882
290998525.0381746292 0.0022983526
187326082.2272253335 0.0000188120
246405288.7983872294 0.0008384001
180360254.7520395219 0.0002774295
229227077.6073948741 0.0000693007
190546326.2388404012 0.0000671724
266084037.1940322518 0.0000090449
191301348.5264351964 0.0001683335
188038905.0916476548 0.0000570986
181730363.2485156655 0.0001926957
193340180.4200195372 0.0001724304
197317327.7059112787 0.0001648059
253715487.0450391769 0.0027216089
194432367.7632218301 0.0001828515
231003974.9987041950 0.0000453046
201718200.3768083155 0.0001834404
216079144.5616285503 0.0000805062
204931888.9014497399 0.0001533604
194546911.3593644798 0.0004000433
181267882.8501961827 0.0009019284
204187899.7043093145 0.0044965565
183462650.7665407360 0.0003909941
237754196.8439784050 0.0030218470
188733743.7459076047 0.0005038693
257926751.7615325749 0.0000000607
193849323.2374845147 0.0004430009
259821836.9388139546 0.0000032590
183311733.7520296872 0.0005189016
264634980.7324065566 0.0000073310
206803271.2129161060 0.0000066683
256087370.6742181182 0.0000280245
191915285.7829503715 0.0001642862
182441339.4118146300 0.0002323296
190359167.0751016438 0.0003919612
181835453.4144532979 0.0004765789
196728515.4992198944 0.0002077652
191167310.7699144781 0.0002426010
207361357.7429390848 0.0000187734
194722017.5643178821 0.0006217377
217626754.4404752851 0.0011735797
188985345.4801752269 0.0001554509
192933462.2005774379 0.0011295497
193851142.3843837082 0.0011122463
185786348.6686357558 0.0000006525
179724257.0126145482 0.0002393535
189885854.4343081713 0.0003121545
178045409.0573944151 0.0002323076
178573871.0196500123 0.0000684601
176967573.0957926512 0.0005680809
179986475.7120937109 0.0012115859
174290137.5956175923 0.0006345915
175507761.8275932968 0.0012223055
182041586.8496686220 0.0005947197
168682765.4227964282 0.0003385340
176235706.0616829395 0.0006835381
184505856.3617979288 0.0000306033
168698676.6500128210 0.0003578406
167292355.5235782564 0.0000970907
167043837.7016388476 0.0001979152
194480531.8405087590 0.0004080212
172583391.7136816382 0.0001026310
168595474.4395259619 0.0001923322
169707359.1860504150 0.0002001923
166436890.9396576285 0.0001000155
168038140.5249564052 0.0003373389
178366394.4830033183 0.0007202328
164106004.0004829764 0.0000773086
164980868.8323727846 0.0000646958
163198842.5117265880 0.0000548827
165421610.2492129207 0.0000003970
163243097.0080463588 0.0000379578
179862376.6389183700 0.0003081687
163431637.2739442587 0.0000442922
169803763.8851407468 0.0000569537
167844808.4891746044 0.0000328946
179558065.7114977837 0.0000255374
167532700.5464990139 0.0000098577
163107884.3743736446 0.0000169798
166187572.6217846870 0.0000264512
184841145.5295505524 0.0000013146
165964018.4613904059 0.0000031557
225150888.2166084349 0.0000005599
164296884.7807216346 0.0000062984
176479506.8853052557 0.0003427220
164005673.6803029776 0.0000106495
169082136.0115779638 0.0011897640
165673498.9002871513 0.0000064606
174915850.2277836502 0.0000974789
162875438.0394525528 0.0000273870
155743001.0303449333 0.0000218747
159386861.5851497948 0.0000195421
166052660.0936209857 0.0000043073
154935952.0599634051 0.0000123819
163619830.3357417881 0.0000144514
154937970.0744718313 0.0000429116
173312566.6254303753 0.0000625169
161392742.3076704144 0.0000063325
176265888.3925690651 0.0000012896
155206511.0817155540 0.0000227677
154535010.8038865626 0.0001365764
155839347.4590568542 0.0001052110
205367886.8272945881 0.0003606678
153972079.2162983119 0.0001518288
163492045.1589995325 0.0000058192
161858377.7413501441 0.0002979387
155611460.9942215979 0.0019156399
155388804.6037958562 0.0002217785
167962995.9779158533 0.0002301247
154299254.6554571986 0.0001751524
163591413.9463249743 0.0000012768
154436017.4274816215 0.0000316652
185180416.4129469693 0.0000214507
160736987.0227374434 0.0001772944
162623986.2172203660 0.0000077101
158331994.7246127129 0.0000630112
166885751.2567564249 0.0007081755
154911055.5646950006 0.0000955897
154915154.7474696040 0.0000010490
155005220.8925868273 0.0000599247
155268291.5984624922 0.0000000022
157029592.2735302448 0.0000556542
165206268.0964129567 0.0030192154
158938020.5683456063 0.0000468473
202051870.1945098042 0.0003809690
163450628.5787194967 0.0003267746
170812081.6917916536 0.0000334618
165276627.1577161252 0.0003577776
164926984.2536146343 0.0000989189
160849063.6469889283 0.0001640213
189046737.0793988407 0.0001192786
154292762.1159412861 0.0000290729
167926103.7919992805 0.0004736848
159997181.6030289233 0.0001757038
167692056.5828133225 0.0027920840
162102884.8988452256 0.0001122236
165369544.5683313608 0.0001886731
156810357.2376740575 0.0003187975
180474661.7568573952 0.0000863011
156451018.3741030395 0.0001796871
173797340.6513835788 0.0000497276
154589261.5888930261 0.0002677128
176999254.1351070106 0.0001126911
155330495.8926352262 0.0001036569
177194806.5966698825 0.0001088688
167462750.5940534174 0.0001729590
155540004.6794914901 0.0001551563
159740743.1401081085 0.0001190301
154541215.0251092613 0.0001769986
154100680.2613535821 0.0000561573
154750180.2107999623 0.0002089159
164956404.1838452816 0.0000474102
156734818.0083421767 0.0001696544
166918886.2825315893 0.0001894878
155348683.6272297204 0.0002318778
163863968.6181603670 0.0002632491
154158688.1207060814 0.0000748046
154078107.7601927221 0.0001520482
166465520.0206773579 0.0000000875
160297717.5520358086 0.0001609147
154799426.5678035617 0.0001153184
156435370.7788997293 0.0002038084
156650144.2781942487 0.0001912840
160765947.4793680608 0.0000815123
156698024.9491025805 0.0001538203
154897182.1511707902 0.0000759878
154280567.2876270115 0.0002003111
154883846.2795084119 0.0003661081
154147323.0185977817 0.0001882451
155904021.4866369665 0.0001517976
154185265.5903157890 0.0001264375
157885991.9327926338 0.0003940866
154516020.8171917200 0.0001893614
154788052.9773712754 0.0001530183
154225132.6142618060 0.0001572855
157487332.3534733653 0.0001993086
154673511.7294171453 0.0001292650
158834827.8804931045 0.0001474471
153965829.5908739567 0.0001853095
161646583.1924812794 0.0000484827
154475842.8177766502 0.0001741086
158458062.5555049777 0.0004133869
154115474.9832049906 0.0001792645
154723449.2271939218 0.0000992903
155353635.4192251563 0.0001651382
154632106.4061736763 0.0001897058
156307850.0328187943 0.0001903702
153934776.0391608179 0.0001795345
156263567.8067029417 0.0002379938
154306256.8221465945 0.0001674252
156223257.1523034275 0.0001817112
154644921.0326093733 0.0001961844
155459097.6430893540 0.0001900668
154628545.0997568369 0.0001694066
158237907.6112673879 0.0001497072
154200199.1606284976 0.0001622097
156433468.3197821081 0.0002282069
154540958.8239236772 0.0001827032
155203703.3952651918 0.0001794052
153824734.5833895206 0.0001923589
156276865.0025663674 0.0001761298
154445237.0086922646 0.0002188681
155479768.5505061150 0.0003057985
154164691.5246240795 0.0001940248
156893580.9242700636 0.0001889419
154242518.1933190525 0.0001873506
156521883.0673565567 0.0001021450
155576335.8292986751 0.0002184106
154895190.7284226418 0.0001754340
153952873.7481487691 0.0001921051
154669418.1228633523 0.0001990324
154884998.9798299074 0.0002094254
154092988.7332290113 0.0001905170
154339569.6781945229 0.0002489870
154566396.0445240438 0.0001972917
154295678.2858482301 0.0001812921
154215922.7317473292 0.0001975992
154516452.8388102055 0.0002137870
153993544.9516434371 0.0001881180
154084305.5195135474 0.0001952575
154738872.2065123916 0.0002089625
156006399.9131183326 0.0001635534
153833596.5858336091 0.0001841800
156700903.4552255869 0.0001968871
154876182.8574842811 0.0001971826
154674381.3576195538 0.0001957984
154028789.0340765417 0.0001917707
155994481.9328614473 0.0001596260
154624035.6034152508 0.0001960823
154335035.2534213364 0.0001422151
154229614.0404889882 0.0001860947
154054889.8270370662 0.0001923850
154119580.5645502806 0.0001931175
154005037.1638035774 0.0001775098
154613594.0023888946 0.0001957682
154095063.1413728297 0.0002395029
154869605.3085248768 0.0001811962
154313576.4645987153 0.0002034248
153911979.6861712337 0.0001993359
155149085.3681623936 0.0002083474
154892312.4524832666 0.0001949790
155312539.7799342871 0.0001643482
154848581.1406823099 0.0001979518
155372183.7071237862 0.0001580093
154347299.2144168317 0.0001874908
154778519.4007073641 0.0001896424
154480671.5545122325 0.0001865795
154762836.6479625106 0.0001950954
154839816.7644951642 0.0002023397
153828335.1169930100 0.0001827814
153906935.8008263707 0.0001875385
154850314.9718276560 0.0001960601
154005117.0067140162 0.0001902963
154856602.3192823827 0.0001888383
154240594.6902706921 0.0001813921
153817961.1138512492 0.0001889498
154132552.6955215335 0.0001989333
153844486.1674830317 0.0001876473
154699907.2636567652 0.0001695765
154347790.7253898680 0.0002003616
153850963.1161438525 0.0001885920
153965135.1169759333 0.0001963538
154929624.5019100606 0.0001915994
153959892.2397103906 0.0001770721
153852869.6976129711 0.0001899340
153853485.3407313228 0.0001936695
154928302.0785900056 0.0001879615
154161922.3821753263 0.0001930739
153847279.5448114574 0.0001889875
154128646.6917209923 0.0001775168
153852568.9054506421 0.0001834716
154711984.5111691952 0.0001890867
153891764.5005758405 0.0001894720
154760026.6963178813 0.0001907492
154901354.3499012589 0.0001919637
153960871.3075250685 0.0001914157
153915968.0056178272 0.0001843195
153972023.0779491961 0.0001904906
154914729.3648693264 0.0001899299
153982890.8847450316 0.0001927911
154887808.3260442317 0.0001908240
154018573.5433101058 0.0001789517
154920124.5823701918 0.0001889642
153930304.7292737663 0.0001896724
154834438.7401065230 0.0001883370
154725247.5649004281 0.0001886916
154885779.2035314739 0.0001876848
154711506.2422258556 0.0001888626
153852818.6844389141 0.0001883698
154649734.2287719548 0.0001790917
154798664.4836199880 0.0001909585
153935923.3940959573 0.0001902129
153870701.1594257355 0.0001884013
154549685.9636470973 0.0001983674
154818224.8111309707 0.0001873843
153950552.8056537509 0.0001738662
154921439.6885982752 0.0001892701
153953648.1749755144 0.0001897150
153842617.2093231380 0.0001888491
154923385.2156494558 0.0001897625
154863830.1859954000 0.0001904479
154093644.0488876402 0.0001899516
153911151.5096959174 0.0001881757
154777112.4375844300 0.0001917326
154854687.7318972051 0.0001887515
154491774.3899355233 0.0001929680
154252675.5958442986 0.0001897612
154903414.0638761818 0.0001886553
153858819.8793370426 0.0001890192
153829078.2939634919 0.0001890733
153828086.1014022231 0.0001892630
154919715.8676110208 0.0001897819
154916945.6201712489 0.0001875855
154935873.4163878560 0.0001895569
153957588.0457036197 0.0001884707
153823714.6986929178 0.0001889523
154919318.0695177913 0.0001865389
154925271.6496710777 0.0001886377
153961259.8731436729 0.0001905874
153822087.5051840246 0.0001888099
153900860.7415398061 0.0001872358
154918210.9121671617 0.0001897546
153848117.7914699614 0.0001867025
153831964.6292183101 0.0001892718
154919204.1826571226 0.0001874122
153848691.1262332797 0.0001883162
154903928.9355654418 0.0001897021
153830594.4076197445 0.0001890118
154875256.2896355391 0.0001896703
154929388.1216830313 0.0001897745
154846276.3487071991 0.0001901744
154906270.9919635952 0.0001886154
154920912.1911757588 0.0001865649
153824651.2534884214 0.0001887406
153905417.9659173787 0.0001888791
154922902.6255053580 0.0001894529
153845499.9353042245 0.0001907753
153827316.8805858493 0.0001883398
153820582.1553377211 0.0001883219
154931780.7993243337 0.0001879964
154877597.2061311305 0.0001893311
153835594.6093788743 0.0001894304
154901930.4015139937 0.0001909869
153826526.7658845186 0.0001904188
153889184.0711121261 0.0001899435
153824218.4252113402 0.0001888148
154942761.9131454825 0.0001889739
153824995.0448359549 0.0001891814
153891249.2224687636 0.0001898635
153854672.0078861415 0.0001894063
153819315.2575839162 0.0001892179
153836588.6853097379 0.0001895678
153816010.6284885406 0.0001888515
153886816.4727210402 0.0001894026
153817640.5525059402 0.0001894676
153828161.1861854196 0.0001873379
154923264.8003796637 0.0001887833
153856281.5155860484 0.0001890069
153823322.4680373371 0.0001885683
154924785.0591403246 0.0001877392
154920557.6878505349 0.0001886674
153846318.2406358719 0.0001880114
153822912.8058986366 0.0001888654
154914881.1521095037 0.0001899262
153816030.8826931119 0.0001891043
154928865.6362146735 0.0001889458
153830963.3340713382 0.0001880475
154929470.2548694015 0.0001889825
154933941.8260036111 0.0001890465
153821761.9217751920 0.0001888513
154932062.8449757099 0.0001886696
153817587.1018529832 0.0001886178
153823129.7557091117 0.0001890610
153826611.1231316924 0.0001888402
153825275.1712216139 0.0001884155
153818155.0078195333 0.0001887968
154930373.6965310276 0.0001890620
153816681.3000689149 0.0001887563
154924857.2627395391 0.0001884756
153819020.7590891421 0.0001887596
153822125.0958075523 0.0001891090
154927763.1702637970 0.0001890257
154928347.1821550429 0.0001888138
154920953.4722799957 0.0001888793
153840329.5763558149 0.0001882174
154923525.1124562025 0.0001888753
153825087.7481250763 0.0001890831
153816611.3269388378 0.0001888609
153841651.6928752959 0.0001888469
153817009.3986006975 0.0001890474
154914291.6848225594 0.0001891484
154928744.7034721076 0.0001888512
154930635.3925065100 0.0001890838
154923281.2096209526 0.0001889347
154929930.2893745005 0.0001888418
153829991.6927628517 0.0001885602
154928115.2404739857 0.0001888171
153826287.5596076250 0.0001890690
153816705.6021982729 0.0001887827
153824182.1663309038 0.0001887768
153817347.6498409212 0.0001888881
153816915.9560364783 0.0001889360
153816935.5682121515 0.0001889032
153818200.0860993266 0.0001889518
153816857.1092674434 0.0001886843
154925158.3539083898 0.0001888494
154931991.5599175990 0.0001889062
154928864.5897281170 0.0001888282
153819801.8714999259 0.0001888711
153825599.1919601858 0.0001887852
153816630.0196345747 0.0001888438
154928097.8577157557 0.0001887737
153816977.3756578565 0.0001888657
153824542.1434962153 0.0001889887
153816611.9148303568 0.0001887853
153819297.4999676049 0.0001887185
153817838.2619370222 0.0001888238
153823440.2969968319 0.0001890066
154930693.3924266398 0.0001888638
153825303.7302831709 0.0001888252
153815781.5980328321 0.0001887609
153820123.5506398678 0.0001889120
153816339.8605597019 0.0001887757
153837785.3377629519 0.0001886511
154930522.3090960085 0.0001887676
153819440.0445728004 0.0001887814
154930978.7297315896 0.0001887156
154931685.1471207142 0.0001887382
153817031.6177194417 0.0001887652
153818501.1951223016 0.0001887224
153816195.6585285962 0.0001887827
153819075.6876207888 0.0001887204
154931945.6181080043 0.0001887741
153817501.1906913221 0.0001887134
153815995.4010229409 0.0001887585
153817025.8633240461 0.0001887841
154932162.6064586639 0.0001887725
153817555.1421476305 0.0001887709
154929960.3514911532 0.0001888287
154926923.4929839373 0.0001888587
154932300.3196734786 0.0001887841
154929144.6796546280 0.0001886897
153816987.9652490616 0.0001887080
153819947.5959677398 0.0001885080
153816368.8128732741 0.0001887758
153818769.2373877466 0.0001886333
154931377.3368035555 0.0001888557
153817177.3577606380 0.0001887759
153815850.4842944741 0.0001887644
153817471.5446424186 0.0001887241
154932006.0642234385 0.0001887434
153818869.0350280404 0.0001887293
153816123.3117187619 0.0001887564
153816803.6119836271 0.0001887595
153816416.6192863584 0.0001887649
154930681.1576923430 0.0001887667
153816245.2896120548 0.0001887587
153816395.4293671250 0.0001888232
153816409.0473878682 0.0001887884
154932194.4418568313 0.0001887837
153816505.6272294521 0.0001887649
153817463.9493095279 0.0001886002
153816975.2422246039 0.0001887587
153816596.1352164745 0.0001887157
154931715.5807108283 0.0001887609
153818021.9933517873 0.0001887908
154931807.3708299100 0.0001887563
154930603.5240865648 0.0001888030
153816270.2430614829 0.0001887580
153815832.9028697908 0.0001887919
153815889.4355174601 0.0001887493
153816253.8332917392 0.0001887307
154932159.0287838578 0.0001887582
153815947.0147101581 0.0001887389
153816011.3870195448 0.0001887936
153817273.8961353898 0.0001887156
154932143.0251538754 0.0001887620
153818409.7654568553 0.0001887533
154931668.1900195181 0.0001887647
153819946.2399912477 0.0001887398
154921824.9013975859 0.0001887926
153817156.5705709457 0.0001887904
154932262.3405606151 0.0001887575
153816217.8175246418 0.0001887626
153815799.5699139237 0.0001887557
153816024.4554692507 0.0001887498
153815841.2217518091 0.0001887711
153815902.8272044063 0.0001887881
154932275.6178357303 0.0001887683
153816304.4024301469 0.0001887519
154932057.6156042814 0.0001887594
153816498.5672962964 0.0001887697
154932275.3604296446 0.0001887496
153815915.1008557677 0.0001888039
154927107.2338941395 0.0001887767
153816437.8890895844 0.0001887594
154932253.5758160651 0.0001887615
153816029.1087599099 0.0001887526
153815745.6701494753 0.0001887696
153815861.5876961350 0.0001887523
153815788.0686650276 0.0001887715
153815829.0913751423 0.0001887958
153815760.4134055674 0.0001887685
153815768.9849982262 0.0001887626
153815782.3662090302 0.0001887669
153815767.7380051911 0.0001887692
153815814.4279023707 0.0001887686
153815788.4700497389 0.0001887735
154932270.7827578783 0.0001887658
153815811.1986909509 0.0001887728
153815828.3128761351 0.0001887729
153815820.8820723891 0.0001887759
153815727.0054360330 0.0001887674
153815769.6406556666 0.0001887769
154932219.8257858753 0.0001887714
153815740.9525035918 0.0001887641
154932274.6332525611 0.0001887740
153815719.9597543180 0.0001887761
154931942.5539486408 0.0001887794
153817122.7350254655 0.0001887634
153815724.5049630404 0.0001887761
153816046.1008711159 0.0001887895
154932193.9982578754 0.0001887754
154932273.8712736666 0.0001887835
154932230.3899363279 0.0001887812
153816612.1345280111 0.0001887484
153815772.5482816100 0.0001887765
153816644.4446300268 0.0001887962
153815771.5310994983 0.0001887683
154931442.1836562157 0.0001887702
153815737.5550176203 0.0001887777
154932402.0063002110 0.0001887650
153815713.8127535582 0.0001887749
153815901.3786055446 0.0001887827
154932201.9279045761 0.0001887723
153816027.4389837682 0.0001887760
153815826.7418987155 0.0001887672
153815825.8972888589 0.0001887768
153815749.4957639575 0.0001887776
153815931.9595339894 0.0001887609
153815731.5439126492 0.0001887746
153815734.6555072963 0.0001887767
153815722.2959806919 0.0001887810
153816187.0533856750 0.0001887819
153815728.7534475923 0.0001887698
153816054.3316855431 0.0001887676
154932210.0503823459 0.0001887688
153815940.2724352479 0.0001887917
153815922.6412808597 0.0001887735
153815804.1982506216 0.0001887728
153815784.4955464602 0.0001887723
153815758.4687213600 0.0001887759
153816115.8885862827 0.0001887810
153815723.8116882741 0.0001887790
154930972.5848130286 0.0001887789
153815745.1407593489 0.0001887765
153816048.8526828885 0.0001887704
153815745.0091044307 0.0001887732
153815801.3685330153 0.0001887740
153815740.0292348564 0.0001887744
153815773.8875430822 0.0001887829
154932268.1890909076 0.0001887755
153816009.4258125126 0.0001887729
154932278.5603736341 0.0001887720
153816052.6684634984 0.0001887804
153815750.3656690419 0.0001887763
153816360.6024082601 0.0001887786
153815751.8660844564 0.0001887715
153816110.6066953242 0.0001887624
154932281.1722813547 0.0001887760
153815956.4734991491 0.0001887641
153815770.5120627284 0.0001887766
153816032.8563845754 0.0001887806
153815750.2537375987 0.0001887723
154930972.5848751366 0.0001887789
154932233.9278870821 0.0001887752
153815811.7026281357 0.0001887711
154930972.5849726796 0.0001887789
154931632.8731388450 0.0001887769
153815719.1152942181 0.0001887747
153815914.1848166287 0.0001887688
153815717.0592650473 0.0001887751
153815806.7468183041 0.0001887740
154932265.2693065405 0.0001887750
153815777.4842101634 0.0001887761
153815715.0421260893 0.0001887761
153815855.1527734399 0.0001887761
154932257.3243444860 0.0001887751
153815861.5371134579 0.0001887752
153815724.3963869512 0.0001887742
153816047.4742224216 0.0001887792
154932275.9341778159 0.0001887754
153815816.9298039377 0.0001887744
154932279.1910895705 0.0001887753
153815838.6103016436 0.0001887747
154932284.7492156923 0.0001887743
153815812.8878441751 0.0001887777
153815727.8015858829 0.0001887746
153815956.6676134169 0.0001887734
154932258.8013945222 0.0001887732
153815823.4035799503 0.0001887729
154932263.9748352766 0.0001887739
154932181.5910361707 0.0001887800
154932280.9807267189 0.0001887759
153815764.8576143980 0.0001887702
153815789.7122360766 0.0001887708
154931963.0170517862 0.0001887759
154932281.0747791827 0.0001887750
153815784.8325479925 0.0001887754
153815715.2043176293 0.0001887751
153815734.1188558936 0.0001887712
153815717.2734433115 0.0001887740
153815725.2866031528 0.0001887734
153815718.7308867872 0.0001887748
153815723.1057398617 0.0001887762
154932284.2130730748 0.0001887747
153815720.4095227122 0.0001887735
154932284.3590345979 0.0001887754
153815778.7068638206 0.0001887738
154932287.9183871746 0.0001887744
153815764.1436606646 0.0001887785
153815717.6781302691 0.0001887750
153815768.8949108124 0.0001887760
154932280.1233036518 0.0001887748
153815787.8981097043 0.0001887746
153815730.4906167984 0.0001887753
153815874.2838973999 0.0001887734
153815712.5547055602 0.0001887747
153815785.9005813301 0.0001887748
153815726.8219810724 0.0001887750
153815832.0621359944 0.0001887742
153815767.6775981486 0.0001887743
154932288.0088663995 0.0001887751
153815728.7669080794 0.0001887735
153815711.0964221358 0.0001887750
153815716.0151479244 0.0001887751
153815718.6167886555 0.0001887747
153815716.8825877309 0.0001887749
153815711.9739628434 0.0001887750
153815713.8804668784 0.0001887730
153815711.1395250261 0.0001887754
154932285.0269970000 0.0001887751
153815715.3068125546 0.0001887751
153815716.5404880047 0.0001887739
153815712.6766868830 0.0001887746
153815714.3751656115 0.0001887750
153815711.0740951002 0.0001887752
153815718.4003134668 0.0001887748
154932286.9261670709 0.0001887754
153815718.6073263884 0.0001887748
154932283.0495858788 0.0001887752
154932242.7524073422 0.0001887747
153815713.9315526187 0.0001887755
153815778.4041072726 0.0001887756
153815731.9931360185 0.0001887750
153815760.8667406738 0.0001887756
154932279.5278721154 0.0001887751
153815748.5668147802 0.0001887755
153815715.3480491042 0.0001887752
154932267.3409661055 0.0001887760
153815711.5307081044 0.0001887758
153815731.1736873984 0.0001887749
153815711.0300429463 0.0001887758
153815730.8506473601 0.0001887753
154932285.7150980830 0.0001887757
153815768.2432500422 0.0001887758
153815722.0848979652 0.0001887761
153815759.4005527198 0.0001887755
153815712.8674513996 0.0001887758
153815725.4739943445 0.0001887753
153815711.5548784137 0.0001887758
153815724.5842290819 0.0001887752
154932290.8723472953 0.0001887755
153815723.0953667164 0.0001887757
153815721.6970067620 0.0001887752
150283050.0000000000 0.0001887752 1 0 0 0 0 0 0 0 0 0 0 0 0 0 0 