432459792.8586329818 0.0001202412
416486879.8683616519 0.0020538130
422094711.4800354838 0.0025061342
446129093.5523902774 0.0019234470
477655780.8348883986 0.0008981151
438080063.5799223185 0.0029114774
443782418.7066408992 0.0015763143
423982267.8257988691 0.0001609123
438324200.2411250472 0.0017512362
486606480.1552011371 0.0012179712
456922660.0808997154 0.0002049864
394140950.1747291684 0.0034154652
441162181.4600414634 0.0010058479
390621073.4558256865 0.0026203971
401354256.2387998700 0.0002264573
433933134.3742997646 0.0013967472
415748077.0028601289 0.0004006416
338413023.7256111503 0.0052920051
312285910.9053267241 0.0069619097
319832207.6699154377 0.0019791520
318940198.6016638875 0.0016227478
304722032.7692306042 0.0073056287
380526014.3770908713 0.0000000471
308999544.9739766121 0.0085561251
312562544.3568160534 0.0056905718
379181544.6433695555 0.0004271554
420877684.1940973401 0.0015346596
373599197.7120400071 0.0008715649
382771482.3816881776 0.0000003380
353730266.7251619697 0.0002944365
355375987.4302361608 0.0038941107
200147424.6991346180 0.0352747631
219583774.4494767785 0.0175184510
208363252.1717779636 0.0323194626
253326466.6096701622 0.0136746705
198344628.4271243811 0.0347705380
217940581.4258692265 0.0264391692
198465870.0894528031 0.0281726598
221247321.5045512617 0.0271577773
194081737.9281986356 0.0367270367
215336137.5170687735 0.0178287436
197361596.0582263768 0.0376241780
238583533.8911451697 0.0174540716
198503492.4292997718 0.0353737322
212401855.9498066604 0.0324951492
195014056.1368058026 0.0352528327
218751561.7398253977 0.0223191015
222575567.9151324034 0.0321840591
177491525.0390022099 0.0442170535
177034972.8028162122 0.0450270485
160725052.9286201894 0.0624125798
194929923.8681170344 0.0303941913
243185333.7668627203 0.0375125463
156042196.2718892992 0.0437875831
207519539.9543733895 0.0277689716
168653264.1672629118 0.0432695723
169697159.4123581648 0.0354581605
152336984.1942846775 0.0510689048
164913399.3136372566 0.0390003604
177540560.0209559798 0.0354892076
233249923.4492727816 0.0081393142
157002046.3453791440 0.0449171977
183996856.7904314399 0.0626905979
154375951.1702846289 0.0525684492
191366311.5649580061 0.0177837456
150138768.1153827012 0.0536535604
175371958.5704578757 0.0317419256
154131603.2770179510 0.0451849505
156832115.3402757645 0.0639806561
150619863.0957512259 0.0491381012
166305557.4519122243 0.0338357776
155539391.3614652753 0.0607151899
187699783.7910167575 0.0253616196
154960773.6555624008 0.0541765634
152722656.6470095217 0.0606444398
161532909.2997348309 0.0616520726
205402079.8982461393 0.0137544137
165975630.4039779902 0.0352357473
160418872.4004182518 0.0505318319
147256385.9127748907 0.0673732288
199818755.8311807811 0.0180095413
147898526.7418382168 0.0601309904
171555520.2202039659 0.0587377653
152103687.2845070362 0.0461107771
176453022.0589460731 0.0383132967
153181079.9020690620 0.0685499543
157729975.4861804247 0.0700013316
148657525.9504184127 0.0704246857
157188673.8601655960 0.0635892237
170544287.6790385842 0.0486516135
191191827.8816945255 0.0476885178
150215455.3318066597 0.0650551174
150275937.2254973054 0.0916143898
152768177.0803233385 0.0657805835
188916279.1282278597 0.0278224240
155025304.8450645506 0.0641313305
183202418.1600874066 0.0315015603
150918504.5828711987 0.0783926323
177582335.6607692242 0.0318750003
152746414.6763494015 0.0650025098
188951198.4412238896 0.0263390944
152376224.3582886755 0.0631806342
183408184.5798298120 0.0464526600
146649556.0902275741 0.0848295688
204292494.7223407030 0.0258218586
142987012.7203857303 0.0819340247
151750708.9047421813 0.0447689631
149356675.1083435416 0.0741907939
188717597.4836272299 0.0522425370
150165091.2626654506 0.0747025141
142764108.9482707381 0.0886171186
149199159.3950876594 0.0754409692
139827292.8448766470 0.0959989254
147209004.4873584807 0.0754741326
144096832.7649276853 0.1008530298
153368194.4941379428 0.0809707376
144323975.6247767210 0.0921722122
135759958.3886424005 0.1319950836
132275111.4204184264 0.1252307027
137098368.9831037819 0.1116171259
144054977.8023653626 0.1233978866
144888893.9634467959 0.0932954664
134076490.3732088357 0.1268121957
145345564.6851203144 0.1416889314
136664911.3852803409 0.1307530691
141836859.4591780007 0.0975862121
135149548.0786421895 0.1155917669
137963058.1992622912 0.1185804526
136388870.5836058259 0.1154382841
144194365.0576600432 0.1336520605
138314379.3822532296 0.1079637236
134774114.1046124995 0.1291912760
141715418.2372506857 0.1220829465
133465350.1583800912 0.1287399091
130461838.5191402584 0.1373985102
138085857.8253507614 0.1147873323
127518689.6877264977 0.1359955717
130836317.8999139071 0.1274799053
131764741.2090759426 0.1442266416
138201942.4785810709 0.1122145215
131940246.7976856679 0.1303882027
138518677.1366196275 0.0977763836
130461359.6954732239 0.1463623853
131329844.3605021685 0.1295831718
131436759.9351108372 0.1249015358
135165598.8355632126 0.1497001498
135676161.6612153649 0.1221590421
140860850.6374631822 0.1198560559
136186338.9707879722 0.1226266326
129123175.5982150137 0.1403052764
126242529.5521166474 0.1491882598
153478244.5004974604 0.1142318577
126517048.9951555729 0.1402732622
130515559.6212700307 0.1444139088
129718808.4381586909 0.1555154167
131382366.0390788466 0.1456202521
127068953.7019802779 0.1512573023
130516519.1326221675 0.1439141640
145847666.5187282860 0.1741881067
131356455.8324632049 0.1448245503
130656133.4328531474 0.1571498442
126885602.8447205573 0.1481258151
126022552.0752923936 0.1533983972
125737637.4570860118 0.1529696478
131045199.5759006590 0.1484409804
134898352.7723037899 0.1522044165
132655892.2183761746 0.1517851913
125457732.7002006471 0.1532524588
128409395.7979978770 0.1640898423
126653259.1925359666 0.1543772938
136102642.5747224689 0.1362391183
126644107.9739479572 0.1583293363
125779724.6048867106 0.1511675465
125936390.4674753100 0.1542476333
131612587.3562273681 0.1482795507
134602548.9299855828 0.1490053027
128604092.0487733632 0.1436053458
128582449.9191143811 0.1579144379
149852903.4030196965 0.1849780764
126051204.2220927030 0.1559390196
136226125.7989960313 0.1312070275
126332068.9862939417 0.1524075365
143305676.3180525899 0.1270187900
125958849.5533284098 0.1539260829
131690623.2870818377 0.1564301827
133837798.1213544458 0.1509115529
126484389.1589277685 0.1564484641
126725827.2610577345 0.1551689836
131182878.7592859417 0.1366274711
136443046.3636137247 0.1458336272
130235359.0079596937 0.1565210243
137352192.4341223836 0.1482897522
142538051.0341484845 0.1389091977
132360289.4972475767 0.1465074439
144588861.0483271182 0.1376729331
130033956.4121363312 0.1587736197
137020168.6280157864 0.1559259034
125870456.4285121113 0.1542110451
130704380.9900835156 0.1309811191
134203745.1881023347 0.1485929822
131449946.1165386438 0.1339257052
125484474.3227521181 0.1537440154
136121285.1679964662 0.1675657148
126206074.5510271341 0.1525291825
121920243.4492093623 0.2002144510
126332578.3247085214 0.1968251001
133735126.8881308585 0.2252598715
122807703.2453329712 0.1920183758
124945694.5939870030 0.1959212335
128511994.7502878308 0.1990551972
152390147.8457173705 0.1919247758
123000637.7389476299 0.2024391743
123035466.5476699620 0.2025113281
124143579.7189221531 0.2048060203
125585090.5820586085 0.1957075589
122561761.9347290695 0.2015339518
146492832.6427075267 0.1686045267
122598780.4548313618 0.2016102098
132794546.9041753709 0.2232044347
124862070.4354748875 0.1938209675
160872393.3663623333 0.1891261191
122933900.1467575580 0.2023014054
123686455.3443488330 0.1938257367
124525120.1426940560 0.2055996766
128664073.6670215130 0.2143109166
124985085.9089718461 0.1936758031
126197782.3761110455 0.2090964358
123245535.1182268560 0.1889751001
123209679.7801284939 0.2028711375
157563832.9707117081 0.1881596315
122840846.6532500684 0.2021092743
127367167.3772384524 0.1977772520
127857652.3625927120 0.1987508963
126785173.1461370289 0.2103321691
122227700.9874055684 0.2008463154
127463319.5217701644 0.1992581153
128552150.0626819879 0.1998326771
123345300.9371109605 0.2031512719
128175857.4705945402 0.1994463900
122489857.7548493743 0.2013859961
122475082.1689755470 0.2013553917
122502960.0998235494 0.2014126645
122063200.5463533998 0.2005080387
128092023.4674760848 0.1990714147
123103794.2056978345 0.2026521570
126053416.1792169362 0.2087935084
128065470.4479202777 0.1988113708
123410613.5240102112 0.1892185288
128100965.0206731409 0.1994185940
130272893.6012078226 0.2177503744
122600533.8669263422 0.2016138179
158831647.2126337886 0.1882717158
127977599.2805889249 0.1988800134
122623534.3903995752 0.2016612925
122531998.2776809633 0.2014725826
124467639.5690288693 0.1914876672
122669929.1955446601 0.2017567950
153789696.1488962173 0.1820345143
123133859.7178544551 0.1914827562
122168762.0592447072 0.2007250822
125141233.0836004317 0.1937973707
127751210.9426739514 0.1984739014
125111564.5626308918 0.1947366248
121912477.6610215157 0.2001985414
123358471.6645613462 0.2031786601
127810173.6289585084 0.1989613645
122438336.7535633147 0.2012796951
122272761.6983959377 0.2009390115
124468971.4609645158 0.2054827634
123101637.5709771961 0.2026477430
127708121.1706923097 0.1984777626
128123912.9344337136 0.1992938509
127512001.4170060009 0.1986499011
128153051.1478379220 0.1993473666
128142387.3873915821 0.1995068863
123119412.7160780579 0.2026844712
128449064.4411325157 0.1998095895
122145327.6890035272 0.2006769321
128346023.0917265266 0.1994613179
122000286.7028994858 0.2003788883
121952747.6009919196 0.2002812527
123665254.5478362888 0.2038139016
122146862.8802112490 0.2006801201
127841985.2997950613 0.1994655047
122034365.6540357172 0.2004489030
125851067.6677340269 0.1958235658
128483749.7075345218 0.1998583509
123025051.9568529725 0.2024895819
122306963.1699597090 0.2010093667
128175315.9151097983 0.1988687590
128184954.5512384772 0.1994892795
121954211.5843693465 0.2002842487
128436837.9151634574 0.1999889694
121924813.2215223908 0.2002238705
122339636.8157911450 0.2010766050
122591721.6188803464 0.2015956531
122261729.0890283585 0.2009163187
127234695.2939492613 0.1978950024
121959408.3908260763 0.2002949011
128199796.2812902331 0.1996992500
121853576.0570553839 0.2000776115
128443092.8268930018 0.1995642552
128233025.2800272256 0.1994597920
123361771.4036687911 0.2031855830
121914596.0992941856 0.2002029077
122045326.6020774394 0.2004714451
122655246.7453339249 0.2017265916
121936665.6761299521 0.2002482000
122300408.6616688520 0.2009958465
121853488.6258979887 0.2000774325
122259280.3989331573 0.2009113086
128363625.6205658466 0.1998315798
122554341.6461646557 0.2015186362
128207156.6547045261 0.1996380687
127680585.9197824299 0.1988354659
121984688.8651442528 0.2003468359
122535245.2812898010 0.2014793103
122008161.4898632169 0.2003950580
128599241.0234910548 0.1999780888
121876051.5871498138 0.2001237511
127897025.8305469304 0.1992568252
128404695.6869103611 0.1998065073
122482510.3805876523 0.2013707172
121857560.6527658552 0.2000857980
128109866.7575105727 0.1992488903
122031205.1305767894 0.2004423949
121818848.4046823382 0.2000063301
121856512.3684511632 0.2000836406
121941937.8667365313 0.2002590281
128631582.2365101576 0.1999755769
121871491.4600505829 0.2001143764
121824747.0674017817 0.2000184335
128349955.7509817183 0.1994919489
122049951.1068857908 0.2004809103
122823997.5949409604 0.2020745954
121865570.0710796416 0.2001022330
128159353.3055102676 0.1996467286
128466350.7687620074 0.1998493136
121864172.5765759796 0.2000993382
121882682.5402980894 0.2001373558
127858015.4440343678 0.1986067582
121843990.8717793375 0.2000579427
123359885.8652309626 0.2031816511
122142334.9109402746 0.2006707788
127699762.5220468193 0.1983441686
121853830.1623252332 0.2000781365
127696562.4643756896 0.1983451246
121820592.4555799663 0.2000099098
127697281.7521352321 0.1983456212
128432484.4197361767 0.1997320780
122185203.1754873991 0.2007589124
128478067.4854553938 0.1997451667
121910196.7488609999 0.2001938797
121977985.1673835665 0.2003330569
127474273.3893704712 0.1979505592
121817774.3975181133 0.2000041219
127528727.3368887603 0.1979807244
128343669.3743308038 0.1994928825
122683850.4320426583 0.2017855374
121971583.3912806064 0.2003199073
128261808.8495590240 0.1991323393
128373829.4403969795 0.1997258526
121895190.0207461715 0.2001630405
122533501.3281164169 0.2014757269
121818662.3564204276 0.2000059430
122057614.4769134223 0.2004966389
121842921.5441517532 0.2000557342
122187442.6457544118 0.2007635129
128575263.4645949453 0.1998540428
122114438.5800384432 0.2006134379
121838181.5682271421 0.2000460069
122071742.2064356953 0.2005256927
128607268.2122542411 0.1999726759
122169468.2698710263 0.2007265811
128640391.8414083868 0.1999601256
121948808.3574266285 0.2002731367
121821892.3633879572 0.2000125731
121905340.2921062559 0.2001838847
128603855.0680252612 0.1999070990
121835161.0540419817 0.2000398120
128557970.4745697826 0.1998716605
121836089.0883873105 0.2000417261
128586370.7548087239 0.1998893646
128383280.2269404680 0.1994973717
128571813.6229974926 0.1999293820
122041670.7531727403 0.2004638763
121818666.9236084521 0.2000059576
128609366.7287102044 0.1999808539
121928338.5836099684 0.2002310975
121944405.5778176636 0.2002640862
128574685.0515999943 0.1998184979
121879314.5500247180 0.2001304428
128622315.3084360808 0.1999404183
121881379.5564306080 0.2001346924
121842557.0150998682 0.2000549831
121996806.5628902912 0.2003717136
128659883.0677886158 0.1999960017
121829149.2751989514 0.2000274592
128651897.3617975712 0.1999695839
128631786.1399892569 0.1999697154
121865178.0014193207 0.2001014187
121865869.0861748904 0.2001028402
128529759.2825460732 0.1997856923
121830231.2196278423 0.2000296913
128641613.6386346668 0.1999937639
122019027.0923931897 0.2004173710
121826620.9879902154 0.2000222778
121883066.8703470826 0.2001381417
121836055.6480326653 0.2000416434
128614377.9659618884 0.1999849397
128638271.8898839653 0.1999815203
121838103.0762008578 0.2000458443
128630963.9084655792 0.1999773056
121919741.4182768613 0.2002134471
121828170.4838119894 0.2000254588
128558966.8253576159 0.1998239175
121835224.0635275394 0.2000399351
128577803.0322257876 0.1998365304
121832275.4787367582 0.2000338828
121824226.2812251002 0.2000173617
128640743.5936643034 0.1999834887
121865366.0237515867 0.2001018066
128632562.5038653016 0.1999742887
128581564.1561307311 0.1998874992
121816803.2727988958 0.2000021289
121933361.5728423148 0.2002414139
121834064.0401943028 0.2000375546
121956051.4649367779 0.2002880096
128650041.7347410768 0.1999869356
121861559.5414408892 0.2000939884
128637960.1585816890 0.1999644790
121816231.7193678319 0.2000009558
121827038.1649994403 0.2000231333
128651765.4011470526 0.1999936185
121821801.8948172033 0.2000123881
128643255.6852047592 0.1999782149
128658020.2190046310 0.1999950074
121815534.6961066127 0.1999995250
128634917.2286982983 0.1999687640
121827463.1607803255 0.2000240068
121860233.2443755120 0.2000912707
128648955.5130252689 0.1999885399
121821047.7367091775 0.2000108413
128641685.7959537804 0.1999780416
121823282.9983804673 0.2000154268
121817198.2774700373 0.2000029390
121818006.4550299197 0.2000045964
121815265.4772693962 0.1999989727
121861487.9109009206 0.2000938444
121831789.9707091302 0.2000328872
121872913.9559295177 0.2001173011
121835474.6395233124 0.2000404497
128629767.4365117997 0.1999731092
128648869.3172552586 0.1999937959
121838120.9288590550 0.2000458813
121829166.2487365305 0.2000275023
121850816.6724964082 0.2000719410
121818513.6263861805 0.2000056393
121831499.2205031663 0.2000322911
128642372.2724400908 0.1999788938
121832863.8051154166 0.2000350902
128647878.6002238840 0.1999876982
121833033.6630694568 0.2000354384
128651709.7942284942 0.1999938359
128623842.6263869405 0.1999386542
128647857.8752138466 0.1999818036
128639927.7545261681 0.1999777851
121850540.4801770151 0.2000713741
128650202.0930130035 0.1999927550
128650984.4536699206 0.1999894806
128651364.9362287521 0.1999934918
121849419.0372571200 0.2000690722
121817168.2012270093 0.2000028777
121826657.5796180218 0.2000223523
128649269.7981302738 0.1999873956
121826943.4748742580 0.2000229406
121820282.7165165991 0.2000092695
128634679.3057454079 0.1999802128
128648638.4837048948 0.1999909876
121821320.1963829994 0.2000113981
128651820.5780072510 0.1999929015
121833311.3429409117 0.2000360103
128652918.2362793982 0.1999954188
121825566.5068169236 0.2000201141
121816475.6775669605 0.2000014568
121827912.4444945306 0.2000249296
121817850.8783899993 0.2000042787
128648843.5722196698 0.1999893992
128651016.6140006483 0.1999932919
121817319.1473492086 0.2000031889
128647801.0558764189 0.1999882528
121818589.3565523773 0.2000057937
121815448.5526399612 0.1999993484
128648301.3223039806 0.1999915176
121817953.5112957954 0.2000044895
128649017.1169879436 0.1999860063
128651615.6055523455 0.1999924956
128654196.5373000503 0.1999980102
121818540.2061679214 0.2000056934
121815675.1754865944 0.1999998136
121817833.3737257421 0.2000042436
128653499.0961538255 0.1999984065
128652550.5337745100 0.1999956735
128650843.7868380249 0.1999940634
121830054.2392271161 0.2000293245
121816364.0036693513 0.2000012272
121818807.5749069452 0.2000062425
121815723.0204942524 0.1999999117
121822938.6308827847 0.2000147206
128653024.1769517660 0.1999977808
121821423.0695663393 0.2000116103
121816621.8702051044 0.2000017563
121817770.0178268850 0.2000041128
121818107.6371963471 0.2000048056
128654149.6315776557 0.1999983649
121819924.9871515781 0.2000085357
121825876.2889046222 0.2000207499
121817121.8562176228 0.2000027825
121817688.5704431683 0.2000039457
121817788.3367292285 0.2000041503
128652068.9096295536 0.1999967723
121818263.4607229531 0.2000051254
121816473.7308070809 0.2000014526
128653435.1972083151 0.1999987938
121819510.7175410241 0.2000076851
121817259.8048635423 0.2000030658
128648152.9321444035 0.1999929801
128651897.5763583779 0.1999953542
121819943.3407281935 0.2000085733
121817195.1672690660 0.2000029330
128652034.3294021189 0.1999960701
128651525.6447702050 0.1999948988
121823010.8270835876 0.2000148687
121817114.7536496073 0.2000027680
128642085.6036946028 0.1999815229
121816265.2687302381 0.2000010246
121815380.3846942782 0.1999992086
121816579.0217347890 0.2000016685
121816472.2123239040 0.2000014494
121820147.5638166666 0.2000089923
121816516.9768737853 0.2000015412
121820442.3757778406 0.2000095974
128653031.2839981019 0.1999971528
121816960.0392812192 0.2000024504
128654123.3477929831 0.1999980744
121821117.0692966729 0.2000109819
121817786.2554001957 0.2000041461
121821799.2580335289 0.2000123822
121815821.8035061359 0.2000001145
121819067.9195297211 0.2000067766
128653231.8390854150 0.1999978394
128653995.2686920464 0.1999971934
121815598.8403984010 0.1999996570
128652084.2449590266 0.1999973107
128651890.5017511547 0.1999952989
121820718.3455918580 0.2000101638
128652927.5340432376 0.1999970211
121815409.2589664608 0.1999992678
121816008.6030416340 0.2000004980
121815609.4804120511 0.1999996787
121815821.6927274466 0.2000001142
121815298.9510838985 0.1999990414
128641239.0519673228 0.1999773270
121815393.1549919099 0.1999992348
121819304.3056897968 0.2000072617
128653909.8669162542 0.1999986092
121816579.7680490911 0.2000016701
121815928.9699746370 0.2000003344
121816103.3513330966 0.2000006922
121815605.6407436877 0.1999996709
128652769.7560226023 0.1999959340
121815442.1240931749 0.1999993353
121816692.1820166707 0.2000019008
121815261.9035961628 0.1999989654
128641205.2320245653 0.1999773198
128654063.6828355789 0.1999986782
121817612.3571621627 0.2000037892
128653801.8423220068 0.1999985363
121817951.5898413360 0.2000044854
128654312.0809101015 0.1999988551
121817484.7559211999 0.2000035274
128653891.8470420241 0.1999984844
121817675.5688104331 0.2000039191
121815327.3364666700 0.1999990997
121819497.5380607992 0.2000076582
121815404.4566018730 0.1999992580
121817510.4144289494 0.2000035801
121815240.7592267990 0.1999989220
121818576.9635862708 0.2000057690
121815298.9937027246 0.1999990415
121818754.2464132458 0.2000061326
121815735.6128551662 0.1999999376
128641211.5087369084 0.1999772763
128653632.1930741519 0.1999982284
121817421.4821550250 0.2000033974
128653988.0381262302 0.1999985197
121817004.8020012081 0.2000025425
128653688.3362459540 0.1999981811
121817343.4874148667 0.2000032374
121815952.3618551195 0.2000003824
128641211.5088303238 0.1999772763
128647695.0728609115 0.1999880990
121815422.9411071390 0.1999992959
121816970.2118727267 0.2000024713
128654104.8095614016 0.1999988089
121815854.9507864863 0.2000001825
128653970.9326822013 0.1999985797
121815613.9642794579 0.1999996879
121815242.4493397474 0.1999989255
121815480.1852599084 0.1999994134
121815265.0575063825 0.1999989719
121815443.4064843357 0.1999993379
128653960.6708961129 0.1999985815
121815761.0546898246 0.1999999898
121815366.1815417260 0.1999991794
121815863.5869786292 0.2000002003
128654067.0980433524 0.1999986397
121816020.4061051160 0.2000005221
128653917.6769478321 0.1999984529
121816053.1629097611 0.2000005893
128653967.9809449911 0.1999984533
121816190.5473592430 0.2000008712
128654184.3037165552 0.1999988585
121815970.6313950121 0.2000004199
121815252.2437503189 0.1999989456
121816310.9202817678 0.2000011183
121815550.3245117515 0.1999995573
121818383.2379816025 0.2000053713
128653904.9528765529 0.1999984331
121816028.5653450042 0.2000005389
121815255.7519035488 0.1999989528
121816514.7572996467 0.2000015367
121817002.1602640599 0.2000025370
121815836.6810302436 0.2000001450
121815262.9862367511 0.1999989676
121815518.8095054477 0.1999994927
128654207.4494662434 0.1999988327
121815547.9850107729 0.1999995525
121815332.6084532887 0.1999991105
121815356.1621617824 0.1999991589
121815240.2583288252 0.1999989210
121816876.0559783429 0.2000022781
121815259.2141403109 0.1999989599
121816380.4292423576 0.2000012609
121815213.0000000000 0.2000012609 0 0 0 0 0 0 0 0 0 0 1 0 0 0 0 