921910833.5695353746 0.0000009890
893867932.6454714537 0.0000003415
909116072.1435582638 0.0000000584
953490179.6229182482 0.0000000015
936251360.4443955421 0.0000000969
932514830.4153369665 0.0000000164
985708664.8517652750 0.0000000007
895883423.2353589535 0.0000012535
939889589.0471540689 0.0000000025
925446928.0295320749 0.0000000007
922175810.7566322088 0.0000004952
875512447.0837212801 0.0000000479
939936708.2344828844 0.0000000568
870537342.7961717844 0.0000004368
877050301.8850195408 0.0000018952
926823257.7358938456 0.0001935371
928224409.3701020479 0.0000006503
691399186.5605235100 0.0000005469
646021694.4633761644 0.0000007400
648481718.7486188412 0.0000034095
641775301.8883693218 0.0000063798
620255714.9314724207 0.0000073057
651745928.1221970320 0.0000011308
595203809.0473546982 0.0000094971
587576079.9959779978 0.0000097491
660044839.9045933485 0.0000011239
641373029.7183079720 0.0000022330
661737233.5161132812 0.0000018713
686724723.1641012430 0.0000001892
594222331.1623626947 0.0000009687
638406721.9827269316 0.0043196814
590825866.9765299559 0.0011433476
588022737.7658528090 0.0000099548
655805298.4917478561 0.0000662642
598405932.1569751501 0.0000093609
639531509.7337777615 0.0000493973
597620541.2101451159 0.0000086464
639291423.5345979929 0.0000374784
590353719.2835493088 0.0000102195
633277355.9210844040 0.0000259992
594586475.8218630552 0.0000088121
650103796.9162472486 0.0000111572
585506385.5577598810 0.0000100069
595709752.5874698162 0.0000153694
585461881.3339911699 0.0000065984
594524656.9339109659 0.0027433732
587623618.9130827188 0.0000064897
600228357.3563593626 0.0000054389
586169872.3100332022 0.0000065505
562002450.8449637890 0.0001765515
567914369.3303785324 0.0001235944
577328608.2389336824 0.0000545542
545744125.6433222294 0.0002051360
562400969.8850687742 0.0002786537
540196080.3235396147 0.0006740472
552161249.0946987867 0.0000019501
563554588.7547037601 0.0004719065
620805678.4486236572 0.0021896674
548223148.9980037212 0.0006390331
556592853.5295987129 0.0008238883
563561987.7223905325 0.0005074028
558096463.1421674490 0.0011648785
536677795.0987783074 0.0006347810
572941800.3432885408 0.0008730923
535117507.2298669815 0.0009150413
625477697.8692995310 0.0000193284
533058342.7356176972 0.0013280522
558304515.2643643618 0.0008031195
527938055.4092300534 0.0002398985
534626332.3170409203 0.0047314138
545188337.6379195452 0.0000665418
578544940.9392938614 0.0031556066
534279740.9093207121 0.0002462559
532391885.2064856291 0.0002615830
530389815.9024538994 0.0008160590
556632787.1874859333 0.0014409823
529090788.8663927317 0.0003052874
580536565.9135981798 0.0000055233
529394152.6559304595 0.0002229476
576893596.0938009024 0.0002956160
597065238.7985950708 0.0000089716
545006584.9247274399 0.0000015255
543716410.9541456699 0.0005348161
530177386.3505671024 0.0002063490
523866356.0370038748 0.0003046885
531587553.0479185581 0.0004424595
505909493.2092149258 0.0000316066
504654809.3518685699 0.0000292138
472666084.8736982346 0.0000616000
475232253.3293122053 0.0000711525
448734119.5941423178 0.0000182686
466692837.9657314420 0.0000327815
439624727.1191542149 0.0000063709
425211511.5287472010 0.0000113356
416639482.2771617174 0.0001523357
412284235.0334643722 0.0003267257
410806765.8289011717 0.0000960581
411601859.8999458551 0.0000197760
412873835.1773592830 0.0028952341
408143439.8405642509 0.0001702495
395476474.7605511546 0.0004286906
392829073.2123530507 0.0000837908
411222659.5188186169 0.0005666832
385207186.0594958663 0.0000850148
393396832.0427837968 0.0002500072
393756849.5507175326 0.0004217136
399577973.7774154544 0.0005755321
378972009.8753253222 0.0003375646
372884635.1272247434 0.0007835253
357857469.5013834834 0.0005566166
329497989.9300582409 0.0001009005
304846614.3522125483 0.0007237584
303106879.1833459139 0.0005190802
284460710.7761955261 0.0000127340
285968475.9435185194 0.0000260071
304771824.6485714912 0.0000475640
281611138.6483797431 0.0000046144
277876393.3268446326 0.0002399315
283530136.9653048515 0.0002568768
310935081.0903797150 0.0000054223
270953881.1134230494 0.0003268886
253135665.4814300239 0.0001704941
252299255.6729107499 0.0001472052
232242023.8351916075 0.0000634257
252875283.7243751884 0.0000001024
232317395.4956794977 0.0001088654
248857298.6461383700 0.0000000615
240935478.5648869872 0.0001014926
267317862.2961038649 0.0000006595
231426286.5734597147 0.0002037820
243736260.4521683753 0.0001501439
233397980.6566314399 0.0001196439
244759215.5955924392 0.0000331984
233451302.6734403670 0.0001760523
224879226.3942857981 0.0001780531
226512973.7036717832 0.0005201447
249666658.9624316394 0.0001872576
227396215.9404717982 0.0000503467
237074537.3805721998 0.0020809582
221711522.2868026793 0.0004170978
242256595.2570481300 0.0009354668
222824524.3420173228 0.0002835462
231112021.4850853384 0.0022285828
224861002.9463612437 0.0004802307
218777064.5468994975 0.0009766518
219225985.8477499485 0.0006585407
230998709.4993564785 0.0000209885
211881578.7014451027 0.0010409022
216152147.1224810779 0.0021678310
210229237.5653460026 0.0004456474
209813093.4727284610 0.0001013131
218721333.8766557872 0.0000151319
201181769.6095373929 0.0000051347
205478769.3286245167 0.0000007615
213241681.4090612531 0.0000126944
208601635.4790812135 0.0000225137
200378413.2403302789 0.0000002973
202176295.6558529437 0.0000007167
229668818.7010070384 0.0000090011
202585132.2846394479 0.0000026513
209987935.3590683043 0.0000003081
203296810.8209483325 0.0000000261
239033272.8768788278 0.0000013399
197315362.5026422739 0.0000220946
227283829.0663899481 0.0000205301
195279186.2042172551 0.0000072740
194389312.6460672319 0.0000612360
188708304.8711307943 0.0000398587
195966520.4073229134 0.0000001892
194511436.9204611182 0.0000013269
216099383.0593020320 0.0002831736
192745626.8137711585 0.0000014505
202963600.0868939161 0.0000078158
192562634.2125887573 0.0001157560
201290665.3704010248 0.0000001176
189504197.6251969934 0.0000795007
254154118.9345504940 0.0001426727
190393322.3746093512 0.0000290642
175796458.1655001044 0.0000098329
184832119.0626031458 0.0000002421
179718941.9941977561 0.0000083002
176935323.0670983195 0.0000233656
182535831.3339540064 0.0000192733
174398221.7228298783 0.0000307952
184108355.6128360629 0.0000332597
175206838.3491712511 0.0000991387
193322466.0114315748 0.0000103978
175798943.7459157705 0.0000478745
198111796.8729813695 0.0004460019
173812798.2629796565 0.0000292876
175860583.5723000765 0.0000018605
173424895.0211819708 0.0000409033
200495314.6174911857 0.0008529700
173312332.2483142018 0.0000568021
181779248.1519730091 0.0005028592
174146695.0113386512 0.0000218539
187511193.5970716774 0.0001524171
173796735.7042101622 0.0001173465
199654129.8407754302 0.0000493590
184211155.3544901311 0.0000595302
195429901.2641918361 0.0000152420
171879073.0557776988 0.0000333382
195416929.9153797626 0.0000000152
176014336.5744940042 0.0000730972
173607282.7528384626 0.0002103360
173578772.1765722930 0.0000618999
192131675.8472964764 0.0000075760
177936036.7376673520 0.0000211070
187151769.0765685737 0.0000048990
173220386.0207313597 0.0000602569
179758887.3818342090 0.0000042767
171400477.8457300663 0.0000144535
205009253.2190877497 0.0000087845
179090171.1732489169 0.0000148598
195646153.1859251261 0.0002136526
176074584.4651602507 0.0000735869
187014446.3355230987 0.0000000005
174347381.1991805732 0.0000169908
209022642.9882849455 0.0005835035
170892960.8220795095 0.0000128897
193649376.3275623024 0.0000217981
170587880.9478362203 0.0000002620
212150579.0001571774 0.0000051615
170488800.2052686214 0.0000060160
197636935.8140183687 0.0000019937
178060582.8280771375 0.0000005092
190953935.2935847938 0.0000491779
179180562.0597001314 0.0000000544
202734994.2585058808 0.0024888267
165868512.3891939521 0.0000141136
177349546.7648661733 0.0002051883
166423752.4540702701 0.0000011048
171938770.6584965885 0.0000016368
172077599.4340643883 0.0000000075
204512375.0001668334 0.0005029853
163666839.2574796081 0.0000107274
172270853.2531065345 0.0000004794
164943903.2365433276 0.0000634851
184910723.2798885107 0.0000017788
160246970.5751945674 0.0000096484
196358088.5947871506 0.0000073763
160405552.9345937073 0.0000097477
162487827.7511729896 0.0000070040
162711163.7718379498 0.0000187900
168620053.7264596820 0.0000026475
160583163.6614004374 0.0000179183
161293915.6169066131 0.0000049537
168707271.0701740086 0.0000247221
160484762.6220374405 0.0000056835
172414381.0394670665 0.0001024720
160320198.8810770810 0.0000053238
157861051.1904935837 0.0000145377
156978014.6863383353 0.0000143423
161381730.8435838819 0.0000223312
158358290.5006891191 0.0000080470
158526665.6903188527 0.0000105646
157113607.3825783432 0.0000034193
154296146.8716083765 0.0004900968
153087923.2565219700 0.0003505386
159497061.8883067369 0.0008842933
153403025.6290126741 0.0003768153
162517578.7218517065 0.0001367951
153596793.9835717976 0.0003173739
154496629.7540523410 0.0002773930
154302884.7754900753 0.0003313004
161752401.7979719043 0.0004735443
152465513.8439829946 0.0002629143
157240003.4004597664 0.0000216043
152922962.9524319470 0.0002679475
151368674.5046736598 0.0001324651
150923067.7633592188 0.0001538157
154781432.1454089284 0.0003179644
150997975.3645048141 0.0000965185
158897929.4069311321 0.0003680212
149769173.5438744724 0.0002126364
152240165.2668872476 0.0000157676
150248461.1298924387 0.0002452303
149373102.5079573393 0.0004006154
149557586.3257910907 0.0003434910
157531279.2126279473 0.0005595842
150183632.7553569973 0.0003625398
150748522.2088998556 0.0001475600
148338601.6836477816 0.0004371389
150813026.0983723700 0.0001204064
148598759.9647003710 0.0005058726
155372671.6244934201 0.0008093520
150964923.3241754770 0.0005543809
161211738.1727322042 0.0013096010
148856092.7866799235 0.0003763890
149850824.6979769766 0.0002240552
149055155.4060444534 0.0004058401
147569455.5829041898 0.0001147318
145167242.8895793557 0.0002531618
147663065.4300218225 0.0000496264
146465730.2549525797 0.0002389656
145809036.5038073361 0.0001449130
145874851.9483919740 0.0003270372
146728532.3010792732 0.0004576494
145497397.1461500823 0.0003468895
148449800.5365462005 0.0002551018
146010597.9602701962 0.0001625784
146108623.1957992017 0.0002958659
146508902.7148314416 0.0002581027
152749442.4647452235 0.0004070111
147528874.5382750928 0.0002393174
154212991.0408431292 0.0000144659
147474519.4780156314 0.0002964056
159144920.1219539642 0.0005526770
146390839.0056883693 0.0003060846
147358498.9472669661 0.0000001188
145873879.5998483896 0.0003062574
145631987.1505490541 0.0007815140
146354797.8293243349 0.0002098957
149582123.3722122610 0.0002791710
146479851.2150670290 0.0002226564
146378828.7577553689 0.0000895097
146538066.9182429314 0.0002652587
156017553.0583229959 0.0002423228
145182078.2349070311 0.0002231000
157198876.2365233898 0.0004598138
145214986.4051394761 0.0001904610
159922828.0334064662 0.0005370395
147575929.7103984952 0.0002869363
144904707.2556048632 0.0001459064
147343348.7200371623 0.0001545161
154031102.5799726546 0.0001579431
145898480.1464867592 0.0002091995
141869444.2945409417 0.0000120103
146971900.7823520005 0.0000278540
141257088.6242277920 0.0000086700
141811487.8936751187 0.0000147120
139263669.7570773661 0.0000575473
138671585.8800452948 0.0000556487
141451809.6429940760 0.0000052790
139968093.1938539147 0.0001395476
149847184.4011057019 0.0000011945
139116900.3015797734 0.0000525661
139233843.7065114677 0.0000991459
144625800.1333090365 0.0000407470
146320976.0180964470 0.0000463361
138986157.4119682014 0.0001171306
139223859.1657554507 0.0000024531
139639727.0203002095 0.0000853604
150560040.3122181594 0.0000772622
139319117.5929406881 0.0000594252
141940701.3118785024 0.0000019965
139287427.7114282846 0.0000875759
141240693.7241939008 0.0002016395
139367448.6122455895 0.0000414676
140269033.7278439999 0.0000999813
138510765.7517260909 0.0000548518
137630998.0383464694 0.0001397342
139347485.6028473675 0.0001859640
144465441.5821263194 0.0001026434
139114172.5023719370 0.0001619163
147097593.7259134650 0.0004305844
137892117.7744587064 0.0001127118
147841544.5837327838 0.0001511952
138048224.1520640552 0.0001474772
136163451.6877161562 0.0004840125
139386725.3747026920 0.0004176026
140266601.2058354914 0.0009314418
136124087.9877575040 0.0004180711
140997133.5337119102 0.0008743211
136167472.0131382644 0.0003563475
137886268.9262791574 0.0001417345
136375199.5323757827 0.0003454650
140948520.2480802238 0.0002307814
136685230.3221988976 0.0002929978
137864190.7373758852 0.0009256787
135679059.0998566449 0.0004723652
135487896.1312544346 0.0001103779
138126182.8242174387 0.0001455729
137257749.1032269597 0.0000831710
135873591.1355172694 0.0000648453
135568168.6917056739 0.0000268886
136376839.6441410184 0.0001502137
140695696.1883793175 0.0000628966
137699046.2823581398 0.0002211832
136273741.2561101615 0.0000049519
136174197.1854787767 0.0000979395
139590848.6168029606 0.0000266728
138356101.3254629374 0.0001648192
146137761.5652569830 0.0000969520
135486351.1416581571 0.0000622336
142421768.5727148950 0.0001678676
136065266.9560266137 0.0000655415
137363154.2144698203 0.0000000980
135916972.9016015232 0.0000983809
135218102.5112509727 0.0000217606
134637870.7887147963 0.0000068545
141077147.3599503636 0.0000085483
134981001.4442174137 0.0000120933
138844728.5816464126 0.0000004339
135470346.1373453140 0.0000071935
140934279.0571259558 0.0000146471
135231418.4423984885 0.0000048910
135265515.6682554483 0.0000021649
136191925.6227036119 0.0000148637
135770994.9318162501 0.0000015111
135512070.2592021525 0.0000019959
142613815.0588884950 0.0000008356
135057786.1440197229 0.0000065195
142606011.4540388286 0.0000024457
134897105.0524642766 0.0000017854
137179354.5453551710 0.0000156059
135458691.3399766684 0.0000046661
142637000.7743445933 0.0000033759
135002364.3193953633 0.0000037086
138389315.5452033877 0.0000002228
134780354.5459090173 0.0000029906
154688394.8761640191 0.0000195675
135353714.5233818293 0.0000095692
137374605.7752239108 0.0000000128
134942716.1982232034 0.0000054207
136410331.7026132643 0.0000000699
135082601.3800437450 0.0000285853
139825243.7188827097 0.0000046365
135636018.9761761725 0.0000045857
140453771.3276254237 0.0000046417
134914922.9812691808 0.0000098215
148045465.5571000874 0.0000000542
135352107.0695683360 0.0000044889
141905971.5200200975 0.0000097475
136195766.8945596516 0.0000038030
136961494.4460867345 0.0000157156
136291431.1718348861 0.0000026568
136847407.7352916002 0.0000037745
135594283.2110369802 0.0000094380
139683543.7526324987 0.0002879586
141530932.1002635062 0.0000013216
135027999.5504999757 0.0000027556
135220289.4759286642 0.0000024927
134627829.2237713933 0.0000115073
135401742.2919932902 0.0000076487
141163152.8643455207 0.0000037267
134842916.0931571722 0.0000108362
135437506.1940167546 0.0000069246
134846862.2684497833 0.0000080838
134523452.9152509868 0.0000289517
134506639.7202718854 0.0000329507
134837124.8402799666 0.0000287390
134668675.4517240524 0.0000217614
139289448.0128901899 0.0000876364
134502215.8408863544 0.0000187561
135129953.1642685831 0.0000039875
135299231.3767015040 0.0000218352
134032019.4675429463 0.0000276985
134249220.8418789506 0.0000262668
136320266.8238409460 0.0000252223
134293262.4104046226 0.0000291798
136198129.4264144003 0.0000376691
135708793.5357366204 0.0000326502
134968667.0665859878 0.0000006400
134050894.8491691500 0.0000345053
135257885.9902873933 0.0000324530
135430653.9868969023 0.0000445682
140389020.9649562836 0.0000094507
134394026.2526743412 0.0000197223
138107484.6802270412 0.0000529666
135277223.2925929129 0.0000201738
134717549.0542218089 0.0000011945
134811813.8346992731 0.0000491700
136221380.8634111881 0.0000000604
135243765.6359132230 0.0000363047
139521888.7342624664 0.0000587283
134067460.3076746315 0.0000168189
135154269.4048344791 0.0000022267
135580740.7694261074 0.0000389111
139921068.6275111735 0.0000234333
135229500.1706148386 0.0000407872
136029999.9348987043 0.0000316195
134257390.1357931197 0.0000187879
140624208.3981299996 0.0000227358
135643873.6381754279 0.0000263776
137928851.4204798937 0.0000587244
135233268.4191230536 0.0000311531
139127793.6903533936 0.0000000160
135466539.6788189113 0.0000289977
141358481.6815839410 0.0000354408
134175796.6652031839 0.0000309120
135265941.3746312261 0.0000075256
135555409.8615345359 0.0000270353
137030315.6297173500 0.0000290599
134111609.7324852198 0.0000288365
135652283.2240942717 0.0000206252
135356405.1707745194 0.0000266898
136695995.2911882401 0.0000982339
134152997.8358484507 0.0000149936
134132253.1688008755 0.0000727078
134389983.9187166095 0.0000282052
133700592.4390423596 0.0000549545
134602188.3260560632 0.0000625456
135432092.5809574127 0.0000457639
133691456.9603926241 0.0000563925
139435024.5204102993 0.0000776241
134630994.2759382427 0.0000591345
137310541.3126300275 0.0000048613
134674125.6891338229 0.0000565904
137811107.6169010401 0.0000976793
134720549.7021986246 0.0000712015
134202048.4792825133 0.0000334298
134771287.1002716124 0.0000643420
133995136.0349864811 0.0000476311
134944591.6287875772 0.0000496651
133889284.2509560436 0.0000712743
133978605.7493328452 0.0000450113
136163251.7953983843 0.0001070945
134479504.3310202062 0.0000447877
134447480.3000225425 0.0001024248
134257308.4014485776 0.0000450757
137977339.1661846936 0.0001411520
134141734.6289335191 0.0000772589
134231911.4604925215 0.0000269147
133949584.8685654253 0.0000492115
135512358.1490379870 0.0000713721
134116517.6969784945 0.0000464709
137929089.6026625037 0.0000568374
134765548.8945199847 0.0000546521
135896985.0969257355 0.0000273598
134254083.2635309100 0.0000503748
135388860.2241727114 0.0000034116
134074116.2396936864 0.0000504676
137533669.9632895589 0.0000056531
134092483.4563228041 0.0000554445
136767841.9604959786 0.0000913474
134837648.2590899467 0.0000589780
134640549.3836931586 0.0000825536
133621968.9055291116 0.0000585712
139528947.5579747856 0.0000462146
134045647.0916524082 0.0000728361
134312832.2808746994 0.0000622030
134962813.0630204976 0.0000633328
140471615.6899402142 0.0001621944
134516707.1956532001 0.0000877122
136926328.4490967095 0.0000923088
133645472.9799515903 0.0000427550
139271780.6381095946 0.0000665386
133926677.9995990247 0.0000683062
132734600.0865072757 0.0000521786
133851368.1358993202 0.0000700848
136684005.3416717350 0.0000894622
133604692.3306770027 0.0000117033
133649606.7239788473 0.0000516235
133103972.9606276751 0.0000923918
132801403.1936917007 0.0000470708
132782316.9485502988 0.0000324797
133406540.2362092286 0.0000535391
132893922.1311574280 0.0000124131
132987544.2080424130 0.0000482579
133615753.6938780993 0.0000358531
132882082.0893067122 0.0000532213
132648748.9542065710 0.0000536491
132978726.0496608466 0.0000486770
132970066.3800560832 0.0000542613
133153431.4481367022 0.0000554382
133475904.5253221244 0.0000451494
132698745.3202857673 0.0000548307
132830869.6261984855 0.0000351772
132772442.3508995026 0.0000560182
133081507.7720781118 0.0000394738
132988421.5765692741 0.0000812893
133056737.5740408301 0.0000466413
133043943.3066402376 0.0000570738
132813842.7802818269 0.0000552967
133340280.9488650560 0.0000541732
133806117.3594633341 0.0000512188
132768729.9264110774 0.0000525789
133253237.4436437190 0.0000417184
132784674.5643295199 0.0000509732
132752276.8584868163 0.0000632594
132610610.6723305136 0.0000645453
133630641.0161551684 0.0000525160
132622711.9346012473 0.0000598870
133146242.2705737203 0.0001205589
132694825.2772853673 0.0000664393
139062260.2570540607 0.0000831247
132563493.1097450256 0.0000656073
133459471.4674647450 0.0000475833
132582714.4223030359 0.0000560847
133448213.3093953580 0.0000447514
132503270.8107784986 0.0000511673
139307813.0743324161 0.0000288128
132496487.6797022820 0.0000690231
133196466.8525028527 0.0000530243
132513858.2644505352 0.0000698863
132902086.2791995257 0.0000561851
132585925.0515638143 0.0000598487
133679021.5204885155 0.0001354543
132913176.6440872848 0.0000638770
132811193.7964047343 0.0000941237
133045552.5162273049 0.0000642637
139320995.6511075497 0.0000776790
133272998.1104173660 0.0000684495
132460724.6611618102 0.0000661881
132449653.4734713733 0.0000380683
132500289.8195016384 0.0000351870
132928656.1674123704 0.0000446406
133296910.7195002437 0.0000373832
132846088.3152219951 0.0000326911
132423656.3862672597 0.0000409684
132592477.8542433977 0.0000460535
132436334.7871730775 0.0000409281
132988339.6930894554 0.0000364294
132535540.9193804264 0.0000376643
132918768.9623643756 0.0000401075
132459176.5564832240 0.0000417150
132860024.5292672068 0.0000599887
132472619.5389439911 0.0000397082
132736606.1886513531 0.0000336321
132606449.7617578357 0.0000423487
132508552.6612273455 0.0000778752
133300725.4586033970 0.0000396333
132471818.6889601648 0.0000499185
132414516.7294769138 0.0000407267
133159181.2957019955 0.0000379750
132481275.1743026078 0.0000391140
133477260.3637100011 0.0000467063
132529674.9485770166 0.0000427043
139954804.3336859643 0.0000373450
132459399.6080836952 0.0000421455
133143532.7231856883 0.0000461531
132544988.9008760452 0.0000394313
132886058.0733749568 0.0000395499
132558939.6801370978 0.0000416172
132627087.3688834161 0.0000368085
133213124.1283036917 0.0000435417
132533621.4627637863 0.0000225769
133254061.7868632823 0.0000426136
140082589.8485176861 0.0000455348
133066256.2076517344 0.0000438316
133251239.1278957725 0.0000441175
133159537.8943881392 0.0000396933
133519903.1183230132 0.0000407692
132471750.9934077412 0.0000370781
140095182.7081079185 0.0000549014
132466801.3674402535 0.0000394949
132879479.5528711081 0.0000374818
132519209.6879028231 0.0000380888
140175601.9977351129 0.0000517386
132418891.1164224893 0.0000438553
140142828.1410939693 0.0000529709
132440614.9511913806 0.0000436616
140181743.3829042912 0.0000515178
132479705.9882600456 0.0000439059
140150456.3755858541 0.0000526749
132492166.2930046916 0.0000436660
132863018.1038712561 0.0000293925
132484315.3688632697 0.0000368578
140129908.3917105496 0.0000518294
132450260.2030375153 0.0000399925
140188842.4432953000 0.0000508124
133287686.6807122529 0.0000417911
140382645.7524469793 0.0000475963
132473616.3046809733 0.0000395658
140355199.0575227439 0.0000491217
133270645.1739240438 0.0000413778
132468945.0260016471 0.0000404733
132771241.5279924870 0.0000352164
132479931.4189873785 0.0000366349
132429617.6052691787 0.0000415682
132427849.5286433995 0.0000405778
132843974.2478930801 0.0000381494
132483477.5775737911 0.0000416922
133245119.2915712446 0.0000422716
132446526.4218286276 0.0000415937
133057257.5811712891 0.0000394015
133331356.4716235995 0.0000398899
133250767.9500561655 0.0000428312
132437274.0925859511 0.0000411511
133336847.4566760063 0.0000384245
132492666.0860712826 0.0000403509
133278197.3053423613 0.0000427485
133345043.1652091593 0.0000404742
133263139.4004958272 0.0000446191
132474588.8024265319 0.0000414496
132851283.0259105861 0.0000475203
133336605.4352743924 0.0000414019
133313455.1884627789 0.0000424815
132443349.2962566614 0.0000408928
132432025.7521276921 0.0000292256
132445446.0961705297 0.0000429742
133077717.9472611398 0.0000448276
132416890.9616553187 0.0000400589
132747083.3356937617 0.0000381395
132417562.2343228310 0.0000424254
132674928.0974881351 0.0000382676
132453323.6551668197 0.0000396106
132898062.7540539354 0.0000459788
132415662.1013823450 0.0000401131
133286432.5484893024 0.0000366299
132470434.8656686544 0.0000396979
132898597.6035761833 0.0000460303
132434966.2108774781 0.0000393341
132911178.5913555622 0.0000463598
133161090.8716212213 0.0000434832
132478558.0499599129 0.0000392062
132460246.8191141784 0.0000422696
132432155.3611377627 0.0000414834
132600837.8591596633 0.0000390771
132413436.5657593608 0.0000392891
133160946.6123376638 0.0000428832
132464410.1728511155 0.0000397749
132656853.3355520070 0.0000350886
132450744.2842110842 0.0000390967
132686169.8742207289 0.0000392999
133261145.5897417963 0.0000416441
132520958.8861140758 0.0000385198
132483295.6008064747 0.0000393601
132415867.5320200026 0.0000394149
132415732.8739680797 0.0000394241
132491808.1705460101 0.0000388531
132481098.8832366467 0.0000393369
132492567.1091870815 0.0000377926
132426113.2869637012 0.0000379186
132509549.8296567053 0.0000393959
132491840.6299007386 0.0000394599
132445303.7625339031 0.0000378190
132470556.7477706671 0.0000394858
132456071.9581608176 0.0000400746
132491552.2829211503 0.0000392133
132436050.4185524583 0.0000393766
132477793.7655468881 0.0000390885
132421175.9089538753 0.0000396626
132414371.4852805585 0.0000393540
132450965.1617510617 0.0000403559
132409352.6911636591 0.0000392963
132461220.9973524213 0.0000398690
132465483.7198983729 0.0000393048
132403755.2282296568 0.0000398494
132432692.5111452639 0.0000391576
132444488.1778937131 0.0000410338
132462583.2778137326 0.0000404980
132450692.4213901907 0.0000399453
132413132.4442345500 0.0000400123
132439318.9397923648 0.0000384581
132410811.9686196297 0.0000398325
132563854.7995490283 0.0000374195
132411528.5099948943 0.0000394542
133327204.7671066821 0.0000406109
132404444.2707023770 0.0000391256
132428343.2695512921 0.0000429864
132407133.5294845551 0.0000397739
132420630.0035210550 0.0000384333
132430313.5756562501 0.0000397525
133272177.2794598341 0.0000427459
132462630.7771672308 0.0000397487
132462190.5484126955 0.0000399343
132424764.6552927792 0.0000396076
132436751.3409020901 0.0000403820
132471424.9952381700 0.0000401670
132454550.0659480393 0.0000412206
132480775.8993037194 0.0000399573
133317660.3300859481 0.0000400956
132473168.6039644927 0.0000397918
132458760.9030292928 0.0000423779
132405708.6533976346 0.0000396815
132470735.0214294046 0.0000408950
132415435.9459834695 0.0000393431
132470649.6820491701 0.0000369030
132435477.6205391139 0.0000400525
133251790.1189940274 0.0000413364
132475359.6048230976 0.0000396834
133279116.5890510827 0.0000411646
132468646.9080661833 0.0000399329
132445893.5198026299 0.0000402770
132477624.1456718743 0.0000391391
132445593.8121458739 0.0000419686
132428589.7362746149 0.0000396102
133318875.9965848327 0.0000391352
132404223.9770729393 0.0000399432
133303567.1320324540 0.0000408696
132463287.5627116412 0.0000398695
132458202.9539450556 0.0000389062
132413506.4638118148 0.0000399123
132473690.6090862155 0.0000390112
132405235.6654281616 0.0000399172
133324608.9621478617 0.0000391889
132410103.5342217386 0.0000397075
133288587.4226429909 0.0000398148
132414834.2262253165 0.0000396009
132423034.4261160642 0.0000403853
132463465.4596792161 0.0000400892
132439935.7487668842 0.0000402685
132424879.8552611172 0.0000394247
132439322.2363896817 0.0000402730
132478988.1757696122 0.0000399211
132445083.6376577318 0.0000402773
132424736.7466050833 0.0000400649
132402934.4770115763 0.0000398698
132449930.6414825916 0.0000404218
132404189.1770565510 0.0000396929
132462506.8674750179 0.0000397790
132403550.8101213574 0.0000397634
132495565.2938680351 0.0000389886
132472907.1527972072 0.0000399837
132435966.9480530918 0.0000394841
132413352.9368050694 0.0000397530
132469276.8932334632 0.0000403738
132402127.6660668105 0.0000393686
132462875.5774889588 0.0000393425
132476092.2021693438 0.0000395897
132407446.9516924173 0.0000383744
132477803.2543293387 0.0000397643
132471615.1712858826 0.0000386723
132428092.3893318772 0.0000392060
132455219.3645723462 0.0000396276
132477299.1624757499 0.0000392517
132413226.0395413935 0.0000394949
132476354.6181368083 0.0000395482
132403551.1004683673 0.0000394775
132405142.4865888953 0.0000394469
132413409.4326077402 0.0000396134
132406738.6609302759 0.0000392389
132409007.3109006286 0.0000393762
132479897.4251662940 0.0000394301
132474039.8473405838 0.0000396033
132404798.4241298437 0.0000392735
132420643.5198952109 0.0000392152
132480271.3910528570 0.0000393293
132435826.6380546987 0.0000386985
132473932.8041047454 0.0000393716
132477657.5496595800 0.0000394877
132477381.8459077924 0.0000391663
132401329.1589082778 0.0000400433
132479959.2579317242 0.0000398962
132402898.2291177958 0.0000403546
132402484.3049954474 0.0000400214
132462297.2757503539 0.0000402061
132400699.1903607547 0.0000398090
132458417.0051040798 0.0000396698
132404611.3095990568 0.0000396125
132438605.3844709843 0.0000401043
132404482.0915583521 0.0000398607
132403119.0793680549 0.0000395966
132479551.4215451777 0.0000399081
132408832.2663901150 0.0000394257
132399750.5975878239 0.0000399267
132414771.9843803793 0.0000400937
132478341.6748151779 0.0000399316
132416841.6814156622 0.0000400993
132400857.9035153836 0.0000398426
132403552.0421038270 0.0000400607
132400410.5477409214 0.0000398775
132400980.0210512578 0.0000401266
132477905.5158046782 0.0000398899
132410494.6457060128 0.0000403604
132401032.6687760055 0.0000399474
132398835.7401799411 0.0000401889
132477893.9323080778 0.0000402490
132414228.0821400434 0.0000399332
132401341.0004707426 0.0000401882
132474890.6824048311 0.0000403685
132399481.5247300267 0.0000402391
132405958.3759656996 0.0000398232
132470069.6280830353 0.0000402996
132475567.2796539664 0.0000409519
132401425.3222624809 0.0000401440
132418061.7806762159 0.0000403040
132403985.9667450041 0.0000401788
132423834.9642595947 0.0000398600
132407072.4011631310 0.0000399859
132447135.7637764066 0.0000407220
132404167.2941440195 0.0000401645
132415811.8769309372 0.0000403679
132400559.9335778654 0.0000401759
132402166.3262463361 0.0000399636
132400658.4802483469 0.0000400709
132404222.1730137765 0.0000400622
132398568.9807476699 0.0000402825
132477195.8390934616 0.0000398490
132400007.3065074086 0.0000400952
132420270.5039589256 0.0000401477
132476007.6036168188 0.0000403819
132401176.0708061010 0.0000401845
132400228.2354872972 0.0000402713
132410395.8477225006 0.0000398219
132474019.6329303980 0.0000402806
132474889.9563678056 0.0000400484
132409674.9884631634 0.0000403232
132406576.4264557064 0.0000406282
132469363.8396848440 0.0000402225
132475968.3006666005 0.0000402602
132401889.9151076525 0.0000403044
132398244.2612740546 0.0000403578
132404881.4930644631 0.0000403246
132477132.9494188428 0.0000403977
132401904.5116998404 0.0000405163
132399297.0637529492 0.0000403610
132479270.5748870820 0.0000402839
132399098.0492185652 0.0000403162
132405384.3596116155 0.0000404623
132477311.3474090248 0.0000404517
132404814.1356371343 0.0000402616
132479196.6702665538 0.0000404080
132404471.3005880117 0.0000404010
132401281.6956048757 0.0000402891
132401158.3825781643 0.0000404991
132478542.5159420371 0.0000403225
132406031.6390299201 0.0000401510
132402909.4901868254 0.0000403074
132475500.2215316296 0.0000405653
132478810.2915480137 0.0000402921
132402200.3768549562 0.0000406780
132477088.8188410103 0.0000403705
132399047.4827697724 0.0000404978
132400524.0170783550 0.0000403275
132480031.5483637899 0.0000402826
132399159.3622973561 0.0000403209
132472223.0585157275 0.0000403254
132398384.0180628300 0.0000403631
132401590.7015058696 0.0000405350
132397756.5808349848 0.0000403518
132403005.4681780487 0.0000403658
132398218.7208129168 0.0000403862
132399719.1711522788 0.0000402993
132478970.4546852410 0.0000403643
132400819.9547267407 0.0000403266
132478406.2893516868 0.0000403871
132401832.6795844734 0.0000402580
132397869.8813566864 0.0000403469
132398867.1837255359 0.0000403709
132478787.2426986098 0.0000403566
132479217.8041886091 0.0000403322
132398175.5711748898 0.0000403607
132397895.3334691823 0.0000404368
132478709.3666342199 0.0000403552
132478878.4927359819 0.0000403199
132398158.6351863295 0.0000404054
132478724.1499032974 0.0000403385
132398703.2084203959 0.0000403841
132479015.7902102023 0.0000403571
132397629.0400666893 0.0000403534
132478892.2015964091 0.0000403699
132400104.7877119482 0.0000403344
132397809.8322276920 0.0000403276
132399795.4928707629 0.0000403609
132397774.8722483814 0.0000403325
132478843.7718080729 0.0000403229
132397818.2043297738 0.0000403580
132398040.9291689098 0.0000403486
132478972.1624685675 0.0000403775
132398293.1433692873 0.0000403298
132478709.5817970783 0.0000403804
132477587.6234141290 0.0000402779
132478703.6740371585 0.0000403472
132399534.9151558578 0.0000403028
132398402.5762575418 0.0000403519
132399626.2738384604 0.0000404316
132478633.2380143702 0.0000403474
132476537.8298854828 0.0000403907
132397628.1368350238 0.0000403527
132400204.1943696141 0.0000402987
132397881.9724184275 0.0000403568
132402588.6683976948 0.0000402980
132478565.3275672942 0.0000403486
132400567.9654614180 0.0000403395
132397940.1826472729 0.0000403542
132400992.0892806947 0.0000403198
132479024.7292190492 0.0000403347
132399358.5663058907 0.0000403120
132397775.2776677758 0.0000403876
132398273.4809828550 0.0000403219
132397589.8012598902 0.0000403607
132397362.7731225193 0.0000403560
132478373.5596200228 0.0000403550
132400865.8633909672 0.0000403838
132478744.3635856956 0.0000403514
132398404.1960472167 0.0000403141
132478705.0541233718 0.0000403672
132398751.7090618312 0.0000403552
132478746.9863837212 0.0000403362
132398210.7338935286 0.0000403919
132397540.4787099808 0.0000403893
132477266.2834443748 0.0000403958
132478020.8704079241 0.0000403648
132399049.6161857992 0.0000403176
132398693.4919620901 0.0000403497
132397474.1051932424 0.0000403542
132478662.2042410523 0.0000403714
132397376.8671630323 0.0000403562
132478723.7551605701 0.0000403681
132397537.0288475305 0.0000403441
132397432.7484564334 0.0000403413
132397469.0584352463 0.0000403483
132477789.3979403824 0.0000403658
132478614.2233080119 0.0000403617
132397285.9467918575 0.0000403704
132397620.6637814343 0.0000403682
132398321.4200732261 0.0000403515
132478709.4417876601 0.0000403776
132399751.9960643202 0.0000403758
132397491.0513487160 0.0000403646
132398392.3266522139 0.0000403583
132397362.2782367319 0.0000403657
132397762.2729336172 0.0000403649
132478649.2107400000 0.0000403663
132397774.6893118918 0.0000403235
132397413.0573713183 0.0000403707
132397966.0108670294 0.0000403663
132397233.6884403676 0.0000403689
132477025.6171449125 0.0000403634
132397450.8943717480 0.0000403709
132399020.3270575851 0.0000403370
132397437.5673143268 0.0000403706
132397762.2353588492 0.0000403621
132478655.1221713871 0.0000403767
132398313.5563165545 0.0000403735
132478701.7953581512 0.0000403738
132398656.6155496836 0.0000403376
132478555.7350943834 0.0000403771
132478531.5410182178 0.0000403496
132397327.0580250472 0.0000403689
132398089.8850952983 0.0000403744
132478610.1914010346 0.0000403750
132478840.2712103426 0.0000403752
132397250.1696885228 0.0000403601
132397526.2661979347 0.0000403392
132478486.1837370992 0.0000403713
132398696.2146171033 0.0000403617
132397268.5070501864 0.0000403688
132397738.1391001344 0.0000403888
128042203.0000000000 0.0000403888 1 0 0 0 0 0 0 0 0 0 0 0 0 0 0 