1513721631.6354706287 0.0000009890
1463404330.8367669582 0.0000003415
1467014635.7628619671 0.0000000584
1562208437.8638024330 0.0000000015
1668542072.5346162319 0.0000000969
1607558643.0028164387 0.0000000164
1576115631.5128693581 0.0000000007
1478458108.7459514141 0.0000012535
1589956885.0436682701 0.0000000025
1482759152.8454580307 0.0000000007
1627182334.1564335823 0.0000004952
1417955351.1841094494 0.0000000479
1655518340.5268826485 0.0000000568
1413804232.7687582970 0.0000004368
1392641202.8435218334 0.0000018952
1447366092.8516662121 0.0008397408
1484427919.9047214985 0.0000009135
1344333006.3829538822 0.0000032554
1248932589.2039723396 0.0000043206
1248677309.4913394451 0.0000046900
1142457138.4425129890 0.0000006809
1113342062.5250349045 0.0000004642
1247419123.1702899933 0.0000022454
1020100119.6158040762 0.0000002651
1016035542.8625612259 0.0000000557
1226087971.1533579826 0.0000011163
1192517268.1036579609 0.0000000994
1250812486.9075903893 0.0000010604
1199249915.6240181923 0.0000022276
952150096.6616275311 0.0000028870
1013334493.8176889420 0.0012791812
642832993.5392987728 0.0003140112
793864206.8334015608 0.0002009776
653565516.2303348780 0.0004836994
691723828.6243704557 0.0008392135
652896732.1248153448 0.0002600251
636641888.7546588182 0.0001579671
625539598.1797672510 0.0003964272
670486310.8552790880 0.0000365853
630383226.7420914173 0.0007934581
678451186.6380206347 0.0029436138
621509274.6672773361 0.0005315759
767464145.6023298502 0.0000130114
638711858.3729690313 0.0004967027
629700227.2444714308 0.0037897384
621171464.4109981060 0.0004387699
655482270.2337116003 0.0013787344
634507384.6344476938 0.0004471360
765669041.6574559212 0.0002164028
634332865.3936291933 0.0003708481
563631006.5167745352 0.0007923700
551319541.5360825062 0.0010283860
678823572.4302049875 0.0078594376
550368212.7226691246 0.0004490720
528110437.6046324968 0.0037719673
526623936.5656495690 0.0038057849
545126950.1992297173 0.0149108716
510811045.2056570053 0.0030588342
593404081.4171885252 0.0000341435
533095200.1314817667 0.0015684724
629190916.4097510576 0.0113191544
530875854.3090535402 0.0051324685
509542591.2093786597 0.0034940162
524400404.1957895756 0.0034041075
490671967.5500091314 0.0025256703
499169592.5362299681 0.0022488853
574839553.8814417124 0.0025725372
488587875.4299182296 0.0011935672
696564267.6634134054 0.0019179744
477835191.9559214711 0.0017791560
426042011.0287324190 0.0024218003
445237868.9389865398 0.0021155459
458017921.6139538288 0.0074119253
427222242.9001912475 0.0022603101
482415879.6181300879 0.0316553279
448101099.8434293270 0.0023658489
551825597.4527502060 0.0057836400
421061772.9599354267 0.0024799909
464461661.3566319346 0.0021581447
429273514.5846856236 0.0019303912
462757788.8923889399 0.0000433478
449113011.4286515117 0.0016920369
458200184.6162059307 0.0002416185
404888525.6150252223 0.0042821664
524813540.8402757049 0.0021213415
402553069.8106132150 0.0033230221
417002449.7292186618 0.0001829489
389028640.9396300912 0.0021971518
295702547.4861317873 0.0001374591
298239915.7222461104 0.0001220484
413510144.8094752431 0.0001615439
309658165.2248641849 0.0000092657
438101201.2777905464 0.0000104975
289570510.8466418386 0.0001008312
476967120.6253701448 0.0002420197
309924047.9416162372 0.0008961153
310460789.7318421006 0.0000648242
293577932.5571736693 0.0000844697
381129903.9164184928 0.0000728601
288022091.4375135303 0.0002788020
361800366.0761443973 0.0000009053
295613456.3409279585 0.0006440656
426333493.2123969197 0.0004272183
295324850.1129615307 0.0008446698
476133188.3122853041 0.0009543483
265927937.9256663024 0.0004336084
385135382.3248026371 0.0004039167
284292878.9398183227 0.0026667633
335258709.3947390914 0.0002080706
259412083.7824085653 0.0001018262
311864393.5127801299 0.0000002997
236393723.2651871443 0.0010920221
270747038.6372132897 0.0002183718
240082995.4628510475 0.0011275730
290567029.5297071934 0.0000013235
254654992.7213753462 0.0021256438
280002269.0767130256 0.0002744700
230730557.9541122317 0.0015973810
306514039.7813902497 0.0014643318
222188775.8938476145 0.0015111805
281872440.7626123428 0.0005997757
245988417.8644138277 0.0017781542
302135793.5185481906 0.0005325280
236772941.3405722380 0.0011659610
306368813.6454792619 0.0049023730
240132924.0440091193 0.0010955525
299576429.7139310837 0.0027786226
243480662.9827483296 0.0016024547
295241456.4210063815 0.0000013380
237412989.3696962595 0.0008775256
281972047.5537275672 0.0012740245
230113790.3399898708 0.0020686583
296505032.1508269310 0.0001352262
228981955.5121243596 0.0004619787
402514004.7015115619 0.0017136658
237397677.9514885545 0.0021468405
313335298.4549976587 0.0000003712
242272233.5584696531 0.0027467234
345698399.2718203664 0.0120621191
232220700.6084515750 0.0028305244
323291138.9213565588 0.0017789215
247112410.3062627912 0.0006698271
355586324.6550210714 0.0001261083
235861673.6205199957 0.0008867164
390145194.8141444921 0.0019468898
225599729.6856623590 0.0013678570
311917992.7485847473 0.0000522643
235322085.5495693982 0.0030322506
328621338.0594521761 0.0017936156
235655366.2016019821 0.0018039245
346175109.4851957560 0.0004580340
238815689.3750075698 0.0023714066
341594989.8060285449 0.0000906555
226476493.0546508133 0.0009316218
303882023.4060189724 0.0015264898
220863485.8003973067 0.0003548549
309499609.4833983779 0.0005222625
219377426.0412850380 0.0000180354
292925547.2530205846 0.0000002581
218501896.5064987838 0.0003625395
244488334.9897260666 0.0000511258
221299868.8496193886 0.0000480492
289547242.8224765062 0.0000090593
226033174.6154863238 0.0002003425
341174256.9753329754 0.0024029395
233394046.7436049581 0.0005342077
283443508.7364488840 0.0001305484
229691399.2083919048 0.0004693308
322392614.6625899673 0.0006114907
217972901.6965345442 0.0001425995
285343453.2794073820 0.0001731090
241310637.7595580816 0.0000032892
277099209.9095451832 0.0000683015
229552050.9866524339 0.0001826863
396976011.3758190870 0.0005523397
247959402.5732554793 0.0000660170
299133901.8443064094 0.0000005976
239254114.1037902832 0.0007630126
295306168.0612107515 0.0056440004
229262223.5010018349 0.0005862107
351295931.9486659169 0.0000005639
221390573.9729032516 0.0000770796
312001780.9931216836 0.0026873656
222697569.4538185000 0.0000099221
318368373.2163217664 0.0000031580
253691580.1458103657 0.0000696760
219873650.8061814308 0.0001317066
208385140.1618565023 0.0000091142
210227165.6159679294 0.0000000009
244310645.5890317261 0.0002518641
197531233.7882159650 0.0000050774
220010317.7695328295 0.0000224377
193641813.8289941847 0.0000108218
205979025.4206365049 0.0000363334
193350379.4559005499 0.0001019028
208617778.4621247351 0.0000488995
201105282.4927116930 0.0001304784
235372078.4784328640 0.0000989738
199399079.2094604373 0.0001033267
218316286.4824311137 0.0008582563
193520671.0823835135 0.0001788631
247526308.1459054649 0.0001527234
197287673.8791716397 0.0000380626
233369319.8532761633 0.0001660305
191595750.5329226553 0.0001152326
184304363.2285345793 0.0001238702
185265159.4266995788 0.0000535657
179788123.3632309735 0.0000143630
178382526.8035281599 0.0000075654
171562219.0343624651 0.0000007450
169283964.8017365038 0.0000184072
187827202.0388535261 0.0000060508
170987021.0938331187 0.0000051978
204802656.4288893044 0.0006529750
170565983.5266678631 0.0000314404
190849067.8026243746 0.0000002934
165249633.1290166676 0.0000160671
186046768.7767482698 0.0000000000
167972610.9454087913 0.0000209925
173243804.4752959311 0.0000002619
168403028.6578428149 0.0000008270
206977585.3242273629 0.0000184042
165043361.8384061754 0.0000507943
184653920.1800134480 0.0004517705
169973292.5848775506 0.0002229682
171319893.3916622400 0.0000011487
167559370.2684474885 0.0000582907
178683912.0222476125 0.0000002345
165514433.5258694291 0.0000340257
192685031.1989760399 0.0000409274
168108115.0515898764 0.0003441212
185013603.4294552803 0.0000055953
164056519.9193053246 0.0000389549
172384446.7444422543 0.0000000008
164034735.4460141063 0.0000522001
184971079.3179349601 0.0004706504
163180136.0217676163 0.0000117152
177912816.3840700686 0.0000026951
164573307.7486616671 0.0001523077
186538403.9848997593 0.0000377127
166534403.4361380637 0.0000118734
161945414.0994101465 0.0000043493
161450211.0989039242 0.0000015646
183409876.8899143040 0.0000143062
162908057.1191007197 0.0000000082
205500685.2013796568 0.0000921112
161052681.2909768224 0.0000006950
173794275.2969557047 0.0001558325
161583421.6590029299 0.0000000003
174831934.4729234278 0.0000027841
163218150.5533523262 0.0000110108
166593308.4423346221 0.0000488205
163339649.0182029605 0.0000024647
176022134.4921057820 0.0001035677
163909048.3390127420 0.0000024045
180315741.3384257257 0.0009136576
161990628.3017002940 0.0000087183
162967900.9937405884 0.0000162881
161307481.1540126801 0.0000021346
185931688.6999653280 0.0000102225
168183239.3968629241 0.0000037947
187945420.8062360883 0.0000664196
161918266.7225871980 0.0000056940
178567449.0175251961 0.0000000023
163832934.6425851882 0.0000022887
187748784.7397085428 0.0000829454
162102090.9845868945 0.0000024213
168097831.8256358206 0.0001066246
162607129.1725194454 0.0000018209
172493696.6662658751 0.0000009430
162879105.0281664133 0.0000024261
176319977.3404885828 0.0000003799
163017605.4368569255 0.0000055408
169645353.3638836145 0.0000000001
162630824.3826075792 0.0000057950
186616313.1443295777 0.0000190038
162904625.9078280926 0.0000042079
162850706.5321403146 0.0000000303
161693786.8617193699 0.0000001667
171378603.3372442722 0.0001622811
161505434.1470543146 0.0000010708
182650689.6642143130 0.0000000302
161446958.5462625027 0.0000053615
177870813.5626050532 0.0002628971
162914666.7960140705 0.0000008538
169228393.2171683908 0.0000229160
163018551.8622951806 0.0000001522
175237816.2033541501 0.0003093426
162843622.2976572216 0.0000163128
175224173.2719607353 0.0003982197
162768426.8655090034 0.0000143888
170089529.8332111835 0.0000093640
164025777.9446628392 0.0000077709
175756441.8123772442 0.0002711844
160611117.0299778283 0.0000003369
174054380.8574089110 0.0001418918
187626797.7289815247 0.0000346340
161107143.2650258839 0.0000028408
161054837.6264908910 0.0000013722
169128030.7639194429 0.0000232458
161957801.8048622310 0.0000002989
163231534.6362572610 0.0000785976
161397443.6803677082 0.0000000002
165721882.2943873405 0.0000026551
161599124.5355842710 0.0000002171
161007926.3486634791 0.0000044999
161208079.7463218570 0.0000001721
163049652.5784532726 0.0000004654
160878032.9297786951 0.0000014246
165435197.2269669771 0.0000002161
160902307.0003338754 0.0000000190
161286481.8491853774 0.0000005864
160658554.6344772577 0.0000007484
162351774.5034852326 0.0000008751
160606153.4135967195 0.0000024442
160880003.9440796673 0.0000017480
160392103.5936504006 0.0000011749
160259236.2202040255 0.0000006387
162080685.9153017998 0.0000000000
159968107.9060423970 0.0000007572
159876999.9932461679 0.0000000130
159880164.9995034337 0.0000000024
159322897.2371969521 0.0000023201
160841589.0890763402 0.0000033570
160858010.0649138093 0.0000004710
159215670.1704930961 0.0000024261
159803497.2487521470 0.0000003361
160843512.8689440787 0.0000025163
159474234.7137530148 0.0000030168
159205487.6942734122 0.0000061001
159926784.1450425982 0.0000039842
159287528.2366224229 0.0000048746
159731832.3699277043 0.0000022195
159210595.2912637591 0.0000064783
159387244.5726365447 0.0000002625
160341893.8780126870 0.0000108675
160124544.8915312588 0.0000041433
160767171.1953063309 0.0000051130
160246290.7374195158 0.0000156838
159248118.6139077246 0.0000085208
160399855.9390976727 0.0000117432
159748442.6533405781 0.0000066856
160007159.8082603216 0.0000159488
159638322.7956576347 0.0000018171
161469416.1291778982 0.0000122109
159567883.8257487714 0.0000048050
160563461.3968717456 0.0000241255
160535505.8445870578 0.0000057837
159412410.2189303339 0.0000013812
159523709.8208104372 0.0000075825
158925171.5401827097 0.0000059192
160102730.3818772137 0.0000062521
160110141.0663390756 0.0000062736
159906141.2166483104 0.0000020373
159038651.8146081865 0.0000004682
159058493.9360873103 0.0000110001
159810114.1894887984 0.0000177694
159060150.8026395142 0.0000083873
158955937.8868989944 0.0000044278
159859441.2291510403 0.0000139074
159138584.4958833158 0.0000039644
159989482.2089518905 0.0000039959
161827996.1642713845 0.0000020819
159394432.8002210855 0.0000085359
161079726.6194949448 0.0000827702
159443633.8052509725 0.0000044214
159916720.5389571488 0.0000100593
159394507.4742210209 0.0000093474
160453368.2299242318 0.0000009703
159522954.8790438473 0.0000042942
160044283.4162637591 0.0000025309
159524433.7842043638 0.0000023263
162339657.5008436441 0.0000044133
158980851.3100978434 0.0000061268
160062842.2910586298 0.0000025455
159032072.9301627576 0.0000042378
160069557.8518809974 0.0000095600
159174823.0209173262 0.0000047572
160051818.4682447910 0.0000045845
159193931.7826182544 0.0000057205
159617033.1942280531 0.0000008646
159593933.2030415237 0.0000026488
163153851.2886748016 0.0000004140
159363047.5771096349 0.0000044739
160455154.9059214890 0.0000003400
159630657.6376288533 0.0000047011
159760934.6403149962 0.0000040211
159509449.8439696729 0.0000054447
160300460.0209105909 0.0000002829
159931426.1249473691 0.0000079457
160976904.9219503105 0.0000052957
159461961.2498247027 0.0000090302
160214823.9452393055 0.0000059838
159541965.3547407091 0.0000053921
159107745.4667526782 0.0000031481
159864172.0916145742 0.0000065252
162394922.8585739732 0.0000111234
159237710.0483581126 0.0000058029
159454914.7995944023 0.0000001608
159556811.7720649838 0.0000075240
160036434.0917097926 0.0000007695
159388067.4427573085 0.0000037619
161930067.3837043047 0.0000000018
159062023.1140520275 0.0000047326
160700416.7438533306 0.0000000891
159810814.1603248715 0.0000100706
161949118.1441024244 0.0000595123
159703405.7213008106 0.0000231955
159951537.1687252820 0.0000042269
159790637.8095394373 0.0000597524
158937071.2476527989 0.0000064101
159637659.5298486948 0.0000021896
158924518.7365360558 0.0000060077
159690204.5492172539 0.0000032355
159665184.8745778501 0.0000061302
159262539.5782034993 0.0000029652
159024692.5571550727 0.0000060791
159046888.7776027322 0.0000079775
159335721.9479077160 0.0000059364
159620541.7629321218 0.0000071891
159012203.2979788482 0.0000053683
159936230.1634222567 0.0000065812
159793013.3911628425 0.0000060417
159713612.6826384068 0.0000063500
159375932.7089622915 0.0000042020
159642488.3784106970 0.0000068920
158895779.4920310378 0.0000039393
158963399.4400387108 0.0000044793
160130351.0639325380 0.0000063976
160045693.5401094258 0.0000035587
159880221.4189169109 0.0000027842
159886922.6449086964 0.0000054804
159315673.9264792204 0.0000023628
158899583.2625133097 0.0000037793
159270963.4790623784 0.0000018346
160018281.5465913415 0.0000038704
159090713.6963412166 0.0000020891
158857292.1912125349 0.0000041183
159032886.2837498486 0.0000036247
158946499.2452894747 0.0000045115
158799139.8470611870 0.0000045516
159757331.4295696914 0.0000030157
159927173.7834615111 0.0000173345
159917474.0253654718 0.0000037161
159990735.1829284430 0.0000035870
159001206.7852396965 0.0000041125
159169011.8382832408 0.0000049525
158941580.2177917957 0.0000041881
158879704.9849319160 0.0000028553
158842694.9232278764 0.0000041543
159329221.5433938503 0.0000050263
158798621.8572561741 0.0000048564
158952822.7190756500 0.0000069418
158823096.5411664844 0.0000052303
159336593.6793268621 0.0000025785
159756850.0234300792 0.0000059439
159125135.0941336453 0.0000078396
158987536.4730396271 0.0000043960
158770739.9590336978 0.0000067323
159603714.2024671733 0.0000082147
159474500.3176553845 0.0000094128
159110298.4025137722 0.0000053417
159156648.8266743422 0.0000091196
159445817.1298491955 0.0000071317
159233872.3269147277 0.0000055797
158855127.4056321681 0.0000066228
158951272.6363462210 0.0000033503
159511813.6392481029 0.0000064567
158973613.6546540856 0.0000043247
158845450.8363724351 0.0000069183
159359063.5394500494 0.0000091242
159544245.5419406593 0.0000066767
158820010.1245666444 0.0000039928
158811442.7037639618 0.0000055312
159019961.8838190138 0.0000034888
158787711.1364353597 0.0000053385
159070126.6715820134 0.0000064965
158983583.5095703006 0.0000066242
158865521.5406366587 0.0000062405
159352994.0399372578 0.0000070864
159780812.8763836920 0.0000025925
158802995.4690793753 0.0000092614
159269373.2867902219 0.0000122806
158788561.9946888089 0.0000078277
159221903.3835654855 0.0000042342
159536314.9091439545 0.0000062951
158816097.6300983131 0.0000075787
158855611.6885635853 0.0000060464
159377383.5875878036 0.0000048628
158892646.2855666578 0.0000064370
159699772.3530350626 0.0000096552
158849266.1140508354 0.0000069947
160375687.0842099190 0.0000073982
159574429.1775076687 0.0000071166
159394865.4640749395 0.0000067046
159511497.8850937486 0.0000072172
159455379.9967802465 0.0000026392
159513274.7864964604 0.0000073268
159393164.8289435506 0.0000046045
158835619.3871635497 0.0000064560
159096387.7147630751 0.0000064118
158773371.6301535070 0.0000069076
158803344.6171138287 0.0000088315
159459518.3937097490 0.0000072043
159157944.7530755401 0.0000035707
159517064.4646532834 0.0000056265
159240307.0989041924 0.0000158368
159565180.1932677925 0.0000062137
159060253.1687295139 0.0000039522
158804691.5405607820 0.0000058424
158759673.2558760345 0.0000093329
159393200.5776942670 0.0000102720
159025937.2357849479 0.0000084277
159001084.0287510753 0.0000091556
158952382.7546256483 0.0000170558
159591083.9909913838 0.0000097809
158681293.3449296057 0.0000048816
158617499.0136861205 0.0000046557
158976942.5982427001 0.0000038473
159356572.1359266341 0.0000053848
158990923.1924591064 0.0000045104
158762001.3766902685 0.0000041681
160008258.0396157503 0.0000019928
158851295.1027510166 0.0000052955
159158534.6211512685 0.0000103828
158661900.6044407487 0.0000039473
159317939.0552460551 0.0000079758
159297958.0477280319 0.0000049875
158679035.4717572927 0.0000032810
159423645.5099764764 0.0000058100
158890051.5461241305 0.0000057001
158746925.4834930599 0.0000033686
158952712.5417714119 0.0000031465
159317799.5422128439 0.0000050265
159343511.9725346267 0.0000022233
158633796.2371235192 0.0000051447
159118517.2931802273 0.0000026086
159324542.4614421129 0.0000049133
159148640.1899708509 0.0000023136
159390260.7655980587 0.0000037152
159217610.8810087144 0.0000139631
158692152.5480605364 0.0000049337
158681572.0592406690 0.0000022195
158595699.7626232505 0.0000051108
158794722.3132691979 0.0000027174
158674522.0714858174 0.0000056842
158797456.5022295415 0.0000056604
159441600.8110549748 0.0000058498
159067058.4868026972 0.0000038309
159448528.8977942467 0.0000043639
159470833.1147964299 0.0000045735
158634857.8580246270 0.0000055556
158585034.0861597955 0.0000054473
158817515.9610819817 0.0000061750
159343663.4592750072 0.0000056542
158622623.3793092966 0.0000057279
159385907.7360706925 0.0000049454
159338553.7629915178 0.0000099892
159436767.1544673145 0.0000057008
158543709.9449872673 0.0000051209
158589757.5874658823 0.0000050397
159310767.5197628438 0.0000048883
158598991.7969179153 0.0000054541
159043316.5837057531 0.0000060101
158536339.0968040228 0.0000048675
158578606.3235151470 0.0000074415
158534514.4676696956 0.0000054613
158804611.7489356101 0.0000038596
158608897.6900114417 0.0000052620
158738481.3720811903 0.0000050745
159396665.0685752034 0.0000061043
159368823.3060575128 0.0000077302
158628597.1705228686 0.0000049003
158556087.8707439899 0.0000066786
159391895.0164238214 0.0000061212
158528839.0130533874 0.0000048909
159431671.0007906556 0.0000050670
159488930.2999663055 0.0000069529
158612353.5797770023 0.0000045686
158568037.1110338271 0.0000033305
159456625.2204379439 0.0000048350
158893473.6338344216 0.0000025335
158544399.8039244413 0.0000052811
158741128.6738974452 0.0000030994
158535357.7687308788 0.0000045587
159152036.7140962481 0.0000053683
158565819.6079965830 0.0000050765
159136075.5400458574 0.0000058226
158549049.4257694185 0.0000047473
158597419.9005425274 0.0000058120
159428719.1211131215 0.0000047523
158712583.2254189551 0.0000033564
158672923.5022121966 0.0000052042
158855010.0351704955 0.0000061293
159454309.3597339690 0.0000055302
158551793.5764986277 0.0000031688
159438082.2036281824 0.0000050088
158621663.5831322372 0.0000044299
158561749.0457052290 0.0000052780
158589144.0669884086 0.0000049723
158534855.5318591297 0.0000053313
159248074.0832620859 0.0000053735
158584125.3806374967 0.0000052338
159445585.9026901722 0.0000063123
158533664.1585248411 0.0000050243
159428508.9765731394 0.0000036899
158652429.6464057565 0.0000047656
158540090.1020557880 0.0000034302
158620084.0676968992 0.0000050577
159348576.0846549273 0.0000030567
158544691.5421311259 0.0000050381
159172793.1030941308 0.0000055009
158544113.7041336894 0.0000049369
159438731.7110571861 0.0000067455
158560041.0956561863 0.0000049251
158673155.6350261569 0.0000067348
158560365.0934135020 0.0000048911
159481638.9802933931 0.0000060057
159365349.1044263244 0.0000051796
158898884.0040858686 0.0000043543
158589534.1135793030 0.0000044868
159322667.0765134990 0.0000060757
158556203.0935193300 0.0000040482
158545425.6758795083 0.0000041547
159442830.8796100914 0.0000049244
158591762.3457266688 0.0000041182
159386410.0991555452 0.0000049783
159458912.6449581385 0.0000047648
158543585.6999203265 0.0000047616
159428152.0250864923 0.0000043495
159369985.1180443466 0.0000045616
158584863.6084030569 0.0000055658
158555838.1794103682 0.0000045504
158980047.1185207069 0.0000043345
159405782.2746283114 0.0000048759
158704674.7582569420 0.0000065264
159420658.6610987782 0.0000049035
158543090.6272422671 0.0000046923
159345793.0110999048 0.0000047624
158537087.8839271963 0.0000047604
158600884.6780312359 0.0000047074
159444517.2367834449 0.0000049655
158546641.1858779490 0.0000050285
159434299.4129694104 0.0000048217
158606413.8405094147 0.0000048384
158533361.7758418620 0.0000048543
158542875.0973324776 0.0000047283
158535177.6840513647 0.0000048367
158552649.5894699395 0.0000052095
159450488.9379068613 0.0000049275
158611237.4669771492 0.0000043719
159428021.0112241209 0.0000049098
158641591.7439662814 0.0000052724
158537820.7638909221 0.0000048875
159446848.6503537595 0.0000049474
159452260.0593998730 0.0000048711
158543205.4651191831 0.0000046989
159453620.6574224830 0.0000050423
158590873.3619763255 0.0000044103
158530515.9017624855 0.0000048478
158540475.0091156363 0.0000057958
158544256.6770698428 0.0000047935
158613228.4423272014 0.0000049561
159457528.0789017677 0.0000049383
158519874.3664811850 0.0000045165
159461419.5870203972 0.0000045737
158531103.3655593395 0.0000044547
158539763.3146801591 0.0000044427
158647512.1774452031 0.0000040687
158542887.0465177000 0.0000045756
158573660.8610136807 0.0000044585
159454706.1314061582 0.0000045851
158513788.6164142489 0.0000045785
159471520.2870050669 0.0000047750
158628243.3433158696 0.0000043292
159476011.6970542371 0.0000046053
158551068.9775729477 0.0000041691
158527544.7996182144 0.0000045663
158532895.0907129347 0.0000043276
158516647.4055163264 0.0000045986
158579354.0809513628 0.0000047065
159467571.3673080206 0.0000046052
158570741.6785862744 0.0000042034
158521020.8911639452 0.0000045796
158570772.7264529467 0.0000049428
158515205.2675111294 0.0000046042
159475023.8193548918 0.0000045806
158508692.1272947788 0.0000045537
158535231.8442079425 0.0000045258
159470381.6451306045 0.0000046330
158570791.1582764983 0.0000044901
158523493.2784242034 0.0000045208
159434249.3343370259 0.0000047864
158514728.8699694872 0.0000045156
158515538.6554345191 0.0000042981
158513859.7012175620 0.0000045021
159428828.3878600299 0.0000043509
158532011.2834641635 0.0000045625
158529729.9938881993 0.0000048352
158526344.5551785231 0.0000044891
158534873.7562024891 0.0000045889
158510236.4085499644 0.0000047019
158538265.8540651798 0.0000045953
159467492.1882429719 0.0000043963
158608304.0188024640 0.0000050060
158538140.1205416322 0.0000044622
159474533.0031725466 0.0000043170
158513419.6781935692 0.0000045418
159480759.8404020965 0.0000045118
159482161.0961585641 0.0000048832
158512901.3041534424 0.0000045963
158536576.2153309286 0.0000045461
158505899.0379942656 0.0000044888
158515394.3806289136 0.0000044167
158506946.1253544986 0.0000044863
158531540.9589357674 0.0000042501
158511331.9065089524 0.0000044446
158515475.6042131782 0.0000044577
158511255.8366202414 0.0000044399
158547479.8163152337 0.0000043380
159470426.8431430757 0.0000044847
158560140.2335098684 0.0000042257
158515859.4764764309 0.0000043991
158538297.0687767267 0.0000045155
159479522.3623457253 0.0000044564
158521452.6644934118 0.0000045197
158507243.7202235460 0.0000045154
158509685.4758665562 0.0000044943
158517608.3491193950 0.0000044038
159464959.3297610283 0.0000043325
159479512.0488205254 0.0000044122
158517249.3596335053 0.0000045625
158516032.1351082325 0.0000046065
159475588.9573579431 0.0000042899
158505703.8650093377 0.0000045156
158517497.7929896116 0.0000043642
158512949.2462857366 0.0000044888
158562345.8725125194 0.0000045879
159478781.1740674376 0.0000044932
159475277.6539696455 0.0000045228
159470658.4609760046 0.0000045504
158542769.0478825867 0.0000043158
159455275.1686756015 0.0000045470
159481708.4492580295 0.0000046680
158504424.9819634259 0.0000045179
159480631.8955189586 0.0000043685
159480265.9897069931 0.0000045061
158505649.0141287744 0.0000045862
158508203.1039355993 0.0000045203
158521677.3052419722 0.0000044197
158505808.3371693194 0.0000044933
159461324.8134232163 0.0000046305
158506358.0595742166 0.0000045146
158512401.6394876242 0.0000044663
159474950.0835551620 0.0000045201
158525998.9038554132 0.0000044998
158511894.1010881364 0.0000045207
159472180.9837566018 0.0000045082
158510429.9334222972 0.0000044303
159480652.3275759518 0.0000045068
158507821.2578949332 0.0000045559
159478592.7325102091 0.0000045151
159481083.1017007828 0.0000045104
159480806.7391649187 0.0000045208
158509930.3119487762 0.0000045383
158507425.3265432417 0.0000045103
158515194.0349465609 0.0000045577
159479624.2478078008 0.0000045210
158505906.3343655467 0.0000045542
158505801.0855304897 0.0000045206
158505063.4680768847 0.0000045326
158505145.7324910760 0.0000045042
158507503.1392257810 0.0000045110
158504978.9930487871 0.0000045055
159481779.1567809284 0.0000044980
159480752.2020158768 0.0000045281
159467834.4768592417 0.0000045206
159481436.4683060646 0.0000045266
158515492.3618780971 0.0000044744
158504629.0954065621 0.0000045034
158507883.0520269871 0.0000044793
159480549.9444057643 0.0000045159
159479211.4038437307 0.0000044993
158506634.5725681782 0.0000045188
158504397.6164070070 0.0000045130
159477994.7731322050 0.0000045236
158510806.5199773312 0.0000044710
159480316.0758705437 0.0000045097
158511969.1443522274 0.0000046054
159479284.2303807735 0.0000045131
158522164.9646900892 0.0000044392
159479112.5097414553 0.0000045108
158508155.7008989751 0.0000045073
159479217.5140223205 0.0000045251
158515638.7385795116 0.0000045034
158507286.5709977150 0.0000044979
158514901.7778199911 0.0000044858
158505224.0465898514 0.0000045087
158504508.8185677230 0.0000045362
158505881.9027666748 0.0000044890
158504967.3119842708 0.0000045848
158504668.9421619773 0.0000045076
159480616.6107037663 0.0000045046
158504952.4752357602 0.0000045039
158509577.3790225089 0.0000044937
159477457.9569847882 0.0000045146
158512209.5159521103 0.0000045319
159478909.4510141015 0.0000045129
158506391.4667475522 0.0000045413
159479217.6578231752 0.0000045203
158507704.0289304852 0.0000044484
159478193.2163688838 0.0000045162
158509558.9601951241 0.0000044514
158506331.4777192175 0.0000045318
159471912.7266784906 0.0000045332
159479134.8958740234 0.0000045238
158512197.0124245286 0.0000044644
158506754.2841975391 0.0000045057
159465395.8756283224 0.0000045357
158504149.0951888859 0.0000045025
158512747.1733565032 0.0000044727
158504746.4109036624 0.0000045057
158507961.9626157880 0.0000045045
159479830.3446841240 0.0000044996
158505363.4425362051 0.0000044927
159479183.2315752208 0.0000045030
158504703.1252127290 0.0000045160
158504199.7436232269 0.0000045016
158505754.4396898448 0.0000045160
158504284.4782257974 0.0000045045
158505629.3979533911 0.0000045071
158504283.3388361037 0.0000045034
158504504.4768992066 0.0000044907
158504304.8094281852 0.0000045028
158507151.8183972836 0.0000044748
158504386.5086130202 0.0000045037
158511905.9306161702 0.0000044916
158504121.2702180445 0.0000044995
158509440.4279114902 0.0000044969
158504231.5544955730 0.0000044984
158507199.2148249149 0.0000044744
159479877.7328468859 0.0000044954
158507745.7906322181 0.0000045051
158504150.7870515585 0.0000045144
158507377.9747982323 0.0000045131
158504745.7499802709 0.0000044897
159465063.0363683105 0.0000045221
159472582.6610571444 0.0000045108
158504231.4638368487 0.0000045033
158507786.6757088602 0.0000044919
159479731.2366614044 0.0000044999
158505434.7542237937 0.0000044906
158504418.0200304091 0.0000044963
158505074.2923938632 0.0000045033
159479840.3863161802 0.0000044965
158504758.0470102429 0.0000045102
158504164.3740137815 0.0000045019
158505172.9541141987 0.0000045024
158504242.5841910243 0.0000044983
158508906.8104429841 0.0000044861
159480051.3447391689 0.0000045042
158505491.1774714589 0.0000044838
158504193.9312312603 0.0000044974
158506876.7295023203 0.0000045059
158504224.0664794445 0.0000045020
158506122.2408842146 0.0000044985
158504397.2221959829 0.0000045004
159472582.8816854358 0.0000045107
158504258.3002348244 0.0000044957
159472582.8940974772 0.0000045107
158504218.8756944537 0.0000044964
159472582.8968386948 0.0000045107
158504152.4695210755 0.0000044941
159472582.8953905702 0.0000045107
159479946.5000696778 0.0000044944
158504186.3248869479 0.0000045144
159476341.5731415451 0.0000045051
158504228.7684199512 0.0000044984
158506528.7222080529 0.0000044937
159480036.0996688008 0.0000044995
158504711.4092028737 0.0000044970
158504220.8385107815 0.0000044990
158504523.7549699247 0.0000044983
159479859.9366062880 0.0000045016
158504360.9070897996 0.0000045124
158504287.5978789330 0.0000044996
158504936.8359954655 0.0000044961
158504103.1156058311 0.0000044981
158505387.8574767113 0.0000045015
159479929.5725688338 0.0000044983
158504603.3857458532 0.0000044952
158504182.9108951986 0.0000044989
158505197.8486762047 0.0000044984
158504314.9543607831 0.0000044968
159476306.7482233047 0.0000045038
158504813.5774402916 0.0000044991
158504135.7390306592 0.0000044988
158504479.5093133152 0.0000044962
158504048.7198793292 0.0000044991
158505000.6242223978 0.0000044972
159479969.1402210295 0.0000044995
158504343.3135925531 0.0000044977
158504022.2783992290 0.0000044990
158505099.6179992557 0.0000044974
158504108.3356589079 0.0000044994
158504335.1596825123 0.0000044983
159479937.5011114478 0.0000044994
158504165.3387503326 0.0000044994
158504055.1730931997 0.0000044990
158504194.3499129117 0.0000044937
159479943.2084155977 0.0000044978
158504098.2561229765 0.0000045014
158504109.2106448412 0.0000044980
158504070.0870751441 0.0000045027
158504050.8881682456 0.0000044997
158504221.2588563859 0.0000045031
159479835.0407031178 0.0000044994
158504699.8456683755 0.0000044972
159479821.9073957503 0.0000044980
158504325.7008786201 0.0000045024
159479862.7962243259 0.0000044993
158504061.7077101171 0.0000044983
159479888.3584719300 0.0000044994
158504451.9679724574 0.0000044978
159479997.9285595417 0.0000044994
158504108.8829983771 0.0000044968
159479933.1085333824 0.0000045003
158504034.2591359615 0.0000044935
158504049.9271237552 0.0000044984
159478070.9101943374 0.0000045018
159479884.1070591807 0.0000044985
158504134.4727010131 0.0000045011
159479010.4690585136 0.0000045004
159479951.6696918309 0.0000044992
158504260.5011051595 0.0000044990
158504050.9935442507 0.0000044991
158504108.7468719482 0.0000044973
159479934.6762972772 0.0000044991
158504088.2907811999 0.0000044990
159479906.8304197788 0.0000044989
159479854.4244672358 0.0000044979
158504058.2123023272 0.0000044991
158504194.3997748494 0.0000044993
158504065.8891972005 0.0000044989
158504192.2575484812 0.0000044984
158504030.1370783746 0.0000044986
158504579.3171998262 0.0000044989
158504126.6810489297 0.0000044987
159479935.7221916020 0.0000044992
158504060.6977173090 0.0000044981
158504029.4050641656 0.0000044989
158504049.3755740225 0.0000044998
159479950.5382440090 0.0000044990
158504034.2113476098 0.0000044992
158504045.2634175122 0.0000044990
158504047.5007922053 0.0000044981
159479948.0866737962 0.0000044987
158504036.3030918539 0.0000044990
158504026.8100943267 0.0000044993
159479965.3057445586 0.0000045004
159479943.6215020716 0.0000044991
158504027.4193821549 0.0000044991
159479929.6210288405 0.0000044991
158504028.5792125762 0.0000044982
159479930.0045933127 0.0000044991
159479977.6163851321 0.0000044986
159479940.2434444129 0.0000044991
158504037.6001808345 0.0000044989
158504034.6236110032 0.0000044988
158504031.2745318115 0.0000044990
158504030.0276893973 0.0000044987
158504035.6430713832 0.0000044992
158504026.0435439050 0.0000044990
158504045.5192160010 0.0000044994
159479965.5143103600 0.0000044991
158504049.9363445640 0.0000044990
159479923.0049070418 0.0000044990
158504060.4612706602 0.0000044994
159479966.0191355944 0.0000044989
158504095.1809481382 0.0000044986
159479937.4208390415 0.0000044987
158504060.0890033841 0.0000044996
158504025.5638694167 0.0000044991
158504144.6337287724 0.0000044978
159479938.5098156929 0.0000044991
159479667.2149056792 0.0000044989
159479896.6453138590 0.0000044992
159479891.9927362502 0.0000044987
158504076.1842980981 0.0000044987
158504166.4944782853 0.0000044983
158504090.5421211720 0.0000044988
158504231.5120023489 0.0000045000
136674346.0000000000 0.0000045000 1 0 0 0 0 0 0 0 0 0 0 0 0 0 0 