720457042.5058695078 0.0011368988
695513192.5861481428 0.0001633229
706595524.9485230446 0.0008084093
737406176.1831607819 0.0004893332
753416067.5223309994 0.0003884920
725074486.7706202269 0.0000175065
765264255.3688622713 0.0003625951
703358963.6831927299 0.0001404278
761570429.5578141212 0.0004545329
651431674.2346317768 0.0003074405
736519127.9937249422 0.0000236652
652416953.4580135345 0.0005700145
755596318.0722180605 0.0000305070
648100218.9705370665 0.0000339348
641570133.4741433859 0.0001324553
671904804.9117175341 0.0000706025
694786524.2591766119 0.0005161308
540274018.0331370831 0.0001658751
519691748.0364357829 0.0002244395
511335881.1697124243 0.0010335634
490144976.2055922151 0.0016424753
478735998.4891430140 0.0017143942
530372046.4777991176 0.0000008223
446193754.8719459176 0.0019944222
447011756.0328276753 0.0002232238
517624292.6920868158 0.0000795309
444789600.8991348147 0.0006931499
551847040.7625993490 0.0000005021
564123896.6342810392 0.0002441264
422587950.0621163249 0.0000690504
443840819.6626240015 0.0000368058
346173289.4928281903 0.0058262059
403935846.0912040472 0.0037233228
358049063.3325522542 0.0057642268
358826704.2049525380 0.0033222731
350642261.9467970133 0.0052996165
373376241.0974277258 0.0013855566
343801982.9072893858 0.0028051639
363529181.4114736915 0.0090802361
339162808.6834262609 0.0037105794
387985040.7820206285 0.0000317157
349632698.4225674868 0.0046620324
352433465.3233559728 0.0014521070
339473866.4414443970 0.0037081365
415933853.3286507130 0.0083088968
338932799.4342867136 0.0036809391
335576716.3018291593 0.0057261380
339350522.4241878390 0.0054969759
328076886.9373497367 0.0040122453
336064019.1669881344 0.0036696593
336450424.2425024509 0.0024827180
335733931.5930266976 0.0024889744
339307354.7737161517 0.0018595746
319110096.3044186831 0.0043272594
337136929.0645261407 0.0020995130
313128060.0685702562 0.0045914291
316732130.6631132364 0.0027642187
316558390.1902500391 0.0093770249
295123482.7391178608 0.0044143079
298997104.8091521859 0.0039112337
324559677.4891496301 0.0038051507
296148249.6489859819 0.0047277573
356652521.0813550353 0.0018240137
284764766.6072652340 0.0031855661
311739742.7563909888 0.0073812535
291691236.0745196342 0.0029038869
263722110.7605440021 0.0006703788
267991715.5405091345 0.0026693868
304841985.6959741116 0.0001477646
267036344.0149535239 0.0005978035
259993466.5888704658 0.0013247724
254637027.8066959381 0.0013982750
304929594.1995810270 0.0002425876
253198028.9295011163 0.0028776789
275481754.5854219794 0.0071335560
243263730.8138982654 0.0032376352
252859878.7193415165 0.0014318518
254836923.8788416982 0.0026274618
306688869.2321869731 0.0012335157
236668965.2702238262 0.0037518672
244689542.0750685334 0.0054106915
267710889.0772533715 0.0033634798
297030199.3665727973 0.0015549450
229682649.0344759524 0.0038859639
257493460.0145412982 0.0019844747
227303405.2020756006 0.0034234276
240325378.8575904071 0.0014910097
234327304.8716565669 0.0032995750
314559467.2516096234 0.0004432755
229095517.0754476190 0.0031889283
239989005.9788214564 0.0000099529
230539435.5861030519 0.0033673732
268385830.8675335944 0.0014977481
231672326.8393503129 0.0024360734
227790492.0793524384 0.0000424581
236019536.3496634364 0.0001129715
260853653.0001549125 0.0234271136
230955074.1068381965 0.0035883739
232361381.9679287672 0.0041471065
227481831.0203333199 0.0026722006
248635386.7515182793 0.0033209756
226557266.0439973772 0.0040589634
239978266.1006890535 0.0042426917
231721690.4855264723 0.0040010831
221452679.1150566638 0.0007015378
231202248.0991817713 0.0001294758
254311885.8941039443 0.0000267620
219593571.0100725293 0.0014811346
229447290.5888678432 0.0039371209
205779848.9078016579 0.0025736887
275055972.0291801095 0.0006747541
211940951.6414292753 0.0042230753
243742731.4258992970 0.0003046439
211594412.4829908907 0.0024720246
254906649.3035840392 0.0000124229
194315610.0772773623 0.0009461662
191109577.9351932704 0.0021932964
186929553.7072852552 0.0029167773
188449735.0702899396 0.0147247106
188601107.6439751089 0.0021728973
219592772.2785255909 0.0000001621
186684550.9514043033 0.0041818366
226301831.3845246136 0.0035255903
198220938.5610415339 0.0034133178
241397252.7506304085 0.0033717609
195522800.3120203912 0.0009438269
247896579.2754901052 0.0016657868
194838519.3204562068 0.0135331818
205253012.9647901058 0.0155450546
193296214.5368036628 0.0028921084
206142002.0841399431 0.0000228514
185445651.8080087006 0.0002936220
221903254.2263017595 0.0067804198
183932692.5309395790 0.0005374406
226925532.0026382804 0.0007234122
190773048.2166015506 0.0011188212
248524566.3570077717 0.0000814661
199389279.9678236544 0.0025916185
190128754.8553485274 0.0006681980
189133449.9533578455 0.0005542094
272918129.6597107649 0.0000400169
196737543.2643036544 0.0040369110
205418169.3825837672 0.0146066923
196195376.0117217600 0.0001325180
246224647.9305466712 0.0001525548
183966019.1234213114 0.0020610416
292221151.3034586310 0.0000230265
193873357.0391680300 0.0007607601
182479588.5425047874 0.0021619783
199320651.4154247940 0.0020083461
213094837.3223757744 0.0000296802
197602857.9607275128 0.0017449951
262970121.0130598247 0.0009496386
184755914.9578485489 0.0000761491
226165099.9905052483 0.0034360600
192127959.6076097190 0.0020300991
233240576.3903762996 0.0232698828
183803967.1401224136 0.0014191519
200017355.4628111422 0.0013961410
181304594.7329903245 0.0007327974
213793976.6436191797 0.0009804010
182296173.1320381165 0.0000370637
199863849.0751273334 0.0030638607
188673854.4508222342 0.0002617792
199930065.9337542355 0.0013210672
181746945.4092660546 0.0008565808
244101848.2197317481 0.0000239425
182010382.5062444508 0.0003469403
221366800.0093427896 0.0004779661
179051582.6989343464 0.0001628543
192766717.2287055850 0.0005481584
178500529.7493714392 0.0001515169
193647461.5812681913 0.0009637941
179869224.6935818791 0.0001815966
207799342.7380652726 0.0000723248
198812349.7304504514 0.0008946441
221514575.4686929286 0.0000597462
175521590.3361972570 0.0000010544
231643026.1160377562 0.0021063914
178383905.3124308586 0.0001435825
221173904.5008368194 0.0000016757
178515524.5811485648 0.0000072269
228797185.0001160800 0.0022107533
171925871.3573850691 0.0000952930
175220442.3816438615 0.0028841097
176304382.6577538252 0.0000047821
179194934.6866324246 0.0090583241
180450973.2855697870 0.0003796453
215024857.1526311934 0.0000519990
174252306.1807231605 0.0000247199
206910282.1594366133 0.0011113292
173544618.5264106691 0.0001429800
217236684.4492724836 0.0001120963
181208848.5181722045 0.0000350352
175307666.5620275140 0.0019956318
184457071.9046610296 0.0010366522
255841732.7395076752 0.0001652281
182440009.9851546288 0.0001231949
197230872.8816187382 0.0014212755
172327412.1371089518 0.0003768902
190756100.3851423562 0.0000051963
178627744.3571538329 0.0004857374
193240836.0839382410 0.0012954936
177096817.2826785147 0.0002357962
175230033.6709599793 0.0000002187
177296440.8739288449 0.0000663134
175109535.6064007282 0.0001305396
187953050.9417088032 0.0002658156
181537577.3300153613 0.0001639271
187765534.1497992873 0.0002373978
184100558.9008692205 0.0002814405
176065359.5070323944 0.0003003057
174161361.7116737068 0.0034883327
176720193.2124019265 0.0002087577
180169666.9717965126 0.0002152246
176040407.9395136833 0.0001634832
174404290.3476350904 0.0001932782
178643705.5150293112 0.0060941355
171275278.6769493222 0.0000169582
176946990.0824492872 0.0003319475
175915690.3592945635 0.0000171341
169080370.7942653596 0.0064867221
170767461.3227039278 0.0075151433
183976438.5260971487 0.0110132242
168593115.2778686583 0.0066172410
177546764.2223748565 0.0047968087
176885689.1394837499 0.0063802438
177709241.5238046646 0.0047399112
167795866.1848805547 0.0059463296
200879391.9778806269 0.0074815619
167739396.0364235640 0.0053985972
187801513.3339071274 0.0093024108
170542905.5542043447 0.0039572877
174047248.7309377789 0.0060286916
190553465.2693538666 0.0057178723
184463349.0412864387 0.0012931105
172984089.7061722577 0.0050730141
172872851.6201197207 0.0009544906
169570466.7789373100 0.0069460597
174887347.9167956710 0.0018016906
172814497.9495065510 0.0062792834
185892381.6542379856 0.0031194825
171596521.5854586959 0.0089893116
171432363.4905698299 0.0127712047
172514929.9323891997 0.0050484937
188771748.1526951790 0.0046264972
174992635.5624212027 0.0052884965
181227946.2760093212 0.0044318212
167728753.1724092066 0.0054245442
195222155.6833575368 0.0072670060
167609390.3110671341 0.0044406712
176968543.7717310190 0.0038646088
169558036.0553690791 0.0044529377
181981584.3149352968 0.0009104724
171550997.9547403455 0.0053411940
180697310.6215907037 0.0001767006
167446575.0750477612 0.0048797296
168119692.2783384323 0.0082489456
168020307.5549453497 0.0047079227
188143856.5087021887 0.0049105691
173653592.3188866377 0.0048889726
162811007.9738926888 0.0047198292
164508563.7833552063 0.0053109424
163519353.5115834177 0.0072878149
164097246.5626962185 0.0062304334
166549266.4788586497 0.0050046658
165307574.6243609488 0.0046449721
166361264.3464268446 0.0033887622
180804112.9182906449 0.0015659030
161563901.2897855937 0.0036531186
162511128.5977281332 0.0000186196
165959483.7597339451 0.0039408065
162246239.8380861282 0.0053825378
165267548.7232450843 0.0040814706
163752795.0809545815 0.0057614406
163551523.8354199529 0.0037070818
166485168.1367642581 0.0031416045
165291243.5186060071 0.0027337037
168117265.3552737236 0.0035816799
162865933.0332714915 0.0046260646
173235046.1477594376 0.0027562105
166127998.6207956374 0.0035107909
163359667.5290654302 0.0048942677
162276742.0728772283 0.0037279258
168977210.7323437631 0.0013559755
161740812.2390026152 0.0041290653
167294830.2812986672 0.0025923297
165320282.6034849882 0.0038796304
162038868.4999566674 0.0048250569
162244589.4145359993 0.0035503242
168668435.5364488661 0.0043548278
165040081.7897958159 0.0035833566
166995693.1244441569 0.0051599492
163621189.1649063826 0.0044633779
168959082.1508122981 0.0027222431
167169845.7184298635 0.0040849156
161039252.3668344915 0.0057950010
162994038.5581274331 0.0067161438
161552623.1554028690 0.0036036686
165512099.9075237811 0.0050734090
168955405.3408903778 0.0068599271
164915309.6833282113 0.0059799820
166413772.3807910681 0.0036725286
161639981.3249626756 0.0057816982
171649111.6560271084 0.0079064128
162895016.8353991210 0.0052350852
169510102.4850478172 0.0083693529
162280280.5462467968 0.0062804932
163853510.0387389064 0.0053646479
162920468.3812015951 0.0045463015
165582870.2390282452 0.0070487964
162599379.2714098990 0.0062880565
169008214.5939503908 0.0061958840
162302624.1427447200 0.0047799369
164218668.1789021790 0.0063698164
163579440.1271264851 0.0050067688
160853635.8758047223 0.0039043876
161195324.4377585053 0.0039132938
161711876.6761987805 0.0018955217
161923050.1074011922 0.0030101706
161850520.4016260505 0.0037832064
174423582.6526955664 0.0073068589
170913590.6340173781 0.0022745060
163860851.0209814310 0.0033716127
160791880.8852411211 0.0015840780
160750605.6741027832 0.0015961360
158176567.1777152121 0.0001866155
159322266.2050886154 0.0002054212
160381139.9435105026 0.0000129866
159468133.1223994493 0.0002362487
164324313.7464687526 0.0000141836
159421639.9445121586 0.0002803057
158019980.1960684657 0.0000802265
162010454.4746413231 0.0000515386
160581684.6119874120 0.0002822472
161151302.6586176753 0.0000590623
174619220.7425660193 0.0001820846
158927097.3642386496 0.0000868422
159660204.9124568701 0.0001491833
160662564.4860557914 0.0000734898
160523446.6350992620 0.0003088243
158909829.9951027632 0.0000513822
159307631.3876079619 0.0002253141
157785128.2089655995 0.0001758367
163927461.1728375554 0.0010535889
159002422.3546584845 0.0004476506
165178304.7806673050 0.0004087821
162424991.8723505139 0.0001754073
157928254.8110098839 0.0002960815
157803224.1195950806 0.0001664972
158638478.3404712081 0.0004245906
159273372.8406246901 0.0003738890
161079959.9198243916 0.0000045036
160498322.7090755701 0.0000070595
171208259.8642987311 0.0002168813
160920038.4515546858 0.0000213904
161440056.4573192894 0.0000415814
158743659.7049415112 0.0002274745
158825259.3827164471 0.0005918217
161159228.6083935499 0.0001198672
160448974.2086308002 0.0004331053
157983725.1378771663 0.0004327877
157391547.8192349672 0.0008531088
162432965.7575663626 0.0006806185
157934128.4697289169 0.0012763689
160754355.2020197213 0.0006206590
158874635.6918524504 0.0004411849
157717445.6003730893 0.0006323413
162256342.2523230016 0.0009900873
160391358.9066818357 0.0006696636
157567540.3751319051 0.0003313898
160709913.4660119414 0.0008020495
159093525.2292481363 0.0005647082
162351305.3766392171 0.0004250091
169015139.2762941718 0.0008116535
157736849.0867047608 0.0007142250
162591211.6285273433 0.0004597828
161394826.7647103071 0.0010422713
161850230.8697479069 0.0009124588
157193814.4311024547 0.0008144060
159948808.4780705273 0.0006447017
157777104.9787899554 0.0004484475
170333924.3339250088 0.0000856482
161392281.1820281148 0.0007933748
171578028.2767633200 0.0002928943
160057915.4261838794 0.0008590679
161478327.8527703881 0.0014428419
161941008.3941841424 0.0006856529
164035146.7303654850 0.0012653503
160328938.9806156456 0.0009658886
165504136.1989659369 0.0007868417
157502472.7405658662 0.0004198130
164528620.6896284521 0.0008810968
158072129.7999377847 0.0007361876
165172546.4861406088 0.0008257707
159031252.0000604689 0.0009435586
161240400.0047992170 0.0004682861
158550192.4628120959 0.0000236869
165885400.6433682144 0.0004046717
160019517.1655314863 0.0000943165
166680449.4592286944 0.0008634403
159466304.1055104733 0.0005754915
166481874.3360657692 0.0009091963
159286816.9942137301 0.0007832133
166367243.3580743670 0.0009343033
160229649.5717030466 0.0008416787
167372571.0396645367 0.0004208284
161974547.9208164811 0.0006525018
169102692.4592823386 0.0029501262
161186118.1701173484 0.0010146618
162769040.4849879742 0.0005416698
159269311.5510799885 0.0012613604
160700852.7617870271 0.0008920138
159984357.4671798050 0.0009068367
162198399.4789970219 0.0005852573
158173899.5014983714 0.0007092875
161038317.7873335183 0.0008521712
158456849.8056395054 0.0007134747
157332530.7706929147 0.0007628846
158411404.4533204138 0.0006597223
162314833.8694751561 0.0006893261
159400944.1027133763 0.0008737862
157342522.5694613457 0.0008061343
158595697.4434639215 0.0005848045
157477134.4255353212 0.0007522384
158187477.5160253644 0.0011950812
162440701.1217996180 0.0007237979
162321120.3343569934 0.0008440072
157129940.1963968873 0.0007844069
161414430.1308710277 0.0005502851
162776351.0808591247 0.0009695478
158388122.3417912126 0.0002856160
162179946.7614267468 0.0005717779
159089016.7038968503 0.0013318505
162027513.7871901095 0.0007817788
162491955.0671728551 0.0011456691
158175625.6374773383 0.0008001585
160192526.7013538182 0.0004946983
160798343.2012877166 0.0005773281
160433447.8429548144 0.0007312536
162665307.6003346145 0.0008683945
160367051.3921885490 0.0008246789
157135649.0047267675 0.0007573240
159194164.4178970754 0.0011626377
162616710.7134537697 0.0007917603
157618261.5751730204 0.0002077451
160567176.7426533997 0.0007212127
162080582.4020949900 0.0007448225
160501243.2394075692 0.0009378928
163675963.1737730205 0.0007267396
157845146.3141933084 0.0007354987
158555955.0219118893 0.0005204387
157270491.7481227815 0.0005825778
167295070.5401204526 0.0010725524
162237674.3552050889 0.0006299048
160211614.0153717995 0.0000784895
162180387.1321931779 0.0006538779
157240731.4565712512 0.0007887885
160409954.5603584349 0.0008849961
162854953.5325391591 0.0007889395
160065047.6435267925 0.0006401377
157490351.5269047618 0.0007899099
162134609.2113375664 0.0009682794
157292800.1986416280 0.0007780771
160326362.6719951630 0.0008063183
162527251.3137792945 0.0007968760
163242416.4900105298 0.0008568656
157135418.2157534361 0.0007786209
157177204.1313683987 0.0006530424
162111088.3172475100 0.0008833706
161265820.0643402338 0.0006942187
157594111.3141992688 0.0006650196
159926772.7844687998 0.0008388168
159302638.6636184454 0.0009750921
162516836.4887604713 0.0007273214
157127962.7310124636 0.0006920625
157236013.9005045593 0.0005602294
163271316.0708993375 0.0006960392
157393470.0081651211 0.0007004476
162720743.2673114240 0.0006937004
157437308.1743546128 0.0007463582
157445223.6615116000 0.0006558822
158365998.7911962867 0.0007978179
162831355.3327968717 0.0007295595
157264850.4650862217 0.0007492039
157488887.8184342086 0.0006869652
157202784.7372435629 0.0007769217
157178185.6202627420 0.0006614731
162948877.8873618245 0.0006618507
162808089.7847453058 0.0006827281
161992106.7296128571 0.0003639343
163034183.8032959700 0.0007164389
158069714.3556200564 0.0006934696
157323869.3151955903 0.0006640627
157496861.3108452260 0.0008126792
157223622.1829882562 0.0006820248
157191381.3021793962 0.0006266883
163035913.8567374945 0.0007367011
163172007.1882255077 0.0005587142
163135291.2514488697 0.0006690292
157152483.4418732822 0.0008267159
157276401.4419521987 0.0006777618
163066181.9682560861 0.0008616522
162781944.9870696962 0.0007334686
157291776.5292018056 0.0006025796
163106161.8181174994 0.0006710236
161666382.4520669878 0.0009437368
157422016.1261296272 0.0007307524
157871411.0782733858 0.0007042097
162213191.2816432714 0.0007056668
158047979.6471133232 0.0007741160
162767554.2544887066 0.0007026077
157150088.6879012287 0.0007824753
162935716.2340539098 0.0007027817
163129812.4596677721 0.0006948245
162723796.5719807148 0.0006718555
157240711.5978328288 0.0006927251
157436220.9592133760 0.0007231162
157398404.6700392663 0.0007037159
163183163.5138024390 0.0006841631
157186557.5859469175 0.0007247441
157132809.9486581385 0.0006955461
163127974.7959868908 0.0007033835
163191743.8727737963 0.0006983944
157418268.7514900267 0.0006625702
163139431.3526161909 0.0006918126
157369501.1838445961 0.0006913209
157136188.8913043439 0.0006606513
163133594.0898357630 0.0006433164
163182245.0191103816 0.0006818691
157402697.6032213271 0.0007039683
163214890.1330708861 0.0006906333
163193087.9955233634 0.0006710091
157137744.4178674817 0.0006847055
157477894.4867096245 0.0007328569
157138583.3033692241 0.0006851703
163184061.3667506576 0.0006982069
163239732.9348938465 0.0006968214
157168035.6423343718 0.0007254154
163108209.9720108211 0.0006890011
163240421.5442064106 0.0007421788
163166877.7964006364 0.0006948795
157276875.2229492366 0.0006735162
157137816.5683009028 0.0006944567
157311192.7019925714 0.0007044665
157140207.0107632279 0.0006951576
157156154.9860564172 0.0006865517
163201980.6065834165 0.0006831717
163219281.1836771965 0.0007096916
163188169.3302488923 0.0007005425
157243827.3060280979 0.0006685023
163127587.7845639884 0.0006929941
157423265.9967817962 0.0006787395
157132479.7175770998 0.0007064047
157167429.6614892185 0.0006836879
157149568.0193047822 0.0006892872
162721791.6526477635 0.0007001552
163155417.9369314611 0.0006918677
163100683.8263406456 0.0006914692
163153828.3441775739 0.0006893106
162799858.4225421846 0.0007149227
157134055.0164253116 0.0006765451
162946506.8804904521 0.0006791159
157181140.7271230221 0.0006869494
163194394.5569621623 0.0006942359
157132882.8435081542 0.0006803472
163153517.1946764290 0.0006883840
157238512.2722414434 0.0006881355
157164904.0490768552 0.0006870567
157213434.4217015505 0.0006921522
157171020.3370473683 0.0006926142
163207006.6359401643 0.0007013756
157149183.5094913840 0.0006917514
163065221.7196801901 0.0006721557
157131939.1754761636 0.0006970025
157127987.0419012308 0.0006982452
163107627.1147236526 0.0006922959
157279607.3333499730 0.0006793839
157188108.7969793677 0.0006894211
163083161.0423418283 0.0006650554
163217073.5357009470 0.0007010591
157158370.1623229086 0.0006869061
157152989.2099374235 0.0006891360
157137013.4325860739 0.0006942543
157161862.6425383985 0.0006898055
163183159.2561552525 0.0006933078
157153162.1698869467 0.0006926220
157146816.0199458301 0.0006914496
163130289.2739555538 0.0006896889
163211875.4337397516 0.0006900542
157172418.2455435693 0.0006894846
163221219.2094952166 0.0006935892
157222221.5574054718 0.0006940280
157144135.8866691887 0.0006934909
157179123.9420362711 0.0006977741
163216699.5290534198 0.0006926147
157140239.2337271273 0.0006725738
157139099.2070134580 0.0006920884
157174334.5397113562 0.0006943398
157145449.7331538796 0.0006883081
163129534.0164277852 0.0006889680
163216185.1122899055 0.0006912984
157158442.6173682213 0.0006887282
157156575.7429318726 0.0006967086
163171633.7030571103 0.0006870820
157127926.2517549992 0.0006923387
157202360.2006249726 0.0007016752
157162036.8087704778 0.0006904462
157229203.6027810574 0.0007008029
157178631.0696901977 0.0006965631
157133226.9055323601 0.0006915949
163211322.4718870819 0.0006924286
163206016.5227677524 0.0006929784
157150634.0822242200 0.0006911203
157133760.5791433454 0.0006914703
157166972.4228339195 0.0006904918
157126605.8006086648 0.0006921669
157133376.8005976379 0.0006916577
157132720.5597625077 0.0006925370
163218550.3441098630 0.0006921294
163223770.5634735525 0.0006918656
163196524.3380441368 0.0006923071
157130610.8400460184 0.0006898259
157126199.2374466956 0.0006915426
163234641.2170087993 0.0006899081
157128665.3876023889 0.0006983681
157131435.8090546131 0.0006916844
157158945.5964616239 0.0006940350
163232222.7797404528 0.0006917324
157144125.8163695335 0.0006923610
157129267.6947605610 0.0006893786
163190013.5239590108 0.0006910707
157126498.6669336855 0.0006922442
157169675.5604900718 0.0006937320
163219153.1614416540 0.0006924719
157137278.7563723624 0.0006887237
157125528.9296666384 0.0006924262
157143730.3261670768 0.0006932816
163227904.1498719752 0.0006934564
157163409.2713244557 0.0006890932
163234885.4154486656 0.0006922832
163209244.6261509657 0.0006962172
157126239.4850688577 0.0006929241
157161048.6193557382 0.0006865666
163232141.9091010392 0.0006925288
157127500.8426242471 0.0006932937
163237049.5759463310 0.0006923352
157135320.8322776854 0.0006918305
157131606.9597818255 0.0006924609
157140636.4716098011 0.0006897212
157135468.1477196217 0.0006923267
163237060.4864195585 0.0006976640
157135379.3286539912 0.0006900754
163237857.1952248514 0.0006924773
157145061.6483852267 0.0006903599
163236946.3830011785 0.0006923482
157132470.7388397455 0.0006945149
163235133.3394180834 0.0006924024
157142543.5588936508 0.0006919226
163227489.1453003287 0.0006918379
163212717.2599392831 0.0006923030
163237123.5174707472 0.0006912210
157129688.7320280075 0.0006946225
163237049.5273138583 0.0006920031
157129110.4155647755 0.0006919329
157126876.9502221644 0.0006934000
157131384.1068020761 0.0006924116
163237697.7986399531 0.0006925816
163218053.4643711448 0.0006928753
163233803.5748819411 0.0006926012
157152677.3952033520 0.0006952776
157128610.7194663882 0.0006927000
163227488.2577866316 0.0006923139
163235569.1809424162 0.0006925378
163227526.7004829645 0.0006909199
157125902.9623673856 0.0006926172
157130489.6179455221 0.0006940193
163236378.8221267164 0.0006930546
157135089.8539157808 0.0006904044
157128018.0215815306 0.0006920588
157135429.7054724395 0.0006934154
157127402.2188356519 0.0006927233
157135195.6066614985 0.0006918314
163236967.0139389634 0.0006920992
157134109.6631620228 0.0006946288
157131780.2050905824 0.0006921913
157128658.0940545797 0.0006923088
163234026.9282206893 0.0006920794
157132693.9167491496 0.0006933968
157125584.2342573702 0.0006920817
163228329.8667175770 0.0006922059
157125573.7906430066 0.0006924192
157130103.1122081280 0.0006924879
163235684.1895313263 0.0006924559
157130966.0756552517 0.0006932207
157128079.0306009352 0.0006923775
157138082.6817404926 0.0006940945
163232451.0924394131 0.0006927975
157130756.8081039786 0.0006933199
163236591.8972426951 0.0006919556
157128319.8207015991 0.0006920478
163237692.4047894776 0.0006924744
157131197.9006868899 0.0006928973
163236295.7823379636 0.0006925938
157130525.1354656219 0.0006904427
157125804.0287966132 0.0006922161
157127088.2915553749 0.0006930763
163237303.5705271661 0.0006925986
157126038.0780726671 0.0006921068
163231623.2322281897 0.0006925267
157136182.1023245454 0.0006923314
163229587.7310689986 0.0006931610
157127923.3364175856 0.0006920588
163237235.8271635175 0.0006924770
157129660.8002148867 0.0006922806
163236162.9627843499 0.0006925275
157128151.1872611642 0.0006918545
163235586.1224589348 0.0006926752
157130728.2195268571 0.0006917132
163237932.0115741789 0.0006923695
157126921.9163381755 0.0006929511
163235876.9128590822 0.0006924296
163233027.7899892330 0.0006922023
157126026.4402942657 0.0006923168
163234845.9196467102 0.0006926836
163238001.2889506221 0.0006922746
157125604.9207387269 0.0006918590
163237254.3849746585 0.0006925702
157126298.8079032004 0.0006921912
163236185.7623204887 0.0006924192
157128047.3926016986 0.0006925055
157126755.6881393194 0.0006922119
157128772.3556549549 0.0006925205
157126768.4489554465 0.0006926025
157125653.7803007364 0.0006923861
157127271.9302442670 0.0006925285
163237037.0538397431 0.0006922337
157126099.3373450041 0.0006926849
157126486.7871150672 0.0006914110
157126307.7860381007 0.0006921975
157127559.5130885541 0.0006927242
157127004.7131679654 0.0006922727
157127756.4170515835 0.0006926757
157127170.6773480177 0.0006921704
157127572.2892627120 0.0006927211
157127344.2677097023 0.0006921815
157126845.4379913211 0.0006928874
157126187.3595941365 0.0006926568
163237083.8741224706 0.0006922656
157127580.9122365117 0.0006927169
163238186.2793253362 0.0006924115
157126739.2459546030 0.0006927227
163237564.0644921064 0.0006924559
157128289.4296436012 0.0006924749
163237909.6004308164 0.0006923900
163236979.0100601017 0.0006925399
157125749.5506156385 0.0006924189
157126566.2261112928 0.0006924194
163238178.6609703898 0.0006924030
163237359.6640684307 0.0006927265
157125574.9742819965 0.0006924077
157127245.3537898064 0.0006924506
163237922.7969343364 0.0006923293
157126145.7635047436 0.0006922863
157125938.0836947560 0.0006923733
157126020.8923443854 0.0006926782
157125929.5219863951 0.0006923813
157126519.1842396259 0.0006922377
157125949.3124277592 0.0006924152
163238277.3228000998 0.0006921461
163237929.2670430243 0.0006924571
157126652.6781882048 0.0006922137
163237728.3398460150 0.0006921810
163238073.6245056391 0.0006923036
157125742.1070443392 0.0006924313
157126116.9449788332 0.0006923511
163238353.4355843961 0.0006924576
163238288.5546059608 0.0006924478
163238007.1289837658 0.0006924023
157126163.5971755385 0.0006923906
163238302.6885688603 0.0006924343
157125566.2840901613 0.0006926895
163238183.2245382965 0.0006924462
157126566.2605970800 0.0006923200
163238248.9562872946 0.0006924363
163236987.1293979585 0.0006926505
157125622.1022825539 0.0006924143
157126290.9270901978 0.0006923129
163238056.2238023579 0.0006924256
157125532.1163645983 0.0006925520
163238131.6702476144 0.0006924261
157125661.5497562885 0.0006925000
163238202.4014417529 0.0006924040
157126004.0102627277 0.0006924706
163238407.5767087638 0.0006924326
163237876.3371100426 0.0006924378
163238358.2893423140 0.0006924305
157125816.0531196892 0.0006923487
157125548.9640193880 0.0006924062
157125526.0587602556 0.0006924191
157125896.6340957582 0.0006923596
157125636.2288354039 0.0006924213
157125544.5300909281 0.0006924487
157125678.4867454171 0.0006924213
163238028.1011991203 0.0006925297
157125562.6006661355 0.0006924297
157125794.6861474514 0.0006923588
163238329.5247588158 0.0006924113
157125848.1047330797 0.0006923942
163238258.2249597311 0.0006924066
163237966.7316254377 0.0006924736
163238380.5557317138 0.0006924135
157126030.6625512242 0.0006925099
163238232.1157262027 0.0006924321
157126156.8909559548 0.0006923459
163238237.3210757077 0.0006924133
157126133.7031097412 0.0006924736
163238187.5944593847 0.0006923765
157126003.4067071974 0.0006924744
157125561.7721798122 0.0006924109
157125750.3567472696 0.0006923844
157125547.1270665526 0.0006924113
157125659.7052528262 0.0006923299
163238141.6719850898 0.0006924290
157126114.7213929296 0.0006923805
157125590.3176109195 0.0006924179
157126244.8214693964 0.0006924699
157125592.4785659313 0.0006924228
163238029.5195084512 0.0006925005
163238187.3141177893 0.0006924178
157125847.6239285171 0.0006923409
157125565.2454784214 0.0006924220
163238218.1798509359 0.0006922666
163238332.1654757559 0.0006924274
157125540.8301966190 0.0006923326
157125621.3391665518 0.0006924326
163238196.9339384139 0.0006922993
157125588.4150006473 0.0006924295
163238194.4045242667 0.0006922984
163238312.7974390984 0.0006923587
157125541.4448146820 0.0006924309
157125530.8837067485 0.0006923782
157125537.1523066163 0.0006924226
157125792.3858510852 0.0006924489
157125520.2543706596 0.0006924186
157125580.6892403066 0.0006924302
163238364.3245246112 0.0006924202
157125743.6036461890 0.0006923959
157125542.6311244071 0.0006923961
157125520.8667027950 0.0006924209
157125591.2153092921 0.0006924148
157125687.9860311151 0.0006924492
157125547.1533558369 0.0006924163
157125585.2151645124 0.0006924028
163238283.2114161849 0.0006924175
157125850.6527691483 0.0006924242
163238282.6578254104 0.0006924238
157125744.6500990987 0.0006924178
157125511.6449766755 0.0006924202
163238264.6759270132 0.0006924953
163238294.1527073681 0.0006924351
157125838.5106340051 0.0006923709
163238401.4762680829 0.0006923550
157125514.3478146195 0.0006924527
163238379.5698095560 0.0006924214
157125529.8519649804 0.0006924064
163238313.7267416120 0.0006924238
157125624.0199010074 0.0006924122
157125507.7943679392 0.0006924209
163237544.4976040721 0.0006924223
157125513.4754216075 0.0006924161
157125697.9516716301 0.0006924189
163238372.3948174119 0.0006924298
157125593.5374408364 0.0006924065
163238387.1600707471 0.0006924227
157125554.5282230079 0.0006924136
163238343.8979193568 0.0006924168
157125571.2881944776 0.0006924311
157125520.8473096788 0.0006924228
157125583.2328679264 0.0006924079
163238363.2632196546 0.0006924167
157125621.9618134201 0.0006924430
157125508.2118890285 0.0006924237
157125728.0159997046 0.0006924319
157125531.0420512557 0.0006924279
157125657.9940095842 0.0006923966
157125543.6672172844 0.0006924290
163238385.6436752677 0.0006924218
157125531.9895834327 0.0006924188
157125511.6832618415 0.0006924189
157125515.0960242748 0.0006924226
157125516.6343937516 0.0006924198
157125513.6634745300 0.0006924225
157125515.7678864002 0.0006924204
157125511.1862768829 0.0006924219
157125511.2567782700 0.0006924207
157125509.4084886312 0.0006924250
157125514.1828576326 0.0006924212
157125510.9106836617 0.0006924168
163238380.5431014001 0.0006924225
157125537.5521717668 0.0006924058
157125509.5209701955 0.0006924206
157125618.7608029246 0.0006924276
118742256.0000000000 0.0006924276 0 0 0 0 0 0 0 0 0 0 0 0 0 0 1 