734764467.1788791418 0.0011368988
728178818.1426786184 0.0001633229
730402716.0940208435 0.0008084093
715564994.2673197985 0.0004893332
739545525.6232073307 0.0002458776
821901255.8145742416 0.0000394176
811871705.0855025053 0.0004045279
716851013.7523554564 0.0000225607
751533376.1687755585 0.0004543818
798868727.3524963856 0.0003152024
757307118.4692964554 0.0000385084
692480413.5546673536 0.0008995736
778761187.3819499016 0.0002476844
691393668.2285727262 0.0006242602
681159563.5129797459 0.0000309320
801029009.9269212484 0.0000164876
684356531.1288200617 0.0000573747
652967036.7414395809 0.0001350935
654398202.7510150671 0.0004834039
651434630.0903108120 0.0002618855
594655953.4497584105 0.0029740717
574432894.1859921217 0.0034356437
601128911.1143234968 0.0006401626
545493494.5071208477 0.0045107048
536320745.2596553564 0.0047621710
569648631.3009628057 0.0006085831
639684615.7413313389 0.0011077574
605299138.9609874487 0.0009865186
584233235.0425349474 0.0001314286
505709045.0534781218 0.0054675843
612249612.6151061058 0.0029143800
498866291.7875796556 0.0100728596
498040439.4053694010 0.0100414294
490495234.1891975403 0.0106032205
491861509.8226606846 0.0101123341
527914274.2865877151 0.0057438034
489846660.7161048055 0.0106683400
538846998.9722392559 0.0040866452
473866068.2990937233 0.0128972123
558136021.9987850189 0.0049544865
473036328.8177878261 0.0127465204
493989243.2721490264 0.0181786544
472606694.2012253404 0.0129026919
548596450.2337514162 0.0048157409
472629785.4334188104 0.0129131950
375653479.4846121073 0.0277345019
534867981.4285365343 0.0039075105
378821322.8699968457 0.0211405539
474671691.4787623286 0.0036860180
376208959.0531762838 0.0275716618
381980538.6871937513 0.0249038811
370120327.1870054007 0.0300060819
460000927.4436601996 0.0099416648
366930781.5972645283 0.0307147685
320169101.1982020140 0.0524151132
328846381.4757115841 0.0497616489
379275422.7316840291 0.0339712670
320107467.8741276860 0.0498970315
396056947.2331867814 0.0091589577
356552127.2705273628 0.0335164529
293441458.2946857214 0.0693220916
303735532.5037462711 0.0640403622
322884137.6661578417 0.0383963689
301672408.3086636066 0.0646738586
325897404.7714867592 0.0522529256
315510546.5594307780 0.0566329629
271458261.5267078280 0.0835706619
270361155.3330199122 0.0761383006
299906203.0314165354 0.0250646212
262545364.6365019679 0.1002306561
338521920.2542133927 0.0518184310
262566315.4813134968 0.1008388933
376975452.5319430828 0.0366278707
264671793.3639758229 0.0981014692
322412454.9335576296 0.0490938232
259430012.8031507134 0.1077674397
311004883.4702910781 0.0426954817
263546805.5434734821 0.0963671799
229220161.3871653378 0.1501812640
239992944.5662518442 0.1279563902
298854971.2886741161 0.0542384543
221710040.1436050236 0.1666907861
258684563.0241106451 0.0746872199
213237869.5696203709 0.1811194764
259119913.7594875097 0.1220993358
225429772.3664474487 0.1447397098
265409180.0033479929 0.0995428146
201790901.3975756466 0.2179134129
227821387.9830462933 0.1503871851
203735351.1322900951 0.2117184132
260240383.9943606555 0.1278143199
202018242.2109768093 0.2222919146
286832448.2594184279 0.1274314143
202537106.8740558624 0.2265152443
248204110.3100776374 0.0618533122
209826733.8880456090 0.1769196381
215389818.2892115414 0.2135044572
184999479.7231719494 0.2624963756
222101797.3629710972 0.1438947334
191885288.1005501449 0.2454861049
201237714.7614546716 0.2769468897
185648929.0650804639 0.2686718044
216757641.6601516902 0.1631861140
202944081.3927433491 0.2143878054
226801471.2393578291 0.1377868798
188871631.9888424873 0.2602376878
265736165.9886497259 0.1021048141
186329792.7715828419 0.2608260670
226182220.9703058600 0.1765212398
192499775.2353635728 0.2484255826
209836215.5413664579 0.1296573620
193678383.5462221801 0.2433676468
222686954.1347326338 0.1653837422
202587986.7546564937 0.2281570335
236167280.2282594144 0.1705675011
195803993.0975380838 0.2384518814
291076569.8872703314 0.1045029400
191417381.9171807170 0.2315327669
237926144.2516635954 0.1684000807
184671601.0504401326 0.2623702104
222918025.8770453036 0.1478628645
191254681.9136399329 0.2578388605
277214926.9804511070 0.0961440939
197848882.6393225789 0.2116834947
223453341.8691128492 0.1954518201
184768409.6247779727 0.2702328293
229831162.1168291569 0.1277393668
190033079.1748011112 0.2529952664
211169122.0216386616 0.1692441234
188970944.1878842711 0.2641834377
219811308.7283535004 0.1752685836
192822125.2072997391 0.2583642551
233080760.5508683324 0.1688484505
192896098.6163092852 0.2158433363
236432040.9865255654 0.0928650231
194497621.7080475986 0.2191336346
220251352.4275123179 0.1646649770
185766719.2542924285 0.2746061071
253254134.9736128151 0.0992398739
181637243.6718793213 0.2924500718
182818897.2608492672 0.2921930942
191550279.6328889728 0.2940693859
190949308.1093772352 0.2653145704
213837171.2872888446 0.2208079140
183154680.9350414574 0.2801659624
180860021.1428769827 0.3161433877
182904917.1241956651 0.3095582693
200441839.5651757419 0.2614178322
176202219.5312848389 0.3357381534
173355955.0668506324 0.3796467463
173401381.9922983050 0.3659233202
162714319.2968379259 0.4260818930
164577724.3941077590 0.4130918233
150330287.0685634017 0.4808635361
150778552.6034661829 0.4763172645
151604991.3377002180 0.4637004961
155590060.5163066089 0.4562051823
168554414.3275181055 0.3911301894
158301629.7189477682 0.4628045508
150509946.4983592927 0.4774621401
150443515.2822506726 0.4625216207
151795160.2312233746 0.4623416258
150054784.8051235676 0.5003157258
154438201.8083844185 0.4379669708
146081914.5597374141 0.4936096787
157572135.1500802934 0.4194387936
150751987.5563642383 0.4814420079
140014150.9094527960 0.5650695568
139806661.8261136115 0.5574869205
156803747.4611366093 0.4770641506
141223627.0608246922 0.5589056098
149120132.3245291114 0.4814107812
138726887.5397718847 0.5468208538
143483816.3898342848 0.5049307392
140118139.4586687386 0.5458478333
170512149.7401412725 0.3952128489
147912547.7523871362 0.5490652911
143981459.1399922371 0.5066581158
139266632.2369934618 0.5463606238
145643642.4300731719 0.4422042034
136666186.8591549397 0.5381116498
151733128.9109864235 0.4539608769
141165443.3827483356 0.5233426885
136049010.4171601534 0.5047743128
132504033.3792564422 0.5459753752
156428518.2965862155 0.3798317581
128048062.6042148620 0.5514664805
157373541.6309854090 0.5256379613
127339511.1404507309 0.5386896184
138187539.9616594613 0.5256839212
130480928.4726089984 0.5377092750
138713825.8947079778 0.4467440154
129443880.4155072421 0.5428687510
129315245.1792744994 0.4933357501
129918770.3488845378 0.5355177010
125807957.1455926150 0.5162999914
128608439.6538051665 0.4966437336
128241632.1640855968 0.4625887127
124228405.5376512557 0.5176235237
152734478.9667100906 0.3910133200
123564794.6664168090 0.5184138167
135209277.5263473690 0.5076435656
129597810.0729673207 0.4866404128
130660767.2865585089 0.4947917406
123229148.4987082481 0.5508439907
142156894.2161400318 0.4644681951
132149975.4477689564 0.5107464742
148066731.1241086423 0.4669337371
123478900.4539379179 0.5483141631
132656743.2052109241 0.4859276662
123565934.6080710739 0.5485397389
126114290.5214379728 0.5501892779
121207891.7415799350 0.5547175854
129428234.6371314377 0.5085756500
121329622.1594170481 0.5566047490
129338877.6849835664 0.4640897243
125753321.8941754848 0.5299713509
162747107.2807896137 0.4451104630
119901450.7525612861 0.5782086431
132970772.3501145095 0.4914818889
120534295.0225676447 0.5740208184
136679967.0841064155 0.4632380437
120044096.9405159056 0.5949494399
116008956.5046235472 0.6216371609
114824879.4600566626 0.6353200596
136550016.3035883009 0.5209276705
119393680.8718674779 0.6242952943
123981210.1299326420 0.5647399139
117848646.7295315415 0.6311711404
139704333.2555169463 0.5463358092
121088635.0466927290 0.6296520197
122081417.8515119851 0.6162276567
115845660.9461282492 0.6291040329
129264290.7349301130 0.5396467399
119481823.5155008882 0.6156396693
142127984.7962232232 0.5257847701
114429264.3737250268 0.6213620978
114139586.3806589246 0.6160803513
115718695.4383050054 0.6372163767
117958811.0471941531 0.6080473613
114225563.7639982253 0.6279940857
115413471.6204166710 0.6086208667
116294227.5144403875 0.6309651958
115382428.5069364458 0.6041951015
111037516.8969160318 0.6661320045
110887713.7450263202 0.6614973815
113571085.5705041587 0.6593985207
111641482.1704899073 0.6515674848
113866445.2266975641 0.6174866933
110968859.3424041122 0.6727976887
113742237.8700991422 0.6342547413
113939938.6159922034 0.6567225222
113338321.0632426739 0.6553721680
110532551.7972161323 0.6645910686
113603046.6832752973 0.5805674829
111223076.6870669425 0.6650573347
113183987.9450999647 0.6565276734
110614803.2574957013 0.6728458366
113054340.4774755538 0.6718065495
111109316.2132386267 0.6829181670
112781472.6039515138 0.6436304978
111098884.6372742206 0.6587768891
112460556.7021592557 0.6629697877
110799085.1872349679 0.6643876899
113138684.1012555063 0.6462753688
111450733.3589767069 0.6588127823
112668238.5150813907 0.6590646709
112813867.0958992988 0.6595034864
110894470.5877299607 0.6585374870
110785758.9556254148 0.6631030536
129517252.8318446428 0.6265016094
110200095.5433083773 0.6774300938
113432456.8891338706 0.6243451740
110814218.7252722830 0.6753712833
109438349.3306450099 0.7390433259
108372805.3480777293 0.7346593230
111036848.1832780242 0.7258171974
108787594.2115942240 0.7348911854
114236597.7501748800 0.7053225121
110308147.6202808917 0.7193602003
114158569.3280660212 0.6916133225
109360430.0213938951 0.7348855617
108592359.4313629568 0.7225736925
107638265.9840526730 0.7489956553
112042566.1554001868 0.7082509345
107679759.2167487442 0.7493227747
107341935.5082952827 0.7791777135
107413797.3335086852 0.7785129487
111112506.6657419652 0.7564601520
107660892.2134555131 0.7716623170
107435476.0030239075 0.7682458224
108166973.5341162682 0.7961134488
108302222.2558534741 0.7736246480
107258739.1088054627 0.7898401460
111846077.1805773228 0.7431776082
107322091.2729482204 0.7830820015
108389162.4008090943 0.8170931491
107246646.1801227331 0.7796943158
108077463.4462903440 0.7800212102
107285802.5254733264 0.7750370294
113770305.4927034229 0.6797600656
109199348.2357729673 0.7635455571
107237736.8226490766 0.7729849845
107587811.1212330610 0.7718149716
107602519.7741367519 0.8001530556
107811962.4651198685 0.7709084420
110188280.9852842540 0.7640683385
108874617.3723650724 0.7663747659
108972411.4216866493 0.7477032835
108874370.5648510605 0.7675468660
108747311.9194349945 0.7331307518
108066224.4376212955 0.7813628522
109960560.7934032679 0.7634166603
108134379.8550100476 0.7802592502
113984913.2256600857 0.7503125356
107453063.1166423708 0.7692694152
110550733.6828700155 0.7381505429
108750798.9640891999 0.7654708556
109312988.9297494292 0.7327616258
107709297.5085200667 0.7781038037
108949892.6842197478 0.7490980457
106881426.7788320035 0.7880525856
107905657.7100785822 0.7801800462
107572302.3622304648 0.7794424601
107279711.2791368663 0.7979112303
107340229.9429657161 0.7736935780
109404823.2495156378 0.7712556737
108119291.9149527550 0.7839179930
108169879.0626598299 0.8032614826
108209675.6722545475 0.7855134294
109253634.9304351509 0.7810406128
106921493.5772985220 0.7838591663
108216798.7017482966 0.7326518270
107102007.3168242723 0.7912172850
108205172.2902902812 0.7580127192
106932927.5250404030 0.7935709028
109431444.4745707363 0.7388717629
107949940.5766384304 0.7802688560
108792824.2195698023 0.7564630933
107944707.1085025817 0.7898618634
108221617.3988458216 0.7730800809
107749677.4129511267 0.8018676550
107881449.7689980865 0.7643712797
107818206.2420849651 0.7716507117
108562040.4971118569 0.7470136118
109641779.6704720259 0.7777202966
109887156.7082290649 0.8158131644
108291054.4082395881 0.7770286748
106649430.5907632709 0.8007479997
107618304.5831240416 0.8099413375
108240850.1845869571 0.7776706399
107724522.9579670578 0.7930553629
107276930.8591963798 0.8015055505
108516932.6202445626 0.8164878616
112360741.7711790502 0.7783440195
108222568.1095182747 0.7775432181
110156706.9488563240 0.8162466392
107097198.7997057736 0.7968821698
108506072.9262498468 0.8360741833
108079452.1805622131 0.7961258841
110139076.5690132231 0.7651139361
106729002.0306544304 0.7994377194
108954413.5184583366 0.7798335462
107063957.9397356957 0.7954103442
112203267.7931266427 0.7790257151
107138402.8252254874 0.8004902103
111465062.1659339815 0.7436022782
106823409.4159182012 0.7983301405
109316201.8707848042 0.7565685298
107482248.3623511493 0.7975436325
107862445.5854692906 0.7361464125
107381243.3732539564 0.7928830767
109295861.1238617897 0.7632541123
106925965.5709392875 0.7986670163
108902422.3360073864 0.7932192408
107022292.9510182440 0.8043686315
109290856.5115480870 0.8295000372
107676212.6657783091 0.7938463937
107742476.6076816916 0.7959482068
107382723.5789916366 0.7821683832
113107243.9213760346 0.7442207939
107196427.0986725837 0.7975696507
107498982.6909117252 0.7983239958
106756024.3917258680 0.7969526179
108329751.3693576157 0.7817307503
107276140.5105543882 0.7968729599
108560512.2323648930 0.7732266781
107838575.7417217046 0.7915049845
108573352.6239520609 0.7683406040
107480683.6910018921 0.7953856449
113493740.1985885054 0.7510544192
106917480.7522047311 0.7942154886
111434819.6039113998 0.7567166059
106695838.2536290288 0.8008244643
112374495.3766663969 0.7628626050
106697164.7119583488 0.8016315173
111216528.4743837565 0.7689227624
107390550.5009611696 0.8038164608
109750004.1800939739 0.7644804062
107308325.7387021482 0.8006728425
109596096.1153855473 0.7699623936
106952166.8056675792 0.7984468918
110543014.5200731754 0.7766645488
108236004.2056400180 0.7942450364
109903296.7081834227 0.7677196558
106865777.6018367112 0.7959370050
107617626.4074799865 0.7962886159
107166214.6504402757 0.7835131800
107453370.0664975047 0.8076563023
107047040.2709208131 0.8072312215
107544594.6723786741 0.8079076252
109379124.0164465606 0.7725916738
106711634.4788512737 0.8011101882
108156158.7218123525 0.7924756236
107115417.4598942101 0.8032149566
107129929.0891270787 0.7956979086
106820483.0793750882 0.8020146448
106643011.2263248563 0.8050079341
107579520.5797073394 0.8057453236
107676064.5775276124 0.8033952763
107380267.0998074859 0.7974902388
106808135.1231511533 0.8068446242
107733338.8534332961 0.8047439828
107078688.7889599800 0.8077311135
106678015.0161559582 0.8051929236
106616818.0224113464 0.8040884253
107412644.9353894442 0.8036903085
107653485.0378538966 0.8031237528
107458261.8888159394 0.8129863403
106633875.8202384114 0.8060871946
108093301.0400983989 0.8136021130
107406899.3267543912 0.7992935214
106917679.4128521830 0.8084041710
106770073.2952925861 0.8051647478
107634040.0107093006 0.8046806193
106496196.3502659649 0.8047653796
106973256.8937759101 0.7976925510
107710995.8073636740 0.8035778046
106684586.6312926561 0.8007542660
107612785.0593844950 0.8034413461
107421105.6793209612 0.8050899965
106526344.9699960500 0.8065475431
107776392.7015342861 0.7944519769
106582547.8431439847 0.8055982490
107437910.9068697393 0.8145784571
107299456.7646442652 0.8007640077
107063549.6517715156 0.8153648736
106609294.2315817028 0.8057574031
107960179.1715753973 0.8062096493
106630377.5281386375 0.8044641252
106789428.9755733758 0.8124120459
107732989.5429990888 0.8047425353
106613631.7759088874 0.8083591699
107563780.7528765947 0.8038261473
106881715.4350416362 0.8066653668
106497946.2192684412 0.8051488386
107925715.1737748533 0.7959191588
106621136.9176342189 0.8051259700
106926509.9558738917 0.8023212391
107447002.8371295929 0.8018043188
107378989.8183488846 0.7906506159
106838374.6875056177 0.8081215415
107153636.8695777655 0.7906137942
107573624.8324694932 0.8039831473
106828076.6416329890 0.7962605469
107262110.0733904243 0.8006423148
106796033.4743984938 0.8030743830
106772572.3843464255 0.8076235733
107398555.4442916960 0.8061377132
106680095.7704312801 0.8068934992
106613987.4168974608 0.7992463573
107702214.6140784919 0.8037342907
107650296.9130987078 0.7903287931
106676053.3555355668 0.8035239109
106549067.2828739285 0.8052036310
107247046.8914424330 0.8101699616
107502503.8419285566 0.8049234580
107697849.1407520473 0.8051605148
107671877.3044626564 0.8041658045
107734692.7749562562 0.8052900082
107639369.2645396143 0.8042616468
106727182.0896812379 0.8063412401
107719784.9254392684 0.8044281245
107424866.0845924020 0.8028054790
107687535.8277024031 0.8038831040
106591517.4521561563 0.8051795871
106581109.4332659692 0.8052072226
106530755.2565266490 0.8053528929
107675167.7411444485 0.8045055944
106765483.4689635038 0.8069613236
107733695.8010662347 0.8048973075
106749536.9249496162 0.8080105771
107675562.0904645622 0.8044859876
107546465.7371401191 0.8019644647
106511256.1011283547 0.8057510017
106743317.2525227070 0.8073871544
107714398.6493460089 0.8054688056
106596909.6617797017 0.8049262582
106525539.0582306534 0.8048959931
106525694.3317380548 0.8039449468
106644216.6071834564 0.8058487250
106550470.4223102331 0.8041956468
106514760.9271188229 0.8046848793
107691837.5508079827 0.8061135972
107727721.5111288279 0.8047140660
106550429.4926385432 0.8063010212
107706680.6451984644 0.8045784690
106546419.7865245640 0.8058395535
107699411.1452140063 0.8046384379
106614658.5461904258 0.8050155308
106545426.7408799827 0.8049501792
106516529.3634515107 0.8043266315
106566982.1482530236 0.8056098109
107688831.6937725693 0.8020368090
107687369.0353198200 0.8040652902
106599379.5838068426 0.8059998520
107668347.4890204072 0.8039909275
107403029.9186734259 0.8026325625
106584583.9787675291 0.8053519451
106523897.8605524600 0.8040631219
106592793.8879427910 0.8053425664
107734384.1611807346 0.8047092931
106561910.5478458256 0.8053588532
106510516.0467161983 0.8053852514
107722226.5620148480 0.8050906910
107717745.6852943897 0.8046172832
106555831.1387970001 0.8050657443
106494802.3187472373 0.8047352778
106518919.5265154541 0.8050807735
107712332.3824269325 0.8045745629
106533426.0151637048 0.8047305443
107715097.8519545048 0.8045792916
107718676.0323636979 0.8043063744
107720569.5765174180 0.8046761536
107678946.0456361026 0.8043991220
106500104.1093155891 0.8047850538
106514143.2956764400 0.8046189600
106500961.1877923608 0.8046988541
107725734.8895733804 0.8045809655
106496531.8864553571 0.8047667149
106525323.9998483360 0.8051491390
107725000.2569524646 0.8047431218
106577835.2874891460 0.8053317695
107708248.1739377826 0.8045406136
106526367.0628075004 0.8048081077
106514313.1397443563 0.8049337382
106579226.4170524478 0.8054415677
106501858.6588504016 0.8048553384
106585577.0301412493 0.8056250575
106507636.9672982693 0.8046820176
107736720.1898236573 0.8044661766
106506552.5740579069 0.8048882458
106507439.6783371866 0.8049437145
107715756.3528896421 0.8043347003
106494058.2439849377 0.8048514018
106500118.8318330944 0.8049229292
106485846.9412445277 0.8054603610
107721930.7293630987 0.8053685281
106599845.9293958247 0.8062644311
106493235.5609661490 0.8055105636
106503876.9548781514 0.8055538537
106490748.1950127780 0.8055549659
106497319.0123797953 0.8058909429
106514151.1667228043 0.8056894381
107696376.5538559258 0.8048163518
106483437.6239477545 0.8054179224
107669442.9066951871 0.8051626079
106500880.2648501396 0.8056725303
106575317.1934072673 0.8060960966
107717219.4115886390 0.8054264486
106511300.7755646259 0.8055158573
106486756.9509652108 0.8054044831
107734084.1794164032 0.8057020321
106479744.7996222079 0.8055612526
106481421.8922332674 0.8055886003
107720237.0551463366 0.8052838045
107717605.8345513940 0.8054105355
106533194.7655954063 0.8059890174
107723131.1857772917 0.8054839471
106505416.2019585073 0.8056913931
107728227.4529052079 0.8055416509
107732536.8027101308 0.8056061643
106486823.5823680758 0.8056181445
107686142.3681886792 0.8051863808
106482022.7293065041 0.8055683727
106490544.0257290900 0.8055158905
107711104.0848187506 0.8054558931
107728910.7055149227 0.8053437121
106483116.0972352922 0.8056043647
106496532.1397678703 0.8057627274
106480450.8645463735 0.8055810306
107710895.6991790235 0.8053272408
106485750.6210875809 0.8056011586
106486105.3040954024 0.8059146474
107731797.6984137595 0.8055569015
107720621.9337749928 0.8054539586
107723144.0540484935 0.8055013262
106526228.2973135859 0.8059079981
107727030.3865512162 0.8055630789
106531347.8735646158 0.8060335505
107720697.8858857006 0.8055148269
106489236.0404818505 0.8058017488
106480879.2664630413 0.8055598885
106523916.5982384682 0.8057400719
106483701.2195062488 0.8055677171
106488534.0729931146 0.8057011106
107728381.2255446166 0.8054863376
107736073.7519838512 0.8056004942
106488540.0609482378 0.8056471200
107732263.9349125326 0.8057853320
107727786.0180722177 0.8055704806
107705333.2910937369 0.8053417100
107727008.9835920781 0.8055561727
106516267.5039446652 0.8057845432
106484769.4533902407 0.8057224475
106482306.7497869283 0.8056422612
106479875.8673991561 0.8055811916
107714451.6357043684 0.8054215984
107731313.7338161916 0.8055529604
107730109.9563875347 0.8055168249
107726831.9469431639 0.8055366237
106484105.3767969608 0.8055411633
106480923.8087158203 0.8055619162
106488562.2512886375 0.8055817087
107731138.6316032857 0.8055548920
106487456.2696997523 0.8056871115
107729684.7115739882 0.8055369130
106482403.3688571155 0.8056419232
107727988.0162617862 0.8055529256
106488339.7515305132 0.8056214438
106481513.6678388864 0.8055610632
106483873.6355487406 0.8057297506
107728605.9485959709 0.8055708074
106483513.0301795155 0.8055096421
106479934.4317586422 0.8055578471
107721625.4274485558 0.8055406831
107730040.5811407864 0.8055354523
107726056.0093589425 0.8055686836
107729436.7071101069 0.8054850316
106484137.0988761932 0.8055890941
106480094.7416660488 0.8055607208
107732606.8690686673 0.8055326556
106480458.7789856344 0.8055759371
107730793.3039753139 0.8055761091
107730699.6014049053 0.8055554328
106484106.0557866395 0.8056026450
107728475.8925016820 0.8055328131
106490059.3924798667 0.8056589743
107730326.4234180152 0.8055524940
106489214.5250339210 0.8056323479
106482017.0054178834 0.8055780935
107727859.9371006936 0.8054783946
106481521.1089033335 0.8055672599
106479003.9498238415 0.8055980083
107727656.1009329557 0.8055838301
107729517.3466023058 0.8055924737
106481241.4202478379 0.8056047237
107728589.8238552809 0.8054978927
106479471.7020292133 0.8055980067
106479823.3343921304 0.8056376901
107729000.9787290692 0.8055977311
106479899.2299531251 0.8055726168
106481281.8415401280 0.8056158138
106481959.7599831372 0.8055747967
107728523.0125016570 0.8055841935
106498837.3983516693 0.8057458816
107729587.6011646241 0.8055945711
107719596.0580779314 0.8055203584
106480201.2859944999 0.8056181044
106488056.5392714590 0.8056594297
107729808.9023509473 0.8055927398
106479580.6269905567 0.8056231995
107729198.8928389847 0.8055901960
107728069.2762058377 0.8055834924
106480649.3220443726 0.8056177546
106479149.1345067322 0.8056041240
106480132.9653194547 0.8056071692
106482159.5640441626 0.8056344482
107728467.6019719094 0.8055776472
106487890.7672917992 0.8057373268
107728746.8147396594 0.8055976339
106482724.5234670788 0.8056212596
107729050.7501805425 0.8055916642
106479141.1953062117 0.8056094966
107728505.7035283893 0.8056011931
105745560.0000000000 0.8056011931 0 0 0 0 0 0 0 0 0 0 0 0 0 0 1 