564432094.2613004446 0.0000009890
550328356.4461120367 0.0000003415
555929390.1569380760 0.0000000584
593253488.0926142931 0.0000000015
620357283.6598026752 0.0000000969
581159899.9374190569 0.0000000164
559487371.6547296047 0.0000000007
558439076.8694015741 0.0000012535
597696010.5953679085 0.0000000025
624625224.3122720718 0.0000000007
544765149.4941028357 0.0000004952
521415944.7563397288 0.0000001405
610961250.2968246937 0.0000001592
520834289.7627387047 0.0000006326
525853851.8338119984 0.0000007772
525015120.5269942284 0.0002803046
526525007.5359166861 0.0000003736
479886310.5016388893 0.0000010423
446309296.4268258810 0.0000013866
448992762.2641329765 0.0000019270
437508989.5909696817 0.0000023199
432762701.7774282694 0.0000024317
475922488.9019920826 0.0000000000
400674936.7628396153 0.0000028440
398497218.2219586372 0.0000020844
394662627.6872764826 0.0000001484
460353976.8407811522 0.0000000001
477210569.5108889937 0.0000003976
439263205.8415316343 0.0000014541
433925543.6915899515 0.0000007488
423191900.8528209329 0.0000657670
327471612.2160032392 0.0002965247
361346161.6409175992 0.0003744814
348244363.8692299128 0.0003400174
392401498.9447662234 0.0008387957
325796457.0729629993 0.0003129842
340738935.0664634109 0.0001167199
329929055.0578041077 0.0002792252
336795246.1608405709 0.0000000471
346754531.3584459424 0.0002288147
354196144.4561458230 0.0000004509
335056810.6389928460 0.0002699870
338955718.6657571197 0.0011235908
327391540.1868563294 0.0002876647
372084634.1152121425 0.0000006445
317602667.9941630363 0.0004668104
349224335.9382850528 0.0034587625
319134743.9294092655 0.0001114308
320585715.2329648137 0.0000000778
318753099.5746372938 0.0005590812
303428890.6017075181 0.0007445385
336316925.7229095101 0.0006117313
303190563.2256485820 0.0004401835
309931422.2826644182 0.0006671202
295528373.6084154248 0.0013549160
308612376.4045876861 0.0012693097
300211939.3053769469 0.0035641228
293710574.1477271914 0.0014491322
325787607.3836225867 0.0002292396
297882364.7571175098 0.0027357663
300983790.2552289367 0.0000033481
306806001.6882749796 0.0014262080
314306049.7943750024 0.0027575828
291972398.9821932912 0.0014446094
307027503.2290580273 0.0004831136
287323926.3835493326 0.0015198355
341057209.7080372572 0.0002045496
300731452.6466645598 0.0014467469
260311741.7255014479 0.0075365770
258670336.6065958440 0.0087550814
265150739.0970285535 0.0047813890
262922116.2959290147 0.0061450929
253892424.7172512412 0.0021483158
254178110.6807930470 0.0019387384
298105711.2683528662 0.0010699750
253151736.3606919348 0.0018676695
288155995.2694204450 0.0000278364
266649817.9896267354 0.0022171227
302470533.4724588990 0.0001062611
256871638.7884261906 0.0013172477
252396634.9190801680 0.0005040387
256700887.7352853715 0.0007252399
299565048.1019306779 0.0005058372
250560770.2945333421 0.0001654561
277562019.8034113050 0.0000520195
245342410.3223845363 0.0002117324
296055279.9750474691 0.0008248089
245178214.1314981580 0.0002195989
228731365.1343046427 0.0003964239
212754056.6262376308 0.0005056009
225130895.5495420396 0.0001183348
206508838.9063476324 0.0003940144
270089101.1365936995 0.0003873469
210826846.6097562909 0.0004694254
247104140.6723156571 0.0001149132
210933691.6441833675 0.0000002531
242864786.6110692620 0.0111664526
209700717.6212700605 0.0002435636
286441907.0500017405 0.0001618198
221683297.1520096958 0.0004575219
260587167.1323451698 0.0004400011
213945540.6646837592 0.0000059752
268845268.4065521359 0.0012423019
206768462.6577775776 0.0002349615
263260519.9654746652 0.0000395603
219788102.2791323662 0.0009723033
256680506.1309376955 0.0001192420
234513344.2877402008 0.0000218333
240190827.7844046354 0.0000277136
213272241.4567996264 0.0003092543
220656660.2516131997 0.0008915301
205355849.6050199866 0.0001176355
305606674.1026701927 0.0005923975
214502003.0516732335 0.0003069106
275272355.0852522254 0.0000601108
210257056.0825277269 0.0000343331
176213805.8873887360 0.0057706040
171523892.4688987136 0.0057910683
202028293.5445141196 0.0005128381
174335110.7084047496 0.0054901029
206215230.6291695237 0.0024124571
186283734.7639893591 0.0059681021
195915135.8298636675 0.0037740090
188538801.3306561112 0.0116919248
239393484.9360289574 0.0038843180
168153194.0400041640 0.0010346843
233657095.9674065411 0.0025475238
172058338.0893786848 0.0014326219
223413786.2933182120 0.0003990368
177070764.0826615095 0.0011562934
178504871.0182538629 0.0004676514
173094248.3659245074 0.0010517400
182324363.7582095265 0.0012358307
163672667.1196931303 0.0009031251
189820120.5655422807 0.0079959106
168874602.0640575588 0.0004075143
225178018.6907850206 0.0009223593
158142905.5415992737 0.0007340628
208754286.4703299999 0.0036058260
158754962.6498057246 0.0004977372
204880120.6144683957 0.0028847909
159667465.9894625247 0.0002318730
211563047.4310221970 0.0001084860
154724782.5169915855 0.0009833800
191682408.4561707973 0.0001504268
159138514.2021055520 0.0001130115
177447921.8927547336 0.0078189810
154555003.7744335234 0.0009322319
155849241.4102477431 0.0008433779
155613372.0571772158 0.0014361754
192139224.6554408371 0.0000021224
165185308.2933459580 0.0015760849
153998190.7572105229 0.0011904060
167228912.5271040499 0.0013758508
154179086.9008726180 0.0007887499
184773054.3458337486 0.0025786201
156590906.2746358514 0.0009975774
163126780.8893006146 0.0025272652
159944306.8286668062 0.0013745696
158877102.0307064354 0.0011875130
154633729.6151589751 0.0014371946
158937219.7682473958 0.0012579239
156186557.4936840534 0.0014451483
157883498.4079012871 0.0000417419
153498938.0875674188 0.0010738596
152882048.4832603037 0.0009925415
154833135.2038607597 0.0013176578
164827412.6842113137 0.0019153498
158485343.5602864325 0.0004137453
170086261.3752396107 0.0005731981
152238313.9934934676 0.0004606987
158780120.1596561074 0.0005139079
151870059.6068795919 0.0000164592
152204031.5845271945 0.0010971936
158290554.3484995365 0.0000349329
152913811.1037773788 0.0003135545
152382553.9251657128 0.0000136357
163881125.2281941473 0.0002467265
155750876.6098952591 0.0000459559
159574708.4328373671 0.0012414348
157457017.1256767809 0.0000277085
155069041.7744866610 0.0002633419
155323128.6499689519 0.0002169112
156247027.9508462250 0.0000200858
153963710.6145050824 0.0002032091
153517826.8124865592 0.0003628118
158283391.2320137322 0.0000110959
174279076.4501761496 0.0006095517
156266070.9185170233 0.0000692370
159994617.1874089539 0.0014977966
151641472.9645839036 0.0000208336
160581278.0788477957 0.0000344686
154979988.0043573678 0.0000180679
156238816.2741899192 0.0009184561
151819988.1712591946 0.0000048784
159619082.3283161521 0.0009941399
151204483.5000882745 0.0000004516
154812502.9407236874 0.0006755238
153605070.9417192340 0.0000001095
157243276.8790550828 0.0001964967
153930306.4134155512 0.0000008986
158658451.7521005869 0.0007124685
156637088.0986486077 0.0013294247
157362855.9944410324 0.0000051324
156090179.1013259590 0.0000075568
154133800.0017469823 0.0000084699
152504504.5349533260 0.0000321351
152139476.8346766829 0.0000073604
153805992.4558697045 0.0001241227
153215997.8488794267 0.0000045482
156463022.8181958795 0.0000717835
152361472.8247883916 0.0000217931
162112633.3184774518 0.0005486775
152250491.3896623552 0.0000153460
154778515.8360020816 0.0000066623
155695072.5028819442 0.0000761998
152642650.1634124219 0.0000105053
153388903.0954259336 0.0000825530
152303795.2189962566 0.0000006029
151711711.8854355812 0.0000444470
152378808.8465192914 0.0000002611
155436851.4014846683 0.0000722032
152942850.4364059865 0.0000000888
152138492.8822102249 0.0000404966
151205801.3522560298 0.0000000543
157986636.5506617129 0.0001315555
152778174.8166527450 0.0000000331
152400127.1612371206 0.0001214691
151878068.1731291115 0.0000031466
154296561.9542433619 0.0000344310
152395474.7953722775 0.0000092138
157308089.5562559366 0.0001603279
152396625.4746640027 0.0000003495
156854723.8844122291 0.0000335458
152010942.2653224468 0.0000350748
158464424.8500745595 0.0000472056
152444079.8045073748 0.0000064671
152928996.3455747962 0.0000002676
151721832.4300558865 0.0000000222
152846971.7308498621 0.0000002039
151479889.3160554171 0.0000517273
151288280.9558882713 0.0000024597
151445263.7952243388 0.0000027350
151259525.7470726669 0.0000008555
152873466.2379586697 0.0000138263
151671046.7560729384 0.0000003185
152038456.0756526887 0.0000002327
152867017.1052570045 0.0000003133
152272647.1240354478 0.0000763646
152878451.7143550515 0.0000007691
152927136.3033260703 0.0000590824
151591847.4141259789 0.0000000001
152048587.7014040053 0.0000120136
151271733.3079701662 0.0000012041
152428662.0551628470 0.0000018769
154850082.4564328790 0.0000068010
152510317.2253895998 0.0000012029
152802321.3128364682 0.0000000158
152848751.5925621390 0.0000003283
151291274.0331723094 0.0000027103
152072286.5381497443 0.0000095256
151303614.4290195405 0.0000000674
151887239.3965990543 0.0000035613
152971675.0172196329 0.0000002531
151361292.4100743830 0.0000029812
151391617.4152466655 0.0000001008
152541929.3602318168 0.0000000719
151294515.2842850983 0.0000029542
153157492.0534233749 0.0000127092
152944034.6488680243 0.0000010373
152410564.6975724399 0.0000000196
151444210.4052551985 0.0000003815
151194602.0607154369 0.0000000442
151383781.7094826698 0.0000000152
151334721.4367963076 0.0000003002
152872137.4990079105 0.0000011286
151463327.9762117863 0.0000000021
152817042.0178119540 0.0000000223
151160093.8189685643 0.0000000176
151972899.5360734761 0.0000011406
152894285.0353045166 0.0000000298
152927413.3181453645 0.0000001690
152923303.6276677549 0.0000009248
152788567.6441762745 0.0000008769
151195809.8666301966 0.0000000032
151524481.0366372168 0.0000004665
151398907.9652105570 0.0000000003
151686594.5163206458 0.0000000000
152948511.7918966115 0.0000000952
151418863.6228065193 0.0000015445
151177707.8122335374 0.0000000002
151384927.8196186423 0.0000009606
151185242.5670560002 0.0000000756
152621337.9527891576 0.0000001537
151361596.1146266460 0.0000000189
152865528.0730379224 0.0000002407
151302308.5221686959 0.0000000265
151403550.7626380026 0.0000018418
152754986.4970493317 0.0000000261
151647295.7919790745 0.0000000018
151377729.2955159545 0.0000003090
152603298.6310720742 0.0000000839
151237437.1603915393 0.0000002900
152658437.8009630740 0.0000007638
152766040.6325337887 0.0000000003
151686086.0040403605 0.0000008002
152780441.5029776692 0.0000000013
152581725.3385020792 0.0000006757
151161142.8459366858 0.0000000166
151341660.7480681241 0.0000001033
151237964.2531861365 0.0000000023
152410753.2074000239 0.0000030890
152911518.1207858622 0.0000001373
151438606.0555284321 0.0000000273
152885297.6086196005 0.0000025057
152939479.3131264746 0.0000001241
152922873.5611741841 0.0000000352
151145470.8742264807 0.0000000033
152862236.2557871044 0.0000000003
152777336.0208733976 0.0000001024
152843010.0853369534 0.0000000374
151205427.4388037622 0.0000004123
151205061.7677057385 0.0000000030
152752699.2795000970 0.0000000008
151169130.8636717200 0.0000000204
152698641.0857548118 0.0000009600
152764660.6444572508 0.0000000305
151396250.8211024106 0.0000000399
151155209.8271607459 0.0000000144
151485385.9584555328 0.0000000006
151170465.5973313451 0.0000000054
151556428.0253350735 0.0000000067
151142440.8935001791 0.0000000303
151330481.6830345392 0.0000001375
151172943.3762338758 0.0000000010
151227280.4538922310 0.0000000511
151172923.3753245473 0.0000000520
151393130.4245475233 0.0000010733
152828768.3795994520 0.0000001380
151646468.5503760278 0.0000000005
152796705.4762215614 0.0000000817
151265083.7389626801 0.0000002189
151156616.2736045122 0.0000000197
152767410.1676273644 0.0000002024
151242727.3397467434 0.0000000413
152667541.5202622414 0.0000000878
152808355.1200816929 0.0000000305
151168249.3366500437 0.0000001622
151180876.6552930176 0.0000000499
151203692.3106358945 0.0000001590
152821658.8911799490 0.0000000637
151170033.8848483860 0.0000000147
152739056.6415045261 0.0000008573
151181482.6638963223 0.0000000130
151140997.3603954017 0.0000000992
151238589.0818564296 0.0000000832
151129439.6803739667 0.0000000334
152857432.9490286708 0.0000001774
151160593.4140434265 0.0000000328
151190767.9134919643 0.0000002872
152853275.2458411157 0.0000000116
151218449.0415228903 0.0000000342
152833624.6721358001 0.0000000361
151266036.1502483785 0.0000000039
151131644.1514473557 0.0000000389
151135881.1811589301 0.0000000703
152810766.8905060887 0.0000000376
151291454.4537530243 0.0000000157
152844972.6689562798 0.0000000349
151251792.2239513397 0.0000000358
151132120.0801308453 0.0000000590
151173114.0423467457 0.0000000012
151178603.5400706530 0.0000000765
152812505.1944477260 0.0000003060
152849569.4699680507 0.0000000008
151185739.7716302574 0.0000000829
151126338.4651548862 0.0000000733
152747927.6132604480 0.0000001497
152800005.2991963327 0.0000001067
151246199.4255201221 0.0000001397
152828332.2219759822 0.0000000616
151261227.3142424226 0.0000000094
152787538.0467590988 0.0000000068
151195633.8242987692 0.0000004240
151133119.9362579882 0.0000002088
151283020.0008947253 0.0000003693
152795384.1803469062 0.0000000842
151211911.1999194324 0.0000000517
152747217.4611001015 0.0000000797
152839481.2441185117 0.0000000665
151179382.4894161820 0.0000001522
151128539.9244738519 0.0000000748
151136255.2445524037 0.0000000001
152842212.5525619090 0.0000000708
151129537.5546247363 0.0000001203
152849864.0041308105 0.0000000645
151132649.3682692945 0.0000001582
152852890.2269485593 0.0000000745
151176005.0335228443 0.0000000839
151127489.7959855795 0.0000000816
151150583.4533933699 0.0000000570
152849383.0784763992 0.0000001005
151187069.1111418903 0.0000000038
152846988.9248328209 0.0000000755
151139085.4944832325 0.0000001010
152846245.5182211697 0.0000000921
151131120.0977262259 0.0000000698
151140326.3192937970 0.0000000883
152733051.6799142957 0.0000000733
151127840.0232127607 0.0000000703
151180693.8937731981 0.0000000463
151127423.9002545476 0.0000000665
151154909.7321245074 0.0000000998
151126842.5913909078 0.0000000694
151135057.9902088344 0.0000000605
151126425.1128894091 0.0000000771
151179069.7866850197 0.0000001314
151127538.4336296320 0.0000000848
151168268.1343197823 0.0000000570
151126593.9874472618 0.0000000794
151152873.7661759853 0.0000000780
151128093.0730366707 0.0000000820
151155936.1129826903 0.0000000908
151132431.4433731437 0.0000000680
152733814.9782187045 0.0000000718
151131877.6190676093 0.0000000708
151157284.9116725922 0.0000000260
151130091.4579829574 0.0000000772
152739130.2459716797 0.0000000794
151134093.5853806436 0.0000000827
151151981.5643934906 0.0000000540
151129304.5648161173 0.0000000764
151153640.9833894968 0.0000001110
151129866.3374075592 0.0000000743
152738258.6949037313 0.0000000695
151129436.3950605392 0.0000000692
151140433.9476525784 0.0000000784
151130645.5881646276 0.0000000904
151155477.3530209064 0.0000000704
151130180.0757569373 0.0000000798
152740240.1553691924 0.0000000525
151129427.6578420401 0.0000000590
151129865.1987036169 0.0000001473
151132234.1805064678 0.0000000724
152734896.1953128576 0.0000000680
151127238.1934665740 0.0000000747
152739101.3268263638 0.0000000646
152848808.1643041670 0.0000000673
151145550.7233737111 0.0000000978
151126846.6626017988 0.0000000701
152738374.5418466032 0.0000000667
152798095.8306430578 0.0000000700
151125903.2210248709 0.0000000681
151151774.1126357615 0.0000000621
151126666.0179344416 0.0000000700
151147737.9689506292 0.0000000563
151127245.1958752275 0.0000000811
151136025.5532186031 0.0000000678
151126404.4502460659 0.0000000657
151152489.1070942581 0.0000000873
151125931.3746618032 0.0000000676
151141513.7937697172 0.0000000747
151127514.0766957998 0.0000000715
151128865.8218069673 0.0000000601
151126209.5335783064 0.0000000734
151129570.9734067023 0.0000000569
151128525.1719882488 0.0000000667
152798113.3022625744 0.0000000608
151126829.7922527194 0.0000000709
151145920.2412901521 0.0000000735
151127643.0090477467 0.0000000640
152798199.6939372122 0.0000000605
151128073.4584259391 0.0000000647
151145216.4919210076 0.0000000475
151125898.2057085335 0.0000000673
152797361.0322048068 0.0000000594
151129121.5719990134 0.0000000680
151142437.3329605758 0.0000000995
151133196.5607229471 0.0000000708
151126008.0647142231 0.0000000616
151132550.9864484072 0.0000000717
151126219.8206785917 0.0000000661
151138151.2469246984 0.0000000619
151126558.1684873402 0.0000000652
151133803.0016953945 0.0000000564
151125977.9490192235 0.0000000647
151137715.7532601953 0.0000000747
151131168.9588126540 0.0000000650
151125710.1540551186 0.0000000683
151129491.5531146824 0.0000000680
151126136.7356588244 0.0000000694
152844910.4643314779 0.0000000675
151125531.7757393122 0.0000000689
151130410.1281940937 0.0000000732
151125886.1810316443 0.0000000693
151126744.8310502172 0.0000000662
151125571.7305727899 0.0000000690
151126426.1193921566 0.0000000643
151126130.5139519870 0.0000000688
151125414.0927638412 0.0000000694
151125849.0908102691 0.0000000711
151125383.7830992639 0.0000000708
151126595.7556323707 0.0000000690
151128649.2963665724 0.0000000736
151125916.5298281312 0.0000000691
151131541.9014269710 0.0000000712
151125570.9169282913 0.0000000717
151133183.3791984320 0.0000000722
151125651.4237096608 0.0000000711
151125227.6105600595 0.0000000738
151124921.7568515241 0.0000000739
151125328.6199847758 0.0000000721
151125092.2039819956 0.0000000747
151125751.1225639284 0.0000000818
151125073.1678268313 0.0000000738
151126077.5916507840 0.0000000769
151125116.6049439907 0.0000000746
152843487.2513222992 0.0000000729
151124806.3656087518 0.0000000741
151130654.4372779429 0.0000000711
151124839.8676014245 0.0000000723
151127802.7912391722 0.0000000775
151124958.2032408118 0.0000000726
152844571.4361016452 0.0000000727
151126332.3181671500 0.0000000744
151126407.7382340431 0.0000000794
151124969.7065642476 0.0000000749
152843812.1893288195 0.0000000732
151125181.7201173306 0.0000000743
151132182.5891141295 0.0000000742
151124727.1170619428 0.0000000756
151130345.8125719726 0.0000000799
151125242.9760779440 0.0000000761
151126002.8047192693 0.0000000760
151125468.0253693759 0.0000000731
152844621.2956340611 0.0000000760
151125443.6946837902 0.0000000769
151130008.8654316366 0.0000000734
151125841.1967370808 0.0000000747
152843896.1660138965 0.0000000747
151125474.0394442379 0.0000000757
152843430.7388785779 0.0000000746
151126204.9332303405 0.0000000751
151125522.2875888944 0.0000000762
151125785.3576976061 0.0000000752
151125070.5213352740 0.0000000777
151125228.8247511089 0.0000000764
151125073.1799264550 0.0000000758
151125110.4408705831 0.0000000744
151124745.5162711740 0.0000000751
151124725.6644013822 0.0000000748
151125353.3406204879 0.0000000748
151125753.4907213449 0.0000000756
151124963.2252576649 0.0000000753
151126619.3629434705 0.0000000715
151125560.4457806051 0.0000000748
151125863.4322171509 0.0000000755
151125111.8188698590 0.0000000740
151125115.6228954196 0.0000000729
151124875.5070683956 0.0000000752
151124938.3408668041 0.0000000757
151124842.0458611548 0.0000000751
151125592.6021816134 0.0000000779
151125226.8754910231 0.0000000744
151130036.7859551907 0.0000000768
151124747.8732730746 0.0000000745
151125750.2990671098 0.0000000729
151124853.0510492027 0.0000000746
151125725.2741097510 0.0000000759
151125244.3385419548 0.0000000741
151124941.3303006291 0.0000000741
151125653.6968795061 0.0000000753
151126269.8155704439 0.0000000730
151125041.8522500396 0.0000000759
151125949.8057676852 0.0000000726
151125558.3540438712 0.0000000752
151129431.9377203882 0.0000000750
151124936.1730957031 0.0000000749
151124900.8103540838 0.0000000789
151125404.9628947675 0.0000000749
151126625.0998633504 0.0000000723
151125319.2051949203 0.0000000743
151125551.6051374078 0.0000000765
151124959.5860001147 0.0000000745
151125295.4876386523 0.0000000772
151125624.1598747075 0.0000000759
151125261.6198486388 0.0000000744
151124858.8294678628 0.0000000753
151125124.7135509849 0.0000000793
151124974.4714716375 0.0000000755
151125313.3514761925 0.0000000751
151125525.1803639233 0.0000000740
151125118.9725887477 0.0000000744
151124788.6178538799 0.0000000746
151125699.0026960373 0.0000000736
151124777.5971751809 0.0000000752
151124925.4950528741 0.0000000769
151124758.9977760911 0.0000000749
151124828.3552368879 0.0000000742
151125686.9103527665 0.0000000749
151125743.1926152110 0.0000000737
151124789.0032278001 0.0000000752
151124983.4912101924 0.0000000741
151124786.8888935447 0.0000000749
151125189.0250666738 0.0000000754
151125600.4658249319 0.0000000748
151125158.7990179062 0.0000000758
151125597.2862232029 0.0000000754
151129880.6913349330 0.0000000736
151125624.8064945340 0.0000000744
151125987.7220761478 0.0000000755
151124971.5103240609 0.0000000748
151124803.3975548744 0.0000000749
151125621.1183968186 0.0000000744
151125630.9695801437 0.0000000750
151125150.8536665738 0.0000000750
151125692.5695736706 0.0000000748
151125432.7025634050 0.0000000749
151125670.8027282357 0.0000000747
151125681.7415211499 0.0000000757
151125664.4949573874 0.0000000746
151125040.7787179947 0.0000000748
151124789.0576518774 0.0000000750
151124990.3836153150 0.0000000751
151125656.0332726240 0.0000000747
151124960.5935492218 0.0000000758
151125670.3514003754 0.0000000748
151125462.5188711286 0.0000000740
151124869.1187574267 0.0000000748
151124895.5329713523 0.0000000745
151125678.5712310374 0.0000000748
151125202.5644933283 0.0000000743
151124904.6853985190 0.0000000747
151125512.8122485876 0.0000000756
151124767.0114442706 0.0000000748
151125246.5399716198 0.0000000745
151124744.5947026908 0.0000000748
151125240.7614461780 0.0000000757
151124719.8589019477 0.0000000748
151125494.5371768177 0.0000000737
151124754.7228995264 0.0000000747
151124955.9085499346 0.0000000754
151124747.9256243408 0.0000000748
151124931.2808272541 0.0000000754
109424993.0000000000 0.0000000754 1 0 0 0 0 0 0 0 0 0 0 0 0 0 0 