567699826.5964661837 0.0000009890
556310977.6616716385 0.0000003415
559517702.8760542870 0.0000000584
599604662.6481953859 0.0000000015
602827075.2679576874 0.0000000969
613410065.0261176825 0.0000000164
620162545.5275559425 0.0000000007
562682084.4495729208 0.0000012535
579226575.1802616119 0.0000000025
525860174.8987063766 0.0000000007
531293582.0103835464 0.0000000788
506507993.9284883142 0.0000003319
501848430.6627304554 0.0000000129
501845537.6440591216 0.0000000486
503991510.0975747705 0.0000002588
582114635.6971523762 0.0000215263
522225228.1846387982 0.0000000852
479064290.3080232143 0.0000000568
461841952.8481770158 0.0000000772
453781251.7055858970 0.0000004478
436172936.6349563599 0.0000008175
430644787.5422725081 0.0000008628
481605430.3034820557 0.0000000007
400503009.9423127770 0.0000010178
399950664.2378684282 0.0000000636
407728841.4231659174 0.0000001633
466549901.3490543365 0.0000000349
393383906.6681083441 0.0000022120
408107668.2859733105 0.0000005957
390568591.1828199625 0.0000008303
449850824.9477172494 0.0003678884
385462044.1238700747 0.0003268297
387507589.0294190645 0.0002806395
416995142.2902313471 0.0006422098
396067857.1610040069 0.0003044200
448431468.0558505058 0.0004059263
383593264.3204225898 0.0002958749
436943523.2339251637 0.0003009221
375784587.0200681686 0.0002445349
444549644.2072716951 0.0001490592
372906607.0657766461 0.0001637322
391189913.0683483481 0.0001119885
372605927.4413067698 0.0002306340
416892294.4191833735 0.0003551077
365206715.0810320377 0.0002302544
310848614.1311538219 0.0000026739
421900761.2967624664 0.0000015770
310461151.3374695778 0.0000018432
280484407.3449248672 0.0000331509
288913823.0972382426 0.0000487193
292395922.8138770461 0.0000434987
297410641.8630920649 0.0000303374
266682790.9361467063 0.0000707261
277080604.2644420862 0.0000154812
248521147.1554772556 0.0001671324
247571049.8419988751 0.0001834169
306561492.2349406481 0.0002574041
247455667.0488452613 0.0007124182
251784127.7807580233 0.0100538417
244130062.9710176587 0.0006891000
264393124.3131514192 0.0004117865
246902959.8571784198 0.0008436732
254693102.2764875591 0.0002321812
246800611.2858737111 0.0007525122
255068064.7592820525 0.0000076033
245913618.0595901310 0.0000027618
237468627.5742238164 0.0153898561
237811408.7379987538 0.0153584369
262288824.4527852237 0.0121236359
238970369.7721027136 0.0155168802
285812123.9178509116 0.0025500256
231506567.9392896295 0.0160234397
260965586.9785281122 0.0141324277
237869543.1038482487 0.0152389650
275197035.6089724302 0.0079598174
236257906.2103884816 0.0137226906
268443273.4010913968 0.0082825582
237036674.6926414967 0.0155166458
262976159.9814836979 0.0382764982
220119779.6083700359 0.0224715140
250344034.3132351041 0.0334626692
228460729.6581576169 0.0150827134
205429318.4955666065 0.0221675797
199962266.3583967984 0.0211944806
258695147.4833709896 0.0079555190
205521289.5441386700 0.0202580205
212101570.5177106857 0.0044015820
202850237.3936822712 0.0186514257
234061245.6550160944 0.0250414893
198195201.3790726662 0.0217524925
273499450.7837676406 0.0089282562
200112881.4485026896 0.0222674691
256255447.3212734461 0.0122680694
190563945.6492911577 0.0162836797
251026384.2635661960 0.0004704920
189625753.6654854417 0.0038705133
205658254.2638227046 0.0000002199
188998838.8968594968 0.0046085646
232094930.7152125239 0.0003721471
187087075.4830817580 0.0043317029
214135768.8447888494 0.0012187433
191515485.0225930512 0.0029297276
211168103.5391708612 0.0015675336
195208376.4979743063 0.0012166059
209058459.8101919591 0.0002675947
191172082.3354691565 0.0021774382
230444724.9650056362 0.0025040788
190945131.1089594960 0.0071268577
195767822.1337332726 0.0220709510
191441239.6719988286 0.0029418392
228630985.3069006205 0.0005084906
187859169.1072451770 0.0060872139
205567576.0319214165 0.0037536982
194306631.8590966761 0.0040985411
244972213.1351674497 0.0060029153
189676387.9438961148 0.0054403956
191943135.2533267736 0.0009665094
185617712.5587364733 0.0056552690
242229438.7384038270 0.0000008638
194054594.2694328129 0.0029361282
231278873.3216872513 0.0068129449
192013916.8343931735 0.0050055981
212356479.6689603925 0.0042188809
191589568.0190734267 0.0074575520
240399949.8423382640 0.0010771710
179687344.0737143159 0.0059820982
223950379.1016663015 0.0100585580
188307815.2037487924 0.0088145660
216864450.2012355030 0.0003059620
182210914.7518885136 0.0065024773
202102157.4747307003 0.0122593289
183006831.5088357925 0.0023074883
217733025.4417795539 0.0000427489
192498055.5294220746 0.0111733375
182465841.5054181516 0.0100534908
190817322.9552116394 0.0032634196
182120934.3260214329 0.0064173368
186873395.9922496974 0.0208358519
182882477.6868771613 0.0058961341
181197705.0105145574 0.0023803812
184862681.0739555955 0.0050484471
189768985.1981982291 0.0042656825
182193946.8363889158 0.0076095697
205655575.6894836724 0.0074166651
183866913.8471612930 0.0068888884
188377023.6188010573 0.0079073845
176175385.8830497265 0.0041530233
179339634.9737354219 0.0137571342
173963153.9562701285 0.0038524702
192209894.1503002048 0.0000061449
171353930.8128948808 0.0020944154
165744339.8320827484 0.0002697689
165867550.8495796621 0.0004915083
176062515.4205366075 0.0004678245
169202186.4473952651 0.0001390504
172449690.4276031554 0.0040327054
168308808.9736946821 0.0017752636
160086195.2734717131 0.0007639525
156375667.5867960155 0.0003444167
170477907.0061421394 0.0025347654
159615071.2914834619 0.0000004506
161219272.9460130930 0.0040514786
155527618.7309282720 0.0006287800
157314367.6338368654 0.0005154279
154428648.6014783084 0.0010561694
154217809.7043677270 0.0007425923
157870828.3293903470 0.0008570790
159286874.2060999870 0.0006762291
156702295.3306142688 0.0007125554
153731169.4244126976 0.0009317956
152773132.2944629490 0.0002270950
152401175.8877165914 0.0002386967
158900499.4277409613 0.0007648975
151772653.8340184689 0.0003702562
161665579.6784287095 0.0000983189
155396491.3238036036 0.0003704450
157716661.3016897440 0.0000407419
150764585.5772090554 0.0000864369
164749429.6824449301 0.0000505917
150583425.5242010951 0.0000590859
160997066.5715021491 0.0000088871
166950851.9004957378 0.0001739077
153711116.7022229433 0.0002622118
153493810.9318057299 0.0000052476
163581712.5983274579 0.0003938222
150608462.9231061637 0.0000852360
163624777.4215552807 0.0009700216
166202222.4455313683 0.0000153079
155681124.1458163559 0.0007751668
165391002.5999638736 0.0000627741
149720829.8994593620 0.0002709503
150585568.7615283132 0.0002819385
151156979.8172609806 0.0000339655
149489642.7058385015 0.0002612775
148990749.7414679527 0.0004250789
148508187.0315482616 0.0006507975
152602395.3493555486 0.0005331838
144317096.7857374847 0.0005878986
147470046.5282118320 0.0002027421
149453448.9925998151 0.0005646992
151409714.3382538557 0.0002640364
149019395.0835592151 0.0006812368
151082225.8062732220 0.0007840672
145136607.1801547706 0.0005018344
147266484.2080857754 0.0000204414
148039188.4456653893 0.0006265460
153044484.8832198679 0.0013695785
147995423.2496181726 0.0005258433
149442534.6385847628 0.0007511851
145609328.5633642673 0.0003833847
150392017.4560818374 0.0022107228
148837042.0503002107 0.0006966470
145537645.1596012115 0.0004978179
149946631.2598383725 0.0004892759
149609614.9465381205 0.0010170957
145842725.3405803442 0.0003591621
147112487.5118677318 0.0003093707
150447792.5481258929 0.0005716310
156544382.2187530100 0.0006051438
145592795.6953743696 0.0006481828
148054116.3040193915 0.0014272383
149032951.4604437947 0.0004055630
148804557.7175240219 0.0002409808
144872611.8111014664 0.0007023324
148152472.6323243380 0.0018880519
149129372.6098144650 0.0004389617
164072941.1047989726 0.0008146629
147768282.1673962772 0.0007811567
143794094.8592839241 0.0001774135
143699953.5996812880 0.0002283874
137962536.3134541214 0.0000123484
149762326.8385591805 0.0000513693
138137726.1181281805 0.0001603034
137499173.1599515676 0.0000113293
137750926.2147209048 0.0001662519
143697444.7623612285 0.0000999538
137466568.8750569522 0.0000316086
136990723.8979306221 0.0001948586
136390570.9717549384 0.0001846829
137076851.1488325298 0.0012816287
138959770.5208590627 0.0002047473
137294538.9435116351 0.0002705002
135958700.5567703247 0.0000775170
136220506.9449305832 0.0004056341
137957482.2877943516 0.0000371077
136068771.1972412765 0.0000341645
135804955.9186367989 0.0000333591
140336268.1585933268 0.0000226218
135923607.5356155038 0.0001994273
142181982.4674212933 0.0000152283
136144858.4239830971 0.0000076517
135810772.5365193784 0.0000397760
137387382.4950086474 0.0000334993
136191835.8219340146 0.0000083016
136979862.0604365468 0.0000614534
138650040.4475426376 0.0004132232
135866933.3967958391 0.0000765046
136446659.6403298974 0.0005062453
137322549.2522470653 0.0000045629
137787119.0799211860 0.0000002102
136439047.4083516002 0.0000297199
137972078.1817425489 0.0000290279
135745323.9432346821 0.0000225092
141707632.1248197854 0.0000017191
138358439.0451909304 0.0000075128
141003280.1050880551 0.0000940700
138907954.5861425996 0.0000003903
140101368.8955076337 0.0000009280
137530830.0817028582 0.0000323224
137140589.5231247544 0.0015699436
135903491.2914270163 0.0001627121
143064210.6003719568 0.0000000466
138021299.1494895220 0.0000285827
136436865.8034924269 0.0000000212
136303265.2722530961 0.0000020912
137269464.3862431645 0.0000430585
135914948.5034573078 0.0000349921
136795940.7555290461 0.0001993554
135725460.0095932186 0.0000237514
142578027.1606948376 0.0000521451
136263017.7032250762 0.0000728157
137310145.5184481144 0.0002716885
137929765.1024268866 0.0001151255
137696922.8192444742 0.0000864383
136099032.2939684093 0.0000267753
137785555.8110543191 0.0000096482
135741868.7289530039 0.0000098449
137307581.5510618389 0.0000015519
135853331.5591944754 0.0000230768
140221440.7549493313 0.0002281497
136141734.9091500640 0.0000059057
136317232.4435693324 0.0000146715
136819276.6236670315 0.0000009502
141697829.6791605949 0.0002223367
138086361.3002884388 0.0002537004
143017135.2301696539 0.0000200942
136953392.6320407987 0.0004072344
135885262.5247449875 0.0000416349
137031840.8162310719 0.0000430880
135698218.6853016615 0.0000040706
136568916.6775635779 0.0000135854
135899027.6788619757 0.0000089656
136842442.8343984485 0.0000666175
136078090.5799407065 0.0000000187
138708066.7795666158 0.0000027195
136011045.4354488850 0.0000029514
137664363.5947113633 0.0000093848
138018439.9575378299 0.0000020132
137097069.6324749291 0.0000036108
137888950.4463154078 0.0000069136
136060970.5587229729 0.0000025187
136279016.7067808807 0.0000086651
138016684.0708515942 0.0000008573
136184724.3174003065 0.0000010020
137295761.9248559475 0.0000262435
135847375.8658116758 0.0000024788
136825501.3226058781 0.0000012413
135903389.1517904997 0.0000094736
137317438.8019788265 0.0000455551
136438236.4731347859 0.0000016085
139868851.0483067036 0.0000024278
137367083.0563610494 0.0000000159
137361114.1478936672 0.0000825874
135878806.1325604618 0.0000052667
137563166.6743663847 0.0000043929
136284656.0916461647 0.0000077035
136869105.9013995826 0.0002488511
135681518.1947382092 0.0000064771
137506253.8812108934 0.0000080110
135778504.5899911821 0.0000013225
137775510.6862348020 0.0000034535
137626168.8884043097 0.0000434587
136220520.4372821152 0.0001453741
135982721.4568629265 0.0000143719
135904892.5173667967 0.0000003843
136032905.1610342860 0.0000705947
136783532.3729176521 0.0000176249
136294366.1967433989 0.0000224711
137198228.3446865678 0.0001299223
135944496.7452432513 0.0000026250
137105081.9724341333 0.0000267332
136269681.4780533910 0.0000021607
136056428.5382677913 0.0003622536
137366875.0371408463 0.0000200149
138065364.1815421879 0.0000030548
135903854.1090215743 0.0000004206
136356576.6706481278 0.0000040997
137942182.2363719344 0.0000067163
135692386.4757578373 0.0000120086
138055779.7240975201 0.0000176221
135699903.3485473990 0.0000254330
135701295.6719315648 0.0000032813
136309635.3558185399 0.0000113279
135696120.3943056464 0.0000060938
136015452.4449589550 0.0000009853
136313833.7237318754 0.0000100322
135864410.1999409199 0.0000016923
135740676.0766834617 0.0000072324
135832398.3519192040 0.0000094985
135876045.4665688276 0.0000069086
135989594.4057555795 0.0000000033
135848317.1954661608 0.0000062716
136437600.8854867816 0.0000197543
135736356.7669311464 0.0000064700
135678941.4381320477 0.0000011743
135661295.1650089622 0.0000021452
135863898.1923438907 0.0000002069
135677936.1189315915 0.0000032297
135721012.4506403208 0.0000038576
135678142.1422139108 0.0000057989
135815487.6621841192 0.0000088028
135670270.1927883923 0.0000013181
136213589.6345494986 0.0000009802
135681379.7226501703 0.0000011235
135697215.4205879867 0.0000011551
135697577.6972624660 0.0000021233
136620963.5550156832 0.0000005062
136359140.9291637540 0.0000017024
136039359.1219875813 0.0000087494
136324073.0593079627 0.0000021381
136224756.8889557421 0.0000074252
135694067.3127364218 0.0000052983
136080998.8785183728 0.0000043801
135861427.2570717931 0.0000026835
135930592.3334726989 0.0000024763
135674022.8948403001 0.0000098550
137474339.3477355540 0.0000066666
135680317.5585575700 0.0000023335
136121914.8849062622 0.0000044286
136234037.4142353237 0.0000016606
135788743.1802123189 0.0000032454
135685211.8630830944 0.0000017074
136286812.5776350498 0.0000008216
135820298.6056392789 0.0000000063
137758241.8591923416 0.0000039807
135668444.4218740761 0.0000011861
136591525.7984398603 0.0000055227
135695226.0597390831 0.0000021606
137692837.2685799003 0.0000134451
135704020.6217687130 0.0000029791
135639117.2753615677 0.0000100175
135648029.9290616810 0.0000105885
135910027.9150071144 0.0000280830
136273170.9678698182 0.0000107300
137343831.8244450390 0.0000000747
136372368.3202528358 0.0000109007
135806978.1744650900 0.0000196388
135708350.1175419092 0.0000067754
136037878.3845812976 0.0000190362
135757439.1794480681 0.0000093870
136522028.6235774159 0.0000240684
135716809.2117252350 0.0000108568
136033591.3723328114 0.0000101159
135660107.2242265344 0.0000097644
136064666.4591507316 0.0000195757
135662345.1332297921 0.0000114208
135859630.1990101337 0.0000116428
136318353.0235911608 0.0000100465
135698681.2724835277 0.0000129623
135695613.7379319072 0.0000107143
137674279.5355228186 0.0000189789
135698300.3362902999 0.0000084930
137568514.7429701984 0.0000008764
135680225.0413144827 0.0000127640
136005267.5234569907 0.0000212685
135673374.7140846550 0.0000112049
135645003.8811788261 0.0000102248
136190474.4489814341 0.0000121988
135651030.5854162574 0.0000091860
136073094.1940888166 0.0000109146
135679975.7717995942 0.0000104298
135686867.9204415977 0.0000118674
135658704.4799254239 0.0000087004
135949749.8034937680 0.0000009533
135663870.6604576111 0.0000054322
135696021.5052619576 0.0000127620
135678059.1533952653 0.0000099346
135642474.5214233398 0.0000045978
135642003.3853558898 0.0000102646
136054724.0881268084 0.0000066109
136339491.4707306623 0.0000120129
136194453.9684569836 0.0000056416
135648096.0513515174 0.0000104395
135947813.4941321015 0.0000161340
135635777.1001625657 0.0000135405
135704172.2747820914 0.0000144194
135894184.3891428709 0.0000181597
135673432.2607679665 0.0000143804
135672441.3754808009 0.0000136366
135647454.3326852918 0.0000146143
135679917.1675719619 0.0000153913
135661520.5375523567 0.0000125478
135662413.7027607262 0.0000109753
135668858.2139238119 0.0000140855
136153084.7687048316 0.0000149610
135666672.9501210451 0.0000145512
135680114.3473401368 0.0000063455
135645217.9508882761 0.0000133735
136284483.6193615496 0.0000161938
135633476.6220514476 0.0000127014
135724123.5291543305 0.0000136142
135671969.8264195323 0.0000137498
135740436.2874457836 0.0000114626
135638705.1425387561 0.0000125742
135665993.2593255043 0.0000107717
135677600.0741095543 0.0000137428
135736218.1851267517 0.0000114655
135644654.7242738903 0.0000123351
135748683.8869906962 0.0000111267
135684165.1992198825 0.0000125996
135641834.3777333796 0.0000089856
135642455.2117536962 0.0000127354
136313735.1461184025 0.0000141363
135680794.2188985944 0.0000130829
136295108.6575689614 0.0000097512
135685121.7137441337 0.0000119211
135647396.6425260603 0.0000155326
135660794.3588417768 0.0000135405
136260462.6975900829 0.0000108651
135700120.5123030245 0.0000119095
135635929.8482208550 0.0000117969
135649433.3984396160 0.0000120195
136287305.5082815588 0.0000109343
135701630.2254534066 0.0000127785
135644256.5221781135 0.0000154915
135630782.4563775659 0.0000140593
135666036.3310574293 0.0000138102
136221254.6251594722 0.0000145700
135667927.2068047225 0.0000140802
135710084.1922876537 0.0000152228
135629251.4048631787 0.0000145559
135680692.3582857847 0.0000137676
135638411.1895573735 0.0000133178
135639804.8195776641 0.0000126169
135654324.8829601109 0.0000142070
135630860.8581021726 0.0000139782
135632487.7947184145 0.0000141635
135628673.7360587120 0.0000152482
135655512.2567647696 0.0000149044
135637104.4958601594 0.0000145845
135659948.5525145829 0.0000151637
135651633.1674770415 0.0000153004
135653181.4600851834 0.0000151221
135667776.1240248382 0.0000120296
135626768.0712569356 0.0000153407
135659843.1353576481 0.0000160089
135647928.2284715474 0.0000154005
135645353.5336301327 0.0000162648
135635783.7490895987 0.0000157570
135635232.5493243933 0.0000145179
135642638.1988953352 0.0000155314
135652691.4889667034 0.0000111117
135627481.8820077479 0.0000145120
135681857.6785516441 0.0000170155
135657514.4452502728 0.0000160003
135640267.3613474965 0.0000148318
135660225.2844746113 0.0000149824
135645356.5742302835 0.0000151180
135662830.7092547417 0.0000153458
135640849.2082368433 0.0000186786
135636156.2535229325 0.0000153465
135643473.7002991140 0.0000154773
135654819.3599716723 0.0000156355
135656375.3948470652 0.0000143807
135643407.7860411108 0.0000150547
135681062.4183379114 0.0000163704
135627007.6162091196 0.0000150093
135638530.2440404594 0.0000152574
135656679.5388742685 0.0000154485
135643447.6897265315 0.0000159250
135661664.1944474578 0.0000154203
136318746.3229999840 0.0000159558
135626328.3158568442 0.0000148455
135649553.4188426137 0.0000150833
135671268.3615022898 0.0000151160
135690694.9461436868 0.0000119199
135661183.9532625079 0.0000144958
135630647.3694725633 0.0000176185
136265216.2890374959 0.0000149101
135681734.9501013458 0.0000149821
135654430.1660780609 0.0000149475
135654774.8099559546 0.0000150005
135635178.7965499461 0.0000151921
135642311.2412543893 0.0000147817
135626797.9355863929 0.0000148212
135638731.4660232663 0.0000139619
135637993.7961010337 0.0000146168
135665512.8594566584 0.0000168519
135632596.6622044444 0.0000148796
135633879.6605845094 0.0000142639
135629938.4442900717 0.0000143995
135631280.2162786126 0.0000143021
135656953.5842939019 0.0000150599
135678056.7553674579 0.0000147659
135661419.3588377535 0.0000148157
135631828.1351801753 0.0000150655
135655962.5242090523 0.0000147983
135677731.1829005480 0.0000146963
135640640.9780928493 0.0000149217
135658816.5245264173 0.0000141173
135663234.0005905032 0.0000145894
135641459.0030162036 0.0000151633
135633752.5056555569 0.0000148116
135633692.5981864631 0.0000152979
135630095.2852726579 0.0000150374
135649956.4258594215 0.0000161877
135654318.4914771020 0.0000149654
135650561.8930312097 0.0000142745
135651856.3184596896 0.0000146748
135679428.8284878135 0.0000140323
135638033.9893621504 0.0000148474
135633343.0339221656 0.0000127140
135659696.4557522237 0.0000149681
135656857.9407390952 0.0000143982
135660372.6587421000 0.0000148425
135659281.8007527590 0.0000142752
135626654.0423237979 0.0000146686
135647051.8635717332 0.0000150237
135656586.6340007186 0.0000148986
135654322.3123436272 0.0000144070
135646761.6813189685 0.0000147639
135627987.6254284084 0.0000147945
135661783.4614409804 0.0000151208
135625627.0128791034 0.0000148796
135652835.1858796477 0.0000147898
135630671.7060975134 0.0000149501
135652583.8618932962 0.0000148067
135630675.5540993810 0.0000148019
135632150.4759565592 0.0000143340
135658486.3488262892 0.0000148231
135659861.2658659816 0.0000149092
135627749.2736240923 0.0000148869
135654669.3845476508 0.0000147132
135627902.4800997972 0.0000148566
135625988.9983446598 0.0000149124
135657525.2490706444 0.0000152431
135627001.1062573493 0.0000148126
135664787.4949347079 0.0000152553
135628717.2240243852 0.0000149489
135638349.3556216359 0.0000150355
135627177.3624774814 0.0000149782
135626808.6921233833 0.0000147982
135625957.6342158020 0.0000148215
135628052.0903726220 0.0000147502
135625730.2005654573 0.0000148236
135636485.4067881405 0.0000145066
135664919.4232304990 0.0000148599
135659624.1344173551 0.0000150626
135625784.8032324910 0.0000149306
135626305.4258345366 0.0000149001
135626099.6357676387 0.0000148453
135655158.0925011933 0.0000148022
135626733.9650458992 0.0000148437
135627419.2531544566 0.0000148940
135625713.8367606699 0.0000148023
135632568.8091648817 0.0000145231
135626392.5159912407 0.0000148013
135642548.8487756252 0.0000149331
135625565.9282033741 0.0000148743
135655567.7642956674 0.0000145116
135625633.6386638582 0.0000148928
135643504.3969983459 0.0000144484
135664609.7198262513 0.0000147803
135626434.7193579078 0.0000148958
135625770.1001797616 0.0000149162
135630326.3593582213 0.0000152856
135626794.1568971574 0.0000148849
135661575.3100149333 0.0000147708
135626124.8257389665 0.0000148767
135625610.3213087916 0.0000150004
135658909.8517484963 0.0000148302
135663271.1119215190 0.0000147059
135626124.3750992417 0.0000148863
135662829.2665008605 0.0000150165
135626216.9771368504 0.0000148442
135634121.0362053812 0.0000149276
135625984.8073915243 0.0000148875
135664787.8939351439 0.0000147168
135627007.0774174929 0.0000149005
135664399.3422220647 0.0000147940
135625651.1285669804 0.0000149113
135625636.0781790614 0.0000148745
135627921.2714556456 0.0000149168
135625798.3521541059 0.0000148612
135627086.0174954534 0.0000148144
135626985.9759165049 0.0000148541
135625473.9644863904 0.0000149776
135625509.4255943596 0.0000149765
135625801.6374216378 0.0000149826
135625812.0361537039 0.0000149761
135630670.1813776791 0.0000148694
135625677.4699366093 0.0000149741
135627169.6635017991 0.0000148764
135625512.0214356482 0.0000149721
135628758.1473335624 0.0000149753
135625845.0331873298 0.0000149744
135625770.7458401024 0.0000149256
135626305.5680460036 0.0000149723
135626338.3762633801 0.0000151181
135625747.9125314951 0.0000149876
135626599.7331901789 0.0000150215
135626184.6982729137 0.0000150183
135626043.3364428282 0.0000150041
135625532.5256720781 0.0000149833
135664983.0226476490 0.0000149385
135626482.0408733189 0.0000149672
135626946.2156436443 0.0000149725
135625817.2964031994 0.0000149586
135626009.1376670003 0.0000150242
135625553.6815659106 0.0000149743
135628939.8348426819 0.0000150715
135625812.1077694893 0.0000150014
135628149.8933587372 0.0000150043
135625976.7740802765 0.0000149820
135661221.0484085381 0.0000149725
135625547.5052029788 0.0000149526
135628825.6241548061 0.0000149292
135625595.4747441709 0.0000149723
135631514.2338551581 0.0000149282
135626063.5275991857 0.0000149772
135661797.6759265661 0.0000149515
135625981.6741325855 0.0000149645
135625663.1127199531 0.0000149786
135625776.5476427376 0.0000150019
135625822.7106488347 0.0000149773
135625455.4629271924 0.0000150001
135625626.4283010364 0.0000149946
135625477.0427096784 0.0000150055
135625900.3375980556 0.0000150006
135625979.3027649224 0.0000150195
135625867.4187337458 0.0000150067
135626396.7702616155 0.0000149543
135625686.1685100496 0.0000149938
135627162.5924218893 0.0000150074
135625474.3074197769 0.0000149901
135626262.6602019072 0.0000149968
135625672.8813441098 0.0000149832
135626197.7288330793 0.0000149875
135626095.6430677176 0.0000150023
135626198.5207505524 0.0000150682
135625913.1379891336 0.0000150059
135626016.1538459063 0.0000150055
135625809.7871208489 0.0000149965
135625638.0687216520 0.0000150014
135625535.5217189193 0.0000149934
135625852.2288812101 0.0000149712
135626107.0840191841 0.0000150098
135627340.0391847491 0.0000149615
135626064.3132030964 0.0000149961
135627616.2563317418 0.0000150184
135625593.6215457320 0.0000149992
135625458.2235046327 0.0000150132
135625816.7815934122 0.0000149966
135626077.5003204644 0.0000150229
135625702.4066697955 0.0000150066
135625470.2701976299 0.0000150118
135625504.6209222376 0.0000149977
135625786.6289813221 0.0000150119
135626001.5808533430 0.0000149933
135626012.4921001792 0.0000150035
135625375.5339845121 0.0000149992
135625571.8516168892 0.0000150395
135626079.1384784281 0.0000150005
135626255.9500895441 0.0000149674
135625505.3550677001 0.0000150000
135625951.3945507705 0.0000149833
135626069.5104224980 0.0000149962
135626255.8688272238 0.0000150173
135625985.8507031202 0.0000150065
135626196.0851086974 0.0000150084
135625453.3092296720 0.0000149947
135626179.3857553005 0.0000150088
135626092.4194864929 0.0000149794
135625870.8997753561 0.0000149702
135626567.4112210870 0.0000150081
135626000.0907061100 0.0000149967
135625516.4166766405 0.0000149998
135625397.2590487003 0.0000149943
135626081.6150940657 0.0000150086
135625979.6346784532 0.0000150014
135625613.8344213963 0.0000149839
135625490.4420517683 0.0000150000
135625904.1599946916 0.0000150037
135625504.5733828247 0.0000150016
135625946.8909736574 0.0000149938
135625874.0083150268 0.0000150035
135626043.5709881485 0.0000149936
135626109.4482488930 0.0000150028
135625565.2764058113 0.0000149903
135626043.9509893060 0.0000150036
135625812.6523814797 0.0000150017
135626102.3861654103 0.0000150059
135626347.5352646410 0.0000150277
135626141.3325421810 0.0000149981
135626124.7363232076 0.0000150059
135625392.5959877372 0.0000150075
135626213.4375517964 0.0000149836
135625919.7889477909 0.0000149959
135625415.9591362178 0.0000150067
135626061.6340984702 0.0000149993
135626116.1807705760 0.0000150183
135625488.5966396034 0.0000149976
135625515.6038350761 0.0000149912
135625639.9688367844 0.0000150040
135625778.9643377960 0.0000149904
135625478.4092679024 0.0000149991
135625844.1734483540 0.0000150125
101221898.0000000000 0.0000150125 1 0 0 0 0 0 0 0 0 0 0 0 0 0 0 