511116663.6221981049 0.0011368988
493797391.0879622102 0.0001633229
496813917.1336246133 0.0008084093
505636806.9386141896 0.0004893332
533236993.4671343565 0.0003884920
547865730.6506191492 0.0000175065
522505693.8419196606 0.0003625951
496971102.3188896179 0.0001404278
513637219.7675126195 0.0004545329
454043221.9455350041 0.0003074405
507744927.2432618141 0.0000236652
430285216.8956452012 0.0005700145
478645029.8533888459 0.0001560602
429866300.1625513434 0.0003922096
422594156.1781885028 0.0000183631
437126775.0140374899 0.0000097880
450792568.7143476605 0.0000385080
379021488.9458461404 0.0000821359
368848004.1287330389 0.0001043676
366587293.2836822271 0.0002315902
345643078.6714295745 0.0025012045
339221319.7134877443 0.0028850474
350599704.5674851537 0.0005213626
327980352.3546385765 0.0037813949
327762601.9889460206 0.0005191110
407846767.9641535878 0.0000341204
397964063.8523188233 0.0000654521
370127768.2543446422 0.0000084026
396812641.1169157028 0.0002931900
307213959.4822900295 0.0000130135
320676329.6159937978 0.0000069366
229195628.1280211806 0.0020905599
202760072.1022178233 0.0001744745
209214990.8959121406 0.0001111591
241685307.8671364188 0.0006391365
202767269.2386141121 0.0000076990
230004728.8272778988 0.0088317054
197879713.9615353346 0.0009749038
228089519.2574966252 0.0000934553
210898809.8794701993 0.0015338026
222157136.7909526825 0.0007721367
199165134.3443929255 0.0089171943
219389431.6091179550 0.0051431401
197689865.6438635290 0.0008995710
232078765.0302210450 0.0000131071
197841288.1437919438 0.0008834667
203911156.0930213928 0.0008600553
202956388.9987961352 0.0009040207
230759862.3885352314 0.0002205694
199743444.7027477324 0.0006621698
201218310.7889597118 0.0005718955
194695997.8067918122 0.0014043011
203848921.5778750479 0.0022492696
187097236.2289463878 0.0013795533
186031261.6718731225 0.0001739024
190342347.1867324412 0.0000524889
234162293.5114358068 0.0011382327
193260040.0568963587 0.0001828934
215619464.9058144093 0.0003841102
185241778.9415755570 0.0006563834
193383880.7058580518 0.0001505366
183037836.3813279867 0.0007919851
214531432.8514989018 0.0006853339
185205368.3541972041 0.0012251772
165620539.3825416267 0.0003191418
164847974.1871888638 0.0000918681
181891407.6249545813 0.0000003640
157156872.3500514925 0.0052647649
208413930.2166325152 0.0179043845
161856743.0767111182 0.0038277291
189629037.1535723209 0.0160900483
160545506.0635867119 0.0047079600
175296709.5245655775 0.0001657631
157908810.6420763731 0.0045276788
158228744.8517759144 0.0000763546
158406400.3280785084 0.0059901017
172500629.3801470101 0.0152244402
157016997.6178772449 0.0028607086
201021363.9737204313 0.0000088234
155386692.9676050246 0.0031626740
170156353.0629808009 0.0018847485
152475641.0913774073 0.0014077975
194311469.3822186291 0.0011996377
156654296.1793728769 0.0011613895
171653854.8792873919 0.0000004003
161338969.1866602600 0.0000261180
201287427.7801274061 0.0031729632
154877869.0083057582 0.0091497834
166504264.7804236412 0.0277602543
147379276.4321584702 0.0021497972
159129827.5845015347 0.0012088645
148116618.3615888655 0.0037169841
166560890.8721756935 0.0013541776
147438831.7037353814 0.0018315244
169619556.6350110769 0.0085251935
148948117.2157439888 0.0017853227
195787596.9150614440 0.0023802550
147864910.6389654875 0.0034327347
186418282.0277500153 0.0000212430
146234838.6885988712 0.0019872735
174660715.3951550722 0.0030016668
150547149.1659500301 0.0003821802
165487976.2812062502 0.0009781834
148040897.9012340903 0.0044724414
146362491.0317433178 0.0596514803
162676662.2327699661 0.0005378544
149138490.6991538703 0.0023855262
164026602.4195634127 0.0042950470
142799660.4477961063 0.0017544901
142406796.2594356239 0.0035917870
146085597.6518630087 0.0011751986
144209632.7752299309 0.0075427160
142287659.6238956451 0.0047481005
147617943.5763578415 0.0049755127
147795110.7382806242 0.0038826117
152005617.4945528805 0.0111926896
143918463.7863805294 0.0031543015
145503671.6445825100 0.0123475767
143346268.0214259923 0.0050627110
145703586.3317211866 0.0106081385
145404344.1990621090 0.0012681354
146398602.0050146878 0.0085241777
143566896.8905534148 0.0035453988
139921628.3671004772 0.0063594753
153528110.1994783878 0.0043721286
135139147.6231254339 0.0120528620
139869741.9390957952 0.0048982371
140941745.0355239213 0.0056009438
134169692.8699469715 0.0126147148
145690443.8240336478 0.0041085341
144307310.3008361459 0.0110715978
141478360.3576377630 0.0346681490
143497158.1870711446 0.0108838760
140745859.5111460090 0.0179142756
138009310.0599515736 0.0145309991
139556675.4423104227 0.0084934925
137703228.5150768757 0.0127282059
142938947.3426422775 0.0107439295
134804718.2407278121 0.0139110595
137608984.2921587825 0.0159943228
138832002.9654002190 0.0185157772
142455861.7911646962 0.0135050865
138254775.8594338000 0.0163665482
141063136.4777002037 0.0096913553
133714611.1019466966 0.0154242823
141584324.6693687737 0.0100058124
137311746.9566830397 0.0147601191
133911952.8153163940 0.0383486429
134942134.5904048383 0.0163649511
134843722.1325489879 0.0147837411
139854053.6727401316 0.0180299319
144320198.0385461152 0.0133585452
133141174.2835177630 0.0184089913
146934407.7984355986 0.0154696171
139643686.0100885630 0.0187644551
140521255.1604801416 0.0380922661
135938378.9739756584 0.0143683181
134080696.3564881533 0.0225284846
136659349.5440560281 0.0223230223
147748426.1051516533 0.0257005755
133287783.3451949954 0.0179329366
146342447.3126344383 0.0125060872
132982177.6915551275 0.0168026211
138752490.7315398157 0.0049926774
139042163.7523692548 0.0152622978
136785178.6084587872 0.0180761642
132101096.7042069286 0.0237546865
133546996.7009981871 0.0169004394
131875003.8410824388 0.0228164442
137940189.8523172140 0.0358418386
134352097.1539372802 0.0264516722
133810682.4768330157 0.0087646442
135588574.5188540220 0.0196199518
132752981.4276200086 0.0201348866
140439442.8469800055 0.0207849277
132980779.4417631477 0.0428529204
133276935.8985712528 0.0247781984
141027256.0482389927 0.0100651846
132552560.3226841688 0.0252546618
160000707.8236196339 0.0131650347
137405355.8476066887 0.0215351152
131582291.1746434718 0.0189985716
135962187.8634769022 0.0196612499
135111829.3762968481 0.0310709603
130863784.1445050538 0.0226233506
133801045.0472344756 0.0284700859
131628672.8483030647 0.0279701823
129478345.9213653803 0.0352036978
133572020.1741167456 0.0310626557
135729161.0442815125 0.0486355790
130138981.1918054819 0.0360356878
139459908.2688764334 0.0350504876
133749204.7785350233 0.0328747363
130274748.4974306077 0.0501172406
130515106.4607733190 0.0375877704
138287269.5023709536 0.0287023767
133539835.2913612276 0.0348604940
130200349.4789021760 0.0218823274
128589152.0662770867 0.0320509697
136168585.5274382532 0.0127555552
132271286.0430803299 0.0366936689
127671876.1599012911 0.0366353167
127556310.0461598486 0.0340300761
138055491.3881439269 0.0294653380
129195820.8980592638 0.0324581069
130272982.2956332564 0.0322844311
128269109.8472372293 0.0340146627
138165835.3462023735 0.0403630322
125447707.3964843750 0.0298959277
131953542.7982234061 0.0256521550
127745626.2758783251 0.0234882690
132994716.7552837878 0.0488278574
129354315.5012366325 0.0191332065
127971644.7016313821 0.0065482493
125459289.2302596271 0.0258509836
135672824.0766505301 0.0403651112
125631380.5090602636 0.0308836413
125738560.6870837212 0.0339455069
125782729.3943657279 0.0310308097
133186416.6699230075 0.0315012794
126926389.6134763658 0.0309407457
128568052.6639902890 0.0028695410
127684393.3808056414 0.0263861673
141455714.7218215764 0.0192962821
126740376.5447194725 0.0302387701
134700530.6121638715 0.0317938863
126962531.0341342241 0.0417621191
128199919.3039815873 0.0165017032
126907984.0196850747 0.0279213937
140504716.7140583098 0.0080472583
125749002.7560376972 0.0311401082
133785647.1436100304 0.0396102236
126319250.3401909918 0.0289614851
129086967.5163224041 0.0279411245
125566627.0793742388 0.0276590291
128988735.6783430874 0.0154603210
128299411.5280130059 0.0217075962
137471961.5266684890 0.0199251024
125404997.2804260105 0.0347323799
135142905.7310076058 0.0499794118
125582694.2308817208 0.0343539782
127373947.7966835946 0.0280952108
126151980.0600240827 0.0381023811
136636315.0932112634 0.0337962080
127070847.5064498037 0.0391947291
128902558.9253213853 0.0305245875
125816115.5248547941 0.0324962861
125960644.2312615216 0.0336771873
127304710.1532436907 0.0345595474
133472130.3435970694 0.0238790649
125707355.2495666146 0.0323342539
132584279.7683342993 0.0139427342
125584249.9699063897 0.0302785518
125486155.8565289825 0.0606739948
134314835.9990575314 0.0548675188
128904303.7477797568 0.0343104091
126964072.2636438310 0.0353476205
129201598.7779797763 0.0360656688
127394408.0782924891 0.0366626292
127614907.9271405041 0.0263973700
125178518.2147265077 0.0374504459
133134971.7426243871 0.0294656886
125374338.6141886413 0.0356914532
130749124.6540846080 0.0407583482
125693799.1170304865 0.0381410502
126223417.0416699499 0.0313279208
125391749.5324946791 0.0407143441
129279245.7122270763 0.0522078452
126869768.1398952156 0.0354257536
124725583.4969740063 0.0552239648
131325304.4809277356 0.0581236411
128510539.0815227628 0.0465355958
130758787.0574708134 0.0576878732
128544491.9132826030 0.0334801019
125703707.4729386121 0.0560279106
131899556.6103020608 0.0347083207
124167312.6097200215 0.0578461402
128432638.4349022061 0.0561697499
124466296.3720001578 0.0563996326
125135810.1160904616 0.0536544542
124409927.2725598067 0.0588229882
124331892.1386025399 0.0573377314
123767273.4103045613 0.0624185787
127016000.5782692134 0.0622606510
124144641.4846743047 0.0625739962
124522393.7719086707 0.0662166472
124285060.4227181971 0.0663804001
123497013.4168564081 0.0735711039
124644698.0263457149 0.0714543926
126953342.4415898025 0.0843374618
123829835.7733128071 0.0710865785
124153130.3392530382 0.0657407121
127066638.5239743739 0.0764497381
129007679.5772102922 0.0712413581
123730824.6853894144 0.0746058544
126401582.4843868464 0.0740759442
124877050.2775851339 0.0706271010
123949021.1770404279 0.0806303024
123346939.3002219796 0.0809045473
124254010.0950376242 0.0769475832
123873615.6942453831 0.0804569176
124943813.0163807869 0.0788586381
122864575.9143184572 0.0824926568
123547210.5060546398 0.0822151054
123028705.3789393157 0.0837590654
124461484.6131844968 0.0810013793
124842155.1214299500 0.0730243172
125447082.6725396812 0.0851717956
123378491.2734606415 0.0792812619
123193670.9056964070 0.0796772405
124377272.1438060552 0.0819441221
122940185.3255341500 0.0842921177
124648825.1399782598 0.0741043824
123668811.6218770295 0.0801785153
123645471.5824012905 0.0773820022
123150171.6684964150 0.0756663610
123161690.1921337545 0.0964836710
123237501.6417240649 0.0812482642
128283376.0427717566 0.0876524605
123976715.7681209147 0.0833121350
123261687.3094593585 0.0826964991
122896953.4340614378 0.0834344354
123231495.5472256988 0.0784924421
122787446.4212995321 0.0831769525
124988600.3398015052 0.0881356336
122888864.4233562648 0.0825551342
123881622.2960016727 0.0875014908
122625635.3728140146 0.0858218784
122901953.3583585918 0.0790131235
122573223.2283062786 0.0854805949
125713780.7603178173 0.0865266063
122830351.3684892058 0.0866416131
123282936.7833513170 0.0822683279
122597247.4580954760 0.0857279321
124245973.6330001652 0.0808741064
122647593.1287500709 0.0851149965
123655987.9959553480 0.0859887342
122570914.4013964385 0.0858933488
121915186.7179872990 0.0884516335
121962541.5869366527 0.0892010877
126838768.4695315808 0.0928172905
121994271.1463879943 0.0874428781
125330566.5569917113 0.0907516832
122312354.0402460247 0.0871920024
122278088.8604577184 0.0863094984
121945006.2562086433 0.0892481061
126996006.6780136079 0.0963867152
122935900.5168396533 0.0861910112
122837465.7028397620 0.0862258617
122028214.2869625092 0.0894720599
122368691.3591644615 0.0857205796
121996537.3935873210 0.0894883378
124915312.0741471201 0.0836968565
122303403.3300390244 0.0874866239
122818319.3332449049 0.0837504213
122000378.0609015971 0.0912724815
123766429.9871259481 0.0938538685
122154607.5478153527 0.0877828851
123393299.6260641664 0.0752459079
122110514.6553758979 0.0876247188
124249196.8149711937 0.0909938426
122153618.3315053135 0.0878903835
123212999.8254580051 0.0869438006
122286519.4328563809 0.0889924521
127878546.0764813572 0.0923934861
122051269.6044078916 0.0891657689
127111048.9310475439 0.0770911937
122326970.4299736917 0.0871068816
123108026.7804452926 0.0783626891
121964557.1158344299 0.0901553229
128045777.6414017230 0.0944835237
122529065.6237466186 0.0876848640
124309772.1835870445 0.0886790038
121938331.7993092835 0.0895204011
128279830.4326720536 0.0955241672
121970340.3400462121 0.0902304827
128013661.1111880243 0.0946338940
122587797.1054555625 0.0870690966
127993208.9439209253 0.0950797927
122224780.9211131781 0.0881656241
128006715.2395310700 0.0945832034
122127498.1625766307 0.0868427048
127949030.6705571115 0.0951807382
121948835.4872340709 0.0880005097
128009549.4294854850 0.0952541128
121781005.2091479152 0.0895364377
128304401.8822878450 0.0962887919
122192846.7334787548 0.0901757920
122198603.0169409961 0.0907094539
122192254.5164783597 0.0885183210
121857415.1391134709 0.0849458188
122023248.1772512496 0.0901643556
122659438.5352434665 0.0843108038
121914951.9688279629 0.0902171270
122104236.5100107044 0.0850090991
122114411.6596275270 0.0890859518
122137248.0509030968 0.0858453149
121877433.0382692963 0.0890060462
122127086.8764151037 0.0821737243
121982784.3277107626 0.0888522015
123377136.6919481754 0.0869795311
121923284.4154495895 0.0884177479
122414973.6876252592 0.0923820179
121807499.1303076595 0.0880591854
122039558.1659414768 0.0901375581
121987428.1049559861 0.0890636578
123671435.8556723446 0.0937547500
121782730.5856191516 0.0901093349
121970754.2006655335 0.0930779151
121930032.4683127254 0.0897149391
123076845.9018926769 0.0910591641
121985596.3504932374 0.0887478089
122652059.8635295182 0.0854612559
121912308.2179204822 0.0899123966
122155864.4030364901 0.0892199152
121753075.1753232032 0.0907801929
123875386.1343319267 0.0949846591
121973541.9317782372 0.0911114845
122615638.3510942906 0.0863771433
122109433.8398919255 0.0905439072
122256084.2665684521 0.0918079892
122140071.2086112350 0.0888891286
122405807.5866577923 0.0888854213
123596736.6831091940 0.0952472483
122599064.5982435495 0.0930284799
121760690.1652343571 0.0909503843
122691584.7966910005 0.0893452740
121854105.0579451323 0.0896762208
121679038.3162015229 0.0913663129
121796804.4186886698 0.0905968047
121622058.7397157848 0.0949302786
121465194.2378929257 0.0954146417
122014737.3368799388 0.0937938487
121375136.1734982133 0.0957942802
121534060.5310355276 0.0945304554
121357433.9623326510 0.0957198778
121243557.8210532665 0.0980891311
121860004.1940282434 0.0976924043
121619711.5869861096 0.0986086698
121230825.5870188326 0.0983503404
121189506.3406570554 0.1001113351
121353886.5843328089 0.1003928539
121987602.1665514261 0.1016876565
121253605.3844639659 0.1000147570
121172637.0774919093 0.1023811054
121348056.6224776506 0.1022303595
121211319.3145356178 0.1020528500
121363766.2757779062 0.1030265416
121236886.9667480439 0.1015331073
121283143.8850984871 0.1022534245
121438416.5617660582 0.1027911934
121784065.9410863221 0.1019365572
121499552.8668356985 0.1056636877
121260506.8724417835 0.1021305345
121463841.0408606231 0.1012970878
121293406.7891370356 0.1030233903
121327861.1617758721 0.1013717697
121411624.0798186064 0.1018741239
121298192.5207590163 0.0989341824
121309741.8093338758 0.1023817061
121284315.5907697976 0.1014590512
121697589.2965356559 0.1016957213
121669643.8867846429 0.1036254687
121388325.3615577072 0.1025828323
121625049.0109170377 0.1020423517
121206557.2183352262 0.1022358922
121382641.8789119571 0.1012325995
121451151.5942132622 0.1008004687
122775301.5784921944 0.0998960820
121219872.3046521991 0.1020833995
121218171.9143137783 0.1037876678
121287366.7354584485 0.1025534597
121397364.2019714415 0.1026231279
121218318.6309508234 0.1023576145
121860654.3611475527 0.1042025072
121280001.5502169579 0.1026282391
121179253.6830456853 0.1032953297
121183299.7523120344 0.1039996135
121325735.1725037098 0.1006389703
121209088.7903455049 0.1020846495
121460257.9495935887 0.1004547895
121306468.0686081201 0.1026505332
121203703.5629585087 0.1049560911
121219339.6138075292 0.1024759068
121228406.1214613318 0.1041466941
121233328.0938607603 0.1022926965
121314687.6455964297 0.1013315645
121362287.8345388174 0.1026506110
122345073.0965808630 0.0993345271
121228347.0359061658 0.1027512579
121374144.0191731155 0.1031386847
121135933.9843441397 0.1025449402
122016319.2026345581 0.0995341456
121188712.1722766757 0.1050194513
121352319.1143052280 0.1032767295
121158977.4329602867 0.1028631228
121123547.6561807543 0.1020171178
121142278.3786760271 0.1020727345
121486870.7606250644 0.1040394852
121208602.3037075251 0.1020254033
121334181.6595301330 0.1020828556
121245568.8369220048 0.1018747825
121809452.3905445486 0.1016762303
121232820.4970116615 0.1021388588
121245793.7833999693 0.1021459255
121164613.1817825437 0.1018742421
122442723.2852521092 0.1008984403
121158844.9691913128 0.1020023721
121302402.4488352388 0.1025076074
121217247.6727140099 0.1022536427
121252860.7041451633 0.1012942852
121237594.6000599265 0.1022581763
121195496.6905812919 0.1016948643
121172553.1840073764 0.1022326351
121252014.1032450646 0.1031276941
121147218.5593287945 0.1019953788
121134174.5809451491 0.1011516528
121256671.9250191003 0.1016820987
121246213.8638620079 0.1022542485
121200612.7333870828 0.1014031219
121262275.4851230234 0.1032403842
121254383.1985606253 0.1020433321
121248317.0322951972 0.1016144329
121211204.2167257220 0.1020363047
121238264.1253114641 0.1017100671
121133932.8471252173 0.1019920833
121057196.2306997478 0.1030496780
121096820.5503182858 0.1030731939
121133931.7858968079 0.1034637296
121259488.6254739463 0.1030000613
121476692.9998450875 0.1025704554
121060522.7191030830 0.1031585684
121037155.7257097512 0.1025492859
121690014.1684970409 0.1024984832
121633642.0886820555 0.1023755485
121146306.2827969044 0.1023825222
121465436.9394839853 0.1015977536
121121201.4635272324 0.1027338475
122149461.4708828032 0.1042120028
121076224.2490123659 0.1028131687
121143516.4840804636 0.1027637082
121079334.4946253002 0.1023469480
121079411.9090076983 0.1023603222
121045034.0919524729 0.1028812900
121299867.0636631250 0.1018964603
121128753.4029771388 0.1026857460
121542373.8870402426 0.1012150005
121090282.3885588646 0.1028309837
121014183.0592433959 0.1028732760
121245029.1821902841 0.1022369819
121067491.7588711083 0.1039988229
121038028.1843461990 0.1028433089
121031975.4558603466 0.1022693118
121156714.9474022388 0.1031251908
121180880.1751574129 0.1024488725
121070172.5747141242 0.1029264532
121118351.1364333928 0.1043127633
121073950.6171439141 0.1029337962
121079829.3848566711 0.1022543084
121047515.4257638156 0.1032255082
121560180.8016803265 0.1032858144
121000367.8217251450 0.1029018850
121276809.9477635175 0.1022907813
121042370.9753903598 0.1030131035
121101839.8996867388 0.1033485054
121039296.7157065719 0.1031461924
121220097.9710013717 0.1004364869
121068486.0390101671 0.1027106469
121131034.2712317854 0.1040373736
121044576.6038382202 0.1031036977
121133232.8892104477 0.1020840573
121044990.3917151988 0.1027307553
121276621.6942725927 0.1048732568
121618121.7825202346 0.1026795219
121121968.1514813155 0.1029303244
121080116.5905020386 0.1030270544
120991628.6104875505 0.1028087141
121595721.4075379223 0.1022660528
121033984.4245221466 0.1027766776
121032440.2962235063 0.1024633301
121001687.4230436236 0.1027810434
120987724.4514508247 0.1029699874
121021720.5178018957 0.1028443915
121125053.9345151633 0.1033369623
121012599.3313641995 0.1031116037
121125839.2418271005 0.1027883409
120981484.1905035377 0.1030674372
121189393.4782337546 0.1029338567
120977328.7720604837 0.1030239046
120910087.4310038090 0.1039810091
120932314.9858679324 0.1038868790
121120702.9489493221 0.1033407057
121099496.8740587980 0.1040102358
120988598.4063976556 0.1051792255
120951299.8887484670 0.1039395983
121024769.0438618511 0.1036433285
121200073.9720863849 0.1039742017
121107744.0340557843 0.1035892028
121200086.8488077968 0.1038749963
121056047.9409160316 0.1042625274
120989150.3127204329 0.1039733870
121063085.2122812718 0.1048487638
120920950.0156663358 0.1039382163
121064712.5942158997 0.1041915553
120911994.3976189047 0.1041240411
120971774.0730748624 0.1038600209
121180660.2435279936 0.1041876646
121140817.6809270829 0.1036687346
120930083.9794157743 0.1039734847
120965486.1501122415 0.1038645757
121198294.9324608594 0.1039879449
120955348.2394333631 0.1042910099
121133163.5964050442 0.1039669518
121179587.7349461764 0.1041373516
121214507.8978468478 0.1039617256
120907140.1740491986 0.1044163758
120962160.7536392361 0.1044904193
121060885.7602230012 0.1043901494
120969627.8115829378 0.1045401458
120946681.3674306422 0.1046441170
121193393.3202174306 0.1043879508
120941793.3193407357 0.1041346507
120976479.6633183956 0.1044308776
120923175.2782112807 0.1038958671
121146982.1870573759 0.1043472617
121078574.6749694496 0.1043633482
121040129.6996165961 0.1042904648
120926379.2852717042 0.1039652442
121111945.6429338008 0.1042782037
121012605.0745575875 0.1041111692
120947301.5817326754 0.1043033508
121066962.8136474192 0.1046016055
121026828.9024732709 0.1046251352
121115950.3865007758 0.1044097455
121179326.4821395725 0.1044997789
121186421.8529020101 0.1036255954
120920167.8665147275 0.1045183089
121069637.1700185388 0.1051406375
121187898.9291346669 0.1045126940
120982204.4660550207 0.1042030705
120903070.5934866965 0.1044145488
121131595.7815205455 0.1042372759
120889955.1679263562 0.1043550270
121172385.4666985720 0.1042065537
121182832.6165665239 0.1041929679
121035279.7440809011 0.1044932681
121076904.3566757292 0.1042818636
121171807.4771870375 0.1034744352
120903185.5839916766 0.1042869665
121116613.8831929564 0.1041904266
120985157.1075062305 0.1043629314
120986081.9330295026 0.1041370200
121146225.1198488474 0.1043147123
121113381.3142445385 0.1051222290
121135373.6762038618 0.1042928318
120932816.8686293513 0.1043819320
120926316.0826973915 0.1042532503
120924583.9595877677 0.1037919700
121143216.6161219925 0.1043207643
121205309.6307851374 0.1041979490
121187798.7859197706 0.1044422921
121039756.1644424945 0.1044170732
120944391.8182604462 0.1042813376
121024503.8704062998 0.1046030468
120927528.8141468167 0.1044711284
120878206.6639408171 0.1043691712
121054053.4024876058 0.1041502902
121000192.6962151080 0.1045592906
121108798.4340632409 0.1043866572
121009000.7848812789 0.1045129874
120894781.1204769015 0.1045338579
120977614.2745924741 0.1042125460
121112733.1260863990 0.1044791338
121095454.2032096088 0.1029681498
120907488.4723367989 0.1043691298
121115656.2982973456 0.1043418815
120893842.3088213503 0.1042945351
120963560.4812293649 0.1048467982
121092753.5832349062 0.1043340329
120881719.3699840158 0.1040248047
120923560.1503733099 0.1044393810
120977648.3376438767 0.1044246979
121115908.9252351224 0.1044871048
120963758.4246630967 0.1042473405
120930446.5176873356 0.1043369012
121046318.3285397291 0.1044183460
121163954.2072113454 0.1038317596
121127807.6080750227 0.1044039289
120870432.4186712205 0.1045646421
120880735.6698414981 0.1046033599
120916670.8592957854 0.1047995042
121134369.7141509503 0.1045486952
121026711.4209697545 0.1044604579
121133441.2014354914 0.1045085830
120899665.5744160861 0.1048905028
120874199.5734201670 0.1045841989
120956596.2669480741 0.1046495003
120877111.4209190607 0.1045699310
121041586.4100226611 0.1047163768
120874086.5044701844 0.1045468756
121016934.4111587554 0.1042820662
121113365.9089640379 0.1045679627
121153464.0701266527 0.1039481306
121135086.8719807267 0.1045696489
120977386.0455844700 0.1048129243
120895154.7098640054 0.1045474725
120961270.5668530911 0.1046753366
120875468.2483214438 0.1045260346
120974965.5285585672 0.1046145414
121138555.8017853349 0.1045790235
121088638.7215630412 0.1049329903
121148199.7501456738 0.1044828189
120993294.3881369829 0.1046825673
121145546.7866975963 0.1045037014
121153797.5790046453 0.1049030001
121140527.0140075535 0.1045631546
120948152.6503562629 0.1047040524
121141750.5922891945 0.1045648310
120936284.8364769518 0.1040971030
120879224.6766267717 0.1046524976
120892557.5381905884 0.1044917851
121147978.7383985966 0.1046243192
120876063.9003705680 0.1046479039
121145566.4467234015 0.1045316097
121050924.2978764325 0.1046826283
120878906.5767613947 0.1045063077
120870658.5410393476 0.1045848524
120893867.5045720041 0.1046049017
121101113.7069533020 0.1047035156
121153446.6679295152 0.1044970963
121124516.2091260254 0.1045490877
120870428.2877070606 0.1045501585
121051505.7161056995 0.1044770102
120871708.4176527858 0.1045631578
120991195.9180572629 0.1047509251
120880922.5853971243 0.1045820173
121138712.6837475002 0.1043813750
120874715.2300235182 0.1045550869
120917099.5430890024 0.1042930236
120865653.7832726240 0.1045614784
121141840.6265435070 0.1044252422
121092971.4414059818 0.1044756200
120954025.5256812125 0.1046436237
121120026.3719564080 0.1047618685
120879964.8462649882 0.1045706081
120887046.3441019505 0.1045446243
120869270.6873324662 0.1045580171
120918209.1227824837 0.1046787150
120868878.2008742988 0.1044985818
121132670.4705660045 0.1045980852
120878940.5652473569 0.1045653537
120885573.5788154006 0.1045767167
120866304.8063218147 0.1045978343
120900902.0753876716 0.1046896214
121154611.0709857941 0.1045344990
120886372.8060689718 0.1045166461
120869327.7581181377 0.1045583252
121130896.9425413162 0.1046488380
120874678.2618615031 0.1045868475
120890800.5228689611 0.1044552108
120880030.1627013236 0.1045933185
120922377.8672471941 0.1046785208
120884259.5700025409 0.1045992473
120899668.4758760482 0.1043016333
120864861.2768789828 0.1045757681
121077222.7705205530 0.1044255326
121155814.8214736730 0.1045805257
120871775.8261095583 0.1045227589
120868939.4896460176 0.1045692814
120991967.5858620703 0.1045499652
121140930.4438139200 0.1045680975
120910778.3969321698 0.1045326002
120866117.8469934314 0.1045493266
120862053.2156921327 0.1045199153
121144263.0557214618 0.1045201532
120882430.2659826428 0.1044490926
120868530.8160118759 0.1045461982
121073901.0366107523 0.1046461606
121142292.9568378180 0.1045224066
120905093.3626705110 0.1043527059
120887450.1328408271 0.1045506228
121157982.1919585615 0.1045076297
120873224.1709381193 0.1044496319
120910044.6817155778 0.1047886722
121124210.5927550048 0.1044922443
120975573.9394012541 0.1045716241
120867412.1986970901 0.1045316492
121024413.7795885056 0.1043643256
121154675.6686952114 0.1044975598
120899944.1564984471 0.1044959955
120865161.1441722661 0.1045141396
121130772.8529752642 0.1045261890
120871544.7262571007 0.1045447068
120866830.5546009243 0.1045323666
120862192.3246612996 0.1045242405
120888497.6425728947 0.1046546575
120860434.6037929505 0.1045023426
120866854.5947526842 0.1044450321
120859788.3369340301 0.1044961614
120870852.3531019688 0.1045357669
121155861.1543304026 0.1044875211
120873439.1438262761 0.1043981651
121155006.4764305800 0.1045069730
120863547.2234107852 0.1045119979
120861751.8325429261 0.1044976921
120867941.8704325855 0.1045249190
120860002.2841122746 0.1044964278
120866832.8729096949 0.1045678994
121155891.8290441334 0.1045020714
120865490.8130893707 0.1045043282
120861228.5775040835 0.1044932466
120868380.3217718154 0.1045439366
121152607.9625397027 0.1044987441
121152638.2690560222 0.1044284677
120861826.6202354431 0.1045268051
120870899.8491770923 0.1044328549
121143579.8493356258 0.1044944205
120874342.4039284140 0.1044983599
121156394.2663969398 0.1044928150
120897542.1932664961 0.1044434115
121144363.9000282884 0.1044943578
120878077.7724033445 0.1045564079
120870668.5017300695 0.1044818256
121126049.4182796627 0.1045633028
120859438.6069139093 0.1044957832
121152114.4364936650 0.1045166093
121136175.3024186939 0.1044785427
120917190.1779785007 0.1045561348
121152552.3678080440 0.1044876386
121134885.8256326020 0.1045021013
121155979.5485367626 0.1044839776
121114442.5539186746 0.1044361436
120865496.1436882019 0.1045056192
120869218.4854912460 0.1044502506
120867051.4008686990 0.1045408709
120871920.0153390467 0.1044801854
120865686.6913320720 0.1044879987
121154484.6668868810 0.1044962811
121153541.8416996300 0.1044935099
120859055.6834714413 0.1044964860
120865385.0587183684 0.1044902287
120859472.9748937637 0.1044926324
120875328.8537319899 0.1044614110
121154635.3245409280 0.1044913455
121141513.2818990052 0.1044739802
121151753.0071659535 0.1044923138
120862921.9730674177 0.1045354018
121151792.8814473301 0.1044955303
120863966.2699483782 0.1044903874
120861536.2807174772 0.1044992034
120871107.7603979856 0.1045054415
120860003.7615316361 0.1044999161
121146865.9465698600 0.1045083738
120862003.2036871910 0.1045012752
120861661.4679150879 0.1044929628
120861669.2744343728 0.1044990024
120868552.0479166061 0.1045151701
121152701.1584964693 0.1044965544
121154344.5142357200 0.1044720594
120862754.7763340771 0.1045029746
121145008.5847752839 0.1045004297
121153665.5431252718 0.1044946661
120868884.0610945225 0.1045166171
120866031.2810393423 0.1045121952
120862545.7867088020 0.1045043448
120859628.6419662982 0.1044908437
121155034.2386012524 0.1044932595
121155036.2618114948 0.1044906133
120860212.5579464436 0.1045156289
120861660.8099054098 0.1045007098
120859168.2017600685 0.1045067705
121153666.0173170716 0.1044962608
120858237.6567224711 0.1045086633
120857794.7847197503 0.1045092545
120862151.0095776618 0.1044772891
120858143.6143340915 0.1045046069
121153987.8158780783 0.1045143432
120859829.8396473974 0.1045118734
120865359.2406373769 0.1045133517
120858864.3936841637 0.1045070316
121152369.6957977563 0.1045029259
121151671.6595240384 0.1045186533
121143987.1889119297 0.1044983259
120859739.8060985804 0.1045123759
120857835.1317603737 0.1045001983
121153518.0027129501 0.1045075316
120863680.6816271096 0.1045029532
120857727.9075896740 0.1045103467
121148330.2493028492 0.1045267614
121152209.5190202594 0.1045111778
120869766.5416492820 0.1045015023
121151432.7033262551 0.1045093569
120866465.4814283252 0.1045091794
121153679.2441121042 0.1045105217
120861623.2508852780 0.1044976586
121152652.9639101774 0.1045076652
120863312.8971586972 0.1045045399
121152050.1843843609 0.1045093693
120860859.9382261485 0.1045071009
120859416.3540670574 0.1045314799
120860743.3535506874 0.1045106394
121153993.2261984795 0.1045046763
120859945.1971664876 0.1045219947
121152942.3915327191 0.1045102850
120858824.6277390569 0.1045207493
120857919.4465105981 0.1045107389
121151854.0398951918 0.1045089629
120857838.5056128651 0.1045099300
120859114.4829994887 0.1045167568
120857876.6623827219 0.1045075023
121151929.9063606709 0.1045101626
120857884.3755832911 0.1045090585
120859961.9569994956 0.1045114760
121153380.7344886959 0.1045109645
121153594.8860725760 0.1044953404
120857980.5844296813 0.1045125613
120859062.0125713348 0.1045205943
120858632.1265454292 0.1045095656
120858723.8233594298 0.1045131463
120858055.4092234671 0.1045061871
120858384.0487525165 0.1045151529
120857406.2667041272 0.1045143585
120858678.8596058637 0.1045207768
120858109.6254745424 0.1045143038
120862905.9659211636 0.1045187606
121152777.5639002025 0.1045180763
121153065.1333766133 0.1045003267
121153112.2463492006 0.1045156584
120857331.1848081350 0.1045176235
120857805.1582531929 0.1045174223
120859053.5617544502 0.1045062515
120857368.4266439229 0.1045184070
120860594.7046620697 0.1045119046
120858120.3484111875 0.1045162330
121146997.6804833561 0.1045163038
121153057.8423972577 0.1045177115
120863591.5837833583 0.1045143140
120857752.4922494739 0.1045185086
121151415.1797584444 0.1045215719
121152748.7193032801 0.1045172181
120860532.6243023276 0.1045234116
120857446.7970589697 0.1045153793
120859840.6984284371 0.1045113773
121152971.7044453919 0.1045145343
120858678.2109276801 0.1045256831
121153041.4133773148 0.1045170532
120858677.7464732677 0.1045151595
120859176.7669566721 0.1045072647
96338017.0000000000 0.1045072647 0 0 0 0 0 0 0 0 0 0 0 0 0 0 1 