847663652.9063140154 0.0000009890
813289663.4444531202 0.0000003415
819923348.9080011845 0.0000000584
879108498.7780315876 0.0000000015
880341576.9105170965 0.0000000969
867431036.6826869249 0.0000000164
903934072.9997072220 0.0000000007
816362701.5284488201 0.0000012535
851142595.6402521133 0.0000000025
946253886.1148636341 0.0000000007
881363501.2526153326 0.0000004952
797183030.3663436174 0.0000000479
779455517.1451345682 0.0000000568
779261272.9738531113 0.0000004094
776167560.2775274515 0.0000006179
764763683.3445065022 0.0002737773
802335092.0202037096 0.0000729786
691991087.2372713089 0.0005179536
637284093.7925062180 0.0006837694
631055592.0208282471 0.0003683417
620624868.6567215919 0.0000416309
596303343.8239727020 0.0000845277
673487575.9864627123 0.0005601138
575399134.8562725782 0.0001810353
566207980.4467048645 0.0004942844
688684842.6000864506 0.0003471048
576914947.0594688654 0.0001673602
556125693.8377773762 0.0042194304
578911455.6425293684 0.0005063196
547444490.9662311077 0.0066024200
561345168.7928837538 0.0141069070
478295063.9873729348 0.0053638320
521378729.6924588680 0.0018454608
474111800.9123805165 0.0057267316
539792737.2130690813 0.0017103079
486333261.8489085436 0.0053959248
544164216.9710052013 0.0050275975
473900747.0217283368 0.0062276356
473935911.5870772600 0.0092120546
502377985.3714242578 0.0042795355
495385656.4912624359 0.0087126010
470046045.2365753651 0.0057304838
529121485.9193221331 0.0038385487
472352155.1526675820 0.0079065189
478419440.4042086005 0.0098739276
469780648.3657935858 0.0059001693
536034794.3978063464 0.0015671784
476239846.7541458607 0.0042143162
471015978.8463870287 0.0012245571
474861672.7214289904 0.0062546679
437623007.7305449247 0.0066350196
439621061.8515897393 0.0068043048
457703845.4639568925 0.0013397205
439125232.0108425021 0.0058953632
393638531.4241017103 0.0127510954
389141279.2063418627 0.0160137172
396087275.6882267594 0.0045069861
426893633.3260448575 0.0086353029
388821039.4155873060 0.0087591494
384969896.2692644000 0.0084122800
422808634.7498502731 0.0097503800
375938488.1678566337 0.0167842652
321795617.4214920402 0.0393109439
321720676.5634143949 0.0358028031
337540611.7398182154 0.0264633284
321178131.6655879617 0.0273739669
350101273.0285548568 0.0053139055
342932011.0801310539 0.0327226994
425267921.2135341167 0.0059130190
340096458.4450007677 0.0306899125
259242230.4972015619 0.0267772656
261151943.4217989743 0.0314368202
274053291.2338156104 0.0188143038
255402722.6634616256 0.0235255576
316535932.5181513429 0.0104428700
256387073.7999033332 0.0114896043
282668363.0467013121 0.0013803584
261484245.7926636636 0.0230615453
311896756.3226770163 0.0125187687
249180204.9476513267 0.0167065425
288029336.2806071639 0.0113779276
253623330.9399220347 0.0357175808
273990691.1317160130 0.0092189262
271558757.7656105757 0.0130011909
331451337.6950961947 0.0016458372
282587748.0813588500 0.0150237013
254074179.9620184302 0.0086271990
259528368.0666139424 0.0107100900
287227479.2002653480 0.0360381744
243381984.1186344624 0.0215341073
310767578.0820704699 0.0041797589
253070435.9771829247 0.0177130262
259311453.2390069366 0.0895565125
249220805.8364291489 0.0261170381
316390403.5447602272 0.0079948304
247337312.2173269391 0.0245077135
263970160.1562467813 0.0042268533
249587088.3324443698 0.0233437710
323039723.4924649596 0.0134985240
248661801.1327466071 0.0144737794
307893192.7283529043 0.0249800784
251759878.2774087489 0.0254639787
248990202.4170276225 0.0027386880
246911987.4402748048 0.0375154501
274359315.5826552510 0.0079939195
242831117.9653754532 0.0198361782
288841731.0263869762 0.0140345916
250504536.3496826887 0.0110588653
300918515.1263474822 0.0106234157
252797905.7026090920 0.0379907750
242831912.5919254720 0.0201330643
244539456.9931309223 0.0218141319
241587732.2034240365 0.0139135340
240111805.4748536050 0.0111673381
247982510.4471644163 0.0106672370
240774937.2885089815 0.0144293656
242174472.8624334037 0.0095582631
235735399.2352131605 0.0040398698
235459704.3866104782 0.0036191651
245003781.0376798511 0.0040476500
243049220.8716940284 0.0035558635
234847718.6036214828 0.0029939614
238083251.3453066945 0.0038713763
225839016.5730283260 0.0017930179
241225490.9108804166 0.0020249815
213337332.9481682181 0.0006643335
213152926.7155855894 0.0008359011
223079696.1421656013 0.0007545847
221861374.9496141374 0.0012031141
218664912.8453896046 0.0000005362
222154201.6597017050 0.0002556307
204954880.0662644207 0.0008005117
207430601.5470305979 0.0011872871
225653742.4517116547 0.0037926200
214753293.2544019520 0.0009168497
205049912.2369067967 0.0021485110
205021377.3447415829 0.0005233774
203857072.8124452233 0.0011249331
206859356.1694595516 0.0017756776
221570178.7233434916 0.0015572060
205529193.4901549220 0.0016986751
207059502.6289105415 0.0000004884
210571514.7543108165 0.0011702962
197126369.1091737747 0.0025501527
198337312.9704137743 0.0038337602
207984154.1173393428 0.0038781169
200167731.7473327518 0.0022623678
195834032.3295100927 0.0010078098
197022582.8472308218 0.0010395580
203805805.8021755815 0.0009807586
194643193.5506376326 0.0013519273
202391511.4527467191 0.0005127144
193928429.9143632352 0.0011216657
202893673.2942929864 0.0000000190
205034804.9390479922 0.0017961183
188976774.5144334435 0.0003282669
192051371.0441409945 0.0004204320
210433880.6098555923 0.0006661426
188706333.8060342073 0.0002567356
192053807.3906778991 0.0009036197
187706547.6441980004 0.0003754507
198166738.6556296051 0.0001284127
186449181.8356632292 0.0003708649
186126882.8060606420 0.0000498253
189177321.2073129714 0.0000881240
192708230.3141443133 0.0000312068
182583155.7674605548 0.0000709453
186379882.5522234142 0.0000042970
183155103.6034414470 0.0000538811
172444353.9030863643 0.0000069257
175670719.6474511027 0.0000128633
180834665.2274473906 0.0000320691
177641470.0272651613 0.0000073589
200278547.4913400114 0.0000001274
172719387.1746950150 0.0000148004
180982154.2765936852 0.0000116366
180414242.9868161082 0.0000000335
182731020.0531335771 0.0002031639
172324932.8769643605 0.0000077788
186336464.6043985486 0.0000123676
177714576.6359190941 0.0000319463
178581309.8732747734 0.0000046376
179036017.2944880426 0.0000447512
171200188.8565006554 0.0010911543
172233491.6259360909 0.0010720512
190308048.6278541386 0.0041074750
173302842.5873211622 0.0012232154
172865644.8697787225 0.0013354177
172520434.7593425512 0.0009105353
174572827.3059171736 0.0018338396
174824414.6688946187 0.0010916245
185994179.7941640615 0.0002064828
171954512.3098596632 0.0012696806
186226410.4631387889 0.0001431878
171794290.9436978698 0.0011184213
193804383.5886903405 0.0083792730
171946335.4819033146 0.0009403900
177158089.2368417382 0.0003576951
183196451.0372205675 0.0010146137
181945141.3052120507 0.0010341961
172599388.7879837453 0.0019352976
184630714.0767017603 0.0016494438
169792754.6497037113 0.0018529040
192204858.9633903205 0.0018009910
170284637.4270085990 0.0013653788
171814469.3178688884 0.0024656723
169764195.9897560775 0.0013832772
190703928.6728318334 0.0021720150
172596042.0048598647 0.0021333684
174355564.9103845656 0.0007198059
170659575.1497398317 0.0015327179
183461425.1195122004 0.0000004318
171885883.5190034807 0.0010420183
189697775.3575976193 0.0004031827
170776322.5850520730 0.0009081110
182897281.8168516159 0.0000107312
170254571.6209358275 0.0012272272
175524866.7159439027 0.0004038728
171254056.2075255513 0.0014038866
168658794.0227473378 0.0009967612
169325423.7316251695 0.0020668197
168570775.4250206947 0.0016918556
168207207.4550056159 0.0007244157
179738431.5790390968 0.0003295645
169017552.4313783050 0.0005268123
173866980.5196345150 0.0070401912
168029995.4336535633 0.0005081370
179034138.4236419797 0.0004344762
167694141.0575889647 0.0006179488
178859261.7646842003 0.0003262286
167897825.0433203280 0.0009441900
176181354.8648930192 0.0013769160
169883266.9247472882 0.0003114960
181629047.1908444762 0.0000222837
168778694.6170800328 0.0005284673
181584399.7814698219 0.0003906867
167313955.2656460106 0.0005594165
176551495.7578497529 0.0064636174
170576371.6187253892 0.0004336910
178378608.5533836484 0.0007254522
167042792.0223117173 0.0007479267
186808623.7269540429 0.0015367866
167147142.5107423365 0.0002594297
185896228.0049369931 0.0007897313
168271222.2862474322 0.0006822318
168838162.3440367579 0.0002819251
165744939.3736563921 0.0002758764
165772124.8655977845 0.0001925635
169966815.5021934211 0.0002940332
166124823.1218483448 0.0004244552
170889743.7615714073 0.0000127454
165645055.7739714682 0.0002640968
165672433.9667448699 0.0000577362
166526532.0001138151 0.0002347191
167064553.0961144567 0.0002320227
166167223.6112497151 0.0002310086
166247777.3590998054 0.0002153785
165751835.3873957992 0.0003154018
167634283.0205492675 0.0001213365
167402550.7630708814 0.0001820941
167478301.1068232358 0.0006204432
166292524.9937024415 0.0002819816
164131688.4300330579 0.0000736633
164283775.4667898118 0.0000546075
165280755.6257720292 0.0000189335
164723875.0922820270 0.0000752752
173636485.5785989463 0.0000471941
165041017.6205182672 0.0000735520
163293118.6529018283 0.0007441556
164330903.3713364303 0.0009088079
166406407.2501688302 0.0007315332
167021525.8663044274 0.0005986958
166503190.8507563770 0.0019456328
168538449.2238307595 0.0008348295
171172651.6800211072 0.0009227553
168544856.2023774385 0.0007312968
166724867.4045303762 0.0012437971
164025307.3339485824 0.0004553929
162090226.2777282000 0.0005544877
162210847.3938330710 0.0006276001
161492269.3221341372 0.0002493768
163503531.3559837639 0.0002611204
162548340.8137218058 0.0006363774
161411892.4367147982 0.0002162463
162822215.3164581954 0.0000434203
162132707.2256224751 0.0002368065
162309027.5013568401 0.0001252723
162309439.3432939649 0.0002780947
162922425.1135912240 0.0002453557
162293218.3062562644 0.0001648786
163418126.4532420933 0.0000017300
161477484.6791605949 0.0001840530
163849782.6838910580 0.0002257838
162383714.9160233736 0.0002758908
165032938.5868343115 0.0000293427
161944707.4858346879 0.0004093555
163188151.1187129021 0.0001257144
160985138.3131203651 0.0002039604
161414332.6605283916 0.0002244602
161323540.2191585004 0.0001799698
166388541.3742221296 0.0001880429
163090002.5822345018 0.0001919695
162732553.7792654335 0.0003991666
162481110.1109513640 0.0002157726
160575660.1132544875 0.0002144343
160515925.9501786232 0.0001991865
161164410.1232748628 0.0003442815
160941677.3846209347 0.0002365951
175074737.0616728365 0.0003815565
160248416.5323947966 0.0002287512
170387166.0483942032 0.0010295497
161921524.2694572508 0.0002883944
160252637.5758623779 0.0000060979
161166613.6345357001 0.0001823878
162372733.8715527654 0.0000818735
159844676.8909688890 0.0001784750
161270995.0202905238 0.0000478677
159677167.0114480555 0.0001438371
160737498.8869248331 0.0000537818
160424001.7892437279 0.0001351922
162656582.3923261166 0.0000390838
161034334.8174693584 0.0001518041
159939903.5863908231 0.0000514717
161631015.0342444181 0.0001405568
164008419.4475545883 0.0001795919
159687399.6817033589 0.0001717597
159051527.3651205599 0.0001111469
159407491.9418273866 0.0001783418
158659994.8751091361 0.0000397887
161504492.3742824793 0.0001565671
157590082.9686829150 0.0000002125
162813190.3213500082 0.0000001290
161489858.0573212504 0.0000081645
157460882.1762261093 0.0000010697
159861275.0867528319 0.0000007417
160991470.6581096351 0.0000010710
160033620.8867729306 0.0000000010
162119420.4471953213 0.0000021336
158302043.5244240165 0.0000000648
161617497.8114708364 0.0000010554
160074738.2523350120 0.0000000292
157028133.9127453268 0.0000014029
161641731.8040941060 0.0000045596
157001860.1998417377 0.0000065932
157207387.3355724216 0.0000060976
164549250.4911400080 0.0000034293
159031199.3747593164 0.0000087086
156882402.8332231343 0.0000069306
157507938.2599802315 0.0000018813
156741879.1599538624 0.0000031810
158675392.8780167997 0.0000038298
156738478.9351277053 0.0000062598
158175819.3845956624 0.0000167115
157779310.3044218421 0.0000152364
160779783.1409027278 0.0000003350
157750810.6442366242 0.0000041523
160835052.8295845389 0.0000005703
156948273.4856392443 0.0000081197
163504999.1767143607 0.0000000007
156422572.9856164753 0.0000131792
157458621.1368973255 0.0000727805
160077525.3159166574 0.0000217457
168638949.2003906071 0.0000510613
156657475.2562833428 0.0000127089
156960204.6212858558 0.0000265150
157017915.6666244268 0.0000095931
162874143.0372633636 0.0001521227
158119084.4975953996 0.0000166845
160261966.7917189300 0.0000126617
157371313.0044887066 0.0000125845
160976577.1515929103 0.0000581543
159197006.9620448351 0.0000084503
161066190.7948119044 0.0000325638
157044985.0243545771 0.0000174694
160066895.7365550101 0.0001346861
159315890.8272114098 0.0000176367
162423830.8424011767 0.0000020438
156525179.6372219324 0.0000105926
162287315.3784646094 0.0000159881
160527027.1295011342 0.0000088678
161153401.0305928588 0.0001885932
157676117.0443548858 0.0000147050
166626256.9932175875 0.0000000005
158593131.6387132704 0.0000146009
159000163.8736529052 0.0000013256
157931015.6363261938 0.0000083574
163176992.2332950532 0.0002070024
158666497.5941143036 0.0000649775
157793461.9058164656 0.0000153591
158457701.5017227829 0.0000046373
157779330.1689586341 0.0000154573
158063531.4803187847 0.0000217632
157275709.2183166146 0.0000152853
159893542.5083491504 0.0000061391
156434061.3802179694 0.0000127261
161942528.9982760847 0.0000005704
157149440.1872687936 0.0000144222
157816046.7786884308 0.0000096513
156289139.9828644693 0.0000106118
158679104.3885014355 0.0000117537
156597513.9121888578 0.0000095211
156805753.1384044886 0.0000130514
156490272.3005721271 0.0000160767
156474727.7093079388 0.0000111068
157496083.2355240881 0.0000198995
156440016.4125715792 0.0000098863
156786074.0604307950 0.0000069407
156264649.0564403236 0.0000103759
157023924.1526501179 0.0000080112
156485038.5120072067 0.0000129755
156738956.6179090738 0.0000227174
156427169.0291174650 0.0000129013
157678289.4794396162 0.0000137605
156213225.9330928326 0.0000104125
159028258.6906574667 0.0000059176
156202947.4268041551 0.0000092609
157352428.0029829144 0.0000097683
156302194.4696827829 0.0000097402
156324487.8330628872 0.0000025161
156382670.0666059554 0.0000058588
156324559.6363925636 0.0000166549
156534638.7853390574 0.0000082623
155992005.7141171098 0.0000090460
157300713.9641553164 0.0000083934
157891591.7530222237 0.0000096836
157670534.3869007528 0.0000085827
157410966.4606761038 0.0000053011
157987178.2595140636 0.0000055654
158048330.1100966632 0.0000105491
155987916.7473316491 0.0000125809
156384638.1293838620 0.0000086156
157546795.5861411393 0.0000127835
156930267.9635155797 0.0000103622
157518433.9695641100 0.0000101675
159270088.0442855060 0.0000156963
156005490.1684405506 0.0000138891
157026779.2242695391 0.0000164813
156062194.1411073506 0.0000155699
157721165.6392718852 0.0000190130
157675175.6764285862 0.0000130815
157404104.4061077237 0.0000081711
156154352.8291602135 0.0000149859
160547465.8680591285 0.0000085105
157319300.4134891629 0.0000129951
156624864.4274831712 0.0000110370
157303340.1125052571 0.0000154742
158018167.3082493842 0.0000134677
156196641.5560073555 0.0000107810
156904965.0740281641 0.0000144248
155902465.4564575255 0.0000123467
156605606.3674736917 0.0000090051
156074900.9093944430 0.0000115037
157246525.2425757647 0.0000225427
156090528.5475106537 0.0000145232
156051642.7057253718 0.0000089451
155847910.4394720495 0.0000107737
157172490.4723571241 0.0000179951
155998986.2295635045 0.0000092964
158809543.6076996922 0.0000138669
155875312.9682848752 0.0000091487
155803622.9051327407 0.0000041147
156834322.0345801711 0.0000036511
159970688.3130587041 0.0000020546
156398085.4944078922 0.0000041785
156422243.2137292325 0.0000065960
155732585.7223732471 0.0000042148
156931476.4145561755 0.0000091487
156426478.2387141883 0.0000039312
155658973.4811446369 0.0000042912
156108109.7387958169 0.0000044186
155641153.3689080775 0.0000035777
156861563.5758458078 0.0000038601
155663187.8120214939 0.0000031796
156233833.0152697265 0.0000030302
155613379.4443736970 0.0000040861
155801503.6725483239 0.0000041175
155768595.5367249548 0.0000042077
155663001.6253454685 0.0000032099
155742060.3963774443 0.0000038060
156177508.9190462530 0.0000048898
155743565.1691507995 0.0000048674
156434724.0335864723 0.0000046891
155594367.6387106478 0.0000046892
156274933.2762252092 0.0000026133
155703346.8405885994 0.0000042019
155817379.1214504242 0.0000048534
155553174.8411661983 0.0000044883
156289212.5298040807 0.0000048453
155635044.7294836342 0.0000045768
156067340.4508222044 0.0000038036
155752555.4392305315 0.0000043800
160686245.3075532615 0.0000038666
155727161.1849396229 0.0000047489
156774191.1659529209 0.0000069107
155663408.0851659477 0.0000039814
155559258.1130726635 0.0000035989
155661053.2324335873 0.0000044773
156684470.7927686870 0.0000053447
155813657.6125045717 0.0000041022
157433425.5484088659 0.0000053721
155641312.1568812132 0.0000039620
155771616.4605988562 0.0000040842
155571551.4599069357 0.0000052109
160478588.5939014256 0.0000036464
155637361.1297929287 0.0000041184
155607884.2706854045 0.0000046117
160459962.2974981368 0.0000038096
156184839.7453747988 0.0000041574
155737422.9540585279 0.0000044154
155973404.8168745935 0.0000045022
155642885.9708520472 0.0000047613
155611552.2733249962 0.0000041586
155583882.2406764925 0.0000046522
156447583.9505785108 0.0000044886
155703324.2691165209 0.0000044244
155747473.2358281910 0.0000053433
155683614.2415533364 0.0000044837
156536873.0674978197 0.0000049216
155716553.8583199084 0.0000044924
155881461.7021376193 0.0000035085
155745111.6654325724 0.0000042626
156502044.8160882890 0.0000048434
155729919.7990401685 0.0000045943
155640817.7355116606 0.0000042557
155601298.7923640609 0.0000044444
155765592.3430730700 0.0000057551
155744743.9049477279 0.0000042784
156481314.4680702388 0.0000039792
155675356.2553853691 0.0000044811
156548624.5536601543 0.0000049348
155682532.1483146548 0.0000047340
155565880.7544658184 0.0000045050
155791076.0703620017 0.0000044880
155577539.0815701783 0.0000045484
156016949.2125595212 0.0000046489
155716679.8389420509 0.0000044439
155706735.4446043670 0.0000049294
155562736.8363274336 0.0000044218
155741713.6753291786 0.0000044048
155742608.8190104365 0.0000044605
155815930.2508635521 0.0000046294
155729135.8228819370 0.0000044605
155779289.8365707099 0.0000044254
155737228.3736669123 0.0000045658
155661185.5663942099 0.0000042687
155626552.3747594059 0.0000044191
155648517.9649837911 0.0000040606
155584782.5631188452 0.0000046036
155675730.5047833622 0.0000045074
155694935.4069497585 0.0000047247
155557111.6637944281 0.0000043796
155554996.0964958668 0.0000043157
155553889.2328577042 0.0000044695
155680747.3571753502 0.0000046150
155570037.5291633308 0.0000046387
155548371.2302007079 0.0000042545
155735964.1073661745 0.0000043088
155601809.8678568900 0.0000041961
155537585.8495464027 0.0000042590
155708906.1389305890 0.0000041019
155546218.2239562869 0.0000042591
155617038.6172308326 0.0000040876
155701638.5002278090 0.0000042924
155695336.1972595453 0.0000042077
155538974.8707940876 0.0000042305
155573975.2857041657 0.0000042243
155560373.6182425618 0.0000042524
155586043.5925703049 0.0000042628
155569592.1873467267 0.0000042951
155546192.9963296652 0.0000040801
155548825.1973262429 0.0000042423
155677105.1128697991 0.0000043142
155712594.4165541232 0.0000042068
155597752.3152219951 0.0000042901
155551281.3368230462 0.0000042272
155528668.5731987059 0.0000042939
155732685.5415671468 0.0000042773
155656192.4822911918 0.0000041552
155540881.8916126192 0.0000042529
155605079.2402193546 0.0000042995
155715336.3735391498 0.0000044081
155726976.1031523645 0.0000042680
155696159.7378091216 0.0000043644
155530648.1173095405 0.0000043216
155595117.8543960452 0.0000043040
155547518.1160226166 0.0000042744
155576239.6871564388 0.0000043016
155529120.3579512835 0.0000042738
155725743.6007692516 0.0000045761
155537198.6452074945 0.0000043308
155730690.9252550900 0.0000041997
155545065.4904263616 0.0000042820
155581697.5723976791 0.0000042822
155713897.8976430595 0.0000043251
155537439.9825901091 0.0000042487
155531895.7407275438 0.0000043234
155553161.7991211414 0.0000043144
155716263.2294069827 0.0000042717
155535260.2606122792 0.0000042830
155729005.3230466843 0.0000042804
155539868.5425241888 0.0000042635
155530728.1585715115 0.0000043084
155551629.4208273888 0.0000043310
155554354.8038157523 0.0000042921
155606876.6935664117 0.0000042821
155726593.0439588726 0.0000042923
155672805.1886402369 0.0000042396
155532074.0448377430 0.0000043135
155718801.1996498704 0.0000041205
155535744.9604857862 0.0000042930
155665877.0327985287 0.0000042766
155529822.0765248835 0.0000043061
155550442.0935835838 0.0000041978
155712454.3329214752 0.0000042472
155569945.5525548458 0.0000042948
155526677.8159397840 0.0000042561
155704636.2095999420 0.0000041092
155536863.3820779622 0.0000042577
155561374.8894173801 0.0000043132
155527001.9257186055 0.0000042820
155529900.5841751695 0.0000042118
155552776.3489032388 0.0000042677
155586322.5391491055 0.0000042321
155727615.5852382779 0.0000042640
155561033.7832612395 0.0000041735
155533139.2282847464 0.0000042651
155558185.3724756539 0.0000042865
155716578.0088014603 0.0000042999
155534771.8194522560 0.0000041398
155729618.6035996377 0.0000042673
155723143.2469499111 0.0000042455
155730531.1052844226 0.0000042919
155720000.8931064606 0.0000042549
155541387.7438224256 0.0000042329
155534592.4013362527 0.0000042579
155540848.9431912303 0.0000042576
155729963.9087210298 0.0000042487
155546145.7835145295 0.0000042153
155526677.0808014870 0.0000042665
155541331.5634287596 0.0000043996
155728348.2311634123 0.0000042587
155538555.0977051854 0.0000042617
155529228.8304937482 0.0000042457
155580280.9099038243 0.0000042836
155725761.3753678203 0.0000042715
155549438.1417403817 0.0000042615
155527052.9286538363 0.0000042695
155526058.2651399076 0.0000042870
155721536.9550530910 0.0000043026
155715982.6797298193 0.0000043417
155722833.1552520990 0.0000042707
155534772.4459962845 0.0000042338
155524275.5415047109 0.0000043020
155710952.6159913838 0.0000042889
155530381.7232387066 0.0000043029
155718202.8468669951 0.0000042593
155721567.7065582871 0.0000042960
155533911.1729614139 0.0000043352
155721732.1753996313 0.0000042945
155583894.0316060781 0.0000043091
155528255.1770261526 0.0000043132
155526528.0191538334 0.0000043141
155524875.7136775553 0.0000043170
155557008.2234196365 0.0000042730
155532935.8581670523 0.0000043064
155538776.6838214695 0.0000043332
155524085.4291230440 0.0000042935
155536481.0764813125 0.0000042929
155722612.8595818579 0.0000042993
155571453.7020289004 0.0000043313
155724623.9327419400 0.0000042774
155703943.5964935124 0.0000043337
155526093.6013574898 0.0000042939
155531535.1942941844 0.0000043419
155724923.0189779401 0.0000042985
155563399.8392850161 0.0000042599
155528508.2814507782 0.0000042967
155714183.7152340412 0.0000042642
155524573.8435372412 0.0000043105
155719462.8965566456 0.0000043223
155728215.2780142725 0.0000043000
155539674.2888443768 0.0000042565
155725633.0280575454 0.0000043173
155706311.4586412907 0.0000042555
155525959.2013107538 0.0000042853
155549364.5577366650 0.0000042938
155726251.3828781247 0.0000042739
155732378.2739763260 0.0000043934
155524698.6447200775 0.0000043055
155524607.6581292152 0.0000042012
155723452.2902171314 0.0000042969
155719855.2843460739 0.0000043094
155725987.1553224623 0.0000042996
155533136.9407789111 0.0000042059
155726173.5812475085 0.0000042927
155529903.8867824674 0.0000042939
155529793.9559471011 0.0000042940
155527060.8709033132 0.0000042872
155727174.3541500568 0.0000043089
155523459.2373188138 0.0000042371
155723327.4509478211 0.0000042416
155559071.2060908079 0.0000042009
155727257.8242362440 0.0000042175
155537108.2955163121 0.0000042419
155528144.4827316403 0.0000042490
155731489.5721926987 0.0000042379
155535124.8418800831 0.0000042288
155538209.4004327357 0.0000043056
155526572.9787616432 0.0000042633
155720334.1124412119 0.0000042167
155722285.4134735763 0.0000042410
155529205.2974973023 0.0000042378
155728077.8798207343 0.0000042313
155720010.4495780766 0.0000042621
155723430.2597748041 0.0000042233
155522825.7940449417 0.0000042416
155720305.4897080362 0.0000042330
155718278.9490944147 0.0000042405
155538901.2080396414 0.0000042550
155727071.1840219200 0.0000042366
155546011.5981435180 0.0000042725
155726750.6415449679 0.0000042361
155535642.7629494071 0.0000042285
155523289.1594602466 0.0000042351
155532375.2419264019 0.0000042545
155726886.4747188985 0.0000042417
155524282.2559297085 0.0000042377
155727257.1225413978 0.0000042403
155722387.2226716876 0.0000042437
155522943.8662441969 0.0000042334
155727726.1113525629 0.0000042788
155726075.5194350183 0.0000042442
155528214.3648672998 0.0000041963
155727746.3333025575 0.0000042397
155543082.8204519451 0.0000042539
155525203.7148440480 0.0000042382
155712057.9635654092 0.0000042580
155523444.1581182480 0.0000042416
155526390.6822935641 0.0000042147
155523106.4636518657 0.0000042363
155720943.6166417897 0.0000042582
155525403.1473616958 0.0000042476
155525498.6413403153 0.0000042464
155527553.1242249608 0.0000042414
155528719.2959534824 0.0000042400
155523776.2443732321 0.0000042379
155528724.9784330726 0.0000042102
155726522.5625575483 0.0000042380
155526349.6536388099 0.0000042145
155724987.3961775899 0.0000042471
155529421.5423063934 0.0000042238
155527382.3110414147 0.0000042403
155725748.1903215945 0.0000042346
155523146.9584901631 0.0000042388
155524059.3366000950 0.0000042176
155727028.2460201681 0.0000042440
155722460.7385998070 0.0000042580
155726670.7699764371 0.0000042397
155523370.9005512297 0.0000042384
155524984.6796621978 0.0000042277
155727438.1263784766 0.0000042430
155525106.2527424991 0.0000042307
155524556.2224107087 0.0000042409
155525908.1184683144 0.0000042391
155726670.8869814873 0.0000042385
155728096.3678484857 0.0000042592
155727611.8049819469 0.0000042426
155523849.1547364593 0.0000042448
155522940.9975589514 0.0000042461
155527032.6650925279 0.0000042458
155725851.6752083302 0.0000042406
155724767.2761403918 0.0000042325
155523311.8698930740 0.0000042370
155525726.6963628531 0.0000042437
155523217.9333677590 0.0000042452
155724484.3620737791 0.0000042370
155725424.7701332569 0.0000042404
155527416.9184977114 0.0000042464
155525920.9305509031 0.0000042449
155524478.2124312520 0.0000042295
155522928.9334723949 0.0000042327
155724511.5217321813 0.0000042410
155727106.2016139328 0.0000042381
155725219.5684659779 0.0000042471
155727131.0885606706 0.0000042387
155726046.4312351942 0.0000042405
155527084.9847452343 0.0000042445
155726976.4452454150 0.0000042435
155528240.4765934050 0.0000042408
155523064.9744971395 0.0000042386
155722478.3242084980 0.0000042393
155523265.2263369262 0.0000042424
155726389.2039085627 0.0000042454
155727233.8625037968 0.0000042402
155727613.6250146627 0.0000042410
155727293.7075150013 0.0000042434
155525261.3600222468 0.0000042365
155522925.3130639493 0.0000042424
155523342.6874018312 0.0000042387
155523679.3032564521 0.0000042411
155525212.2446502447 0.0000042351
155522950.4686808586 0.0000042416
155524640.5484614968 0.0000042444
155523293.2140691280 0.0000042441
155525019.9566109478 0.0000042381
155523115.1953209341 0.0000042448
155523547.9471167922 0.0000042454
155523110.2195275128 0.0000042388
155523602.2240294218 0.0000042460
155522732.0584427118 0.0000042422
155523163.1865181625 0.0000042453
155523464.6083786190 0.0000042414
155528046.9326297641 0.0000042416
155727647.5269460082 0.0000042406
155525403.0086942017 0.0000042535
155727405.2686192691 0.0000042416
155727608.4052550495 0.0000042419
155727700.9458588958 0.0000042417
155727771.3331031799 0.0000042452
155523149.3339204192 0.0000042423
155726177.0428947508 0.0000042425
155522758.4053711295 0.0000042411
155525124.9312512577 0.0000042413
155727412.6663748622 0.0000042419
155523129.5465664864 0.0000042395
155727322.7956909239 0.0000042424
155522763.8265836537 0.0000042402
155522742.8859982491 0.0000042414
155523105.5102836192 0.0000042418
155522839.4977608025 0.0000042425
155524772.1681827307 0.0000042419
155522767.2381322384 0.0000042432
155523354.9573837519 0.0000042400
155522886.7668989897 0.0000042433
155523202.8844881654 0.0000042411
155523126.7314371169 0.0000042423
155523050.8106037378 0.0000042410
155523325.2095398307 0.0000042424
155522844.0261071920 0.0000042409
155522761.7042995989 0.0000042409
155522907.6652074456 0.0000042405
155727590.1439580619 0.0000042422
155726786.8595181406 0.0000042409
155727333.3671018481 0.0000042419
155524256.4485188723 0.0000042423
155522694.3214249015 0.0000042411
155523071.6665618122 0.0000042422
155727477.5075491965 0.0000042415
155523332.7496461868 0.0000042391
155727564.0730361640 0.0000042406
155727699.7620979249 0.0000042414
155523194.6577953994 0.0000042411
155727473.8368219733 0.0000042422
155727484.1375002563 0.0000042412
155523581.6416586637 0.0000042434
155522789.5418129265 0.0000042405
155523379.2192951143 0.0000042409
155522751.0462017059 0.0000042417
155523222.0959979892 0.0000042419
155727516.9609244168 0.0000042411
155727084.7371682525 0.0000042398
155727458.9494511783 0.0000042410
155524069.7302453518 0.0000042407
155522868.5194865167 0.0000042410
155523528.4170708954 0.0000042411
155522769.4467465878 0.0000042408
155727649.8588120341 0.0000042408
155522700.6736115813 0.0000042409
155523045.0813598931 0.0000042398
155522660.7362051308 0.0000042416
155523125.8442798853 0.0000042436
155522813.5620022714 0.0000042412
155523188.1260920763 0.0000042408
155727621.5808721483 0.0000042422
155524169.8052938282 0.0000042401
155522753.1560771465 0.0000042409
155523529.8804032207 0.0000042422
155522843.7467633486 0.0000042416
155523552.8734249473 0.0000042428
155727644.5846802294 0.0000042414
155727492.5609455109 0.0000042426
155522767.1299910545 0.0000042412
155727563.0061055124 0.0000042401
155522748.9885265827 0.0000042416
155523045.8122551441 0.0000042415
155522660.1334881783 0.0000042410
155523054.7168131173 0.0000042410
155522676.4411949217 0.0000042406
155727674.1924166083 0.0000042408
155727555.6152926087 0.0000042402
155522729.8462466300 0.0000042411
155727378.8068040907 0.0000042411
155523878.9368723035 0.0000042405
155522726.5695073903 0.0000042410
155727445.2882134020 0.0000042442
155727593.3809388280 0.0000042410
155522849.4028992653 0.0000042396
155727371.4614896178 0.0000042395
155522727.4809519053 0.0000042414
155727572.1700927913 0.0000042411
155522719.7367223501 0.0000042407
155522644.2008404136 0.0000042408
155522670.8339539170 0.0000042408
155522769.4428156018 0.0000042409
155727646.0648490191 0.0000042406
155522648.0465124547 0.0000042406
155522974.1068679690 0.0000042412
155727576.2959019542 0.0000042410
155727469.4055939913 0.0000042395
155727568.7906731367 0.0000042408
155523301.0525001884 0.0000042410
155727637.5338963866 0.0000042408
155523131.8519124091 0.0000042410
155727622.5676576495 0.0000042409
155523039.5651382208 0.0000042409
155522668.9672765136 0.0000042409
155727547.4288044274 0.0000042413
155727639.1290070117 0.0000042405
155727597.7938949466 0.0000042417
155727588.5872549713 0.0000042411
155522744.4883417487 0.0000042399
155522655.2211337984 0.0000042408
155522715.6384920478 0.0000042408
155727581.0791054368 0.0000042410
155522663.8929349184 0.0000042422
155522661.8412879407 0.0000042405
155522715.7917027175 0.0000042414
155522674.7821075320 0.0000042409
155727639.2267630994 0.0000042409
155522895.1452836394 0.0000042408
155522636.6355978251 0.0000042408
155727604.4454192519 0.0000042403
155727631.8450309932 0.0000042410
155727291.8120039403 0.0000042406
155727624.9908698201 0.0000042408
155522764.8575007021 0.0000042404
155727595.2284688056 0.0000042408
155522701.0886042416 0.0000042406
155522728.0417814553 0.0000042407
155522709.2603716254 0.0000042413
155522658.6731084883 0.0000042408
155523022.2609769702 0.0000042403
155727657.5324368179 0.0000042408
155522654.5442348421 0.0000042403
155522633.3784748912 0.0000042408
155522803.1771601439 0.0000042405
155727655.6696519256 0.0000042407
155522686.3812143207 0.0000042407
155522660.4673230350 0.0000042412
155522746.9837934375 0.0000042408
155522705.8799880743 0.0000042407
155522843.5496918261 0.0000042406
155522690.1785334051 0.0000042408
155522845.0651516318 0.0000042414
155522741.1955772340 0.0000042407
155522643.5721514523 0.0000042408
155727232.6904228926 0.0000042408
155727646.9444852769 0.0000042408
155522716.7329594791 0.0000042408
155522647.8357150853 0.0000042409
155522658.8452426195 0.0000042409
155522635.6892492771 0.0000042408
155522691.5452985764 0.0000042407
155522647.1444329917 0.0000042408
155522652.6930048466 0.0000042407
155522635.5829952955 0.0000042409
155522644.7479424477 0.0000042408
155727651.8581950366 0.0000042408
155522640.3375070393 0.0000042408
155727645.1028977334 0.0000042407
155522668.6471361816 0.0000042407
155522637.2319684923 0.0000042408
155522648.2023397684 0.0000042408
155727648.7947833836 0.0000042409
155522679.2606416941 0.0000042407
155727645.9781937301 0.0000042407
155522672.1240779161 0.0000042411
155727646.6101427972 0.0000042407
155522713.3021621108 0.0000042409
155727652.1004408300 0.0000042408
155522706.6271937490 0.0000042410
155522638.2418783009 0.0000042408
155522911.0653407574 0.0000042407
155522647.6941236854 0.0000042408
155522737.3342979550 0.0000042406
155522647.6952141821 0.0000042408
155727232.6904699504 0.0000042408
155522638.3065261245 0.0000042408
155727232.6904329360 0.0000042408
155727445.6772296727 0.0000042408
155522639.8932711780 0.0000042408
155522692.2526960075 0.0000042407
155727657.4513064027 0.0000042408
155522665.8825087845 0.0000042409
155522637.1179264784 0.0000042408
155522644.9406211078 0.0000042408
155522641.5471033752 0.0000042408
155727637.4186195135 0.0000042408
155727649.6235912740 0.0000042408
155522667.5477333963 0.0000042408
155522645.9824703038 0.0000042408
155727552.1704586744 0.0000042408
155727655.6043016016 0.0000042408
155522653.3621650934 0.0000042408
155727656.1731616557 0.0000042408
155522638.7050267160 0.0000042408
155522633.3960065842 0.0000042408
155522635.6493418515 0.0000042409
155522633.1807966530 0.0000042408
155522634.5599872768 0.0000042408
155522633.1123940647 0.0000042408
155522636.1031431258 0.0000042408
155727654.7306216657 0.0000042408
155522635.0388556421 0.0000042408
155727657.0792528093 0.0000042408
155522634.5909839272 0.0000042408
155522632.0380114019 0.0000042408
155522634.2458781898 0.0000042408
155727654.9463056326 0.0000042408
155727659.3545223773 0.0000042408
155522635.6903991103 0.0000042408
155522632.8886441290 0.0000042407
155522634.7916173637 0.0000042408
155522635.3685101271 0.0000042407
155727655.0533771813 0.0000042407
155522638.5709663928 0.0000042409
155522634.7619049847 0.0000042408
155727653.8314920366 0.0000042408
155522633.2658789456 0.0000042408
155522634.4355626702 0.0000042408
155727652.1134838164 0.0000042408
155522634.8543038964 0.0000042408
155522633.5776583552 0.0000042408
155522647.7018958032 0.0000042407
155727652.6138064861 0.0000042408
155522655.8769608438 0.0000042408
155727655.6197667122 0.0000042408
155522657.2611318231 0.0000042407
155727631.1723181903 0.0000042408
155522699.9687454700 0.0000042408
155522642.8072409332 0.0000042408
155727599.6047405005 0.0000042407
155727628.4161235988 0.0000042408
155522632.4012908638 0.0000042408
155522646.4849992692 0.0000042408
155522634.0255807638 0.0000042408
155727654.6314618587 0.0000042407
155727654.0047734976 0.0000042408
155522633.1409691274 0.0000042408
155522634.2874090075 0.0000042408
155727655.3777873218 0.0000042408
155727654.2417431474 0.0000042408
155727654.6099750400 0.0000042408
155727654.4465993643 0.0000042408
155522634.7459087968 0.0000042408
155522631.5551098883 0.0000042408
155522634.2158937156 0.0000042408
155522632.2848561704 0.0000042408
155522654.7122249603 0.0000042408
155522632.1934692562 0.0000042408
155522633.3816918731 0.0000042408
155522641.4122204781 0.0000042408
155522641.5814557076 0.0000042408
155727656.0309443474 0.0000042408
155727649.5829361379 0.0000042408
155727655.8931848705 0.0000042408
155727646.9726245403 0.0000042408
155727654.2703370452 0.0000042408
155522639.3114009202 0.0000042408
155522633.1427956522 0.0000042408
155522631.8103184104 0.0000042408
155522633.9566728771 0.0000042408
155522631.4046762288 0.0000042408
155522635.9205728471 0.0000042408
155727655.0500383973 0.0000042408
155522637.2169280648 0.0000042408
155522632.4221302569 0.0000042408
155727656.5749530196 0.0000042408
155727656.3840615153 0.0000042408
155522632.8758552670 0.0000042408
155727654.9910850823 0.0000042408
155522637.3165814877 0.0000042408
155727656.0453241765 0.0000042408
155522632.9911447763 0.0000042408
155727655.9929492474 0.0000042408
155727656.2380435169 0.0000042408
155727655.8785758913 0.0000042408
155727656.6234106719 0.0000042408
155727655.7894373536 0.0000042408
155522636.0630664825 0.0000042408
155727655.6426427066 0.0000042408
155727653.1257809699 0.0000042408
155727653.1967115700 0.0000042408
155522633.5037024617 0.0000042408
155727655.2286167443 0.0000042408
155727650.9989717007 0.0000042408
155522633.2359612882 0.0000042408
155522633.7376720309 0.0000042408
155727655.3170414567 0.0000042408
155522640.6471844316 0.0000042408
155522632.0929365754 0.0000042408
155727655.1594604254 0.0000042408
155727656.2636298537 0.0000042408
155522634.5047541559 0.0000042408
155522633.3014353812 0.0000042408
148206487.0000000000 0.0000042408 1 0 0 0 0 0 0 0 0 0 0 0 0 0 0 