453825938.5047990680 0.0000009890
424925743.3589147329 0.0000003415
429618555.6956248879 0.0000000584
455174047.9215101004 0.0000000015
471002331.6555513144 0.0000000969
467586211.2270296216 0.0000000164
465156639.8970423937 0.0000000007
431450054.6185674667 0.0000012535
437174876.1694307327 0.0000000025
476377185.5998463631 0.0000000007
491518748.9707879424 0.0000004952
401664096.7134492993 0.0000000479
506147962.4393622875 0.0000000568
400941967.1325100064 0.0000004368
410656551.0391352177 0.0000018952
417213284.9471281767 0.0001935371
458165997.8725085258 0.0000006503
353181981.7253358364 0.0000005469
329112794.5948209167 0.0000007400
330553288.0964336991 0.0000034095
318875513.2123908997 0.0000063798
312054695.9868672490 0.0000073057
327337384.9928649068 0.0000011308
295423139.0980926156 0.0000094971
288779306.6065911651 0.0000097491
359503307.3425443769 0.0000011239
374745370.5544983745 0.0000022330
374749008.3358916044 0.0000018713
297588251.7216466069 0.0000001892
290040383.8575940132 0.0000009687
299342188.7488311529 0.0043196814
234553699.8775836825 0.0003154508
268345531.5571516156 0.0002834268
229224128.8160371780 0.0003835748
266839846.0972589254 0.0003053769
228421833.0014772713 0.0003707734
193325469.8195626140 0.0008046584
191524601.6702035069 0.0008631729
220894099.9371369481 0.0005555900
197635149.3943291903 0.0008543956
218679448.9069993198 0.0003996570
190247675.1214422882 0.0008620762
202362642.0477146208 0.0016422586
190567821.7043106258 0.0008547240
260493670.1569305956 0.0005371834
189193296.3172263503 0.0005149744
203789799.3556272388 0.0010462779
198053007.2502271533 0.0004544974
191025326.8466112912 0.0005372168
197003324.0214212835 0.0004775327
196071735.7321076393 0.0005652142
191259552.6858896613 0.0005466011
221832513.8424439132 0.0000106109
190575154.0044496357 0.0005295386
179909616.8065353930 0.0006295639
180484376.0600058138 0.0006924799
178085385.9594894350 0.0007503512
177525100.1118937135 0.0025208580
214224009.2940717638 0.0000038846
177324682.0052755177 0.0024968710
201016903.0394870341 0.0003033611
175868735.2663839757 0.0037491817
160472249.8267858624 0.0019391469
161083271.0980987251 0.0019331015
181575165.3322249353 0.0033280412
157543696.2453842163 0.0018830451
199489620.8831806779 0.0017350463
149672400.9921512902 0.0020170163
173332651.0849954188 0.0020026301
158148106.7506920397 0.0014389331
180555283.6208378077 0.0008363580
170867937.1574095190 0.0013102640
191394318.3583959341 0.0003167902
149554475.5196972191 0.0017720628
163402050.8807494342 0.0356330738
166472385.2981376052 0.0013521272
174613172.5081138015 0.0021947730
160533222.7586255968 0.0019794111
171936716.0029696524 0.0000146644
146218722.8309676349 0.0004507734
155488894.9169488847 0.0025750203
145883359.8538089097 0.0007457610
149681062.2013088763 0.0003002615
144248054.8903297782 0.0001704339
172482219.0124775171 0.0017347753
145294897.3604403138 0.0002534882
212428603.9825824201 0.0025976157
137247730.4003000855 0.0001041482
139201266.7929955423 0.0009702207
141361759.8215712309 0.0000128495
152433777.8160438538 0.0006725708
144882165.1505083442 0.0002624604
168507857.6889522672 0.0013317462
143453024.5105300844 0.0002123947
159196522.7034063339 0.0003828304
140155375.6311249435 0.0068587062
175233176.6242447197 0.0082613390
139362078.8773634434 0.0001660687
155137727.1174970567 0.0002807808
137202873.4994547665 0.0000059915
157206071.0277360380 0.0009634622
140228537.3298250437 0.0002497607
138471693.6735256016 0.0051063268
142963510.2511556149 0.0000000166
145328901.3514220715 0.0000504986
144437301.9693059623 0.0000721425
178232211.2022216320 0.0027221521
138565544.3376049399 0.0001453177
192658805.0327946842 0.0000831688
149416085.7357989252 0.0002427257
125940779.4584657103 0.0003659347
124997586.6155101508 0.0009660365
166610891.1647936404 0.0008552445
147339917.0119681060 0.0042248754
125350400.3985866159 0.0008689969
142938468.0823974311 0.0000535822
125316911.0681033432 0.0001320325
133488543.0172166824 0.0000956860
122059080.7622252107 0.0009714365
132316557.9907615930 0.0000573386
119523110.9717860967 0.0007740469
127217063.4754259437 0.0013100096
122740588.2034240365 0.0009203553
125274956.9078809768 0.0001949194
120207424.2197624445 0.0007121403
121776007.1011239439 0.0015125255
125818613.8018800765 0.0012761669
128118373.7555110902 0.0008509606
121470348.1125952005 0.0004945283
187041494.8711135089 0.0002901957
119848226.5262443870 0.0008142785
126259233.1896291226 0.0004936742
120376417.0831542313 0.0005056771
124915553.4587978572 0.0009296498
124736411.9394757897 0.0006385807
141660054.4799375236 0.0039053847
122412783.2731218487 0.0004895115
126338954.6663889438 0.0008448682
120736566.8466144055 0.0004345436
135759838.1970933974 0.0000175981
122363837.0036313385 0.0008677056
135186027.4127738476 0.0027553123
119952877.0841394067 0.0017473192
119624784.5293266773 0.0021983984
119649989.1822159886 0.0000752253
126053482.7639638931 0.0059487412
119013720.3748468757 0.0015164458
129736220.9215618521 0.0044385942
119767349.6557351649 0.0017597721
129353742.3832942843 0.0005216902
120957521.1657880098 0.0016293266
118764844.9550854862 0.0051740958
123809024.8149757534 0.0064063744
129918304.8306117356 0.0010081228
121185658.2886462659 0.0055774805
127950236.9991849959 0.0107797545
118632322.4381556064 0.0039699239
144538333.4321698844 0.0049639174
118332297.4783399254 0.0037314465
124897969.5617795885 0.0002166783
120211104.7795040011 0.0037578394
135486025.3956091404 0.0000308531
119110140.2319464236 0.0038726746
122393710.6705194116 0.0115752051
117821505.6933116615 0.0021304709
124667601.6577312797 0.0001355859
119158603.3484353423 0.0022941213
127441544.3201350868 0.0011788449
122165250.8682819009 0.0032840862
123701231.7675255388 0.0002630903
120207461.5464099944 0.0033279514
120816020.3674741536 0.0002468464
118794508.2405385077 0.0011777101
124448226.3824014366 0.0056699489
121328487.1962910593 0.0014874729
121732972.8749383241 0.0023680004
122986432.7741541713 0.0021381072
122710763.5576555580 0.0003999419
121895825.6167145967 0.0033284861
124486207.9947282970 0.0019104105
119545472.4082063287 0.0015095443
171625705.1818578541 0.0032593509
117865905.4455170482 0.0019333152
123006116.0692532212 0.0019519564
121881801.7348565906 0.0021289182
125374131.9842499495 0.0017539171
121512641.6120669842 0.0020392495
125761742.0142127424 0.0022321203
119976343.8814286888 0.0016106695
118397003.3114587963 0.0060089935
117879751.6606286913 0.0020164395
130358319.4853841513 0.0007698969
117448794.5182219297 0.0002208850
120040385.7027672678 0.0001347717
119236577.2018391639 0.0004240202
125187440.0847437233 0.0021485117
121568589.5208923370 0.0003770415
124379196.4711597860 0.0006926100
125701941.6975700110 0.0005040357
116847819.0490249693 0.0000456175
118198876.4828394502 0.0000062550
125866655.5739926547 0.0008193387
125392408.7735275030 0.0000064177
117510004.6518419534 0.0000011714
121155839.4586005956 0.0007679023
117144489.0195043683 0.0002644511
120566571.7965430766 0.0009605382
117158915.4838797152 0.0000237716
117758872.7894282341 0.0007848968
117553706.3662725091 0.0000286613
118590489.7919463366 0.0000025937
116963580.9453720599 0.0000033786
118666093.8295698017 0.0001461710
116543177.5404211879 0.0000208851
118340371.6070222408 0.0008617775
117867489.6795974374 0.0000329189
121545000.4319787920 0.0002209672
118305551.1206658483 0.0000016254
116335703.9214123189 0.0000821240
116472286.7849104106 0.0001188545
119740441.5403871983 0.0003047118
116104040.1583638489 0.0002528093
118939945.6804615110 0.0002195041
116125622.4934217930 0.0003540127
121469753.4371126443 0.0018115761
117159003.3650457859 0.0006404318
120021156.9013649970 0.0012559311
116226167.9248171598 0.0007144106
122029561.7059057653 0.0016799386
118204281.3898415267 0.0002423683
120694168.8592143655 0.0000371512
115913468.0076881945 0.0000365530
116130263.0117171556 0.0000702692
115999847.1767078638 0.0003232443
125843540.6152529269 0.0001222099
116886048.4670309424 0.0000676449
121850220.5922517180 0.0000524042
118314929.7477678359 0.0000225026
119154807.4347893596 0.0007206322
116299872.9156409651 0.0000188795
114594741.8358670026 0.0000156186
117376805.3158885390 0.0000545885
115995845.0491523743 0.0002163427
115511519.0222473741 0.0000587578
120419603.6183830947 0.0000321676
114767012.0865429342 0.0000809381
114025407.5147138685 0.0014384269
117970473.4598593712 0.0025075756
114099967.8994096667 0.0001438391
114843919.0915216058 0.0012361428
118696968.9832412452 0.0010387395
117711673.5347626507 0.0009289448
118884099.2862302661 0.0014071288
120684705.4911355972 0.0017850568
114257618.5744632930 0.0014739658
117484811.4943594486 0.0009232771
119060831.8345042914 0.0016190058
117964095.2314217687 0.0008472173
114181595.1064434350 0.0010644231
116999495.1062586755 0.0019762805
118872816.7066466063 0.0014060312
118101408.9283908159 0.0022036176
114186772.7519237697 0.0013929686
116113305.3331894428 0.0010690960
115034383.5648118705 0.0013660815
117629650.3606315404 0.0005731596
114413099.4841368347 0.0011242642
117536752.5390723944 0.0014454215
119598485.9971909374 0.0011056204
117155632.4649980515 0.0038915680
114172281.6903844327 0.0012748238
117063760.6886979938 0.0003029070
119146358.9349536002 0.0015480882
115112759.2821476310 0.0027616467
119090638.9152432233 0.0014734439
114315560.9142751098 0.0003498380
119404521.9870614260 0.0012833879
118148154.0274904519 0.0014889358
114309479.8196777850 0.0014189766
119633727.6831036955 0.0014126119
114461480.8996377587 0.0015468256
115701233.9631256461 0.0020565231
114313801.9965676963 0.0012713107
115436762.9240838587 0.0016791552
119300545.7820993364 0.0015246052
113857492.2653332651 0.0018393506
119278012.2791366130 0.0018397352
114451559.4560407996 0.0024677075
118581585.2750225216 0.0019763177
113985635.9235159904 0.0012361619
118048965.3995998204 0.0018483341
116586602.5159755945 0.0014535416
118466708.9631159455 0.0014452567
118199798.1346289814 0.0027101505
113849221.6328838170 0.0017270876
115191760.1529977918 0.0010941999
118384066.6863918155 0.0028030409
116334362.6400414407 0.0008947188
113777395.8203279227 0.0017890780
118332395.6593536586 0.0001355536
113937961.3126160353 0.0017339402
116169529.0543562472 0.0018200999
118436736.4135263115 0.0016092291
117029151.2629467249 0.0011542990
114734179.5676483512 0.0018073386
114356913.6416046917 0.0026983101
113794598.3150488287 0.0017963540
115621162.0973410308 0.0010398784
118575067.6573563963 0.0017562315
117035508.8601798117 0.0047855483
113821531.2595048398 0.0018246581
117059230.7845396996 0.0015838266
118149283.7542801797 0.0017726251
118034558.9062597901 0.0027039105
115543447.7894286811 0.0013522613
117923184.4646243751 0.0009036576
118714669.9667178094 0.0017166194
116665648.7751242816 0.0021869463
113655632.5094261020 0.0020389123
115512977.1830248684 0.0018899754
113829487.5296232551 0.0017999835
114580362.1828491688 0.0018553686
114515307.3369320035 0.0021340861
115853044.5878588408 0.0049810593
113764160.2129096836 0.0020308415
112898497.0480744541 0.0026263937
115772261.8677193969 0.0024724961
116837217.2162149996 0.0024313413
116339341.6508819908 0.0023162635
113556612.6595359892 0.0032157021
113289285.6608616710 0.0026060380
113114841.4563814402 0.0033309323
117086552.9981687218 0.0025498693
114761017.9690862745 0.0017472388
117651691.9807718694 0.0033478363
113078793.5173582584 0.0022658741
117653292.8757926226 0.0017128992
116177227.0927854478 0.0039224110
116666157.1090067029 0.0037816117
115478656.6375063211 0.0029535442
117065634.5385937989 0.0032454446
116585674.8563551605 0.0001682540
113722522.6818773299 0.0024171924
113486807.2176501155 0.0030415336
116731737.6524573863 0.0024876695
115479094.8326538205 0.0054572999
113543136.8116624355 0.0025756417
114039329.0903465450 0.0043162095
117272522.1518124193 0.0028184578
114104885.5104648620 0.0021263509
113677819.9993342310 0.0020794284
116134998.4747618139 0.0037273197
116960795.7193303704 0.0037460969
113168222.2164981812 0.0013137080
113036343.8723143041 0.0026072918
117450223.0783398300 0.0013710878
117393479.9005360007 0.0021202432
114615758.5356339812 0.0052019239
113734795.3344887942 0.0026238619
115702108.6262929738 0.0025989330
113485730.6182924956 0.0027575377
115694904.5174502879 0.0024637487
117463566.5528991669 0.0026809508
116114529.3124682605 0.0004293682
113189412.8400648236 0.0027790041
116050586.4314428270 0.0028239941
113621577.8570020646 0.0029650773
114633266.6006410271 0.0012246932
113735065.7035135776 0.0029768235
114187940.8130901158 0.0017933689
117494786.7200835347 0.0021657344
114853336.7194273919 0.0023695014
113108751.1574347466 0.0027465123
114835174.2812869251 0.0021133355
113755292.5975221246 0.0031815713
116361719.3731410056 0.0012983613
113340285.9201226234 0.0028145078
116453194.8136509210 0.0013393909
117218686.7642412037 0.0022744289
117330408.1653417796 0.0023295844
117581779.1570611894 0.0025607476
117802673.6537366807 0.0015763547
113074665.4271790534 0.0027356480
116863545.1802834719 0.0012381985
112939350.5751694739 0.0025519297
117019392.3234421164 0.0017730234
117426608.4568315148 0.0026574614
116551585.3531557918 0.0026440890
113575013.3828038573 0.0027161076
114235000.4336982220 0.0021454479
113464890.8451583385 0.0026445447
115701265.6767215282 0.0037908859
113620666.6745842248 0.0027285242
115769232.0640396178 0.0031100952
117381445.5070892870 0.0025191845
116999375.0558666885 0.0020320950
113124371.7383579314 0.0029461471
118546787.4547619820 0.0035314089
116310000.0562834144 0.0025656904
116230139.5745161921 0.0025887837
117663744.3472717106 0.0026088370
113200280.9031269699 0.0024955384
113313265.9729714990 0.0024820154
116119963.4433563352 0.0034507193
113241844.3419961780 0.0027555411
113331955.1837381274 0.0019971862
112983118.1176138073 0.0025174562
114259092.2091541737 0.0033175513
117432630.1562908888 0.0024918031
113107494.6729671806 0.0026406796
117327996.1134157479 0.0027434201
117526846.3143344820 0.0027101177
113211282.6703992337 0.0024992732
117407979.9995866418 0.0027570292
113557668.4884106368 0.0026959060
113109970.4705391973 0.0026077163
117478829.2812542170 0.0021186165
117665239.5415458828 0.0026226363
113633278.2597684264 0.0022348759
117392672.0878117234 0.0026649633
113588519.6538064182 0.0028712005
113077173.2078669667 0.0025059592
113126806.7204617709 0.0024230118
117535386.0281088352 0.0026295969
113213460.9970369935 0.0029150114
113180732.4060264677 0.0026505420
117430019.0016400069 0.0019178126
113325321.6253501624 0.0026475288
113144979.2036411613 0.0026399279
112981353.9985740632 0.0025588276
117099942.6975164115 0.0027619176
117570133.5758190602 0.0027303353
113216502.0558857024 0.0024728602
113119677.3375469148 0.0026895352
113417728.7779980600 0.0027999372
113014657.9877508432 0.0025776570
113137931.0272521079 0.0028040621
113055566.2977856994 0.0026033170
114223557.4728179276 0.0021375116
117525482.5510435700 0.0027917368
113379814.1697212458 0.0026992221
117527492.6378177702 0.0025839838
117363903.8761172593 0.0029618495
117629186.0781396329 0.0026941801
117353985.6150746942 0.0025357919
112977139.7737038583 0.0027013909
117341145.1873168647 0.0031585859
117456401.6363490671 0.0024896443
112981598.4559557289 0.0029379182
113101836.0352005959 0.0027062453
117073212.7905154675 0.0030648800
112907637.3981730789 0.0025487977
117104263.1345445961 0.0030971173
117395217.3232336938 0.0028572189
117629779.8516708016 0.0026810027
113017608.3124664426 0.0025842404
117613438.2231246084 0.0026341037
117606250.0968074948 0.0026281632
113115936.9194917083 0.0026102747
112923484.0658276081 0.0026057364
113051720.3899580091 0.0024927693
112956986.3077142090 0.0026002204
117648613.8789184839 0.0025290673
117636589.6028990000 0.0025900457
113000224.8043650836 0.0026902897
112887555.7114357054 0.0026785023
117623863.4008267969 0.0027402148
112895238.9041528404 0.0026613672
112909474.4540408105 0.0026379523
117619567.9565721005 0.0026322323
113132611.3637699485 0.0025743974
117633936.5936994553 0.0026628571
112943553.1363669932 0.0026623931
112914622.4088124782 0.0026588724
112862463.6507677883 0.0027114532
117545833.9537316561 0.0027088222
113018398.7610171288 0.0028151672
117505503.6853672266 0.0027232140
113247408.7250468731 0.0027558823
117519396.0797930509 0.0027370865
113097695.5017392039 0.0025696289
117511865.2308583111 0.0027387139
113109388.4323658198 0.0025597829
112867055.2384388596 0.0026970928
113082786.5583156347 0.0026011815
112847998.7189293355 0.0027045029
117603692.6261909306 0.0026553594
112904117.5772367567 0.0027065652
112919455.4326736182 0.0026936399
117531889.1785691679 0.0027263776
113139543.3032466769 0.0026070387
112850077.4233735800 0.0027372279
113068782.2489625216 0.0027005458
112860284.2803167701 0.0027229203
112931712.1463643014 0.0027807930
117528607.9218633175 0.0026892505
113169787.7669265568 0.0027302865
117518349.9497494400 0.0027077621
113068183.0272860080 0.0027289555
117520550.6488010734 0.0026993110
117551425.9605274647 0.0027912746
117500100.0278200060 0.0026979091
112981498.8508601785 0.0027446846
112878580.5102960020 0.0026678415
112821648.8216297626 0.0027496349
117449446.5429694057 0.0027396566
113101094.5197544247 0.0028323938
112864727.0055593550 0.0027561205
112881239.5641680956 0.0027881040
112857619.7353346348 0.0027496307
112782705.3573703617 0.0027337664
117367513.9959201813 0.0027494291
112798845.0669166595 0.0028034730
117460157.0731364489 0.0026976815
112888339.4918269664 0.0027667560
112835380.3724947274 0.0027278399
112783483.6814016551 0.0027408103
112803539.9015179127 0.0027853609
112793752.6162631810 0.0027281727
112932265.4268975258 0.0027306353
112776465.6095203161 0.0027320012
112846447.8667690307 0.0027263153
112807180.5761557817 0.0027007233
112847356.3599900901 0.0027569376
112793351.0168972909 0.0027174098
117396546.9748223275 0.0027796435
117383408.1063374877 0.0027281501
112931622.5653591603 0.0026744211
112780578.4037685841 0.0027309223
112898287.8609864563 0.0027660738
112804313.2409830838 0.0027251361
117409355.6007258892 0.0027177940
112788821.5456950366 0.0027291508
117368248.1623956412 0.0027155334
112778380.6621059626 0.0027197160
117423166.6770914495 0.0027127840
117396657.1791185588 0.0027168923
112798175.7750278711 0.0026989310
112798158.2974466980 0.0027404863
112843710.4344602823 0.0027376474
112814643.8329059482 0.0027358386
112951546.5155873448 0.0027698517
112782047.0815748870 0.0027326969
117370553.7003380209 0.0027254672
112792387.5045433044 0.0027522062
112845984.1851224601 0.0027423349
112785694.9956899881 0.0027206682
117414490.1830174327 0.0026943265
117411423.5523486286 0.0027462987
112866958.6984007359 0.0027374936
112791765.7671546787 0.0027173125
112779469.6687250882 0.0027599204
117429152.9176397175 0.0027304669
117401930.3667005002 0.0027175951
117434446.4083021581 0.0027221261
117427450.5752278268 0.0027353022
112817859.5652371645 0.0027084141
112781225.0676633716 0.0027395262
112821073.9429569542 0.0027225535
112787157.2969134003 0.0027351036
117397048.2741519511 0.0027527062
117421266.2313162088 0.0027241395
112802667.4080694616 0.0027554005
112820117.5347985476 0.0027414833
117431048.9247601926 0.0027294093
112803099.7190705091 0.0027392015
117428064.1296535581 0.0027355761
112809931.9793767184 0.0027307837
117426799.8425158113 0.0027311967
112808885.8958957493 0.0027263534
112777019.2037450522 0.0027323616
112775322.3269298226 0.0027324521
117435469.8425044566 0.0027326930
112784286.6654153764 0.0027360866
112776964.0130462497 0.0027326990
112789934.6912301481 0.0027324014
112783639.2865499854 0.0027314925
112785316.1492276788 0.0027417273
112779160.0995808244 0.0027311857
117427265.9695648998 0.0027428933
112778166.0378959328 0.0027343793
112817739.7387226522 0.0027353433
112775747.8356580436 0.0027307745
112822514.8893945515 0.0027228611
117431869.2695653141 0.0027366512
112807995.0718372464 0.0027276171
112777278.4886965603 0.0027266972
112795278.0669129342 0.0027319792
112778034.1624167114 0.0027292653
112780662.6598444432 0.0027433047
112775130.9377642572 0.0027316427
112777508.0119860619 0.0027309319
112771771.4324221015 0.0027331538
112808710.6580165923 0.0027255370
112777933.6544348300 0.0027285612
112774864.5187453479 0.0027203970
117427527.8053184599 0.0027307735
112768958.6588792205 0.0027422609
112770383.3160168231 0.0027487862
112810488.1107413620 0.0027292702
112772105.4445031583 0.0027418550
117433736.9742388129 0.0027379436
117429340.1866874695 0.0027422460
112771262.3406654149 0.0027390063
112778398.9414042383 0.0027449099
112767904.5158930123 0.0027483177
112769061.7027358264 0.0027523743
117341546.4364349693 0.0027546673
112768294.9777497202 0.0027485068
112793797.9693891853 0.0027527149
112767079.0941083282 0.0027452919
112803065.2990222275 0.0027515051
112771419.9537630081 0.0027439219
112779676.9276629984 0.0027624075
112774314.0566801131 0.0027444901
117338707.6456686705 0.0027516297
112770400.2427204102 0.0027448396
112807467.8731004596 0.0027369121
117432734.7703319788 0.0027460462
112780809.2784728706 0.0027290126
112769207.9811259657 0.0027473957
112812838.4117301404 0.0027482531
112765047.7279303521 0.0027458185
112801312.7505909503 0.0027367379
112767124.3023585975 0.0027452660
112788518.9346198738 0.0027553784
112767515.4913112521 0.0027463513
117336856.4046308547 0.0027521523
112768075.3669779301 0.0027454771
112803642.0691457242 0.0027322040
112768944.8471532315 0.0027458870
117336851.6748248786 0.0027521536
117428577.1233364195 0.0027459149
112767018.1571541429 0.0027434850
117384644.1673843861 0.0027489855
112765753.0039634258 0.0027449902
112778512.6611187756 0.0027477750
117432019.1341733038 0.0027458991
112772118.5043477267 0.0027460157
112765396.2556593865 0.0027438458
112768047.5067924410 0.0027525566
112765304.2762712687 0.0027459219
112766980.4579180181 0.0027475877
112765871.2593050152 0.0027462320
112766627.9091893137 0.0027499704
112765848.1638139486 0.0027462993
112766191.2675856799 0.0027536941
112763779.2186756879 0.0027479385
112769897.7911424190 0.0027428793
117430430.3043627292 0.0027495069
112769065.5342748165 0.0027465647
112765309.6006535739 0.0027502036
112767132.3058244884 0.0027422141
112764791.2702835053 0.0027462120
117429577.5423179418 0.0027413002
117431155.1895861328 0.0027466376
112771044.9788418710 0.0027491186
112764108.1580385864 0.0027459377
112772207.8875620365 0.0027546372
112764827.5903127342 0.0027478535
112791049.9837247729 0.0027488724
112768679.7073870301 0.0027462718
117429580.9833731353 0.0027485727
112766370.9129784405 0.0027479362
117429867.2211697549 0.0027469941
117433601.7980181575 0.0027490232
112764171.6423511803 0.0027478150
112765860.6038916260 0.0027518028
117430188.1035821438 0.0027481978
112765939.0291637778 0.0027473872
117429059.8167918324 0.0027477828
112768318.7354847342 0.0027485892
112769100.2889091522 0.0027471622
117424755.0797475725 0.0027464345
112765179.4289434850 0.0027486999
112764240.6321246922 0.0027472407
117418398.2013699263 0.0027487334
112763651.9609624892 0.0027478672
112769700.3733119667 0.0027484231
117429172.4314402044 0.0027479608
112765266.1611563861 0.0027457185
112764301.2263396680 0.0027475210
112764495.6989819407 0.0027477235
112763469.4293126911 0.0027483492
112765040.2293369770 0.0027491322
112763681.2266183048 0.0027484214
112764282.2281165570 0.0027477816
112763705.4650526643 0.0027484403
112764120.0630878955 0.0027491172
117429995.2762477845 0.0027482423
117430234.3002135605 0.0027472422
112763441.1356725693 0.0027482862
112764743.6618821919 0.0027496663
117429837.1672516763 0.0027477531
112764805.6955776662 0.0027484810
112764257.5288139731 0.0027485543
112764799.3315940797 0.0027472807
112763799.5592489392 0.0027478521
112769294.0657095164 0.0027479086
112763545.8604757488 0.0027485590
112765098.1170813143 0.0027497269
112764223.6533153057 0.0027484368
117424727.5236054808 0.0027495847
117428911.7516524196 0.0027481059
112766634.6552758664 0.0027487832
117429652.0393477827 0.0027491062
112765074.3450473100 0.0027460341
112765259.0186101198 0.0027478759
117429905.7346729934 0.0027482813
112764528.2898232639 0.0027482045
112763346.9618645757 0.0027484705
112764215.0919824988 0.0027495331
117429864.7046065927 0.0027482549
112763442.0960366577 0.0027487843
117429657.1228786260 0.0027485058
117429760.9011587054 0.0027489991
112763407.5072082430 0.0027483175
117429670.6238127202 0.0027476384
112763306.2758433670 0.0027480871
117429607.2009649128 0.0027480373
112763583.3316382766 0.0027480365
112765252.5560924560 0.0027481035
112763364.1314183623 0.0027479626
117429024.7716762125 0.0027480631
112763706.2678098083 0.0027477221
112763498.9127216041 0.0027479216
117429375.9779973924 0.0027476989
112764881.1469274610 0.0027489983
112763307.0239294022 0.0027481256
112763897.0932949036 0.0027477127
117429087.0596259087 0.0027476841
112764051.7109298557 0.0027486244
117429355.2912932187 0.0027479399
112764118.9230176061 0.0027489577
112763342.4060632586 0.0027480295
112763214.2458419949 0.0027469902
117428857.2105436176 0.0027469900
112765056.1792240292 0.0027460647
117428923.1324576288 0.0027469079
117428707.0147579163 0.0027466434
112763294.1865320951 0.0027469703
117427673.2677119225 0.0027464466
117428373.1867765039 0.0027471965
112766921.5157488883 0.0027466856
112763164.1544090062 0.0027471165
112765052.7906234562 0.0027473617
112763263.7788115889 0.0027471375
112764663.2227061242 0.0027471477
117428914.0167737007 0.0027473947
117428494.9239018708 0.0027472819
112763216.3534055650 0.0027470364
112764074.7422607839 0.0027478300
112763493.4960763901 0.0027472092
112764610.7948875278 0.0027470243
117428748.7623872608 0.0027471941
112764700.6863769293 0.0027464728
112763616.4280352890 0.0027470394
112763243.9962958694 0.0027472132
117428595.0149736255 0.0027470757
112763989.4936343431 0.0027470331
112763444.7028500438 0.0027474516
117428711.7797187567 0.0027479954
112763475.8985859305 0.0027470314
112763668.7103747427 0.0027472742
112763381.3972524852 0.0027472047
112763389.1080551744 0.0027471282
117428214.7442888618 0.0027475950
117428871.2422130108 0.0027472251
117428316.3838324100 0.0027469145
112763148.3694754541 0.0027471198
117428847.5459701121 0.0027472729
117428775.1760637015 0.0027470132
112763650.8074397743 0.0027476090
112763146.0449657440 0.0027471805
117428896.0519505590 0.0027473047
117428911.3117377907 0.0027471925
112763556.5961720943 0.0027468175
112763198.9098487794 0.0027472569
112763376.5120120049 0.0027469586
112763286.4137943983 0.0027471789
112763362.7638148367 0.0027466269
112763216.1574347913 0.0027472227
112764096.2508518100 0.0027470718
112763231.3858853430 0.0027471832
112763904.2512430251 0.0027475520
112763160.5295014083 0.0027472624
112763891.6772143543 0.0027475334
112763234.7838263959 0.0027471658
117429081.2653313130 0.0027473804
117428714.6730571985 0.0027471570
112763663.2958190590 0.0027474964
112763576.5185294747 0.0027471187
112764117.6878734529 0.0027465971
112763266.1792348921 0.0027472598
112763148.0893486291 0.0027468028
84887826.0000000000 0.0027468028 1 0 0 0 0 0 0 0 0 0 0 0 0 0 0 