442736729.6440237164 0.0005510867
438237934.1521304250 0.0010496245
440281635.7428564429 0.0003813602
480361848.1665747762 0.0004110700
487417061.5696275234 0.0000745767
522694759.8620157242 0.0000713334
507128729.3072873950 0.0003791402
443297732.9528806210 0.0007070821
463036264.6838690042 0.0003649905
486672481.3384265304 0.0002628258
522320385.1571176648 0.0003900622
423288322.1498808265 0.0005740219
478829429.7539883852 0.0003820071
424269748.9659473896 0.0000454363
416853187.6377879381 0.0015584029
440363876.2700483799 0.0008306737
416474226.1010012627 0.0006120127
438403309.2085257173 0.0012148644
388605141.9509635568 0.0008048868
386914362.2456870079 0.0002138004
350697430.3543086052 0.0003985618
343091848.3661035895 0.0005596251
352612735.3064462543 0.0008635512
332994667.0694067478 0.0008969325
334129797.6631796956 0.0015176126
421331310.6873248219 0.0005064252
366047644.6120798588 0.0002852515
397747878.6725689173 0.0006162085
372014499.6638975143 0.0001736633
312164543.3711570501 0.0024641822
334035577.2942628264 0.0013134802
273625872.9508213997 0.0017077366
250929723.2386643589 0.0034553841
253545035.0229653418 0.0032059333
288658928.7947738171 0.0026235203
276669359.5258433223 0.0035495496
295702181.2964690328 0.0010889009
250200457.8876632452 0.0034126382
279493964.5684995055 0.0036862155
261724988.8620351255 0.0024694638
287879836.4509760141 0.0015630388
255167689.2302306294 0.0009377916
256007740.7852916420 0.0038306243
248242084.4499019086 0.0048564107
217096837.1930053532 0.0061019136
219274815.8752259612 0.0079556502
211426274.8331621885 0.0085096360
221795448.9118868411 0.0108731677
231586519.4391970038 0.0066730946
215539304.3171764910 0.0079528056
265326029.7338551283 0.0017326303
214799150.4889524877 0.0080980147
316527374.1732223034 0.0014425966
208284724.9822379351 0.0093550073
218480759.8823159337 0.0053438617
214911458.7431092858 0.0087069452
244542683.0513381958 0.0211920959
227010586.5453861356 0.0061103639
227816096.7451559305 0.0037866186
226667677.2812692523 0.0060608692
204513218.7332035303 0.0094919518
204758180.9429806173 0.0091994901
218351212.2244568765 0.0087774435
195951334.0150631666 0.0088752463
205135311.0456501842 0.0049772027
199039157.7011256814 0.0087142970
206988032.2844533622 0.0074780418
198737658.1291258931 0.0092366630
201067499.1966582835 0.0071143994
192909845.9879366755 0.0098349473
228820264.8495892882 0.0034936559
191585533.2822428644 0.0111311815
212694092.2893149555 0.0101395297
196089141.7219870687 0.0049161743
219562793.2839016020 0.0011013732
190210458.7702078223 0.0101525780
193166955.7337069511 0.0130985976
200057603.5737489164 0.0176620093
226527348.8230766654 0.0163980503
196402938.5138592422 0.0064480077
213900814.5006788671 0.0070973761
190074524.4756030738 0.0105445123
309298298.9954872727 0.0010721920
205019394.5540994108 0.0101176324
225053563.7666134238 0.0031266608
189596336.7980079651 0.0105629335
201082623.6221105158 0.0052845750
219122706.2256134152 0.0105442077
258697571.5249518454 0.0014305348
203056308.8582322598 0.0086541457
223489579.6469374597 0.0135124140
221144784.1474635601 0.0056119225
200145280.7216174006 0.0264273390
212456815.8112770021 0.0054616515
213473225.8227364123 0.0026340030
191460207.4014990032 0.0118458881
277538324.6584414244 0.0087876281
191935723.1424358785 0.0138908075
200972826.0792838633 0.0000881209
211538613.2536717951 0.0129546027
233026217.5072365105 0.0004966158
196278458.5084425509 0.0120282461
228111472.4539436698 0.0049825107
192930566.5951395929 0.0104477273
229343599.2933004200 0.0061647177
205064270.3041868508 0.0071992813
206520169.8565730751 0.0107281047
183056905.1513934433 0.0127400707
221671172.7042505443 0.0104234483
189846107.8290700912 0.0093685392
202995083.5105104148 0.0055268664
192104235.5418120027 0.0117302888
198166710.3755092323 0.0176663568
184187603.0208376348 0.0107921191
201571694.6135240793 0.0099826586
186916650.6706589162 0.0140310550
215325621.8175910711 0.0027877059
187393853.5467924476 0.0104849138
254262342.1574397683 0.0123187977
188794232.4279043078 0.0148892515
253098553.7601990402 0.0123721128
194726140.4546784163 0.0140366200
186495525.7579662502 0.0127524026
196068821.9868884683 0.0171331496
188219037.9553008974 0.0117733284
198552019.4816486835 0.0102513960
185681338.0756736994 0.0115771691
210731330.5484224856 0.0063516226
187778910.6085229516 0.0114503149
212019454.3383698165 0.0059386765
186382687.5446814597 0.0147162371
202935076.4627083242 0.0094886271
188001486.3518522084 0.0113605317
207647828.3574013710 0.0102113776
188380888.9147367477 0.0158756589
200554201.0269395709 0.0078385411
188061013.8690996170 0.0132374788
194578621.5498811305 0.0145961603
183551422.0863493383 0.0094046541
180719623.2053238451 0.0205948566
183302282.6854590774 0.0167921591
183446908.1998441517 0.0111698149
180970381.5132788122 0.0192387529
179237520.0889308751 0.0224605616
192658849.0781028569 0.0180165254
190154280.7556884587 0.0203073471
194738774.0749520659 0.0205386089
181988251.0774691701 0.0318402157
180257350.9496042132 0.0213465005
201322481.9736387134 0.0154869782
195673830.3393881619 0.0201237972
176114963.6918693483 0.0273414248
175135877.2912127078 0.0250065165
171985580.8777849078 0.0294394371
177043764.9598448277 0.0230452398
166400245.2111159265 0.0395032449
166359602.9147503972 0.0467128697
162347879.8330893219 0.0498479154
166128306.7798252404 0.0475176461
210866363.4619131088 0.0446013534
162642487.6277240515 0.0489857818
158833493.7981080413 0.0592999721
152449683.1053262353 0.0614827261
164487356.9795643687 0.0768228027
152307229.2499302626 0.0681033800
149030029.6094132960 0.0668050726
151230044.7321427166 0.0682165223
163940844.6146517396 0.0726572534
146386145.4725902677 0.0709539181
162444621.3251090348 0.0554024340
154100278.7825220525 0.0584411079
161137189.4492681623 0.0491577005
148687713.9878268838 0.0696471102
145243455.7853337526 0.0824299959
148995908.5957229733 0.0766115620
154827716.0239313245 0.0737567328
146226197.8774698079 0.0843003492
145373520.4300048351 0.1042429559
146368227.3401431441 0.0862733520
164157290.2306375802 0.0695611405
144721013.2654291093 0.0829172707
142993127.7966018021 0.0951054718
146066342.3708896339 0.0929961295
150801966.0348612070 0.0977688641
148825054.7630650997 0.0817995964
153596652.3144678473 0.0763993358
144860888.0336745679 0.0990314236
149830582.5139804482 0.0613338931
141893245.7396224737 0.1002919658
159717896.3751019835 0.0805127572
146346897.1231542826 0.0897141287
132462802.7338043153 0.1466762902
133151966.6440667808 0.1447438552
150891006.9932436049 0.1359518317
137534568.1835516989 0.1452954925
135010061.1154194474 0.1777629283
144585107.1611067951 0.1432159360
135189634.4001628757 0.1434466530
141551683.8025927246 0.1273212569
144239179.3572643399 0.0914620525
130156849.1852523834 0.1593816013
132059885.8928608447 0.2051082313
142951892.6483262181 0.1506092095
129383571.7955335379 0.1673002730
134745226.5191300213 0.1698370299
136080902.2466576099 0.1597526192
141956646.3192726672 0.1591859057
138273930.2244206965 0.1573697190
135527686.0286772549 0.1778389461
127105654.8015118837 0.1880109136
153015472.5554496646 0.1816432018
133923488.2863226235 0.1575055627
141984227.8995516300 0.1720171185
134635888.0618946850 0.1569592818
132023940.0721157342 0.2021770129
139147781.3037721813 0.1988710272
126438833.8634520471 0.1848912522
140805648.5751523376 0.1870819157
139144173.6544372439 0.1692835825
141885573.9335072339 0.1302365313
143642689.7035158575 0.1711726855
132425463.1437098980 0.1470153910
144681377.8008792996 0.1772645048
117451120.0843700022 0.2346305726
118572471.2931273878 0.2390006235
115784183.4245135635 0.3162747192
129313461.4546534121 0.2867427841
144019547.0926277041 0.2266276294
122156353.6442417204 0.3429995077
125257338.7394632101 0.3568864586
115912748.2200044990 0.3167928582
147623503.7996433973 0.2099258691
114911330.0683015287 0.3127783929
114609981.6852497458 0.3115810774
123248568.9670098126 0.2942433281
146403441.4096227884 0.2170826996
114231565.8444386125 0.3100817419
119972135.2406014800 0.2172241808
115239657.6710664183 0.3140901324
129999162.7910013199 0.2485343867
122175557.9483698010 0.2815499442
113418032.3038583249 0.3068814753
118435782.7375693172 0.3271273438
122313316.6388164312 0.2531310119
112257073.0001154393 0.3023652052
111827086.4790786803 0.2971694506
112918597.1623037457 0.3049320125
144086366.7295908630 0.2694350609
147921289.9953236282 0.2827781938
124763528.2235158384 0.3546302012
138572603.7305887938 0.2914880552
122060647.2593004256 0.2333097198
115822012.5727905780 0.3164282102
115544242.4800884873 0.3153116438
112100020.3784132898 0.2959786153
130251959.5008356571 0.2017835241
136224957.4972795248 0.2782004778
132213261.1353836209 0.2484197221
132791209.5664562434 0.2842458269
147586823.2355589569 0.2887354653
113102788.9608082771 0.3056499542
142661385.3765764534 0.2815679443
112906729.3598131984 0.3048853003
120043553.8260670751 0.2351829297
121542988.7666103244 0.3403279249
122933902.6576828659 0.2314508381
113053036.5930192620 0.2993997345
122719839.1030765772 0.2656692440
136988413.3669966757 0.2860351647
129972365.2273952365 0.2053221369
111961932.0716381669 0.2947927153
120359524.6094786376 0.2527255549
115458307.0015047938 0.3149660675
118954505.8557196558 0.2329514582
112604551.9902837574 0.3037113346
125583992.1570699960 0.3583876140
112250089.4332844019 0.2972910076
130594245.4818983227 0.2424509774
128702799.6295803934 0.2714307433
118752751.2653158009 0.2328553471
112250595.4843021035 0.2958236169
120183968.5276036114 0.2198600340
112926697.4634819329 0.3049632228
112427724.2527222633 0.2996476288
112028613.2400124818 0.3014837074
120760889.8556195050 0.2306294819
113136367.8444210291 0.3057803756
146882731.8177002668 0.2795368585
140772836.2013878822 0.2931543005
124012339.0303593129 0.2097514650
112409646.4305172861 0.3029555881
136049594.1407104135 0.2674725613
137097732.4123472273 0.2853616800
132914695.0591245592 0.2642503457
137278392.3215936124 0.2893958429
134680185.6565048099 0.2509032366
138893233.4718520343 0.2891561957
117638985.8861695677 0.2416930072
111990660.3560391366 0.2983407327
131749061.9687554389 0.2642097490
138270406.0138213038 0.2857793668
133099012.4629523754 0.2703046525
120027082.6274915934 0.2380947759
139409839.5027678013 0.2860157820
132437293.9321865290 0.2833229752
139952980.4337857068 0.2918145466
116753985.0223170370 0.3202034898
112248971.2294305861 0.2982145656
112321919.3795235157 0.2952452314
140772624.9967010319 0.2954425466
135308226.9154480398 0.2915754226
112343897.6824936420 0.3027011711
111989511.3770886064 0.3013328612
111863183.4449736625 0.2969382776
141888492.9162961245 0.2931460158
112166421.7084123343 0.2970512044
112726281.0686400533 0.2961285202
112150261.9435194582 0.3019528506
113268558.7575580478 0.3062973119
111910976.8682961166 0.3010303578
134125131.6384064257 0.2739441882
141049575.0577903986 0.2940805347
112622302.9923851490 0.2973713056
112687047.1612523049 0.3040311827
112000321.5974352211 0.2966906274
112502044.7791936696 0.2994489018
138891327.5739034414 0.2894898920
140847519.7610429227 0.2960102981
112095005.0362204909 0.3017395597
140219060.4968363345 0.2937723684
139913634.9865105748 0.2939541002
112106645.0337924808 0.2966077158
112292644.8024795651 0.3025025012
139675340.5342625678 0.2921401120
114705261.9779729098 0.3119598453
139303372.8562527001 0.2907474007
113645739.6651801914 0.3077749234
139053907.9318095446 0.2897540263
113806085.2374288887 0.3084045931
140869052.5171248019 0.2954046511
138859877.8546089530 0.2860916799
140407334.6897766590 0.2952100682
137893269.8849993944 0.2830176393
112386162.9904107898 0.3028646838
142142818.0483272970 0.2900847020
112064834.6257513762 0.2967894253
134018570.9804727584 0.2792649756
111924499.1885076016 0.2955339692
111756337.7332274318 0.2983118608
137839602.1316069663 0.2880589951
119980078.5291481614 0.3336191255
112157141.4672398120 0.3019795106
112611896.1656451672 0.2991407408
111697788.5831093788 0.3002104852
112172885.4830671251 0.3020404370
139663460.1468555033 0.2952476777
114793140.0567043275 0.3123094027
139778315.3780935407 0.2952274568
116635310.4911292344 0.3197203462
113399366.1941330880 0.3068086547
111877765.3111512065 0.3009023283
112094461.2721402198 0.2986740708
134424705.9314147234 0.2811528080
111887801.3886329383 0.2983185792
114253126.0733182579 0.3101678245
111701030.2924525291 0.3002229383
139737592.5184730291 0.2877132818
141098252.7213810384 0.2966199655
111772619.3194967210 0.3004978565
140705978.3670439720 0.2972678051
112038895.8884116709 0.3015231591
113985941.2065434158 0.3091127789
111870236.0351057351 0.2988738531
113480358.4861525446 0.3071258358
111691413.5459627956 0.3001859475
140020790.0035395026 0.2951885965
112222271.4441507906 0.2998321348
112514819.3845902979 0.3033630579
112254407.6903568208 0.3023550837
113525724.2599179000 0.3073036984
111738622.1455710530 0.3003672887
139272079.3852082789 0.2952620453
112024243.8672817647 0.3014666709
138003004.1407446265 0.2956314084
111905228.4904375076 0.2982676029
114398479.7533675134 0.3107426519
111757308.1793450862 0.3004391709
112271707.8359803557 0.3024219345
111991967.9155885875 0.2984256918
112884768.4584935904 0.3047997623
111857628.3581103832 0.2990548111
111876536.6356837004 0.3008977642
111822288.9570496976 0.3006889724
111854193.4327902347 0.2991064319
112012241.0580074340 0.3014203609
142896677.2593801618 0.2949897720
112574666.0059138983 0.3035949916
113484876.0534914732 0.3071435645
140717452.8018170297 0.2965535290
112038453.7373489887 0.2986764505
112059878.8991596848 0.3016040655
116326614.5831146240 0.3184667323
140668970.9741118550 0.2968150367
112022568.2046819627 0.2992425722
111672416.0019934475 0.3001130457
137513456.2817730308 0.2870606685
111820939.7540666312 0.2981699219
114151916.4778397381 0.3097678735
112137708.5435386151 0.3019044392
112042789.9915010035 0.2994965801
112101973.0125916600 0.3017664534
115052732.4952689707 0.3133437975
111820357.7493457049 0.2991277907
112696272.9875854850 0.3040670356
111802107.6940069795 0.3006114097
112768723.2935273349 0.3043487105
111717073.3385533988 0.3002845877
112052181.2721026838 0.3015744654
111853040.0471512973 0.2980815307
111781297.1411931664 0.2988772725
111703223.2166132927 0.3002314170
111728455.0813157856 0.2987294757
112029981.9538425058 0.2996188538
111900930.1439534277 0.3009916731
111841371.3405078501 0.2983828918
111918855.5755111426 0.2993922758
112094450.3350845426 0.2992318514
112058847.5836631209 0.3016001168
112090883.1038571447 0.2998063506
111922266.8220859617 0.3010737893
112140887.5485545993 0.2998042786
111778523.6624750644 0.3005207400
114037739.0439076126 0.3093170662
111645210.3270439655 0.3000085681
111660376.3489522934 0.3000667432
111820642.1988504678 0.3006826767
112614512.5394572318 0.3037497295
111941663.5302873105 0.2995568861
111743124.5150191635 0.3003845856
111849023.6288303286 0.3007918660
112915323.6139538139 0.3049188537
111803697.0866922438 0.3006175128
112030625.1460635364 0.2997504740
112017999.7862049490 0.2986715222
138287286.9105206728 0.2882784615
112019380.5557610840 0.3014479241
141797044.5815544128 0.2969109716
111816683.8820757270 0.3006674597
113324389.8205128014 0.3065152374
112119722.9327531159 0.2999898844
111869108.9818718284 0.2982955057
111776462.9090812802 0.2980168005
138705153.1419024169 0.2890435753
111796597.5695202500 0.2990332733
111819997.5371921510 0.3006802051
140571632.9932402670 0.2940966577
112117962.9344969988 0.2999414357
112834115.5314787924 0.3046028158
111690995.7713235915 0.3001843668
112550474.9912837446 0.3035012018
111786371.6925781816 0.3005508947
111876614.0731068403 0.3008980701
111644284.8658065945 0.3000050107
112010489.1664435416 0.2997040962
111703455.0472647548 0.3002322414
111753797.1998649091 0.3004256652
111697694.8710626513 0.3002101177
112110520.8690836728 0.2986740091
111969315.3627612889 0.2995573288
111900493.3583185822 0.3009899452
111711978.3048809320 0.3002649731
111887807.4751723111 0.3009411690
111692520.0755989701 0.3001902192
141364945.6139234006 0.2970686993
111682414.9097693115 0.3001514249
111882181.2313555777 0.2992802188
111656438.2720124274 0.3000516764
111847123.5206170380 0.2991347032
111653734.7472386211 0.3000412902
112228751.8672581613 0.3022559401
111876877.7838069946 0.2993471104
141111892.6069834530 0.2956086357
112102351.4683820605 0.2999197018
111805419.3501049280 0.2992270935
111676251.7697530240 0.3001277646
140762843.0046381950 0.2946273119
111962210.4598076791 0.2994919460
141289160.2703095675 0.2956907580
111972395.3125487417 0.2995549250
111783430.7087655216 0.2990063886
111646606.6831083000 0.3000139125
141578019.7199945450 0.2965909923
111695917.0325483233 0.3002032831
112111251.9747264236 0.2987941263
112057526.4338602871 0.2998475633
141626742.7733714879 0.2966798461
111774108.4675514400 0.2992688682
112118340.6272941977 0.2978020603
112120140.4588784426 0.2999287420
111807564.0180311501 0.3006323878
112104425.4195345789 0.2999030107
111980948.3641874343 0.2995712005
111655014.8179736733 0.3000462017
111799718.8015150577 0.3006021870
111674249.1852609664 0.3001200553
111888837.4495121986 0.2992682568
111677063.5253227353 0.3001308741
111965355.0787978619 0.3012397323
112136314.9153206944 0.2999686340
111755703.3378614187 0.3004329916
112148079.3462945968 0.2999957767
112070826.0946718454 0.2997788024
112104638.3533188850 0.2998880696
112058724.2649709135 0.2987539659
112111662.8759878874 0.2999370413
112113173.0459155589 0.2998862551
111771126.4742778838 0.3004922742
111877170.4419223219 0.2992329703
112105492.3979871124 0.2998866409
111669614.4735960066 0.3001022596
111684398.5985914320 0.3001590362
111862508.8088336587 0.2992088341
111683843.1178289801 0.3001569037
111701276.5395875275 0.3002238904
112123568.9287404865 0.2999128390
112134427.1915272176 0.3018916737
112126852.4594581276 0.2999621967
111893171.2626920044 0.3009617608
112124011.6798722893 0.2999148900
112099980.5437350273 0.2999606355
111652140.5099901110 0.3000351651
111775343.6255578399 0.2991164829
111965243.1466674805 0.2995340662
111887354.9640952796 0.2992184778
112039066.1736585796 0.2997149490
112010895.5683532357 0.2996839550
111696329.5256431997 0.3002048615
111732889.8075357080 0.3003453203
111645941.4806453437 0.3000113680
111940717.6943326741 0.2984112745
111646222.4764954895 0.3000124458
112104285.6629830748 0.2998645465
111697837.4120090604 0.3002106543
112057388.6059450805 0.2997968184
111720650.3877078295 0.3002982947
111984143.5916218907 0.2995098383
111715429.1692080349 0.3002782304
112001176.8915438056 0.2995920348
112082288.4563414603 0.2998322563
112129266.6986347437 0.2999350620
111838944.7173133343 0.2991759430
111791055.8895456344 0.2990932357
111672133.0271240026 0.3001119312
111653076.6766872257 0.3000387623
112063265.1010432988 0.2997722240
112100618.3214954287 0.2998764604
111685619.8204356134 0.3001637299
111654577.1863973439 0.3000445234
111703956.0575453639 0.3002341542
112110032.0051770806 0.2999142505
111727124.1601842791 0.3003231628
111658232.6649741679 0.3000585590
111679740.8267011493 0.3001411488
112113993.1966860145 0.2999211762
112149416.2427720129 0.2999934282
112138472.1090662777 0.2999825826
111779107.2345897406 0.3005229552
112132441.6336553991 0.2999664257
112142787.0039911419 0.2999863870
112139100.6045997292 0.2999790989
112117226.9511948824 0.2999160049
111643966.5928312540 0.3000037884
112083152.8575398177 0.2998561324
111646417.2054183334 0.3000131971
111714963.7247347981 0.3002764369
111646715.2421698272 0.3000143382
111710866.0049842745 0.3002607049
111647659.2075573951 0.3000179654
111765191.3736327887 0.3004694605
111668831.9093444645 0.3000992581
112103334.1405976713 0.2999198208
111646511.9746613055 0.3000135606
112115662.0447627455 0.2999563770
112134078.4391087890 0.2999799564
111661423.0934837908 0.3000708093
111655138.6964024007 0.3000466783
111670401.2845105976 0.3001052784
112132786.7972075343 0.2999762385
111656492.9116107374 0.3000518771
111660399.4084791392 0.3000668776
111704279.8315641731 0.3002353983
111649536.5014607459 0.3000251713
112106196.7636705637 0.2998925131
112136624.4644722641 0.2999885966
111645742.0197441578 0.3000106043
112120839.4852451384 0.2999517368
112121494.0275063068 0.2999449736
112124137.8322415501 0.2999689310
112124470.5363111049 0.2999538696
112139676.8886148483 0.2999891060
111644797.0230058581 0.3000069758
111647685.8728785515 0.3000180686
112111472.3042665422 0.2999229995
111658608.4205397367 0.3000600009
112134046.5309669822 0.2999821896
111683452.5384739935 0.3001554033
111651517.5372551680 0.3000327756
111645611.3354777247 0.3000101004
111651958.4295663834 0.3000344687
112083029.6587691158 0.2998329887
111645602.7461235523 0.3000100696
112138426.7951458544 0.2999939653
111654604.1578627527 0.3000446257
111645083.3723486811 0.3000080757
111661270.0756298155 0.3000702202
111644005.4936097264 0.3000039377
111654298.4091345072 0.3000434533
111644944.1778519601 0.3000075413
111655296.8965758681 0.3000472875
111651288.3311972469 0.3000318964
111648114.0297912955 0.3000197099
111651954.1424278468 0.3000344527
112139983.4988916069 0.2999954875
111643925.1654713005 0.3000036294
111663384.1319529116 0.3000783376
111643165.1980495453 0.3000007120
112130237.8409129232 0.2999758963
112131579.4965684414 0.2999731862
111681959.7883308828 0.3001496694
112128421.7512477487 0.2999664330
111659780.9883046001 0.3000645019
111644562.4083267450 0.3000060755
111664160.4678132683 0.3000813192
112140774.4923627377 0.2999980858
112135064.2255250514 0.2999843168
112139431.9470070899 0.2999958618
112137616.5696530193 0.2999866760
112136189.0198502988 0.2999892055
112135379.9786657393 0.2999770058
112130916.6325199157 0.2999736401
111655226.0653303713 0.3000470136
111643627.5310321301 0.3000024865
112126748.4599149972 0.2999681997
111646044.5650357306 0.3000117651
111643028.4272731841 0.3000001870
112138974.6732070893 0.2999921029
111642860.9337809831 0.2999995441
111649478.5219281316 0.3000249482
111642707.0460021943 0.2999989534
111663715.4365858734 0.3000796100
111644672.6545237601 0.3000064993
111651653.9309452772 0.3000333012
112139280.5138582736 0.2999954542
111647255.8562694490 0.3000164156
112138996.4930299222 0.2999953271
111644541.7869602591 0.3000059965
111644409.9141529053 0.3000054903
111645961.7503182888 0.3000114474
112139408.3691020012 0.2999968075
111644307.0994950086 0.3000050959
111642915.6257866174 0.2999997542
112138197.3374154270 0.2999937329
111644094.8688192517 0.3000042809
112135738.5661015958 0.2999898184
111644419.6761553138 0.3000055279
111644474.8307933807 0.3000057388
111644400.0214110166 0.3000054526
111645826.2033130080 0.3000109271
111644494.1351616085 0.3000058139
112137162.3949160278 0.2999935759
112139170.2863526195 0.2999958655
111648032.9514361471 0.3000193995
112134066.5613332093 0.2999854474
112137179.8696109653 0.2999922033
111643213.6964996904 0.3000008984
111643248.4759942591 0.3000010320
112139619.5300987810 0.2999977191
111646076.1952939481 0.3000118873
112138815.6432974190 0.2999951902
111646620.3150025010 0.3000139762
111643629.8103393614 0.3000024958
111645822.7927666605 0.3000109141
111643128.5092727393 0.3000005713
112137117.5509187579 0.2999909304
111643253.6745819896 0.3000010518
112138204.6263616234 0.2999930229
111643711.4503231645 0.3000028091
111647775.4867409766 0.3000184106
112138407.5727562457 0.2999939354
112136640.1097628176 0.2999896792
111642912.6482385993 0.2999997426
111644600.2542618811 0.3000062214
112139049.7818004042 0.2999955236
111646003.1243806630 0.3000116065
111643678.8614722043 0.3000026840
112138305.2704161704 0.2999934681
111643559.0058691800 0.3000022239
111644810.4546401650 0.3000070281
112139238.1398376077 0.2999958596
111647346.5125260949 0.3000167634
111642994.0748335421 0.3000000553
112140240.6104744524 0.2999982886
111643159.4573512524 0.3000006901
111642687.0918689966 0.2999988767
111645345.1052924544 0.3000090805
112139600.9039412737 0.2999966698
112137658.6705631316 0.2999922696
111647039.4192035645 0.3000155851
111643804.8395428360 0.3000031675
111644939.0190990567 0.3000075220
112139781.6694054306 0.2999980217
111643241.7088233083 0.3000010060
112139487.8301546127 0.2999970939
112139338.4819295257 0.2999954576
112139028.2962342799 0.2999957522
111643657.3646273911 0.3000026009
112138188.1382719725 0.2999933611
111646130.6827076674 0.3000120961
111644918.7879836410 0.3000074439
111646732.5638090223 0.3000144066
111643015.2401271611 0.3000001364
111644929.5777335167 0.3000074853
112139074.0817406774 0.2999958335
111644114.1573382020 0.3000043551
112135823.3486319482 0.2999869312
111651163.5841375887 0.3000314179
112135398.3268717378 0.2999865121
112139611.1581628323 0.2999971815
111644930.3798869401 0.3000074882
112139578.2192150652 0.2999971285
111643991.0475120991 0.3000038825
111642900.6001649201 0.2999996963
112138742.1884552538 0.2999945292
111642698.3308845013 0.2999989198
112139535.0525485426 0.2999974491
111642749.6909300089 0.2999991170
112139335.0930546671 0.2999970746
111642878.7035726458 0.2999996123
112139861.4961276352 0.2999972476
112139829.1436541528 0.2999978113
111644742.4380203635 0.3000067669
111642969.2825658768 0.2999999600
112140100.2778359354 0.2999984425
111642971.8821076900 0.2999999699
111644140.4678186476 0.3000044560
111642941.0184484422 0.2999998515
111647035.6567067355 0.3000155704
111642987.0601760000 0.3000000283
112137276.7114202827 0.2999911444
111642666.4544553310 0.2999987975
111644370.7130414844 0.3000053398
111646328.3708528727 0.3000128549
111642972.3916925341 0.2999999718
111642659.3522549421 0.2999987702
112139807.2565987259 0.2999977315
112140181.1901742667 0.2999986178
112139975.8468514383 0.2999981156
111643093.3377184272 0.3000004362
112139842.7691209018 0.2999976078
112140084.6285981387 0.2999983913
111642779.5560349971 0.2999992316
111642703.9341568798 0.2999989413
112140062.8009599447 0.2999981188
112139864.3592256755 0.2999978538
112139787.6734698266 0.2999981002
111642802.0738713145 0.2999993181
111643317.6505808681 0.3000012973
111643029.7138853371 0.3000001920
111643190.3341212571 0.3000008086
111642739.9427572191 0.2999990796
112139081.1756354570 0.2999958071
112140076.4311491847 0.2999983634
111643758.1194689125 0.3000029882
111642806.5358401835 0.2999993352
112140184.5628576875 0.2999986304
111643122.6305405945 0.3000005487
111642733.7943119854 0.2999990560
111642716.4075786322 0.2999989892
111642960.5960753709 0.2999999266
111642693.3174288720 0.2999989006
112140017.9702806175 0.2999981732
111643060.2598773092 0.3000003092
111642864.2140495032 0.2999995566
112139772.0114188939 0.2999975125
111642713.2838416696 0.2999989772
111643318.6537369341 0.3000013011
111642750.0396630168 0.2999991183
112139135.4544778913 0.2999957399
111642707.8354255259 0.2999989563
111643261.9310011417 0.3000010834
111642699.2956495732 0.2999989235
111642851.5066430420 0.2999995079
111642709.2070506215 0.2999989616
111643186.9855999351 0.3000007957
111642629.6849698573 0.2999986563
111642894.1686943173 0.2999996716
111642691.4842294604 0.2999988936
111644154.1651626080 0.3000045085
112140069.3144868314 0.2999982601
111642651.1652376503 0.2999987388
111642794.6573637426 0.2999992896
111642624.4375851750 0.2999986362
112140072.2244668305 0.2999983322
111642660.4511231035 0.2999987744
112140116.1357735544 0.2999984678
111642645.1189873964 0.2999987156
112140114.0968962908 0.2999983049
112140151.6047479957 0.2999985050
111642742.0244905651 0.2999990876
112140196.5064705461 0.2999986118
111642747.4797939062 0.2999991085
111642658.8354186267 0.2999987682
111642674.7313175648 0.2999988292
112140074.0916149169 0.2999983043
111642919.7931159586 0.2999997700
112140191.3318991959 0.2999985987
112140144.1987068057 0.2999984916
112140167.3478775173 0.2999985267
111642643.3151746839 0.2999987086
112139970.6850924492 0.2999980929
111642635.0201422721 0.2999986768
112140119.3662609309 0.2999984116
111642741.0980319381 0.2999990840
112140185.9626567066 0.2999985792
111642692.8988452405 0.2999988990
112140166.8792133480 0.2999985452
111642684.1169932634 0.2999988653
112140064.2695036530 0.2999982623
111642838.1776217520 0.2999994567
111642625.2013484985 0.2999986391
111642843.6096847206 0.2999994775
111642637.2456170321 0.2999986853
112140121.0215874016 0.2999983719
112140191.3942361176 0.2999986026
112140166.5151145011 0.2999985666
112140110.0786144584 0.2999983688
112140052.9574975520 0.2999981902
111642640.2899840176 0.2999986970
112140173.7052771300 0.2999985183
112140176.3663615286 0.2999985735
111642737.2663623691 0.2999990693
111642638.9025032967 0.2999986917
111642847.1686147451 0.2999994912
111642647.7979735732 0.2999987258
111642800.6475933045 0.2999993126
112140189.5202821642 0.2999985947
111642740.9320878983 0.2999990834
112140183.8913976103 0.2999985862
112140139.8214879185 0.2999984252
111642639.1924881786 0.2999986928
111642696.6914595962 0.2999989135
111642647.5276017934 0.2999987248
112140177.9402227253 0.2999985960
112140186.7303056717 0.2999985850
111642670.6514339745 0.2999988136
112140190.7288229316 0.2999985981
112140180.0734141171 0.2999985908
111642623.6185230166 0.2999986330
111642627.9968128055 0.2999986498
112140188.4412722737 0.2999985861
111642832.3393094987 0.2999994343
111642827.3834306300 0.2999994153
111642691.2154509574 0.2999988925
112140188.2136620581 0.2999985841
112140155.6515157074 0.2999984850
112140199.2745582759 0.2999986164
111642650.1362074465 0.2999987348
111642636.8640156090 0.2999986839
112140205.3573139012 0.2999986270
112140190.1128765345 0.2999985840
111642707.0114072561 0.2999989532
111642624.4837472886 0.2999986364
112140208.7781592160 0.2999986222
112140202.7299177349 0.2999986140
111642656.6713882387 0.2999987599
111642643.8701733500 0.2999987108
112140027.2759013921 0.2999981661
111642652.3275616914 0.2999987432
111642623.7175238729 0.2999986334
111642630.7671635002 0.2999986605
112140152.8702030182 0.2999984952
111642628.4850558192 0.2999986517
111642683.8032492548 0.2999988641
111642624.3019055873 0.2999986357
111642647.0755472481 0.2999987231
111642644.0697717518 0.2999987115
111642664.2719940096 0.2999987891
111642634.0953926742 0.2999986733
111642650.1227924228 0.2999987348
111642632.2088532597 0.2999986660
111642674.6362370998 0.2999988289
112140207.5628827959 0.2999986246
111642630.6794532239 0.2999986601
112140174.1685719043 0.2999985499
111642710.9331084043 0.2999989682
112140189.2992474288 0.2999985903
111642653.1478441209 0.2999987464
111642634.0928234458 0.2999986732
112140132.8533011526 0.2999984352
112140191.6710952967 0.2999985921
111642659.8439644128 0.2999987721
111642635.8927096277 0.2999986801
112140172.9586262107 0.2999985427
111642649.7082579285 0.2999987332
112140201.7591582239 0.2999986211
111642664.8931953311 0.2999987915
111642626.3999428600 0.2999986437
111642673.1987554282 0.2999988234
111642632.2414491773 0.2999986661
112140180.8384823799 0.2999985627
112140187.1700203866 0.2999985825
111642624.5313129425 0.2999986365
112140204.1462183446 0.2999986263
112140154.1871972829 0.2999984936
111642625.7230287194 0.2999986411
111642657.7311827391 0.2999987640
111642630.1586177796 0.2999986581
111642669.7235595435 0.2999988100
111642625.8574053645 0.2999986416
112140175.6677384526 0.2999985541
111642631.9590581208 0.2999986650
111642659.1103270948 0.2999987693
111642623.2134570479 0.2999986315
112140173.8407677859 0.2999985543
112140189.2507148534 0.2999985869
111642694.2550191730 0.2999989042
111642628.9048550427 0.2999986533
111642653.8309684098 0.2999987490
111642626.4593653828 0.2999986439
111642643.5156058818 0.2999987094
112140205.6114935428 0.2999986302
111642658.9800153673 0.2999987688
112140200.5297475159 0.2999986145
111642645.3218526989 0.2999987163
112140195.3469462693 0.2999986034
111642651.4333367348 0.2999987398
111642624.5021782964 0.2999986364
112140176.9646482617 0.2999985600
111642631.9917344600 0.2999986652
112140196.1270404160 0.2999986019
112140203.2697132528 0.2999986294
111642633.1647846699 0.2999986697
111642625.3369411379 0.2999986396
111642645.1864493787 0.2999987158
111642624.2615716457 0.2999986355
112140203.4195018560 0.2999986246
111642629.5008708239 0.2999986556
111642626.0299266130 0.2999986423
111642630.9488713592 0.2999986612
112140204.6833098978 0.2999986276
111642626.0514278114 0.2999986424
112140199.3035177439 0.2999986112
112140203.4378184825 0.2999986251
111642628.3294640779 0.2999986511
111642633.0392616838 0.2999986692
111642623.4745011330 0.2999986325
111642632.3056710809 0.2999986664
112140200.3089568615 0.2999986118
111642627.5156174302 0.2999986480
112140205.2467498630 0.2999986299
111642624.6727346927 0.2999986371
112140203.2650062144 0.2999986239
111642628.7628816068 0.2999986528
111642625.8168244958 0.2999986415
112140201.7877859920 0.2999986218
111642625.8979310244 0.2999986418
112140193.8978873491 0.2999985971
111642624.8779108971 0.2999986379
111642628.3072263002 0.2999986510
112140200.0588403791 0.2999986155
111642640.2285023183 0.2999986968
112140205.4473637491 0.2999986296
111642627.9347088039 0.2999986496
111642625.6695628315 0.2999986409
111642624.5138490796 0.2999986365
112140205.7140198797 0.2999986299
111642624.8293825835 0.2999986377
111642623.3097966462 0.2999986318
111642629.3125889897 0.2999986549
111642624.6569387764 0.2999986370
112140201.9627025127 0.2999986197
112140204.1497208029 0.2999986264
111642637.1816923469 0.2999986851
112140202.8237514347 0.2999986226
111642631.0703791976 0.2999986616
112140203.8002657741 0.2999986259
111642623.1695126444 0.2999986313
111642624.5571240485 0.2999986366
111642623.8100335002 0.2999986338
111642626.3273789585 0.2999986434
111642623.5184983462 0.2999986326
111642624.0267808884 0.2999986346
112140205.7881519049 0.2999986304
111642626.1861284524 0.2999986429
112140205.5899892002 0.2999986300
111642623.8955015093 0.2999986341
112140205.8996502906 0.2999986304
111642626.4356883615 0.2999986438
111642624.2952973247 0.2999986356
111642625.5582332760 0.2999986405
112140201.7089473307 0.2999986198
111642627.1260087341 0.2999986465
112140204.5336344540 0.2999986272
111642630.0227072686 0.2999986576
112140203.7516370118 0.2999986246
111642631.1438496113 0.2999986619
111642624.3497727960 0.2999986358
111642627.1566444188 0.2999986466
111642623.0532477796 0.2999986309
112140203.0446166843 0.2999986240
112140205.1249378175 0.2999986286
111642625.4181286693 0.2999986399
112140205.3813926578 0.2999986295
111642631.0272984207 0.2999986615
111642624.6863351166 0.2999986371
112140205.5980676264 0.2999986294
111642623.6988971233 0.2999986333
112140205.5781143159 0.2999986291
111642623.7404515892 0.2999986335
111642623.3238812685 0.2999986319
111642623.5673079491 0.2999986328
111642623.2352721542 0.2999986316
111642623.2133921087 0.2999986315
112140205.1168779582 0.2999986287
111642624.1415324062 0.2999986350
111642623.5775466710 0.2999986329
111642623.2711443305 0.2999986317
112140205.3323193341 0.2999986291
111642623.6560720354 0.2999986332
111642623.3299900442 0.2999986319
112140193.6996728629 0.2999985983
111642623.3249892443 0.2999986319
111642626.8598978370 0.2999986455
111642623.1770114303 0.2999986313
112140193.6996728182 0.2999985983
111642623.0615722984 0.2999986309
111642626.5228018314 0.2999986442
111642623.3557585776 0.2999986320
112140193.6996727437 0.2999985983
111642623.0427922308 0.2999986308
111642627.1579708606 0.2999986466
112140205.8673307598 0.2999986305
111642624.1841875911 0.2999986352
111642623.1732607335 0.2999986313
111642624.4550196975 0.2999986362
111642623.5924817026 0.2999986329
111642626.7325135618 0.2999986450
111642623.0737867057 0.2999986309
111642625.2008184791 0.2999986391
111642623.2449890375 0.2999986316
112140193.6658994853 0.2999985983
112140205.3170706034 0.2999986291
111642624.1499801725 0.2999986351
111642623.0866952240 0.2999986310
112140193.6658994853 0.2999985983
111642623.0000000000 0.2999985983 0 0 1 0 0 0 0 0 0 0 0 0 0 0 0 