755065182.3629809618 0.0000009890
721205909.8232827187 0.0000003415
725711628.9155536890 0.0000000584
728090099.9434628487 0.0000000015
885283259.1777781248 0.0000000969
738889313.8995803595 0.0000000164
801692782.2471399307 0.0000000007
733109699.6567593813 0.0000012535
782380427.3419295549 0.0000000025
846984567.3480819464 0.0000000007
888266833.6242043972 0.0000004952
692590189.2093180418 0.0000000479
743030234.5809197426 0.0000000568
689483403.0518571138 0.0000004368
672771812.3973429203 0.0000018952
736011278.5912089348 0.0008397408
738111058.5198712349 0.0000009135
623299332.4234641790 0.0000032554
606734287.0923308134 0.0000043206
602708325.5855396986 0.0000046900
581313525.3749437332 0.0000006809
563559825.3859707117 0.0000004642
650115893.5314978361 0.0000022454
525525070.9144950509 0.0000002651
512219175.0717381239 0.0000000557
739531477.7897889614 0.0000011163
621289031.1518404484 0.0000000994
556712134.5244958401 0.0000010604
590238622.8430274725 0.0000022276
468453353.8605788946 0.0000028870
538935808.0215170383 0.0012791812
300792361.7475603223 0.0007189977
351993182.0124645829 0.0073606906
318559870.5053543448 0.0006157463
361086836.4960251451 0.0010936327
306943741.8204110265 0.0008251075
310469119.7123812437 0.0002971422
295687032.8612749577 0.0008208267
330022785.9274396896 0.0005107653
301990368.0351008177 0.0005938612
345320117.0143958330 0.0001797676
296340926.3549957275 0.0007268017
347114671.1843823195 0.0001789625
297670795.6240645647 0.0003469111
322886579.8432570100 0.0000012843
303188021.2760748267 0.0007967030
293234845.9014121294 0.0022025897
295811969.6927538514 0.0021807735
444318287.9869457483 0.0007106018
300984941.9827798009 0.0019449169
300307023.4346528053 0.0020578801
291426094.0006868243 0.0024441300
323685755.0196238756 0.0069352535
276997635.5964042544 0.0025008261
263685862.7572389841 0.0035591181
272526915.8356900215 0.0031291511
275837300.0627859831 0.0012308240
267769489.9140325785 0.0030785100
315791850.3095979095 0.0006723835
292591384.8085972667 0.0032597965
293927816.0413038731 0.0651418920
269726771.0311753154 0.0044288997
308497350.5494042039 0.0002398140
265399803.8113042116 0.0033741877
272022455.1855829954 0.0092998525
258440860.3849888146 0.0034675284
259233278.5858071744 0.0001388292
255729033.5267317295 0.0019435595
223032380.2903723419 0.0012139990
220411573.9558373392 0.0013865138
276606812.5177507401 0.0001075759
237726628.8335349858 0.0015159467
256218138.4112205505 0.0000550559
224047863.1897185743 0.0015010538
237493508.5567027628 0.0000830029
219385892.3065928221 0.0018550288
282286905.6353602409 0.0005610550
219779007.4798817635 0.0013776834
281067417.8790721297 0.0013556497
224181370.8214763403 0.0024594990
244424628.6091281474 0.0000449559
224949471.1429631114 0.0010308526
294966284.3954219222 0.0013825415
218985276.0830610991 0.0013463278
276717205.2194008231 0.0011520871
226127160.0114223957 0.0008302638
245693463.4401855767 0.0006506013
220123786.9429260492 0.0013156923
229308186.7486612797 0.0000178783
217111832.1808986366 0.0013278430
226679916.1864967644 0.0722277343
219018115.4858077466 0.0017428002
243896409.1733809412 0.0009647610
217238949.5963374674 0.0013538465
222799286.7541860938 0.0012127178
218092074.2615837753 0.0003553347
209238918.1179561317 0.0001545037
224087935.5863583684 0.0011971641
210247883.2666603327 0.0006516603
222474659.6428201795 0.0005895390
242352288.1032544076 0.0006117795
203468905.5835397542 0.0012125641
235813404.8815040588 0.0000608522
200292649.0448111892 0.0041281578
246988732.5969577730 0.0003647924
206716250.8278152943 0.0025552882
223595335.2140958905 0.0059755377
216672266.3872613907 0.0031038861
233248095.8337704837 0.0046232692
200500180.6081985831 0.0038891026
233847843.5624446571 0.0247123008
211882434.5189168751 0.0022821228
234786283.6048541367 0.0122220382
189686267.8110157847 0.0042111517
222726770.3132146895 0.0090135036
187438204.1374746859 0.0033479789
180469275.9083325565 0.0000543263
187831720.8476263285 0.0000041184
239508727.4744957089 0.0004724392
184612040.2062147558 0.0001349117
271549867.4510487914 0.0000180721
190001083.1063439250 0.0003000504
193799598.4375059605 0.0000804104
196838610.8328141868 0.0000145136
197148796.5627184808 0.0040361082
186920684.2662557065 0.0003284218
232935215.7381915152 0.0015193971
178889608.3896109462 0.0000801048
221367320.2890829146 0.0000007952
191914411.4071244299 0.0005650845
210854114.3811409771 0.0120877602
184046520.4550066590 0.0000990092
178641182.0145673752 0.0000281043
190042518.9919151664 0.0086827620
177147696.8812298477 0.0000026146
188264513.0017209947 0.0000243936
179534447.9017108679 0.0000000059
188959814.3309759498 0.0005212632
177390471.7616206706 0.0000144716
191997304.3167250752 0.0003779713
178086021.8485463858 0.0000822251
205376933.6410025358 0.0000013259
178396241.3774438798 0.0000409662
180938385.4583819509 0.0033012889
178909014.2951885164 0.0001257243
177327392.7485631704 0.0000000286
195361736.0677506030 0.0000746151
193271306.2104993165 0.0000210574
178453280.6118355393 0.0001455175
174892696.8848289549 0.0040386314
176683872.3385606110 0.0027955566
189499779.5092110038 0.0021413390
178977319.4288086891 0.0026395776
177356453.5367142856 0.0110890428
177500354.4910796285 0.0054788943
183305038.9168710709 0.0009388050
174599671.3891571760 0.0074355540
188144640.9420057535 0.0043066057
179729489.8980044425 0.0033978540
180339716.4039930999 0.0031242432
183232294.6354582906 0.0077217581
188331455.0860387385 0.0102965343
182827277.9861806035 0.0064909421
198306812.1472755075 0.0221027815
177951688.1293310523 0.0075717215
182406786.3020230532 0.0083724535
178460640.6791987717 0.0073278684
183069068.8937755525 0.0116816056
178352228.4657203853 0.0064690212
186199777.3510447741 0.0113343891
174576997.4529435039 0.0093959403
174313130.1543900073 0.0038913250
173663884.8829873502 0.0044539036
175404765.6166590154 0.0017279713
174766029.3314964175 0.0071926773
173539096.3784888983 0.0003797436
176711974.1560677886 0.0006124784
198566443.4621664882 0.0010985420
177684834.0587347150 0.0002258597
189471071.5287625194 0.0014459990
175315237.8793479800 0.0005684383
184853796.9507164359 0.0000066857
176443870.2633824348 0.0007134448
170629362.6278149784 0.0002118191
169977479.2038987577 0.0002151365
173450557.1231843233 0.0011620111
171577218.7031512558 0.0003408791
186093498.3170571029 0.0000227280
172323425.1516472995 0.0002912753
176327833.8513984978 0.0007111656
170999727.8564579785 0.0002086983
177344612.1997156739 0.0012387689
172261282.1299520731 0.0001643850
176997249.2450441122 0.0017159221
173555494.7088423073 0.0001581256
172934495.5635406673 0.0030147008
171659539.3053624034 0.0001845610
177264902.1241147816 0.0000073169
171496412.9220441878 0.0001605366
184206798.0624117851 0.0001213802
174389316.4048647583 0.0002617843
174527384.4218927920 0.0002833171
172052198.7296685576 0.0001965916
173883882.0710910261 0.0011818451
174595171.6397480071 0.0001724916
177604684.1175310910 0.0001036321
175949144.6295346320 0.0002394371
179193447.1160117090 0.0005217024
170539718.8914682567 0.0000890070
168677391.9633193910 0.0001659751
167551720.2833982408 0.0000042596
175128422.2447069287 0.0006646077
166194505.4798025489 0.0000033425
171593604.8336444497 0.0015868011
168889880.5475924909 0.0000047962
178823639.4043998122 0.0009831635
164810248.1104683578 0.0000011595
178428419.1241394579 0.0002186172
164850679.1701218486 0.0000000023
175283361.9484088421 0.0015117363
175401046.4424665868 0.0001706044
174115970.2561878860 0.0022477404
163899473.0966000855 0.0000244880
174089623.6780373454 0.0014934545
164511682.2708760202 0.0000510161
196367768.7020566761 0.0030777478
166521797.4328495264 0.0001210335
166534137.9203966856 0.0001112947
163839950.4111818373 0.0001856444
163790669.3750855923 0.0001485921
161833895.5069378614 0.0007786583
165541210.5368102491 0.0002264380
170356160.7111968696 0.0011455183
162496893.2386178076 0.0008851210
161250537.5322589278 0.0001289960
165440463.9842286706 0.0002075440
160173584.3489238322 0.0000091042
161131236.2161233425 0.0000077015
162912935.6098074317 0.0002132955
160966085.3353054523 0.0000336463
159393099.8398784697 0.0000003844
159925441.7955254316 0.0000001627
157762950.3126410842 0.0000958580
158945879.6834516227 0.0001054176
162323025.8818580806 0.0002301950
158390483.1523096859 0.0000640485
161312261.0275552571 0.0000239530
156731388.7160180807 0.0000143195
157874810.4281052947 0.0000000024
162576713.9529860914 0.0000184368
159830624.8702701032 0.0006634334
156661914.0235109925 0.0000204217
159376376.3891374767 0.0004374322
156331160.6395987868 0.0000692235
162600356.5782661736 0.0000156785
156799182.6101275682 0.0000269284
162553272.5345660150 0.0000382860
155498659.0288529992 0.0002026584
163138173.1977773011 0.0006933334
156142551.4907666743 0.0001667494
155526061.5529479682 0.0005639384
155365906.1833718121 0.0001975183
154855722.9149354398 0.0000192012
154486555.1875682175 0.0000071905
165570988.0372246802 0.0000685357
155072294.6481794119 0.0000013504
155134681.1179492176 0.0001725437
154943220.5431130826 0.0000335521
154545839.6947063804 0.0000817637
157992801.5874968767 0.0000112691
162995787.0411977172 0.0002260292
156759054.4523288310 0.0000133475
160064233.3088955879 0.0003849594
157128953.5584679544 0.0000001338
161323977.4440321624 0.0002914273
154542078.5863223970 0.0000430259
160728952.1664513350 0.0000002267
155752644.7981296182 0.0000134301
159655369.8862715065 0.0000082526
156420561.8570004404 0.0000002622
161171526.7174813151 0.0001328757
156654963.7549149096 0.0000000916
156332597.8732165098 0.0000321157
155278719.2562585175 0.0000020395
164126787.5733231008 0.0000447661
155242056.2935246825 0.0000051515
159649695.5979532599 0.0000028221
155883852.5083881617 0.0000064777
158709559.3098816872 0.0002846870
156183577.9810932279 0.0000186315
161238561.1988091767 0.0000563989
156506304.5762801766 0.0000148468
161972428.4634051025 0.0000133946
155479143.4249850512 0.0000039907
156955430.1319691241 0.0007572848
155370066.0715343058 0.0000020892
162054295.8330985010 0.0000079426
156807482.7062554061 0.0000068484
159728157.0030337572 0.0000024777
156580087.6100657284 0.0000096559
161430517.5157248676 0.0000883277
156503825.7257824242 0.0000016188
156276555.0833968818 0.0001224954
157309843.5940663218 0.0000256270
160527821.4045867026 0.0002225269
156632806.9885243475 0.0000100647
161842034.4751960635 0.0000925266
155989621.4056260586 0.0000094706
159308192.0007736683 0.0002830319
157008926.9248073995 0.0000009456
162578558.6029828191 0.0000993257
155634416.7491821945 0.0000244888
156402502.2714918852 0.0000208092
154872667.0887818038 0.0000139137
157304910.7989152670 0.0000914961
154818246.9181825817 0.0000221556
154910128.5789125860 0.0000047470
154407206.3086647391 0.0000136710
156621217.5469176769 0.0000067399
155971784.6004857421 0.0000108767
155536175.5131699145 0.0000764052
156135167.5742970109 0.0000190737
156371193.8684578538 0.0000027968
154591972.2338417768 0.0000158740
156763360.0675777197 0.0000111208
155156932.2832588255 0.0000109668
156879503.2154075503 0.0000190950
154658379.8578864932 0.0000102096
156637218.4144183993 0.0000082348
156432540.7680156827 0.0000025158
155793908.2175833285 0.0000364743
154763516.1337697208 0.0000088052
155949981.8354862034 0.0000274162
156319796.0975197554 0.0000092523
155368645.3085796237 0.0000430377
156316833.7494969368 0.0000224895
155287124.3971345723 0.0000015824
154552289.8838859797 0.0000040623
155436784.5100324452 0.0000137252
154953958.7988790870 0.0000071764
154979318.5797994733 0.0000404512
154606594.1674534380 0.0000136477
155539625.0669931769 0.0000224878
155052812.8768291473 0.0000105220
155191571.6118926108 0.0000287416
154683754.3685633242 0.0000145744
158201535.6748165190 0.0000040531
156342869.3174798787 0.0000022843
155544199.6693694592 0.0000237982
156139393.7412861288 0.0000056141
155543209.7977299094 0.0000108247
156323516.0718777776 0.0000054553
156615326.4450254142 0.0000043880
154438975.5302329659 0.0000196130
155765863.6139650047 0.0000592036
156522312.5795603395 0.0000121053
154765234.5510554314 0.0000010705
156131148.7797824144 0.0000113729
154795443.1729374826 0.0000002410
154420051.4769339263 0.0000128488
155663063.0856133401 0.0000640993
154345723.8776745200 0.0000047935
155563208.2559148967 0.0000037399
156373370.1433934569 0.0000082882
154336545.1701608002 0.0000015719
154266759.8739733398 0.0000010276
155559816.9129638076 0.0000071768
154967235.5200253427 0.0000008734
154941615.2483534515 0.0000050634
154412261.3146127462 0.0000036538
154697876.2995260358 0.0000348873
154919171.9594585598 0.0000002357
155580703.9219364524 0.0000156073
154539833.2238998711 0.0000005777
155131393.2769734561 0.0000162379
155780462.1748537719 0.0000013845
158589168.2870372236 0.0000021187
155631715.9292832911 0.0000011163
154928200.0915344357 0.0000071457
155022915.0212575495 0.0000000031
155109219.0151411891 0.0000099137
155762455.1238149405 0.0000000902
154712613.1675328910 0.0000045872
155584550.3385379910 0.0000000039
154818695.3032441437 0.0000002000
155593845.6362617910 0.0000009943
155324952.3688092828 0.0000000566
154336015.2261770368 0.0000029260
154593804.8844264746 0.0000013166
154465582.0574171245 0.0000051775
154621822.0472658277 0.0000001511
155683886.7097804248 0.0000000124
155266425.7033433616 0.0000000819
154207152.3737622797 0.0000000678
154442183.3294500113 0.0000007314
154167886.0348957777 0.0000000338
154295920.5103307664 0.0000271371
154617820.3170838356 0.0000000591
155388710.0793761909 0.0000088533
155675661.7459679842 0.0000004769
154414665.1333642602 0.0000001047
155656903.6297301650 0.0000000001
155792113.4942781329 0.0000104321
154167485.1955690980 0.0000001334
156753665.3375830054 0.0000030420
154180949.6143933535 0.0000009430
154326008.9179671705 0.0000022802
155673166.0830282271 0.0000001481
157465605.1380228996 0.0000022460
154798265.0387004316 0.0000034774
157589523.2744969428 0.0000046124
155496227.2293321788 0.0000009726
156228181.2597138882 0.0000003392
155226639.2277244329 0.0000002517
154260409.4983913600 0.0000212411
155980224.5392289460 0.0000000005
154438287.2289731205 0.0000054318
154362891.4650362730 0.0000032960
155426330.9084462523 0.0000016437
155804484.8167690635 0.0000005258
156321016.9118151367 0.0000298479
155403866.8083757162 0.0000005308
155746428.6655648649 0.0000072996
154384705.7154853344 0.0000009815
155440589.1669949293 0.0000045830
154580944.3385014534 0.0000007592
157430525.3162641823 0.0000010326
154527603.8919185102 0.0000000910
155570472.8384451270 0.0000069497
155829656.3259958923 0.0000001478
155946984.5005340874 0.0000006490
155948765.5656722188 0.0000005910
154312281.3500785828 0.0000008423
154523496.4153363407 0.0000000103
155871310.7678432465 0.0000003332
154347197.7344743907 0.0000016111
154167418.9852608144 0.0000001049
156067851.2701637745 0.0000038216
155904748.5712921917 0.0000002725
155272659.6371619105 0.0000001463
155009259.5580053329 0.0000000498
155819945.3918137550 0.0000003916
155889240.6180050075 0.0000000733
154578424.4084065259 0.0000066220
155783441.1462006867 0.0000000007
154178981.8525107801 0.0000002056
156070515.4330871701 0.0000000434
155966656.2106040418 0.0000000314
154309634.4999025762 0.0000002891
156093730.4861037731 0.0000003108
154865735.1794495583 0.0000000486
156094011.9220841825 0.0000004035
156019532.5400262475 0.0000000077
154143337.9191503525 0.0000000611
156068750.5750981569 0.0000001908
156019744.0580581129 0.0000000232
155034822.2832380533 0.0000010230
156011072.8732326329 0.0000004527
154328223.5591637492 0.0000000240
154254246.2734784484 0.0000000003
155056375.5796805918 0.0000000240
154222216.4618578255 0.0000000027
156040694.1232837141 0.0000000060
155793141.0957710445 0.0000002699
154635106.7405219674 0.0000000929
154145909.9036068618 0.0000001128
156258778.9313609600 0.0000008942
154219649.5293201804 0.0000000314
155990554.0176221132 0.0000007858
154149412.4500023723 0.0000001809
154365933.1827574074 0.0000000926
155982464.0273905396 0.0000002597
155755483.4383446574 0.0000002374
154126839.4372192323 0.0000003578
154177525.0726351738 0.0000004701
155807537.7011024356 0.0000001563
154104823.9934673309 0.0000003584
154090667.8986742795 0.0000000937
154069409.8178042769 0.0000001232
154147724.7838726044 0.0000003306
154135908.7589724958 0.0000001932
155780537.2286027074 0.0000001317
154072917.6911855340 0.0000002646
154157521.2234554589 0.0000004139
154085170.5617822409 0.0000001627
154281348.3457986414 0.0000000618
154263582.5020883977 0.0000001223
154047111.0810692906 0.0000002181
154040695.7045101821 0.0000003184
154137478.9630907178 0.0000000028
154057915.3815017343 0.0000004379
154424230.2597733438 0.0000001473
154111456.4654975832 0.0000001736
154050754.8737959862 0.0000002053
154167228.3609590828 0.0000002167
155758831.7738197446 0.0000000983
154049658.1153588593 0.0000002678
155896055.4217411578 0.0000013295
154015736.0925161242 0.0000001141
155880166.6321931779 0.0000000082
155797002.4910306633 0.0000001381
154405580.7552954555 0.0000000072
155880091.0147850215 0.0000000455
154312509.8681081533 0.0000002618
154007455.4226096272 0.0000001233
154194745.1041773558 0.0000006284
154020719.7095507979 0.0000001304
154131229.2934457958 0.0000004085
154119348.0331335664 0.0000001532
155582078.3736728430 0.0000000103
154090226.6111768186 0.0000004204
154254272.5313829780 0.0000000817
154297112.6132848859 0.0000000528
154010958.5790973902 0.0000001104
153998472.9327898920 0.0000000815
154003622.3094502091 0.0000000952
154028929.2615169883 0.0000001880
153986519.7245787382 0.0000000536
154016325.5552890599 0.0000000014
154011489.1856955588 0.0000000517
154101986.3180182278 0.0000000261
153991157.1384487450 0.0000000616
154063892.9548464715 0.0000000520
154015394.5603581965 0.0000000315
155820295.6528364122 0.0000000221
153975559.1970275640 0.0000000507
155905026.6801089346 0.0000003677
153971604.9761950374 0.0000000560
153959734.1646350920 0.0000000062
155893249.2960600257 0.0000000058
154014696.8766062856 0.0000000163
155881976.3004649580 0.0000000098
154325763.6757654250 0.0000000201
155895122.5344963074 0.0000000276
154079496.0600033998 0.0000000095
154010136.4969261289 0.0000000281
153960990.3880569637 0.0000000010
154012518.5141602457 0.0000000020
154032444.2325079739 0.0000000063
153986119.9299711287 0.0000000089
153970004.9326605201 0.0000000095
153984295.5672902763 0.0000000066
153996344.9932464063 0.0000000788
153959935.7008738816 0.0000000002
155352962.6330880523 0.0000000113
153965961.1860747039 0.0000000055
154074366.2900126278 0.0000000181
153959986.2550550699 0.0000000026
154103505.2422251403 0.0000000000
153954611.3223724961 0.0000000005
154124388.6967924833 0.0000000435
153979140.2592074573 0.0000000004
154084813.0949233174 0.0000001693
153986087.3872213662 0.0000000019
154066356.1070817113 0.0000000116
153967914.3862516284 0.0000000010
155360995.1706637144 0.0000000060
153985469.5561342537 0.0000000002
155359888.4529185891 0.0000000087
153967619.3514293432 0.0000000176
155378403.8252283335 0.0000000015
153949007.4302492142 0.0000000000
155356917.9052165151 0.0000000012
153953654.4279570878 0.0000000000
153991012.2755659223 0.0000000228
153943068.7797019482 0.0000000037
155370582.0031921566 0.0000000050
153942858.7845215201 0.0000000035
154272211.3809047639 0.0000000003
153967680.9916395247 0.0000000003
153990639.4377208054 0.0000000248
153952035.4014336169 0.0000000007
155327021.8336730003 0.0000000000
153963632.8046632409 0.0000000016
154021707.5141917169 0.0000000383
153957355.8937887549 0.0000000064
153936532.1315173805 0.0000000046
153944864.1789762080 0.0000000130
153940309.9997007251 0.0000000051
155875423.2387901843 0.0000000237
155874302.8933941722 0.0000000041
153930928.7268000543 0.0000000006
153915311.4601211548 0.0000000020
153930972.6935871840 0.0000000007
153923780.1946162879 0.0000000037
153913034.8351493478 0.0000000072
153942494.0405699611 0.0000000180
153915171.3151305914 0.0000000805
153920384.9916452467 0.0000000064
153918781.5985959172 0.0000000068
153911939.5687773824 0.0000000047
153912910.9953165948 0.0000000001
153943126.7743007541 0.0000000089
155618003.1551338136 0.0000000006
153927247.6956644654 0.0000000074
153928186.3029520810 0.0000000120
153934067.4928400815 0.0000000074
154007012.0262591541 0.0000000025
153941297.4179709554 0.0000000039
154026792.1873291731 0.0000000066
153916648.9319715202 0.0000000042
154074513.2453633845 0.0000000217
153915927.7972147167 0.0000000021
155664182.4950241446 0.0000000015
153917794.7425815463 0.0000000030
153922783.6248428822 0.0000000068
153937949.5671287179 0.0000000065
153923807.3146798015 0.0000000448
153921623.8754477203 0.0000000015
153933265.3366764784 0.0000000118
153935442.1775474548 0.0000000173
155630496.3538650274 0.0000000001
155740636.3253727257 0.0000000014
153919130.0708266497 0.0000000039
154001580.1217079759 0.0000000101
153920199.0369246304 0.0000000065
153961985.2745873630 0.0000000032
153939091.1432357132 0.0000000047
153924717.2739214897 0.0000000053
153938236.9626452923 0.0000000017
153926992.4152550101 0.0000000000
153912095.8207393587 0.0000000042
153946594.3583446145 0.0000000020
153942166.2733742297 0.0000000047
153935758.0053548813 0.0000000105
153939873.2705376446 0.0000000048
153941069.1048595309 0.0000000007
153919223.6667041779 0.0000000041
155800806.9971169233 0.0000000095
153914577.9922475815 0.0000000056
153940278.5959652364 0.0000000018
153915997.6121473014 0.0000000052
155807167.8719566464 0.0000000054
153937864.4884576797 0.0000000035
153915815.6298285425 0.0000000000
153926618.3429803550 0.0000000037
153943297.6020528972 0.0000000066
155816119.9056439698 0.0000000054
153943167.3398670256 0.0000000082
153938248.0744104385 0.0000000037
153914875.5319641232 0.0000000049
153917848.2833746374 0.0000000064
153914645.8197845519 0.0000000054
153913122.9489493072 0.0000000084
153914126.5167751014 0.0000000050
153939294.6616226137 0.0000000060
153939786.0002360940 0.0000000048
153911473.4993481040 0.0000000027
153941139.5079122782 0.0000000034
153957195.3512894213 0.0000000038
153939167.8039894700 0.0000000032
153929956.3481970727 0.0000000029
153913925.3824934363 0.0000000047
153937737.0952462554 0.0000000026
153911693.0190795362 0.0000000019
153916811.7591893971 0.0000000031
153911531.1632126570 0.0000000025
153918900.2262032628 0.0000000037
153942632.3978271782 0.0000000034
153944289.1163946390 0.0000000000
153942138.5710449815 0.0000000026
153936133.8454233110 0.0000000022
153912268.3107311130 0.0000000029
153938382.7283917665 0.0000000030
153921966.6423512995 0.0000000025
153915399.9363227785 0.0000000027
153912392.8440237641 0.0000000028
153933575.6486100256 0.0000000032
153940166.3928943574 0.0000000029
153936156.7558161020 0.0000000086
153937107.6814241111 0.0000000023
153936874.7252441049 0.0000000024
153917349.0467150509 0.0000000026
153912697.4991767406 0.0000000005
153912260.2363108695 0.0000000030
153917271.3186972141 0.0000000078
153936812.3966958821 0.0000000030
153920627.7939717174 0.0000000035
153913581.4507735968 0.0000000022
153954585.6306381524 0.0000000024
153942658.0309649110 0.0000000019
153937076.8277454078 0.0000000070
153912950.8240458965 0.0000000027
153914969.9597751796 0.0000000006
153911717.8401594162 0.0000000023
153933645.9974328279 0.0000000000
153912236.9520354867 0.0000000028
153926928.1594268382 0.0000000011
153912694.9453814924 0.0000000022
153921231.4662316144 0.0000000022
153940992.3319542110 0.0000000026
153945082.6331939697 0.0000000032
153915004.2345137596 0.0000000029
153932712.4592072368 0.0000000010
153915037.3349158168 0.0000000033
153919433.0031247437 0.0000000025
153943070.2792252600 0.0000000027
153931301.4267925322 0.0000000000
153941739.6465076506 0.0000000033
153938431.4633882642 0.0000000006
153913557.0165634155 0.0000000020
153933970.4004448354 0.0000000033
153911324.6311335266 0.0000000033
153933832.0959600508 0.0000000039
153915763.7221570313 0.0000000028
153939292.3610410094 0.0000000073
153939648.3479257822 0.0000000040
153920429.7681043744 0.0000000036
153940670.9824218154 0.0000000031
153940001.1686673164 0.0000000031
153915213.0627466142 0.0000000038
153942197.8074042797 0.0000000034
153911711.3726169169 0.0000000023
153911881.2326984406 0.0000000047
153941306.9022172391 0.0000000017
153911770.1320404410 0.0000000030
153943161.7182156146 0.0000000030
153911500.8707309961 0.0000000032
153941247.3095692396 0.0000000056
153913680.6194016933 0.0000000035
153925938.4127435982 0.0000000024
153940920.9474622905 0.0000000035
153913093.2894632220 0.0000000036
153942249.8941387832 0.0000000035
153920150.6831640303 0.0000000034
153942789.6153714955 0.0000000034
153940374.9759784341 0.0000000046
153913888.9783308208 0.0000000034
153920673.3162895441 0.0000000028
153940558.0102866292 0.0000000031
153916247.2601303160 0.0000000036
153913259.1304799318 0.0000000032
153910456.6308162510 0.0000000017
153910776.2508381307 0.0000000018
153911271.3178830147 0.0000000020
153910433.0901727676 0.0000000017
153918405.5057070851 0.0000000009
153939197.8876046538 0.0000000018
153927143.2339397371 0.0000000004
153910520.8802215457 0.0000000018
153932621.5954958200 0.0000000015
153941718.3326356709 0.0000000016
153913610.8825780451 0.0000000018
153910756.2741128802 0.0000000021
153936093.4173862338 0.0000000032
153912154.2735120654 0.0000000016
153911298.0360580981 0.0000000019
153911898.1225670874 0.0000000017
153936327.0557301342 0.0000000022
153911443.1343417466 0.0000000018
153914952.4150602818 0.0000000032
153912249.2613682449 0.0000000017
153943371.8732019365 0.0000000017
153942599.8531190753 0.0000000018
153913373.1891473532 0.0000000022
153941842.6704722345 0.0000000016
153938232.9480527639 0.0000000024
153912900.9045948982 0.0000000014
153936552.3236287832 0.0000000024
153914617.3406798542 0.0000000017
153937060.6783696413 0.0000000007
153912073.1506491005 0.0000000014
153925421.3900775313 0.0000000013
153911928.5618914962 0.0000000017
153936304.6897804439 0.0000000007
153940710.0079018772 0.0000000017
153910984.3781685531 0.0000000010
153941376.1863465607 0.0000000018
153934991.6711851358 0.0000000009
153941178.1915956140 0.0000000016
153910699.5266694129 0.0000000015
153911240.0843256712 0.0000000015
153941825.5520758927 0.0000000017
153910172.1454798877 0.0000000020
153910196.6597245038 0.0000000020
153911395.7804165184 0.0000000020
153940396.1046870649 0.0000000020
153909781.2408478260 0.0000000020
153910166.2137264013 0.0000000016
153909010.2021856010 0.0000000021
153908638.9692099988 0.0000000025
153939968.6598121822 0.0000000027
153909099.9035905302 0.0000000024
153919425.3578185737 0.0000000025
153937995.2408899367 0.0000000025
153939804.4416969121 0.0000000016
153939846.3847473860 0.0000000027
153910150.1920729876 0.0000000025
153940255.5250109136 0.0000000026
153940061.9408644736 0.0000000025
153908625.7826031148 0.0000000025
153939702.2784439027 0.0000000023
153939980.9765384793 0.0000000025
153918750.0544449389 0.0000000025
153908819.2368195057 0.0000000026
153909315.1191792488 0.0000000024
153909133.9334494770 0.0000000024
153908783.4050868750 0.0000000021
153909757.5173262358 0.0000000025
153909226.0959030688 0.0000000022
153908679.3715135455 0.0000000026
153939838.2875246406 0.0000000022
153939162.5281815827 0.0000000023
153912229.4752164483 0.0000000030
153909526.2956343591 0.0000000022
153934938.3314296901 0.0000000026
153910043.0617812574 0.0000000025
153937752.5098180473 0.0000000030
153908981.0530388951 0.0000000023
153909315.8225898445 0.0000000021
153908781.3601384759 0.0000000026
153937930.7287442982 0.0000000028
153939856.5187655985 0.0000000029
153908875.3983654082 0.0000000026
153909122.0029971600 0.0000000022
153938201.1678235233 0.0000000026
153909195.7976731360 0.0000000018
153937789.7000530064 0.0000000029
153939112.8816243410 0.0000000027
153908752.0368837416 0.0000000025
153908784.0562873185 0.0000000027
153908837.6284652352 0.0000000025
153913925.7301419079 0.0000000025
153940006.0895582438 0.0000000025
153908832.4042620659 0.0000000024
153908881.4781120718 0.0000000024
153914125.4849569798 0.0000000025
153908699.6477132738 0.0000000024
153940461.1309933662 0.0000000022
153908909.0268921256 0.0000000024
153910044.0621570051 0.0000000026
153940380.8500204980 0.0000000026
153909358.7976180613 0.0000000023
153940002.8468584716 0.0000000024
153908961.6403611600 0.0000000022
153940324.7266521454 0.0000000025
153939606.1193213463 0.0000000026
153909151.5139765739 0.0000000025
153908656.3151838481 0.0000000024
153908720.5976067483 0.0000000025
153939512.7812556326 0.0000000022
153908930.6415459514 0.0000000024
153909224.2571269274 0.0000000023
153940066.7265100181 0.0000000024
153908828.0665926039 0.0000000026
153940346.9937043786 0.0000000025
153940182.1833396256 0.0000000023
153939833.8834256232 0.0000000026
153940070.2369138300 0.0000000024
153909301.4772756100 0.0000000025
153908578.2322922349 0.0000000025
153909032.9272067845 0.0000000026
153940181.0517642796 0.0000000025
153908807.3004537821 0.0000000024
153908918.4490843415 0.0000000025
153911069.2917349339 0.0000000025
153908614.3795017600 0.0000000025
153909257.0273756087 0.0000000025
153940114.6543637514 0.0000000025
153909621.9929270446 0.0000000025
153908615.8177326620 0.0000000025
153908605.3636552691 0.0000000024
153940294.4339356124 0.0000000024
153940108.5282528996 0.0000000025
153908867.9288926423 0.0000000025
153940236.7915193141 0.0000000024
153940098.9894378781 0.0000000025
153909298.2256698608 0.0000000024
153939423.9633601606 0.0000000024
128416296.0000000000 0.0000000024 1 0 0 0 0 0 0 0 0 0 0 0 0 0 0 