879471069.5010443926 0.0005043286
839101107.7238992453 0.0000101401
837187553.9432156086 0.0007657114
933618797.4555196762 0.0009608983
952483401.2528083324 0.0005368285
977490349.4454175234 0.0000646347
847046853.0343832970 0.0007637802
844001387.2887969017 0.0000011476
846346012.3471872807 0.0008803107
924276641.4346253872 0.0006069961
984146558.2173266411 0.0000261940
805938283.6591017246 0.0018038690
960395960.2623895407 0.0004225628
800436525.6786655188 0.0009765715
788484722.3023138046 0.0016049160
889772778.1647205353 0.0008554665
873787266.8285359144 0.0005933315
791138670.3902528286 0.0011738273
715343118.2853994370 0.0021222607
711610575.3058378696 0.0014638838
649199385.6508646011 0.0000042698
645055648.1328382492 0.0000407247
709300044.1537216902 0.0015236484
633458691.3870803118 0.0001610555
621205432.5482623577 0.0008136507
807961368.9959318638 0.0008923733
763823898.5746232271 0.0003180908
750084513.8732621670 0.0010016638
692127894.6162592173 0.0011663249
577744437.7815057039 0.0021383194
664619206.0958046913 0.0011397859
446128086.2425273657 0.0009411800
541579552.7419339418 0.0000914361
452731044.7549428940 0.0008257592
465707856.4201961756 0.0037458680
460568560.7787067890 0.0009085413
498713030.1406953931 0.0017883219
454481056.3285841346 0.0004038960
487189355.2178488970 0.0015679882
449015412.1030221581 0.0007586208
501601562.5165624619 0.0001966882
443818158.5395067930 0.0006241952
418797834.2973611355 0.0004033415
454936306.2759094238 0.0000197944
459309519.8014025092 0.0010823395
417370207.6469010711 0.0005619421
425974056.8101052046 0.0004156888
426064982.0129436851 0.0000948254
495191093.6549437046 0.0077878392
421668964.8844982386 0.0006798424
381469048.7662796378 0.0013025284
379575020.9852467775 0.0010076417
392661573.1483118534 0.0018604538
388874009.5555999875 0.0009309977
381572263.3780550957 0.0002230421
380947753.2823347449 0.0009887120
388294546.6003175974 0.0009011766
373859911.7363100648 0.0005500879
397952669.9811360836 0.0000964655
405591102.0560762882 0.0004017412
408535976.0670591593 0.0002444232
379980939.9291645885 0.0006284577
394240097.0074298978 0.0000515710
366861971.6683479548 0.0009149296
438272207.3726425171 0.0004705642
360913388.7487990856 0.0004617090
369157572.8883321881 0.0001821136
354916257.8654568791 0.0007688696
436039054.9014646411 0.0008662979
346245385.1825296879 0.0008562828
383721218.6087750196 0.0003584365
349356696.6702867746 0.0002080971
345529567.0555804968 0.0000515314
373904936.9587050080 0.0000563078
418964796.6580899358 0.0151077537
351320355.6200339794 0.0008456626
385029056.7713663578 0.0009711802
353609775.4475901723 0.0002080721
392063110.4964951277 0.0000355936
341388196.2993726730 0.0001848877
402261429.9431195855 0.0038771068
346119359.6246546507 0.0001300686
338627373.0361616611 0.0014558379
332662424.4771084189 0.0023626915
316356267.7741343379 0.0032576617
336155380.2712275386 0.0029061672
358574394.2010756135 0.0012654328
311259838.3871483803 0.0040449669
348687909.4535181522 0.0010165958
298486507.2863985300 0.0025127213
367225037.2257401943 0.0029652538
302485669.9936557412 0.0029137314
381588552.3443286419 0.0011303260
320742653.3096713424 0.0033601246
264047047.4983116388 0.0000040417
257123294.4033662975 0.0000075197
287275628.4177963734 0.0000118702
262069531.4247062504 0.0000159633
316826632.9330181479 0.0003071580
225822083.2493206859 0.0004701212
292938049.6865990162 0.0011095770
228371272.1877885163 0.0007185269
223742837.4333012104 0.0687375907
231266795.1445709765 0.0716089083
336102427.1874206662 0.0094563963
229003510.8254986405 0.0598842920
289747897.6511998773 0.0400338978
209983437.5056765378 0.0688051150
299506240.1578859687 0.0184033724
219454867.5837167203 0.0600052490
231758983.7619154155 0.0605287230
228977829.3521521091 0.0648236618
249127563.3370145857 0.0225348689
227943896.5809227824 0.0590313622
235929193.9594139457 0.0399020586
197943538.1368785501 0.0744692758
228703780.6879073381 0.0876774332
203129376.9233652949 0.0645111202
274542649.2596980333 0.0438296420
198646228.1599572003 0.0754358916
209807169.9700123072 0.0907335751
191219044.9997799098 0.0595590243
257990009.7059051394 0.0416033194
205171455.1687043309 0.0637724498
251842406.5038625598 0.0305456475
193179345.0564102829 0.0668251532
269689054.5630747676 0.0272757449
187882331.5439141989 0.0671421757
228403654.0680369735 0.0425292764
191692471.2419756055 0.0460476061
296905358.6212711334 0.0422725125
196263916.1966939569 0.0662531406
203709394.3860434294 0.0807893275
190537088.4189188480 0.0677303236
210482296.4668052197 0.0539575468
199456248.9421986043 0.0604404300
240631548.7760250568 0.0621146174
198822533.7606737912 0.0612639493
213505670.9328836799 0.0358265463
192661355.8792609572 0.0789734672
214711047.7605792582 0.0795264568
225755710.1627648771 0.0394399568
195629471.7219221592 0.0536765933
194916554.2453616858 0.0345319603
195067158.1930220425 0.0595897429
205537018.2146256864 0.0513705105
188009194.3758995533 0.0741816749
193935075.5250672698 0.0426083658
192198230.1957498789 0.0629325794
184270741.2493146360 0.0796085366
188464744.8762915730 0.0796344046
182799392.0382849872 0.0680758724
183861797.9851662815 0.0702661125
200324629.2557730377 0.0846719012
183302609.6976656914 0.0679708692
196436820.3156030774 0.0782031847
183728716.9168979526 0.0724817211
181012736.8482528627 0.0969922724
184641940.8530986905 0.0910796476
191135376.6681723297 0.1205968221
186321085.7356858850 0.1092918896
184438748.4691348076 0.0959824492
177840024.3373942375 0.1076891960
196335381.9297614396 0.0985596778
181355137.5501380265 0.1003073376
179633408.4141050875 0.1279644820
188532613.1134699583 0.1082283135
196221154.5096679032 0.0746455574
179470775.6980955303 0.1029164388
186426863.5439500213 0.0776793645
178084341.3845506907 0.1049305284
183856420.4036935568 0.0574422766
182170651.5516128540 0.1032209854
200387995.9764780700 0.0739273013
179778507.4604946077 0.1003455652
173094827.0122039616 0.1449438548
175758743.0107330382 0.1621017382
194376282.3089822531 0.1068345470
178798543.6167005897 0.1340468703
192206680.6426913738 0.1232298426
180315831.8182660341 0.1550692620
181718364.4946805835 0.0909152866
175256739.4587335885 0.1396206690
187481323.2768875062 0.0942621306
175095412.3688387573 0.1662078222
177505772.5400953591 0.1361428246
184736542.2312262058 0.1357586338
181439473.1435276270 0.1713003459
172556781.7405614257 0.1562224728
206954415.2667157948 0.1311969674
171974500.6290718913 0.1464196544
175765264.0507548749 0.1491332690
174353154.2665819526 0.1562059653
201018264.3643778265 0.2011097646
172398355.2491543889 0.1428998428
181809740.2644318938 0.1522316741
172937356.5882031918 0.1506942262
198450275.0235042870 0.1182638838
171489697.7521248162 0.1471808109
173828353.2185054719 0.1463394065
184561769.7696517706 0.1299963118
186039868.1349444985 0.1310304124
180078408.7664915919 0.1297099789
177118695.0250253677 0.1617495642
174843637.7131249011 0.1507166887
180315381.6252228618 0.1263573997
172598181.7212135792 0.1267110554
203381314.1568383276 0.1254152906
172593336.6986376047 0.1491664285
194989345.5889603198 0.0973149008
187295403.5633528531 0.1414484173
190392894.7928877771 0.1121435270
175890577.3238235414 0.1458462003
200676753.7713633776 0.0785978892
183378416.7384489477 0.1413553992
177149791.0177839994 0.1413637440
171817784.1436957121 0.1459557279
210647265.8021028042 0.0855335755
172685330.8877980709 0.1510763473
180984529.8738083243 0.1555320376
173029587.1910732090 0.1370991852
187438373.9564038813 0.1348714228
176701971.3381308913 0.1554718704
178681622.3773031831 0.1233648891
191573892.5496669412 0.1960704606
172767412.4502135217 0.1386882244
177142424.8864464164 0.1307375411
175115882.9399536252 0.1474545914
176878810.9738162458 0.1712060863
172314496.0612621605 0.1473101862
173576486.7447427809 0.1461679613
174781120.1543959081 0.1484540114
172153605.3894810677 0.1323938423
173437098.4982250333 0.1450480583
174235418.0372591615 0.1424350133
175152920.6375517249 0.1485882159
189850824.2739870846 0.1960484773
175048247.0625370443 0.1404611409
175438687.5142655969 0.1333498363
174971279.3452868462 0.1489322130
179191866.1365257502 0.1458801853
184394833.4361033738 0.1446308933
171174956.2025116682 0.1487580296
173545721.0582821369 0.1433007966
176750297.8043372631 0.1207423163
171943466.3367610276 0.1533478431
176013688.9283151925 0.1401372458
171889696.3992466629 0.1463755476
175607588.9562347531 0.1362357004
174760550.5348125696 0.1508687244
172249181.7853667140 0.1566514463
175752258.5330715775 0.1448269750
171434135.8662917018 0.1479901687
170788955.6854290664 0.1483063164
174278431.1100230515 0.1483184052
173684528.4809719026 0.1364355215
175035233.9297720790 0.1240842026
173614584.1088762879 0.1564267977
179680674.1372129917 0.1582986500
172536029.5953378081 0.1529184322
178700360.1072905958 0.1258877440
175682742.5877979100 0.1583866041
173420606.9828530550 0.1504047461
176010577.7698551118 0.1390274265
174394348.8555296063 0.1520730038
174184947.6032156348 0.1457091795
176594252.9792747796 0.1124165771
173791825.7958528399 0.1472866078
190373694.2013257146 0.2111378295
174987219.1531600952 0.1520403987
182163796.7387399673 0.1501243978
175386515.3704572320 0.1590053933
184778784.7694101036 0.1450675275
171142226.6918492913 0.1483122770
178884865.0212052166 0.1202443069
176574501.4218888283 0.1486668876
181301856.1940050423 0.1285813441
176203071.6366032660 0.1441189587
174801132.7184197605 0.1503210301
171330171.0487955213 0.1478176229
174402292.3575415611 0.1570479820
173742556.3602958620 0.1489843425
177508478.7866992056 0.1203289810
172583241.0733703971 0.1474806563
175632681.6730005145 0.1486648395
175014731.5053840280 0.1475436483
177607201.1039244831 0.1227721349
178679811.8918264806 0.1478713525
185150661.3614576161 0.2037266723
175848862.0406526923 0.1604586876
176067232.6250154972 0.1483309987
172250871.4504682422 0.1421220879
175697269.7539559901 0.1465414510
178541164.6238267422 0.1350317394
171028547.6312537193 0.1510611903
176215346.9820164442 0.1472357197
177047835.6071627140 0.1480556019
173143905.4949387312 0.1507543998
176906239.4575427771 0.1481857859
176645143.6118001640 0.1442881664
176418398.0859164298 0.1465905917
177252764.3468454778 0.1376837072
176239916.5645810366 0.1431348367
170479697.0865281522 0.1503350105
174713571.3509170413 0.1519373746
170559867.8037060797 0.1497586154
174466284.7386159897 0.1561299071
170609832.4042707682 0.1487015660
175781290.6529903114 0.1486662694
176977573.1303109527 0.1495696913
170699607.7994915545 0.1485715083
171274856.3780271113 0.1502319095
170967157.9032812119 0.1534616163
171389661.5305141211 0.1506864778
173121964.4481795430 0.1625630350
175708831.2803098559 0.1485317691
172751096.3863312602 0.1411267678
170378115.8531962633 0.1506058428
171070516.8436667323 0.1446229464
176127754.3224347532 0.1506646156
172217552.4846352935 0.1442916462
175928293.0858590901 0.1494243913
170997963.2347290218 0.1564393944
175811076.9298163354 0.1512402184
170480573.7667461038 0.1520289215
175567869.2753923535 0.1498540556
170669340.8040007949 0.1512098450
170409448.6138547659 0.1506170469
173191513.4629882574 0.1567482390
170389760.9786035717 0.1504030759
172262326.6331049502 0.1465944353
170928159.8447414935 0.1497612178
172804810.0676066279 0.1451724154
176350773.5523906350 0.1494652950
172143358.2129200101 0.1531422401
170731745.0111618936 0.1513284826
173246056.2465663552 0.1451301317
170496426.0827734172 0.1501043962
171169880.1919645071 0.1558718573
176288194.3712413907 0.1505397103
172188617.0205438435 0.1534933910
175808351.4440096319 0.1516796312
170352328.8913982511 0.1494926814
176168682.5365629494 0.1507333418
170435247.9236625433 0.1463779049
170562563.9839107990 0.1496541688
172750231.8457528353 0.1457797546
171081097.4500177205 0.1500819204
172812539.7372772694 0.1496502610
176037117.2071037292 0.1475060858
170562816.3414718211 0.1539693653
171153703.2490341067 0.1499731404
171956711.4862715006 0.1573920862
170496719.1869276464 0.1492897661
171608143.6026406884 0.1469444996
170475055.4706873298 0.1500336234
171798551.0218563378 0.1437076293
170723899.0596826673 0.1496877734
173179592.3001743555 0.1601266350
170799935.2632780671 0.1462113535
171755470.6285927296 0.1462609708
176455753.8483814001 0.1490093573
173273630.8260856867 0.1523334738
170531823.0934391022 0.1488418994
174073615.6680892110 0.1462199118
170487285.0060105920 0.1480667525
172463968.5751522481 0.1477038245
170730417.4780928791 0.1496954040
173718807.0457398295 0.1460912952
170345026.9556060433 0.1493277149
174022951.0432881117 0.1515128849
176866228.1361502707 0.1491930821
176097393.0511639118 0.1470849998
170595783.0768281519 0.1506774793
176597096.6926799715 0.1434368009
170626351.9845467210 0.1490119510
170572978.2155581415 0.1493360751
176356895.3702774048 0.1486795369
172251128.0870811641 0.1518406202
170499832.7839147747 0.1490717227
174823016.1283385158 0.1519778978
176855402.6944710016 0.1494898763
170497495.8280861378 0.1465833805
176595540.2185750604 0.1486593597
169494489.4726795554 0.1613224243
176069383.9920335412 0.1598397963
170583567.8344816864 0.1616865679
171148971.6021522582 0.1627157856
175595680.9707142115 0.1564643955
170030050.2930018008 0.1628463598
175383638.4011247754 0.1635352509
175007548.5637376904 0.1600453650
169564198.3357722163 0.1608134046
169815219.9279760420 0.1625911275
169514949.1144114733 0.1615400148
169663544.6613782346 0.1596010903
169407175.2643505335 0.1612598404
174030442.6345468163 0.1573361425
169490965.0696677864 0.1616932935
170720215.1601109505 0.1665769709
169539408.1468173862 0.1615875052
170696334.5150338411 0.1582540827
169484455.1926709414 0.1616148873
169319781.0803914070 0.1598103935
169807402.6077074409 0.1587234299
173954169.1417006552 0.1624445350
170098381.5955635011 0.1599435561
169555997.7031928599 0.1596866817
169640487.7491019964 0.1593551558
170113094.4567724764 0.1589073031
169396525.0306287110 0.1602755394
169184847.9838112891 0.1605770998
169412849.5058388710 0.1605524473
169377498.6003801823 0.1605235308
169293305.7549318373 0.1606166165
176643319.2064401805 0.1591958707
169498080.8324260414 0.1604783271
169283613.4623641670 0.1626379437
169702030.3716148138 0.1584048346
175909919.3557358980 0.1615638324
169570666.1990443766 0.1606704158
174125624.8312012851 0.1569246838
169114992.5504601002 0.1624555555
171658329.1207861602 0.1644391310
169245171.6173773408 0.1624137722
169618743.9317345321 0.1601414622
169004686.3939231336 0.1622855529
171614210.5186461210 0.1653114297
169208367.7697668374 0.1634749903
170336202.9719524682 0.1621245714
169344960.6674449742 0.1625304144
174899799.5389478207 0.1595207881
169111860.1896958947 0.1623949186
169948897.0214139819 0.1597713840
169133029.8271269798 0.1622228637
169132665.5032677054 0.1622835139
169070331.5897742510 0.1618437143
174218774.0873870552 0.1653371600
169449480.8425323963 0.1626462125
169872133.1983177662 0.1624815651
169183682.9833930135 0.1616782158
170017865.7751972079 0.1643577441
169445987.3188685477 0.1629413316
169214609.3698070049 0.1640069895
169215153.0663414896 0.1623984666
169272344.1602452993 0.1640930376
169727459.9719204307 0.1630893007
168990451.8740138710 0.1637623242
175819231.7996168733 0.1625615166
170856032.2061678767 0.1669412852
169087668.4640826285 0.1638586044
169041578.6036580503 0.1637468091
169143890.5195309520 0.1637481093
168927519.7724232078 0.1636804683
168971899.1342602372 0.1636708442
168906230.2345876694 0.1635905452
168605302.0121233463 0.1659352099
169015726.1503551304 0.1661309371
169235827.0562243462 0.1674644111
168719508.6134937704 0.1655597269
168615349.1032284498 0.1668500083
168952304.1087422371 0.1657497636
168938051.2252910435 0.1656908436
168708924.0112689435 0.1660758504
168592546.0025038421 0.1652678731
168597269.5749411285 0.1651828506
169157091.7401228249 0.1648825008
168965256.4617722631 0.1653498617
168578521.2841034830 0.1656634044
168833381.0164783895 0.1658599607
168476246.1942389309 0.1686164653
168673754.9579202235 0.1687919920
168731863.6634328961 0.1667450390
168814810.2717387378 0.1690617706
168571975.7531224489 0.1666003014
168695849.0044464469 0.1689901919
168523327.1653251350 0.1679263264
168514909.3666567206 0.1685842732
168747296.6118158996 0.1681223858
168513410.4620808363 0.1686247559
168929699.3847663403 0.1700318823
168389513.0484614074 0.1684290147
173985588.2583633363 0.1665967174
168435899.2849040329 0.1685280835
168734669.7836236954 0.1696856930
168402379.0592152774 0.1683267208
169484761.3629781008 0.1693842911
168559213.8966297209 0.1688041170
174523835.9155598879 0.1671313517
168439683.5143733323 0.1686729763
168498064.7508644164 0.1689319928
168490533.1137959659 0.1678401937
168311145.5456853807 0.1699256878
174804313.3852856457 0.1698309669
168938515.0945275128 0.1712003255
168577531.5256661177 0.1691945189
168707023.4184688926 0.1698642751
174634522.8779366314 0.1699366832
168733174.9215699434 0.1705995383
168476293.6068066359 0.1698661695
174217539.0153943896 0.1701939852
168329404.0803453028 0.1699052185
173846558.1708731055 0.1689455489
168542113.2263330519 0.1702011225
168363436.4441201985 0.1704435865
174819812.5235194564 0.1698292015
168485907.9563513994 0.1701118519
174683868.3185296059 0.1701713679
168636322.6198927462 0.1678745071
168443311.9473266304 0.1702021531
174336668.7278606296 0.1701380369
168585476.6188498437 0.1703266463
168354821.9314570725 0.1698785019
168347753.6936520636 0.1701026210
168289355.9123395085 0.1700230570
174928458.2867636681 0.1689203815
174762122.6493636370 0.1698804205
174953165.8554941416 0.1692878962
168307468.1504058838 0.1703596175
168285713.4073876441 0.1710621550
168333121.4434121549 0.1709921415
168420271.3931671977 0.1719138398
168241648.5479228795 0.1711160390
168675334.9235499799 0.1722455272
168281111.2429725528 0.1712227167
168503297.7041512132 0.1717713470
168234483.6676614285 0.1711460448
168396766.6599721909 0.1713693327
168264097.8779590130 0.1712359795
168306261.5014552176 0.1701363344
168180727.8503558040 0.1712965660
168387554.8989496231 0.1715593460
168253709.8968437612 0.1713321725
168384817.2295539379 0.1703761730
168347765.6717627048 0.1713900381
168402716.8574383259 0.1718841163
168202288.0843822956 0.1714241289
174655348.7049821317 0.1707771987
168342866.3540845811 0.1712998900
168237562.4322583973 0.1716828380
168313836.9583667815 0.1714214337
168449842.3779180646 0.1720549361
168146185.4251247644 0.1711752124
168289104.6560289264 0.1706488578
168450195.2130789757 0.1707684278
168132649.9081718326 0.1714161029
168330270.8171403706 0.1713220217
168235061.9397086501 0.1715560580
168268344.0570200980 0.1718661526
168380916.0331286788 0.1713431051
168399472.0848855972 0.1712612362
168289714.1471007466 0.1716922647
168161024.4486207664 0.1714513895
174258382.3571848869 0.1708995483
168185145.0614994466 0.1716172078
168689990.8817391992 0.1716953051
168239617.6310566962 0.1716655258
168309013.8559169471 0.1713515491
168447563.0267123282 0.1713245092
168433295.8772242963 0.1713503659
168166247.6085489690 0.1716939081
168488248.8361014426 0.1714437251
168109916.2842574716 0.1713799462
168673777.6705272496 0.1726605777
168117700.7338187993 0.1715415852
168324713.3389941752 0.1714104792
168104886.2986276746 0.1716477471
168340732.5380854309 0.1724553986
168097459.5463297069 0.1715726432
168452539.1000099480 0.1728419220
168233168.4399849772 0.1714771805
168404399.0317826867 0.1712213073
168106951.2495189011 0.1716220249
174185757.6103788316 0.1714747759
168292358.6753571033 0.1711075019
168324512.8496334255 0.1710123984
168091666.0895283222 0.1716947401
168434170.0796006620 0.1715163562
168189084.2714926600 0.1718968795
168031981.8437627256 0.1718301743
168295379.0394205451 0.1717704753
168277248.0472874939 0.1724505252
168210551.3425097466 0.1720701909
174298662.2343243957 0.1719323574
168095209.8234245479 0.1718157552
168288315.8728542030 0.1710784265
168197268.6369771361 0.1718955808
168070780.3849527240 0.1717412596
168274501.6685497165 0.1715259522
168032612.6815622747 0.1718453662
168341162.8249050379 0.1717377880
168373977.0162240565 0.1718469998
168077266.1197181344 0.1716234165
168051580.5521070063 0.1719194400
168085039.4826947749 0.1715251217
168055482.0884408057 0.1718591159
168103598.3341369033 0.1716998352
168399783.4790880978 0.1717879924
168291600.6344776452 0.1724617353
168067720.2893022895 0.1718480504
168131823.0526392758 0.1716039422
168053864.1492262781 0.1718619470
168121106.3569253683 0.1715572551
168032514.6756527126 0.1718977207
168231883.8020939827 0.1723255540
168039417.5231039524 0.1718234512
168217379.7118646502 0.1718293603
168059239.5065501332 0.1718580803
168126482.9733511508 0.1720587724
168080087.2963799536 0.1719136574
168141603.3541974425 0.1711442523
168052769.9167095423 0.1717087927
168168635.7734650075 0.1714030672
168054647.7470368743 0.1719440445
168187771.7124558985 0.1719403016
168038419.1886693835 0.1718201177
168272094.7344987094 0.1717297220
168417166.1227496862 0.1717894491
168141257.8883219063 0.1719257509
168354065.9707615674 0.1719864200
168439204.3968240023 0.1713598153
168021149.1272960305 0.1718862511
168138838.5037807524 0.1720139843
168375214.3203703463 0.1719235343
168323745.6891893446 0.1720825475
168016683.5870630145 0.1719084241
168079364.3251399696 0.1719325933
168120149.0389747024 0.1719322566
167997913.1785928309 0.1720421628
168005232.9873954952 0.1720192199
168327930.3196668327 0.1718323615
168376959.1773850918 0.1720697674
168056859.5805756450 0.1720853048
167998079.7532376051 0.1720227087
168251129.2859423459 0.1721156065
168377220.7985712886 0.1720552305
168301520.1916593015 0.1718130873
168019331.5703788400 0.1720634572
168127771.9602916539 0.1722998662
168008014.0461877584 0.1719644459
168318887.9154787064 0.1718997202
168023388.5893431902 0.1721040891
168382206.1098568141 0.1717956944
168015792.1506735981 0.1719932113
168045375.1884712279 0.1719092612
168025341.8009969294 0.1720514550
168022719.0558488965 0.1719580896
167996759.5936687589 0.1720830079
168095925.3717947602 0.1722811248
168005545.8886754513 0.1720903645
168100085.1316133440 0.1720839742
168032519.7631214559 0.1721397652
168161934.0154116452 0.1720831710
168002726.5235875845 0.1720844332
168350191.9132641554 0.1722551640
168359527.7416035533 0.1721598170
168347585.7298157811 0.1720573407
168380624.1892480552 0.1720590416
168024838.8317724168 0.1723891854
168006676.4095539749 0.1720795801
167995343.7279840112 0.1722217144
168333602.2978663743 0.1721475371
168163518.9163919389 0.1723264680
168372046.9461199641 0.1721969188
168042349.9947787225 0.1723606298
167990372.6419148445 0.1722196224
168016044.1518944502 0.1721212068
168001855.0754657388 0.1722897212
168370105.1646963358 0.1721796294
167991584.5140487254 0.1723254900
167988262.3534798920 0.1722237275
167998196.3826719820 0.1721938509
167993399.0679283440 0.1722310558
168321199.3514365256 0.1722831835
168381219.1241074800 0.1721813844
167981887.2015742958 0.1723684817
167978283.5855356157 0.1723622654
168332964.1280716062 0.1723195399
167979725.1115945578 0.1723471745
168358747.8942988813 0.1723471158
168334714.6769836843 0.1723561102
168039011.7114033997 0.1724076581
168354203.3877947927 0.1723478796
168049601.1994444430 0.1725196535
167974713.1471543908 0.1723691493
167981934.6237185299 0.1722978059
167984780.2707430124 0.1723812002
168019433.3432860374 0.1723756990
168357667.8394122422 0.1723710800
167998881.4995822608 0.1723905139
167974518.3217874467 0.1723744546
168346030.7478203177 0.1722484891
167980286.9110701382 0.1723849939
167982909.4594767094 0.1724975184
168002638.2960319221 0.1723962008
168000618.2145507038 0.1724562524
168359701.1330427527 0.1723763299
168343870.7724642158 0.1723473994
168345530.1950642765 0.1724024583
168024490.6904393137 0.1723586579
167975440.1290473342 0.1723717060
167998544.1186869144 0.1723205859
168358691.9458973408 0.1723313169
168011794.0678136349 0.1723540778
167975475.6766715348 0.1723658134
167971795.7619232833 0.1724857180
168345292.7363877594 0.1724709528
168069889.6533453763 0.1724902325
167965883.8453460336 0.1725070400
167979546.8650074303 0.1726140331
168342718.1738998294 0.1724980871
167975333.8038187921 0.1725549427
167965344.0493187308 0.1725097876
167994096.6697211862 0.1725014911
167965944.9147576094 0.1724959939
167971815.8785532713 0.1724868326
167969331.7931038439 0.1724943903
167987070.4097879529 0.1724877563
167963403.2129753530 0.1724623275
167998880.3088790774 0.1725625282
167960712.1471030414 0.1724763258
167975068.4544417858 0.1723726701
168334507.1409423053 0.1724393200
168311228.1725724339 0.1725498593
168336502.2323997319 0.1724682082
167987579.6097253263 0.1724448636
167962286.0313438475 0.1725085563
168039077.8522177339 0.1726296200
168339587.7140442729 0.1724944470
167962986.7969239354 0.1724381732
167958782.4612285793 0.1725056870
167968792.0715419054 0.1724901616
168342748.7864611447 0.1725091852
168005407.1246333122 0.1726284812
167960931.5609843433 0.1725170256
168325660.7914273739 0.1724934536
168343805.8379147351 0.1724806507
167985572.8590620160 0.1725056434
168344896.0121488273 0.1724842348
168346285.3947783411 0.1724488036
167966135.6695187688 0.1725007731
168312915.4187681079 0.1724644754
167975372.8408488035 0.1725297154
167980382.4447352886 0.1724245136
168308029.4858723879 0.1724975323
168016651.1434313059 0.1724822640
167965701.2155753672 0.1725050121
168289108.0367118120 0.1725052607
167962080.5219810903 0.1725130375
168300266.8727369010 0.1725267373
168332588.2973974049 0.1725035382
167967179.6376840174 0.1725426200
167966503.5120258927 0.1724498572
168301549.1944697499 0.1724244663
167956229.4409856796 0.1725507729
168000714.9582069516 0.1726132796
167951023.9026186764 0.1725626557
168049122.3944189847 0.1726405947
167967569.6987114847 0.1725810856
168009602.2924986184 0.1725525139
168330607.8718387783 0.1725514148
167950767.7046272159 0.1726795681
167957105.2403426468 0.1727329257
167949046.4965399504 0.1726983212
167953876.3619509339 0.1726701181
167951526.9425846338 0.1727012975
167947165.2361232638 0.1726493205
167949824.3649260998 0.1726521759
168329397.7535249293 0.1726425429
168328275.2313108146 0.1726391444
167952651.1958972812 0.1726644705
168328299.3574399054 0.1726554896
167968712.7319192886 0.1726607193
167947711.0711307824 0.1726349656
167957907.6958906054 0.1726793685
167954335.7340741456 0.1726607837
167942533.1092501283 0.1726775789
167943505.7437866628 0.1726781599
167945234.7453206778 0.1726603081
167942921.3753696382 0.1726814446
167967344.7386262119 0.1727009842
167943258.1076667309 0.1726991004
168303674.8571388125 0.1726433489
167944477.8692651093 0.1726823607
167956470.6752050519 0.1726605920
167958406.2646932602 0.1726949908
167971573.2425324917 0.1726803100
168328231.7693523467 0.1726834744
167944880.9681856334 0.1727189842
168322943.5580626428 0.1726945342
168322047.9626791775 0.1726199318
168326766.2406195700 0.1726685758
167960858.6905584037 0.1726360450
168328120.1097325981 0.1726563268
167966679.7636115253 0.1727030709
168326699.7268420160 0.1726893252
167948969.0585769415 0.1726538205
168322346.2603667676 0.1726749816
167961562.8960521817 0.1726914182
168328388.4040627778 0.1726784177
167943723.2527642548 0.1727363905
168327923.6577450931 0.1726710355
168321292.9760221243 0.1726810649
168331010.4428534210 0.1726610909
167946558.0973583758 0.1726597169
167940635.7945185304 0.1726989411
167943475.5989572108 0.1727351076
167946640.1114344895 0.1726941595
167967609.7612557113 0.1728215477
167950469.7466301024 0.1727031246
168320387.9565494061 0.1726746283
168322891.7776944339 0.1726849356
167954243.7007922232 0.1727300759
167940327.1435302794 0.1727119317
167940345.6850919425 0.1727123976
168325231.5684014857 0.1726983839
167941179.6894298792 0.1727174807
167941035.8658778965 0.1727286076
167940862.4482867122 0.1727172133
168319374.1332534254 0.1727128630
168323559.5286394060 0.1727073862
167948655.5057345331 0.1727182785
168325563.4381003976 0.1726985261
167940503.0716749430 0.1727327417
168325989.6620267928 0.1727145622
168326126.7785947621 0.1726887331
168326217.3778124452 0.1727104445
168325554.8231404722 0.1727139765
168325273.3403050900 0.1727138809
167953504.4783014953 0.1727127142
168324066.4007158279 0.1727007977
167955962.3325234354 0.1726962976
167941437.4423713088 0.1727075864
167939050.3985981643 0.1727294672
167939577.4979387522 0.1727318116
167947788.0911053717 0.1727348652
167939233.5910883844 0.1727375325
167953418.9794144630 0.1727909406
167940115.4065736830 0.1727330353
167938985.8062258363 0.1727498539
167940798.8398069441 0.1727521890
167944577.1691375673 0.1727643768
167939719.1236927509 0.1727481084
167944815.3018853664 0.1727408675
167944253.7241151631 0.1727621300
167954544.3133494556 0.1727557108
167939780.1107581556 0.1727556697
167940559.2937560081 0.1727461923
167938575.7687693536 0.1727579062
167936949.2531042993 0.1727889287
167936374.2122699618 0.1727853343
167955315.5780085623 0.1727929574
167936200.2024918795 0.1727847084
167946659.7448078096 0.1728054135
168322062.9520426691 0.1727810147
168315984.5281957090 0.1727615433
167936676.7206892371 0.1727836792
168305958.1573701501 0.1728060992
167935058.9872203767 0.1727857694
167940532.5001538396 0.1728006798
167936215.9623975754 0.1727888844
167940167.1840245426 0.1727762010
168322119.8120568097 0.1727744728
167939692.9541999698 0.1727884646
168320453.6371624172 0.1727839250
168317650.7575884461 0.1727908525
167937961.1656681597 0.1727917829
167940858.6523258388 0.1728041202
167936600.1657156050 0.1727838456
167946645.5906469822 0.1727718362
167939066.0366806984 0.1727954629
167940235.3528396189 0.1727721628
167936323.6957386434 0.1727878261
167943632.1907244325 0.1728288562
167934590.8543848097 0.1727859128
167940363.9153516889 0.1727731138
168319085.5352210104 0.1727849123
167953109.2294439971 0.1728191790
167935930.2880140543 0.1727853120
167939609.9439953566 0.1727738249
167937101.3323340714 0.1727798705
167934515.2824004889 0.1727926719
168317723.6630317271 0.1728024361
168320320.7159710824 0.1727911303
167939408.5543170273 0.1727896852
167935041.1844515502 0.1727887446
167936531.9244620204 0.1728003128
167934899.1589208841 0.1727952709
167934234.5670168996 0.1727945470
168319602.8404887915 0.1727948844
167940113.1555073261 0.1727960767
167934877.9590592086 0.1727969277
168320775.1705592871 0.1727758348
167933296.7092268765 0.1727951338
167941019.9183183610 0.1728018094
167934748.6147160232 0.1727963598
167938469.3309738040 0.1727869678
167935303.3033940792 0.1727981307
167937083.3566912413 0.1728039830
167934030.8542419970 0.1727941706
167933769.4637350142 0.1728028376
167934289.9388342798 0.1727970864
168318455.7284881175 0.1728121577
168318852.8829765320 0.1727922690
167941847.9682119191 0.1728049153
167933797.3280393183 0.1727985435
167937203.9724286497 0.1727911466
167933306.6513848007 0.1727967264
167932316.5088027120 0.1728103793
168318424.8984501958 0.1728071588
167946924.1801300943 0.1728271272
167931872.1763844192 0.1728130156
167936540.6254456043 0.1728187795
167932681.9657918811 0.1728178890
168318185.0665586293 0.1728174476
168318469.0160902739 0.1728113415
168318266.5571150184 0.1728165430
167932277.2678800523 0.1728076234
167932622.8414467871 0.1728069204
167932085.2226051986 0.1728164360
167932728.6657828987 0.1728043800
168318096.6045201719 0.1728157931
167936467.2709301412 0.1728079522
168318540.9953736067 0.1728101144
167933825.6738017499 0.1728179066
168317549.3220732510 0.1728031138
168318560.0968589485 0.1728080650
167931714.1590644121 0.1728142256
167932117.2301284373 0.1728155332
167931961.0054185688 0.1728163794
167931810.0475086570 0.1728176088
167932454.2516389489 0.1728155610
167931248.3897616565 0.1728208039
167931042.8681839406 0.1728201305
168305566.4495418370 0.1728122087
167931375.6182140708 0.1728200263
167934975.3528749943 0.1728249984
167930841.8496892750 0.1728200638
167933512.5437309146 0.1728198157
168317794.5532965660 0.1728168000
167932536.5042532086 0.1728202873
168318182.6995381415 0.1728211911
167931993.9175522923 0.1728245103
167930955.7824711502 0.1728176165
167931967.6604108214 0.1728200588
167931662.3305993080 0.1728219507
167931298.0675861835 0.1728203714
168317928.9024347067 0.1728195556
167931193.4962266386 0.1728145977
167930969.2920670509 0.1728207955
167931016.9224916101 0.1728187048
168318295.8546428680 0.1728164160
167931596.3217449784 0.1728205318
167931003.8236813545 0.1728200916
167931085.9514547288 0.1728165825
167930827.4706874192 0.1728207970
167931042.5553393662 0.1728187814
167931017.2870260179 0.1728223502
167932468.2223623991 0.1728253750
167931017.1747639179 0.1728216387
167931617.0776734948 0.1728286614
167930823.8076338768 0.1728199407
167932824.6776446104 0.1728200240
167930795.8125747144 0.1728203193
167933044.7913162708 0.1728307461
168315089.5357362032 0.1728197026
167939515.6560181677 0.1728217703
168317340.6487714946 0.1728184181
167933349.3090162277 0.1728266360
168318034.6223285496 0.1728181979
167931886.1183586121 0.1728270147
168311864.1372990012 0.1728163866
167931019.7169249058 0.1728206108
167932620.3804920018 0.1728224210
167930859.8031506240 0.1728218496
167931465.5046405792 0.1728173219
167930733.8779675663 0.1728202359
167931737.1450616121 0.1728191792
167930715.2637940943 0.1728192577
167930968.6172786653 0.1728182001
168318010.7457641065 0.1728187096
167931013.4348072708 0.1728218645
167930772.1592524946 0.1728188202
167930924.9879680574 0.1728193897
168318115.6216413379 0.1728189086
167930911.9936485589 0.1728191278
167930746.6784500182 0.1728190192
167931137.8070280552 0.1728202322
167930755.0652112961 0.1728191806
167930902.6423542798 0.1728199624
167930727.7907433212 0.1728189335
167932036.2574616373 0.1728199133
167930654.0390197635 0.1728195031
167934835.1955716610 0.1728211646
168318256.2404300570 0.1728179182
167931331.2736484408 0.1728236448
168317996.3307902217 0.1728199500
167931452.8254583776 0.1728212825
167930852.7372626960 0.1728204195
167931973.4997638464 0.1728188522
168318029.5277343392 0.1728195279
167931942.3785214722 0.1728231077
168318086.4352074564 0.1728189770
167931475.9359683692 0.1728217204
168317840.2590223849 0.1728191145
167931371.4294360578 0.1728194851
168318137.4824529886 0.1728185856
167930834.8930693269 0.1728217231
139364088.0000000000 0.1728217231 0 1 0 0 0 0 0 0 0 0 0 0 0 0 0 