680565347.5686670542 0.0001422525
668527442.2743324041 0.0008944547
672517811.8531004190 0.0007929561
695655889.4834121466 0.0006563607
726709558.3841139078 0.0007803515
672676544.9249749184 0.0000674590
687817276.0831713676 0.0005535618
674308130.1342062950 0.0001857145
691676286.6769385338 0.0005940625
750813522.0536067486 0.0004165788
713184837.9709422588 0.0001513559
656335537.0799685717 0.0011036951
678667713.2717983723 0.0003996624
655737838.1107095480 0.0011415277
657481123.1364758015 0.0002700493
678317378.8848727942 0.0006084672
682275025.9053413868 0.0002632111
608711299.5822827816 0.0022011503
592451379.3839474916 0.0029028405
586075801.5289437771 0.0003756323
580781051.1973756552 0.0014650467
575442138.1555551291 0.0019739408
632719270.5690712929 0.0022911397
556838437.0713032484 0.0030427347
543310116.1735565662 0.0047502803
626910423.3735262156 0.0016157967
576269016.7951802015 0.0013297523
590790557.3140515089 0.0021279671
611204162.9638651609 0.0012046386
550804749.4085750580 0.0017135877
597106009.0198001862 0.0025320363
457179278.7059530020 0.0011113195
466038684.2987626791 0.0013505034
466383933.7674809098 0.0004955546
519536208.2548915148 0.0008808935
459662683.2799226046 0.0006779642
463384825.2308608294 0.0020265003
454563040.6262805462 0.0006175032
477545520.9455636740 0.0028577178
471602543.4801963568 0.0003792561
503284427.1001831293 0.0044790360
453714966.6521601677 0.0009097048
489591287.2079775929 0.0005486326
453092281.4684990048 0.0009554816
463652630.9427065849 0.0026848134
452592681.5301582813 0.0008344350
443785909.0786781907 0.0017576504
458043467.3043887019 0.0023839854
417016955.1779264808 0.0005177704
423443356.8529589772 0.0012728831
405953368.7324152589 0.0002867584
404769237.0534350276 0.0002658745
392850221.4765192270 0.0004360401
410186545.9568631649 0.0003327174
371741491.8740705252 0.0002699017
369003403.2801129222 0.0002940165
387328723.4287478924 0.0015574683
372982407.6720928550 0.0002825812
405901141.7337533832 0.0000605642
411046824.3227326274 0.0002887166
381879220.7556618452 0.0000031208
350692796.2958644032 0.0005785416
356674580.3508566618 0.0003458858
353528697.8849486709 0.0010933055
347923198.3292522430 0.0018636586
347345490.9902566075 0.0019814797
373392716.3700003624 0.0004664242
339335051.6752180457 0.0021300866
284783159.4093264937 0.0000065652
287080041.7679144740 0.0000233384
328578854.8479153514 0.0013474219
300611322.4709591269 0.0001613984
364715955.0738907456 0.0147565989
277453439.6113472581 0.0000159775
377444664.5469267368 0.0008612288
293642435.3554261923 0.0000099214
353403806.6443125010 0.0000066899
277523742.7600785494 0.0000064093
353776030.7146120667 0.0005825774
271696293.9533416629 0.0000610762
273969891.1182646751 0.0047870482
275247353.7259750366 0.0000119189
347156499.6215463281 0.0003061491
283931108.7678834796 0.0002266180
286223523.0195952058 0.0000301222
268452799.6084700227 0.0000002195
255280432.3184781671 0.0019916416
268953111.9001299739 0.0005364097
242468948.4187268615 0.0041410008
258984458.4447736740 0.0035596906
302063307.5506915450 0.0041755899
251883631.0309037566 0.0042735825
323161019.8681376576 0.0005992494
266582946.3202354908 0.0028503724
345914270.5163797140 0.0011015234
267955099.7509733438 0.0039988815
274879746.7224429846 0.0063350127
245351637.0947313011 0.0037004458
269076018.7801976204 0.0045444095
242403369.2737419307 0.0042240043
276644593.2816402912 0.0114828715
243004209.4735015929 0.0044165990
319548111.5429393649 0.0004369051
240453239.8150577247 0.0037091942
285600473.7449679971 0.0079786727
232949736.8585689962 0.0017386016
288674343.8915184140 0.0033606477
224254739.1859955192 0.0021651173
331708220.6499068141 0.0014831373
220018059.8508381844 0.0002036678
271819943.4699422717 0.0073475132
224398111.4159022868 0.0000647295
299401897.7147809863 0.0037169350
216636058.0384927988 0.0003553319
262409696.3915735483 0.0022105972
222952635.4502102733 0.0001020673
284260597.5488747358 0.0003300784
237131299.3326562643 0.0007278717
309892873.6149405241 0.0006129199
218710865.5644045770 0.0006112239
267235313.0696856976 0.0003216836
206012665.8304175735 0.0004207832
254593030.4797947109 0.0014958628
213555968.4017956853 0.0000001142
271731772.5690495372 0.0006233135
220198077.0878393054 0.0001388931
288254488.1461417675 0.0000006736
204254675.2879261971 0.0003356003
259710958.3649852872 0.0004407556
212091660.2226964533 0.0005318918
294044203.4736322165 0.0043185870
205633646.8009718955 0.0000788686
205337300.8439622223 0.0003549395
230599407.2970129848 0.0001996021
198319666.9532618225 0.0003612932
233677412.7453919649 0.0008279755
199643379.9992504716 0.0003540415
183134967.3276022673 0.0016405678
181714545.9475484192 0.0027334252
184208199.1578662097 0.0088713554
179048813.8329254687 0.0005642870
199148767.7383638322 0.0013149049
181227816.9276142418 0.0008180165
210348541.3855201602 0.0015608196
187341776.5746471286 0.0002956088
191326078.2253029644 0.0017037176
179686726.1168815494 0.0004658690
192927935.5228751302 0.0002720060
185834016.4449067414 0.0003527315
187506065.7092373073 0.0000041942
181981429.0871898234 0.0004593474
177808666.4701508582 0.0003398806
176465653.5608655512 0.0000847048
169288349.7141736746 0.0021627391
170406487.6560465991 0.0020660650
180873587.0746525526 0.0032488924
167490300.5561126769 0.0029330949
178012743.9898738265 0.0000649314
171842426.9257070422 0.0025310732
195896367.5526573062 0.0013205639
167798813.9428228140 0.0029864508
200737354.9802520275 0.0038500306
166674870.3467703462 0.0017271428
175596986.4256979525 0.0026631487
169685405.4055705369 0.0024586050
184272892.5414648950 0.0042795187
170820620.1671215296 0.0016705528
191012061.9667982757 0.0000263665
166365683.8820559978 0.0019103759
181340785.9118646979 0.0009978796
164955316.5853810310 0.0016947577
173500060.1940773129 0.0039656582
164740655.2175904512 0.0022000489
169545765.0048251748 0.0004547597
163963122.4948212504 0.0020356362
185940909.1424994469 0.0067705276
163581729.3554062247 0.0017881932
187665408.0235537291 0.0000004616
169293681.1641817987 0.0028632097
164822417.4702827036 0.0000000148
162573330.2138609588 0.0032426869
163302684.1399105787 0.0017924696
163453758.2466853261 0.0021760465
169128507.4567145705 0.0075072878
163969442.3531257808 0.0035722069
175626669.6227147579 0.0077306020
165737340.7298630178 0.0058694833
185525471.5390937030 0.0063939391
163905345.2996458411 0.0044667605
198701754.2216971815 0.0032613818
163737095.1868526936 0.0032651846
161901931.4233947098 0.0010916404
163346943.8373774886 0.0011041012
182689898.2496020496 0.0087909382
164188950.0385449231 0.0009145021
181412634.3570834696 0.0050542791
163149541.1574327946 0.0000272019
176117850.3398480117 0.0003579667
162492727.3215853870 0.0046158618
173748842.0568462908 0.0005842627
161948186.6949381828 0.0026640683
180296108.1673523188 0.0013365773
160634408.0284126401 0.0012606967
184590826.5077346861 0.0039552684
155758841.3977138400 0.0014092239
166779614.8524581492 0.0009115054
159383940.8720050752 0.0013318206
169411316.6570616066 0.0002844852
156768070.6927382350 0.0019683082
171007750.7606262863 0.0009813816
157310260.8625131547 0.0015330364
149566272.6000273824 0.0000343208
154772191.5292093754 0.0000971458
170963963.2738486528 0.0011670552
150271201.0242321193 0.0002048498
161697193.7896817327 0.0001361212
151260991.3155034184 0.0000101043
168279146.4758295119 0.0033813689
149824441.9101379216 0.0000524243
176248202.6003922522 0.0000038677
148748153.9452741146 0.0001287949
159772216.9762212932 0.0023427234
150343781.1026202440 0.0000029050
166276876.7663803697 0.0006311419
155311658.3312876523 0.0000033298
150513788.6834093630 0.0000655827
155754296.9951210618 0.0002664499
149653587.4113076031 0.0001213494
155347351.7761870027 0.0001523428
146043013.0584574044 0.0000723946
162874984.2034974396 0.0011439895
146023359.0416613817 0.0000412892
144254738.8862346113 0.0000676388
144236795.3240686059 0.0000608890
149985355.2365586758 0.0010792821
143788687.8296079338 0.0000925069
142332781.1313736737 0.0000208447
141730753.5412165523 0.0000368651
141527412.9272485375 0.0007239219
142076482.6301744580 0.0006898460
141323335.5785347819 0.0012280258
141713830.7362434566 0.0000297752
142448623.1441688240 0.0000165026
141722308.7000639141 0.0021885653
152065797.0474101305 0.0020978058
143997095.3666916788 0.0012666010
137766314.9616922438 0.0006056832
138748927.5830229819 0.0006346363
136862277.4923818111 0.0012320526
135385688.4393503666 0.0018112971
135583445.1331903636 0.0045473708
134920075.9172260463 0.0020971409
137034502.2201618254 0.0053157916
134370976.6601168811 0.0019968281
135470042.3978694975 0.0004569392
134768194.8483031094 0.0015235771
135307437.0036781728 0.0006204365
133685610.5423425734 0.0017051951
145590726.1940746009 0.0006296782
136216939.5152165592 0.0016166221
140449968.3085528314 0.0016049432
137206163.8798200488 0.0024591482
133769081.9609846771 0.0005763480
133508950.4460143298 0.0015914051
139563675.0972063541 0.0035940684
132310999.5462410152 0.0013320449
136655737.6103150249 0.0011746935
132655570.3791881502 0.0012955080
136082583.1623337865 0.0015125247
134538811.9997370839 0.0015682236
135329975.3580780923 0.0014987845
133915171.7733716071 0.0012523393
137768640.4566780627 0.0016123139
133442141.6552570164 0.0015133097
140023203.2942874730 0.0008692918
132033503.7971534282 0.0008249194
133182584.9606386721 0.0006156919
131937555.9642892480 0.0010397365
134521171.6937780976 0.0017453331
132221990.4958545566 0.0009609693
136785545.2945419848 0.0004242432
131412555.7313435674 0.0009281812
132705952.8866904974 0.0059759857
131756374.6923599839 0.0005896817
133005238.6298993379 0.0000899899
132176182.2366814613 0.0007327379
132147365.7262462229 0.0000508624
134644825.5935627222 0.0057138406
135170092.7195567787 0.0006704994
132362863.8902183622 0.0007433626
141003176.2445953190 0.0000144737
131760120.2335982174 0.0018393410
134423228.7689723969 0.0007254355
132037269.1929062754 0.0011153772
134473349.8448095024 0.0005868031
131383565.1520074457 0.0003797227
138154625.9933720231 0.0124799957
132353299.7000561953 0.0001458629
137399082.2412579954 0.0001114790
132744539.3510606587 0.0007322648
135054111.0297383368 0.0000824912
131114735.1005449891 0.0004241472
134158247.4137071669 0.0006370024
131627242.4037576169 0.0002067427
141581205.2786211371 0.0030462978
131121422.9559731036 0.0004830666
135649694.0107172430 0.0010999797
131299992.9961632788 0.0006374035
132736206.9091199636 0.0002549148
132341029.9900165945 0.0002554178
131187903.2059730887 0.0004327608
130954091.4273991585 0.0003463458
132805711.9837006778 0.0002019374
131098825.0661331713 0.0003713642
135120095.1366615295 0.0002397619
131595267.1459022760 0.0003182474
130832525.4571261257 0.0003327651
131566014.3867437541 0.0001149426
131107090.3615073562 0.0003169839
130778197.9657477736 0.0027994399
130815192.5588048846 0.0026780890
132000125.6103989929 0.0013360479
131038414.4070329219 0.0024181865
134452072.8790245950 0.0034972842
131776267.5298041999 0.0025592461
133237515.1349912882 0.0037206160
131931660.8596657813 0.0028422390
130888007.5838569105 0.0010988689
131039828.4576514363 0.0020086051
130849422.7273805737 0.0050431019
130451952.0206823945 0.0026646029
130660928.5010194480 0.0025905568
130418461.5384067893 0.0031148274
130255495.7590454966 0.0009324755
130130260.4746801257 0.0008628208
130287240.2588871121 0.0005453739
130239953.9321786463 0.0007078732
129758292.2348726243 0.0012119924
129625947.9436649233 0.0011165797
129958523.0545142889 0.0023270541
129524567.9301635176 0.0011182243
130310504.7302246839 0.0030032473
129791976.4344753921 0.0011453698
130368603.6554038376 0.0013336113
129757298.5101615936 0.0010504214
129570952.6199415177 0.0000277041
129909453.7430457026 0.0010419805
129820303.3700283170 0.0007366024
129784073.5153904557 0.0009726764
131240747.5995237082 0.0011275105
130373730.8652509153 0.0011444479
129598087.8669884205 0.0013429900
129654520.0917765200 0.0013023957
130219933.6477179974 0.0018532077
129639326.6159982383 0.0010902684
130710203.7445935160 0.0015617103
129557244.4719163477 0.0011306640
129664626.3086170703 0.0009755523
129667972.6518598944 0.0008278712
129867856.4356437624 0.0011945676
130199927.3164821416 0.0010194967
129828745.6698269546 0.0008407955
129740887.3556133062 0.0015997514
130026121.4924128056 0.0015930195
129567179.5262078792 0.0011672250
130435924.4961500764 0.0000302517
129467885.4272571206 0.0011565703
130066822.8581906110 0.0004375824
129578611.8995999694 0.0008118184
129524315.0155961365 0.0013946885
129474626.0750253052 0.0010814762
130454754.1996444613 0.0010440745
129711301.6452934146 0.0013112958
129521302.5242509842 0.0031350112
129633534.1715307683 0.0009899521
130030234.5647841394 0.0006832183
129399123.5633446574 0.0012792445
130076354.4481385797 0.0008650411
129423934.1743046492 0.0014076418
129283132.9087154716 0.0020362434
129582860.1037084758 0.0026322917
130450613.2594277561 0.0018979311
129520379.3861603886 0.0032647537
129302953.6486056447 0.0020161553
129629030.4276968241 0.0022930953
129614690.1531945467 0.0021706230
129373946.2137262225 0.0008850416
129583387.1221530735 0.0020358387
129523762.2375566959 0.0027402151
129679354.5817996860 0.0020436750
129408535.9252532870 0.0021396275
129295189.1211328655 0.0020398737
129506528.9081845582 0.0018361516
129293974.5375575274 0.0020266817
129525143.6761484742 0.0019413013
129611223.8099164516 0.0020433517
129601719.5558095276 0.0017563762
129397792.4970114380 0.0015582975
129554650.6031902730 0.0024010638
129761030.0522953272 0.0020358437
129377156.1119928956 0.0020309063
129441710.0516935289 0.0021998308
129714388.1986826807 0.0017531723
129750187.5430824757 0.0022941198
129435918.3942709267 0.0019749079
129297864.5572310835 0.0018108556
129563907.5491173863 0.0021018833
129555257.4991941899 0.0023198407
129451032.9820366353 0.0017082025
129665391.8060084432 0.0020377569
129447714.8089173138 0.0017296623
129689742.9428654462 0.0020508858
129511194.4508527368 0.0014695284
129538808.5235762596 0.0018432285
129404663.1149824113 0.0022781305
129716244.4963626713 0.0020044396
129639654.0077721477 0.0021712449
129669153.6196031123 0.0020623356
129561165.6829524785 0.0014812708
129288744.1807898134 0.0020568693
129396672.4611033648 0.0021477161
129710663.5125733912 0.0019757152
129612525.6945032924 0.0022078205
129732795.9570217580 0.0019396035
129230233.3087901920 0.0027561048
129482618.5778232515 0.0028232691
129498653.2381108701 0.0022775735
129214817.7207655609 0.0029366622
129217367.9258151203 0.0019918017
129207172.5891142935 0.0029330149
129241191.8402332962 0.0027632063
129317525.2624113858 0.0030215149
129257780.0165112615 0.0028025902
129473729.5289809406 0.0033278181
129445203.3806487918 0.0024927605
129495363.7718942463 0.0028648186
129259767.0504697412 0.0021177315
129388494.7182024866 0.0028239639
129407168.6185977012 0.0032226027
129309958.9226250350 0.0026531559
129557688.7546909153 0.0034484469
129207088.7119736075 0.0031364151
129359612.2803812176 0.0034678253
129199956.3066228181 0.0031340535
129323278.1607082486 0.0030413154
129203160.3644873053 0.0038644283
129355182.4091158360 0.0029293845
129481502.1242389083 0.0031505242
129223108.6716330498 0.0030866605
129234339.1369233578 0.0033396888
129321618.9281316996 0.0030335022
129461518.0159249753 0.0037490617
129483126.2216521949 0.0032924403
129391070.7451858819 0.0034716656
129203284.1573020667 0.0031816759
129217453.2691377699 0.0032380439
129449255.8098936975 0.0030833037
129366645.3616992533 0.0031934738
129507895.6373681426 0.0030492525
129244402.1667651683 0.0032656901
129212398.2587151527 0.0032810818
129373778.1328901052 0.0026762107
129466003.0223613083 0.0031727016
129558854.6098888516 0.0032158214
129206004.0105112344 0.0032437463
129398359.2735549659 0.0033067291
129254357.8334828466 0.0031073991
129438305.1055364460 0.0027581500
129484563.6867270768 0.0031819914
129345588.9821043462 0.0032720622
129213374.4498830140 0.0031149609
129262465.9757459015 0.0024382604
129205551.3728525192 0.0031156820
129403202.8505805582 0.0035089613
129536262.3748964965 0.0031152548
129452605.0430979729 0.0028222555
129226353.8072694838 0.0031468791
129257722.4820015430 0.0034803286
129487400.3641755879 0.0031207097
129443988.8518754542 0.0029978211
129501387.2784258127 0.0032100470
129417801.8366114050 0.0030831917
129477065.8925645053 0.0032243610
129532502.0883507133 0.0028810077
129211119.8239115626 0.0030996224
129348389.9811172783 0.0029260469
129516441.6081130803 0.0032455176
129274636.4595800936 0.0033200115
129240739.7737774104 0.0031243804
129553647.7841262072 0.0031782057
129209077.0896202922 0.0031438840
129461160.5311255306 0.0030157985
129203859.1230968684 0.0031548558
129417339.9684088081 0.0033889591
129550339.9304930717 0.0031530284
129215139.6106954366 0.0030995535
129200977.9884962887 0.0033619499
129197830.7285590470 0.0031497637
129464953.1939775348 0.0032597001
129219738.4065268040 0.0031488047
129194512.3056568950 0.0033986050
129195136.7004673779 0.0034253475
129366316.4124604017 0.0032838429
129498150.1684148014 0.0034838229
129322688.7079599053 0.0032243589
129208364.9475862980 0.0033781839
129491094.8335659206 0.0033114231
129485288.4949979037 0.0033866292
129267730.1913878918 0.0031568310
129208893.0165576041 0.0034389209
129444970.5338643640 0.0033064030
129195600.8728238344 0.0033801245
129482142.3142331392 0.0033883144
129224715.7215021104 0.0033980741
129258143.7697644383 0.0031816417
129219948.9848988056 0.0033875846
129323971.7967304140 0.0032491203
129196710.0875341296 0.0033947710
129399514.4049061239 0.0035081005
129238437.2777336538 0.0033744389
129209354.5789736658 0.0031237699
129500821.8602503836 0.0034175685
129258334.1133701801 0.0035645163
129215570.7921428680 0.0034080654
129264335.6156201959 0.0034507295
129196178.5059357733 0.0034034533
129482376.3970126510 0.0033539911
129209968.8320478797 0.0034496898
129341369.7370711565 0.0036346542
129201260.6319065094 0.0033884854
129266797.3701288700 0.0033854784
129221617.0848570764 0.0032998623
129323399.7604906410 0.0036695607
129211184.5280723274 0.0034394135
129339908.4341003597 0.0036212942
129201530.3387061954 0.0034076187
129339857.9642531127 0.0036214361
129213341.1552356929 0.0033673481
129341036.8086420447 0.0036640238
129210585.9426337481 0.0033485840
129318233.7498051226 0.0037291749
129248889.5912208408 0.0034172839
129199513.0844333023 0.0034601462
129202564.4360075295 0.0032407744
129196713.5729655027 0.0034129015
129205486.8100443333 0.0034893913
129204982.6915756166 0.0034000028
129203603.4018164277 0.0034427267
129204425.9976260513 0.0033647874
129425119.7395992875 0.0035687372
129232203.9415909946 0.0033604145
129205455.7895771265 0.0033915461
129208091.6567796469 0.0033687245
129201270.1880539954 0.0033913936
129205619.9634371549 0.0034061267
129209318.3642920256 0.0034008391
129197431.6712073237 0.0034127093
129214654.0037753433 0.0034135942
129216756.4087102264 0.0034226215
129201880.2408224642 0.0033681707
129207881.1560018659 0.0033686960
129214206.1630021036 0.0034140925
129223475.0092352778 0.0033727162
129210907.9458494633 0.0033972127
129242152.6615829319 0.0033315003
129205154.1382272393 0.0034322701
129481613.1964107752 0.0034088343
129209299.7092527002 0.0033814913
129193288.1289774328 0.0033968085
129194699.5424745381 0.0034084634
129194311.7989091724 0.0033829264
129202661.5575030595 0.0033999412
129213697.9489753842 0.0033995199
129198860.6357707828 0.0034178094
129192567.2521671206 0.0034061991
129204089.5793697834 0.0033779456
129213146.5985298157 0.0033941506
129204953.9522402436 0.0034118954
129194211.7940824032 0.0034052416
129197310.0747984648 0.0034260341
129198926.4153022468 0.0033940504
129207683.8928805590 0.0033897697
129193701.6215885431 0.0034058766
129214681.3665253222 0.0033825911
129197435.1801817417 0.0034076536
129193956.3014938086 0.0034320163
129194051.2025535405 0.0034065631
129200032.1518896073 0.0034253137
129210973.4826035053 0.0034022499
129209515.0199510157 0.0034094205
129195836.2705441117 0.0034050891
129210827.2293552607 0.0033759099
129207208.4204669595 0.0034091884
129210860.3106996268 0.0034236556
129211994.1805822551 0.0034059766
129213971.1124091446 0.0034069135
129211895.0235233754 0.0034058725
129212484.3382696211 0.0034104236
129213407.4869118631 0.0034138554
129214554.7514542043 0.0034061620
129201809.4837936610 0.0034053042
129213078.7955555767 0.0033961311
129203700.9132945240 0.0033912390
129213656.4242520630 0.0034053558
129199890.1009846181 0.0034016980
129193467.8165384680 0.0034064241
129192578.7247932553 0.0034173747
129193629.1936658323 0.0034079803
129195445.0592128634 0.0034131712
129214252.3851906061 0.0034049481
129204002.9971676022 0.0034080731
129214128.4488250762 0.0034064100
129213911.8349268287 0.0034020391
129212583.2963581383 0.0034149938
129195005.9268610775 0.0033789066
129193677.6553250700 0.0034138833
129206157.2986570746 0.0034070840
129213487.8315097541 0.0034126512
129195868.4684943706 0.0033872436
129214371.8503961116 0.0034045271
129193689.9200151414 0.0034157393
129194561.8653037995 0.0033975906
129210245.3909856528 0.0034134056
129213869.8468320668 0.0034075874
129211198.4260969013 0.0034052996
129195023.8683895320 0.0034038152
129195799.3346380889 0.0034048558
129193322.5679332912 0.0034060986
129195167.5963325799 0.0034197476
129214157.9055963755 0.0034062311
129206722.5405974835 0.0034094770
129193101.3555507511 0.0034067400
129214543.6154434532 0.0034132595
129213645.2345767617 0.0034156257
129212155.0543471575 0.0034066850
129213622.6986147463 0.0034035460
129204990.9711496681 0.0034313295
129214599.6894473284 0.0034069014
129212516.6117503494 0.0034079381
129211961.9190335572 0.0034030383
123174708.0000000000 0.0034030383 0 0 0 0 0 0 0 0 0 0 0 1 0 0 0 