440688586.4188225865 0.0000009890
404846059.0618582964 0.0000003415
407544009.2589409351 0.0000000584
433403100.0798948407 0.0000000015
426839296.9680572748 0.0000000969
515517036.8970656991 0.0000000164
454377484.9608355165 0.0000000007
412299585.1999939084 0.0000012535
439496429.5601894855 0.0000000025
506558473.7748115659 0.0000000007
463009093.6473351121 0.0000004952
387546779.2449142337 0.0000000479
455877095.2531658411 0.0000000568
387205022.5231375694 0.0000004368
387700757.5665247440 0.0000018952
434673052.6080142856 0.0001935371
463421011.8987785578 0.0000006503
337616606.5840626955 0.0000005469
337566392.5601057410 0.0000007400
354458291.5193043351 0.0000034095
323576933.1127892733 0.0000063798
311942938.1983624101 0.0000073057
321829349.7044271231 0.0000011308
303363770.2942512631 0.0000094971
250608391.4801097512 0.0000097491
286391486.9496417046 0.0000011239
342848438.3107088208 0.0000022330
293725572.6575532556 0.0000018713
325998985.4435671568 0.0000001892
266993712.1709620059 0.0000009687
284939229.8690803051 0.0043196814
298752491.6556304097 0.0009831042
246522882.5929394066 0.0000097443
254536414.4847553372 0.0000478873
253966604.4467400908 0.0000093558
283586170.7460011244 0.0000188104
289899193.0621383786 0.0000080948
319805833.7410566807 0.0000353906
257298754.0622938871 0.0000102481
288561500.1296285987 0.0000181128
250795472.5939329267 0.0000095368
268284949.6403025389 0.0001023665
246007354.3006362319 0.0000094881
251740685.2189862132 0.0000171888
245615427.8505435586 0.0000091654
241444682.0911464989 0.0053580048
241052825.2700212300 0.0053938280
255052234.0472667515 0.0019671508
247509692.8400366306 0.0052628038
209916311.6944064200 0.0051472163
222939962.1327954233 0.0045919101
226817972.9512156844 0.0027975684
193803430.3762806952 0.0053332797
181619275.9296745062 0.0117607057
190152427.4735239446 0.0107154282
187873074.8749834001 0.0029284161
185782965.2089281082 0.0133011846
215289926.1888747811 0.0055641767
196732778.2655037344 0.0113109835
176522416.8659786284 0.0153509699
197709936.2297591567 0.0122360166
188702563.4479389787 0.0100760517
203697795.8605950177 0.0124370358
154114552.7023999989 0.0662372394
149898979.2927735448 0.0650070271
164698760.1609033048 0.0716881509
155295196.1069802940 0.0714504506
276550609.4495387077 0.0318644133
151160245.9022686779 0.0680617437
148730323.3148353100 0.0676402246
152777724.6569298506 0.0617257552
228669572.7928373218 0.0446615571
151905387.9332791865 0.0606580922
176247451.4090296924 0.0392208332
226396062.5506896079 0.0487920805
236410450.4638284743 0.0438108768
200526013.2296104729 0.0516478500
149355515.5809522271 0.0713963117
309550923.3855910897 0.0558483997
197108254.0511485934 0.0329342436
153740374.8505103886 0.0791275101
200630992.6656701565 0.0359241033
153825320.6955004036 0.0703674847
240674455.0041137636 0.0271340274
153447166.6637445986 0.0704242546
180982276.6492580771 0.0400670063
150036150.1534307897 0.0680883297
196218497.4049887657 0.0540200764
254594041.0364454389 0.0462087215
160761138.1270388961 0.0830699634
258417554.7965334058 0.0563725763
244781847.8089495003 0.0431053304
257462781.4802714288 0.0570825771
151198692.6363059580 0.0668540731
172382446.1315618455 0.0568199110
262367275.0242835283 0.0643101503
287903992.6860024929 0.0511286623
248979980.9386671185 0.0323591129
166245297.0723811686 0.0625522886
176081387.1455659568 0.0360619518
149308039.2169587314 0.0732226095
190973719.9877784550 0.0202969722
214473399.8254177272 0.0488237612
154444014.6590141952 0.0700979632
155709364.1580232680 0.0587249524
149093429.6490719616 0.0685221656
208307084.0014767051 0.1107250708
162487801.1073700786 0.0656686242
171400334.1692342758 0.0711759558
146777917.7227709591 0.0752511637
179985462.0623192489 0.0578152990
154494789.6507019997 0.0733423814
178582491.5795098841 0.0932341257
157277903.0236983299 0.0676777342
289759108.6733396053 0.0655042743
151178762.8862795830 0.0776975109
257225848.0930563211 0.0596299550
150284757.6793695092 0.0679880702
151940383.2785631120 0.0661527742
155943547.8766680956 0.0743472456
204893876.6267929375 0.0528824164
162461145.9829845428 0.0668147087
242196260.8407949805 0.0636435652
155621358.1814955771 0.0734122189
153131699.0650322139 0.0715791978
152202673.6661311090 0.0729173433
149896888.5300123096 0.0769836328
147071301.2805736959 0.0754139072
154565272.2185191512 0.0718819804
167531025.6415517628 0.0869040516
156047334.3847073019 0.0804191890
150832101.6502889693 0.0715727889
146905586.4051902592 0.0741129919
156861523.5415765643 0.0808758330
146636549.8868038058 0.0751728000
192633491.8226565421 0.1014147642
157159683.4041363001 0.0735731250
159541651.9133625329 0.0727833455
150057124.8701436222 0.0770728227
156839362.1712702215 0.0701527410
152481161.8795784414 0.0784240504
151329297.8804875016 0.0720281335
157679668.3750676513 0.0726356867
153390809.9537009597 0.0709783622
153037086.2978063822 0.0713221443
149510586.8083346486 0.0685875474
147472321.7492517829 0.0756363054
150936217.0447686613 0.0629202183
147196435.6376560926 0.0754832381
149116433.1974735558 0.0682520394
154637983.6088086367 0.0731204426
254257592.9685425460 0.0617824013
148127778.1738790274 0.0760001613
154119376.3490418792 0.0570888137
147269792.1055730879 0.0746130683
193218745.6930558980 0.1017588590
148318362.2133741975 0.0761059915
148199956.2746631503 0.0760402767
146594241.9122398794 0.0740585452
149126650.9176629484 0.0675051400
148468658.4600078166 0.0761895297
149126247.5423653722 0.0714930079
262409772.7005607784 0.0615154652
152677231.0111928880 0.0721046266
146969059.9354895949 0.0742040727
169973269.1901163161 0.0882951427
148410118.7915182114 0.0749880938
149776660.7520744801 0.0710971297
147393664.1142189801 0.0745462129
154541734.7243960202 0.0710419391
155773789.4351662099 0.0734122333
147029131.6090224683 0.0742373153
156168040.8121827245 0.0735541865
155074661.1270052195 0.0719688425
147989318.9403564334 0.0746940114
148302727.4536399841 0.0699183680
153218172.1026629508 0.0720937423
150360514.5489439964 0.0708015072
156970991.9250525534 0.0739694541
155941486.7805896103 0.0687265243
151686057.4610767066 0.0708159361
156142447.8045129478 0.0736607366
147427172.2281384766 0.0746009183
156654424.1485843956 0.0736497182
156096284.0271096230 0.0731024179
147152416.7358725667 0.0744508358
155613597.4406937659 0.0733109048
147692320.0800677240 0.0746750596
147988153.0038336515 0.0759226398
146705260.8847232461 0.0741212313
155986306.4562493265 0.0736294592
147717071.1687270105 0.0746414614
153534916.2514871955 0.0727527001
147124046.7609797120 0.0743383695
153850524.3512479365 0.0722212154
147864813.8616210222 0.0747292667
152769880.3425781727 0.0785852549
148065431.4164029658 0.0748082630
151201358.6156405509 0.0706136567
147622378.9151815474 0.0746046922
154122919.5754213333 0.0722138648
156579413.3342718184 0.0737458866
154364408.3553781509 0.0728355929
146592210.7526684105 0.0740703139
154367226.0289996564 0.0727844985
156708484.3351230919 0.0737110955
148563775.1063664258 0.0762423870
147301448.7418637276 0.0744507158
156620930.1217848361 0.0807409178
155401421.5285919905 0.0730463153
148928258.9851466119 0.0764449062
146842032.3558253646 0.0741672220
148163277.4092848599 0.0749863251
147315902.6692144275 0.0744250945
153481391.9967793524 0.0717837245
147050915.4188492894 0.0742755857
155627152.1280304492 0.0728335280
146688359.1075398028 0.0741750267
146446162.0173426569 0.0750672531
146406917.2014323771 0.0750455052
148107451.6850623190 0.0749312298
146921886.3347540200 0.0741253609
149975179.9147502780 0.0770271992
147635979.7353216112 0.0743992685
146457979.9545547068 0.0750738146
148558542.7170703709 0.0762394285
155823026.6253378093 0.0731147829
147050139.7893865705 0.0754021140
158241782.4730011523 0.0737088483
148021848.7409532666 0.0747361728
152897283.1053295732 0.0786563410
146737794.8108976781 0.0740324152
148304178.4481797218 0.0748842690
146589524.1772687137 0.0751467002
159747141.0883444846 0.0824983465
148369978.1136320531 0.0749296521
157058154.4054763615 0.0725190061
147136698.6988195777 0.0741945179
146551897.7948624790 0.0751258568
147595397.7712949812 0.0744772673
148376986.3906763792 0.0748636712
156973658.8070838451 0.0728087481
146742056.6392478049 0.0752312657
148208582.2300370932 0.0760450177
147811063.1907124519 0.0745164111
148226585.2436093390 0.0747844851
148280184.4243497849 0.0747991459
146828365.9696719348 0.0741244390
148518508.7365179360 0.0749215016
147962286.2892577052 0.0759082618
146525114.5939788520 0.0751110182
153707479.7257260382 0.0791091332
146452104.1949942112 0.0750705502
147328921.7515710294 0.0743524087
146892139.8426530659 0.0753144814
149878254.9329167902 0.0769732297
146525715.4022008181 0.0751113434
146379594.6492879391 0.0750303643
148543051.0226710737 0.0749217962
158464394.8762646317 0.0737739800
146451086.8075347841 0.0750699825
148503489.0299146473 0.0762088462
148181561.0926510394 0.0747528108
148186002.5131051242 0.0748424717
148575666.0694959760 0.0749681049
146727426.2792562544 0.0740362111
147503622.1383072138 0.0756536714
151974407.6889847219 0.0781412166
146884990.8181896806 0.0753105152
147041660.9284341335 0.0753973874
147339626.3313884437 0.0755626798
157750847.2600701153 0.0739612321
146661417.2529771626 0.0751865690
147368309.7292948365 0.0755785837
148690491.7125349343 0.0749964902
146870038.9478147030 0.0753022215
148349927.6824423373 0.0748408080
148507811.3293239772 0.0749165366
146743988.2579855919 0.0752323404
147869490.6323266029 0.0745878792
146524400.8359579444 0.0751106198
146980742.2992885411 0.0741490245
147747997.8965834975 0.0745226049
147731050.2514968514 0.0745074010
148146936.5640015006 0.0747514892
156682477.0186591744 0.0729584136
146569401.3549388051 0.0751355575
147682692.2872467041 0.0744594102
146686899.5081903934 0.0752006908
146764256.3949891329 0.0738796327
146882780.5183013976 0.0753092899
146634764.1817546785 0.0740719376
148629390.5852305591 0.0749757779
147898206.9038725197 0.0747175892
148511946.5094406307 0.0749350646
159138801.7935865819 0.0739257177
147241581.3504031003 0.0755082848
147093006.9384879768 0.0754258735
147871549.0706219971 0.0745963931
149876394.0962517560 0.0769722100
148621396.6242267489 0.0749655490
147464437.9221970439 0.0744135902
146707270.9054283202 0.0752119884
156738190.7632479072 0.0732644722
147302419.9168357849 0.0755420361
156492453.6386957169 0.0725402722
148582577.0223819613 0.0749646623
157392652.2144642770 0.0737432211
147478830.1951209009 0.0744054772
146402545.2089180946 0.0750430825
146842600.6455411315 0.0752870137
146871145.9593137205 0.0753028389
148249885.4326012433 0.0747945962
146448681.0339913368 0.0750686499
146865056.8217082024 0.0752994665
146430652.4569328725 0.0750586583
147271925.3104188740 0.0743019878
148209436.2735957503 0.0747794198
147242406.8128925264 0.0755087440
148641678.5250985622 0.0749996796
146607906.2098358572 0.0751569012
147530807.8021801114 0.0744217334
146405881.7132413089 0.0750449335
146682946.7486766875 0.0751984993
146339154.8230181038 0.0750079554
146504173.7246652246 0.0750994058
148581773.2570468187 0.0749674929
146748503.1246191561 0.0752348409
148550893.0191701353 0.0749566052
147103732.9827582538 0.0754318249
146421486.0099005997 0.0750535790
146819475.3531068861 0.0752741923
148459393.4281800091 0.0749094836
147018034.2029289007 0.0753842911
148500917.7780756354 0.0749272002
146380811.3473359644 0.0750310429
146397994.3486881852 0.0750405619
146695466.1312273443 0.0752054417
148422030.9211606681 0.0748858638
146677893.3157446384 0.0751957016
146366407.8536922634 0.0750230571
147494319.9751179814 0.0756485082
148590571.7067547739 0.0749670783
146785410.3701227605 0.0752553043
146471966.4126628339 0.0750815569
148477916.5770458579 0.0749190355
146420805.7214348912 0.0750532026
146495425.7713325918 0.0750945610
148636650.4376349151 0.0749982067
148470548.2408947051 0.0749013640
146354852.7117041051 0.0750166530
148615172.7331535816 0.0749870398
146577180.8242069185 0.0751398714
147520899.1151871085 0.0744287800
148594133.8301683962 0.0749710787
148599619.8406207561 0.0749571916
146452010.4016841948 0.0750704962
146816960.3767633438 0.0752727995
148517554.4495608807 0.0749366612
148176561.7297559381 0.0747506302
148487476.4477371275 0.0749166475
147905745.8679252565 0.0746416559
148629776.4941695631 0.0749853714
148061724.5699078739 0.0747088162
146365570.1656634212 0.0750225930
148511303.4785884321 0.0749546110
148639176.8712655008 0.0749934335
148369395.2832030356 0.0748492014
148451693.0313364863 0.0749008822
146726383.5648556650 0.0752225804
146461301.8576126397 0.0750756458
147345264.8860315382 0.0755658035
146367325.9255756438 0.0750235666
146505274.2282329500 0.0751000143
148325655.4878583848 0.0748274582
148568942.3699239194 0.0749545737
148415829.9725833833 0.0748828989
146337753.4682064354 0.0750071789
146510958.2045547962 0.0751031667
146344669.1928257048 0.0750110112
146340774.5898520350 0.0750088536
146353176.3989339471 0.0750157250
146674921.9507427216 0.0751940511
146388633.2442904413 0.0750353736
146377782.2109764218 0.0750293604
148592332.0596928895 0.0749740824
146428938.9376594424 0.0750577103
146377446.4268886149 0.0750291745
146598515.2985292077 0.0751516972
146338199.3078860939 0.0750074257
146486411.4083985388 0.0750895624
146372954.4900379181 0.0750266850
146334435.9445833862 0.0750053411
146345859.1506153941 0.0750116705
148532372.0885351002 0.0749485954
148598664.6660026610 0.0749790981
146441229.9080691934 0.0750645221
146363283.9759691656 0.0750213271
146417878.8080814183 0.0750515819
146360004.3266279697 0.0750195093
146551102.8083097935 0.0751254159
146325366.9429785609 0.0750003157
148637845.0541007221 0.0749909058
146338703.7234236300 0.0750077058
146562791.0214774907 0.0751318956
148626560.6820050776 0.0749884281
146499506.4602932334 0.0750968198
146410006.4184197783 0.0750472184
146333856.3507434130 0.0750050195
146334607.1181972921 0.0750054358
146330427.4257598519 0.0750031188
146356668.0064361989 0.0750176604
148553867.1742452085 0.0749539174
146337887.9615588188 0.0750072540
148555871.5978794098 0.0749547934
148608109.0397006571 0.0749810926
146388370.2098544836 0.0750352280
148611022.8659581542 0.0749816310
146396261.5816864669 0.0750396012
148553653.5736305416 0.0749532658
146332231.2002888620 0.0750041193
146347915.4262344539 0.0750128099
146333188.9498436749 0.0750046500
146488945.3156889975 0.0750909666
148630012.4255835712 0.0749920616
146401729.2748345137 0.0750426317
148644579.5866644382 0.0749995798
146405856.3137643635 0.0750449186
146345153.8926175833 0.0750112802
148638364.1188136041 0.0749949857
146348078.2735674381 0.0750129006
148642603.2786991894 0.0749982772
146335964.2366829515 0.0750061877
148601163.3260538578 0.0749778906
148611653.0888798833 0.0749823962
146454114.8633084297 0.0750716627
148645241.3227615654 0.0749992310
146338395.2860903144 0.0750075354
148635399.9143920541 0.0749949921
148602628.1982331574 0.0749777984
148626547.3297609687 0.0749895287
148619512.6839576066 0.0749896771
146324474.6056784987 0.0749998212
146376287.7605437934 0.0750285328
146352915.9670297503 0.0750155812
146344981.8357816339 0.0750111845
146376414.1196016669 0.0750286026
148650487.7234932482 0.0749996031
148648076.2614165246 0.0749997235
148642277.1869187355 0.0749983415
146331470.7256651223 0.0750036978
146329981.7316559255 0.0750028729
148644310.9069949090 0.0749994761
146329196.6204432547 0.0750024378
148633844.7813704610 0.0749950261
146331405.0942941904 0.0750036616
148625338.8547805548 0.0749913652
148635998.4266338646 0.0749941834
146364874.2060897946 0.0750222079
146333234.3879577518 0.0750046752
146344273.8643358946 0.0750107928
146327575.6311271489 0.0750015395
146344169.4897145331 0.0750107348
146335754.8566326499 0.0750060719
148634129.5247788727 0.0749919146
148641350.0531452298 0.0749977385
146329762.7140850127 0.0750027513
148640607.6854332387 0.0749973414
148646027.2278347015 0.0749992969
146343780.5048913360 0.0750105191
148646886.1336886883 0.0749994039
148636713.0760800242 0.0749950361
146337683.4880033433 0.0750071405
148642062.8439083397 0.0749962997
146325210.7219312489 0.0750002291
148636319.9621829391 0.0749950588
146352985.9961896539 0.0750156202
146329886.5154462457 0.0750028201
146337130.3141695261 0.0750068340
148642469.9942798018 0.0749981649
146348719.2618731260 0.0750132559
146326016.5645017624 0.0750006756
146324480.2848977149 0.0749998242
146325881.7489735186 0.0750006009
146331494.7263595760 0.0750037112
148643447.5382995307 0.0749988146
146354231.2586036325 0.0750163102
148636317.7949385345 0.0749950022
146333880.4885172546 0.0750050332
146325176.0586664379 0.0750002099
146326338.4179662466 0.0750008540
148643618.0425416827 0.0749986738
146330517.3716825545 0.0750031697
146326547.1285411716 0.0750009697
146337818.6864712834 0.0750072156
146326838.0956262648 0.0750011309
148629252.7934163213 0.0749924857
148642849.4401805103 0.0749981727
146337120.9672114551 0.0750068289
148640597.4839534163 0.0749968873
146325166.4605577290 0.0750002047
148639296.3864973783 0.0749966784
146343457.9916695654 0.0750103403
148640248.3326352537 0.0749968937
146348032.9366162419 0.0750128755
148637936.7597490847 0.0749946215
146326366.9244891405 0.0750008699
146325591.6748338044 0.0750004402
148600350.7690561116 0.0749765973
146325612.6252062917 0.0750004518
146343204.5041754544 0.0750101999
146325434.1556647122 0.0750003529
146329900.9532748461 0.0750028281
146324928.3120036721 0.0750000726
146328022.8767048120 0.0750017874
148643916.2377125025 0.0749988929
146325912.8843825758 0.0750006182
146326177.5275667310 0.0750007648
148644717.0239241421 0.0749996105
148643089.3484456241 0.0749985472
146324473.8231067359 0.0749998208
146331245.5282344818 0.0750035731
146324477.2981672287 0.0749998228
148644646.5436704457 0.0749994960
146341737.2353357077 0.0750093869
146327152.0842182338 0.0750013049
146331562.6860409975 0.0750037488
146326371.2339300513 0.0750008722
148638881.9486793578 0.0749961921
146324543.9198274612 0.0749998596
146327649.1992603242 0.0750015803
148644797.6665532589 0.0749994718
148643612.3834866583 0.0749983889
148644209.7582804263 0.0749989402
146336583.8683576286 0.0750065313
146331044.0434666276 0.0750034615
148637629.6306354403 0.0749960531
148644732.1036945283 0.0749994966
146327658.1646926403 0.0750015853
146324879.2218524218 0.0750000454
148644499.7537337542 0.0749996182
146326899.0714944005 0.0750011646
146327733.8457287252 0.0750016272
148640314.3517048061 0.0749972507
146331895.6664246619 0.0750039333
148644819.9960179925 0.0749995257
146326449.3871833086 0.0750009155
146324970.3040231168 0.0750000959
148643769.0460512638 0.0749989343
146332549.3868007660 0.0750042956
146324798.3673131764 0.0750000006
148643804.9991084337 0.0749988194
146324579.9691720605 0.0749998796
146325780.1564581394 0.0750005446
148644719.0310782790 0.0749994251
148643090.8872325420 0.0749983987
146326025.8786314130 0.0750006808
148642755.3768868744 0.0749986755
146324782.7020906806 0.0749999919
148644838.0724410415 0.0749996856
148645150.9163756073 0.0749996623
146328066.7204891741 0.0750018117
148644873.1225287616 0.0749995464
148644811.7556873858 0.0749995053
148644808.7434410751 0.0749994401
146325303.2231830359 0.0750002804
148644986.7692101002 0.0749995814
146325688.1572301686 0.0750004937
146325789.0191465616 0.0750005496
148644900.2988258898 0.0749995735
146326561.2719758749 0.0750009775
146324598.2082331479 0.0749998897
146325546.1532010436 0.0750004150
146324562.0011758208 0.0749998696
146325478.9418923855 0.0750003777
146324634.0714088678 0.0749999096
146325355.4989683032 0.0750003093
146324823.4432503283 0.0750000145
148644352.2082321644 0.0749993763
148644695.8856164813 0.0749994089
146325046.8960578144 0.0750001383
146324540.3652684689 0.0749998576
146324999.1780870855 0.0750001119
146324594.2828527987 0.0749998875
146324827.9011084437 0.0750000170
146325044.7820267379 0.0750001372
148644374.6189997792 0.0749993713
146324961.8512558639 0.0750000912
146324995.6322065890 0.0750001099
146324734.7513948083 0.0749999654
148644863.7500887811 0.0749995117
146326065.6008823812 0.0750007028
146324615.2095769942 0.0749998991
146325696.4092640281 0.0750004982
146324789.3140862584 0.0749999956
146324743.3326484859 0.0749999701
146324898.1607789099 0.0750000559
146325382.2019479573 0.0750003241
148645047.8686014116 0.0749996157
146325101.1186604500 0.0750001684
146325016.9220548868 0.0750001217
146326371.6572253704 0.0750008724
146324402.2279154062 0.0749997811
148645045.1537653804 0.0749995790
148644647.3503431976 0.0749994148
146327948.9347027838 0.0750017464
148644989.1112155914 0.0749995814
146325848.3170343637 0.0750005824
148645336.4506663382 0.0749997565
148645128.8951247633 0.0749996966
148645051.4361682832 0.0749996116
148645227.8239817321 0.0749997059
146324646.6189093888 0.0749999165
146324530.8613039255 0.0749998524
146324843.6825256050 0.0750000257
146324479.7458402514 0.0749998241
146324489.6168224812 0.0749998295
146324556.6318576634 0.0749998667
148644986.7492581308 0.0749995852
146324633.4644314349 0.0749999092
146324641.0027582943 0.0749999134
148645318.9111403227 0.0749997524
148645210.4071151912 0.0749996582
148645227.9666741788 0.0749997079
146324968.5320227742 0.0750000949
146324385.3450005054 0.0749997717
148645321.1531369984 0.0749997530
146324417.4880073369 0.0749997896
146325379.3699566126 0.0750003226
146324497.3266378045 0.0749998338
146324749.3631695509 0.0749999735
146324585.5303564072 0.0749998827
146324736.5047684014 0.0749999663
146324560.9260528684 0.0749998690
148645311.1584357023 0.0749997456
146324407.4876762629 0.0749997840
146324536.4924851954 0.0749998555
148645081.2391952574 0.0749996279
148645276.0283827484 0.0749997259
146324562.8299295902 0.0749998701
148645332.5161351860 0.0749997577
146324599.4589208066 0.0749998904
146324415.5130355060 0.0749997885
146324544.6652544737 0.0749998600
146324395.9090695083 0.0749997776
146324583.8159681261 0.0749998817
146324387.4222407043 0.0749997729
148645224.3232044280 0.0749997066
146324462.3493251801 0.0749998144
146324498.6645057797 0.0749998345
146324515.2282546461 0.0749998437
148645291.0957637131 0.0749997235
148645265.1320444345 0.0749997161
146324483.0797569454 0.0749998259
146324451.2942516506 0.0749998083
146324623.3964439034 0.0749999037
148645339.7133307755 0.0749997588
146324741.1886780560 0.0749999689
148645326.0184414387 0.0749997499
146324491.8984373510 0.0749998308
146324430.4715465307 0.0749997967
146324379.0000000000 0.0749997967 1 0 0 0 0 0 0 0 0 0 0 0 0 0 0 