323025002.7223518491 0.0000009890
305373410.0363696814 0.0000003415
308146607.4786460996 0.0000000584
330147865.3354771733 0.0000000015
361267224.3930702209 0.0000000969
367039732.8330906034 0.0000000164
344096644.1804838777 0.0000000007
305325360.7006385922 0.0000012535
321420603.6381477714 0.0000003804
338407286.6302060485 0.0000002758
365058417.0914344192 0.0000005195
303131178.8433288336 0.0000005721
360936659.0516834855 0.0000004394
307339499.2416914701 0.0000016009
299271115.4413133860 0.0000018968
310765758.4137029052 0.0008404231
332226204.7243137956 0.0000008198
260762522.9171356261 0.0000033251
249551689.9889870882 0.0000044081
249388331.3726045489 0.0000041972
228138838.7283049822 0.0000002953
213542170.6575884521 0.0000001460
178439756.5568116009 0.0000003488
164551025.0426607728 0.0000010375
160485518.6479142606 0.0000041237
263672674.0686219335 0.0000039060
243081044.3855803609 0.0000015340
229005938.0152876377 0.0000044544
214205083.7293575704 0.0000022590
164554108.4970827699 0.0000162894
192684088.5521388948 0.0018271344
165950348.5003378391 0.0000239638
183624041.9044892788 0.0000036297
197842167.1091647744 0.0000389151
185410127.6622402966 0.0000038864
175817143.3770951927 0.0000106967
160135894.6617776155 0.0000036244
208685527.9942001402 0.0001037561
166823322.4717063308 0.0000039486
193058831.7590342760 0.0000127700
175061142.6025511324 0.0000037402
172219392.4606202543 0.0000256978
160415209.8916664422 0.0000034479
190977334.0959009528 0.0000212884
163871032.9861036837 0.0000036372
192305183.2669159174 0.0000244854
160517084.4493655562 0.0000152281
170197589.9000583887 0.0002025890
165376078.5484472811 0.0000036780
173208246.8519831300 0.0000042654
170107034.5909684598 0.0000085932
279951080.7734280825 0.0000091529
172903444.8526337445 0.0000050518
173223253.0646952391 0.0000000000
179471484.8567311764 0.0000040961
245298779.4255155623 0.0000028027
177786257.5563396215 0.0003151992
189106218.3464439809 0.0000008973
161313705.6415934563 0.0000028890
188046617.8786812723 0.0000059858
187778491.1874452531 0.0000016258
181427784.4630239606 0.0000108680
176728790.5700781643 0.0000063711
189305063.3470855653 0.0000210175
171399870.6246311963 0.0000001312
164520814.1314908862 0.0000025444
178074995.1828315258 0.0000010768
177325964.8125840127 0.0000026221
167027596.8535045981 0.0000178191
161667020.7029199898 0.0000026834
180420242.2684445977 0.0000146398
162822455.4685854912 0.0000050080
173378083.8754618168 0.0000000038
165468236.9927895069 0.0000134175
191949999.6444970369 0.0000150220
169324688.5485227406 0.0000053842
193749822.7381980717 0.0000193018
160278645.0705796778 0.0000055832
164115024.2376287282 0.0000000005
171100959.3257326186 0.0000045983
179668141.3817531765 0.0000041360
168213506.1009666324 0.0000025594
170905571.5702751875 0.0000123724
160081000.4361877441 0.0000615615
172341679.8189805150 0.0000163394
166142381.9778136909 0.0000252107
168142197.2569095492 0.0008497480
177904900.8903553486 0.0000714769
180917518.5171615779 0.0000100246
182435505.0417101681 0.0000003112
183697389.1008417606 0.0001278318
159590559.6159112155 0.0000789481
174151604.6705048978 0.0000225584
159951500.4356134832 0.0000678897
172383556.0443761945 0.0000951662
163227408.8603506684 0.0001113296
162079324.5042371750 0.0000350965
159998761.4447379410 0.0000922485
171034962.2565695047 0.0000660090
159483095.2828736007 0.0000887687
159229994.9121313691 0.0001077276
158897984.2079864442 0.0001125942
193646961.7713667452 0.0001320903
165296310.2685406804 0.0000815399
164597580.8987789154 0.0000994125
164750000.8685653210 0.0001162618
180395732.9149934351 0.0000822357
159819238.7510738373 0.0001297301
173114932.0011188984 0.0000817682
162454775.7667957544 0.0001049648
179328291.8494514525 0.0004975568
159710605.1715564430 0.0000997955
159678460.4831602871 0.0000954761
161552359.6447698772 0.0001303569
162297732.1706230938 0.0000198466
163669638.6005149484 0.0001568167
184030626.0946150124 0.0006406071
160948169.7686582804 0.0001148705
163519471.5288124681 0.0000337574
169644078.9390785992 0.0001487104
176197856.4621566236 0.0000943629
161226452.2259810865 0.0000937614
167055191.3771546483 0.0001053652
159387344.1024671793 0.0001143534
160249796.3743936419 0.0000014557
162770858.5667055547 0.0001178899
172859887.0692861974 0.0000522958
161170623.3613559008 0.0001024434
168728468.6109604537 0.0000296919
161535036.3064375222 0.0000956394
168189765.1265225112 0.0000890714
186497930.7310479581 0.0001094876
171123893.1948838830 0.0000421738
159098200.9071473181 0.0000929515
163836767.4409579933 0.0000977527
164486483.0304665267 0.0000729516
191559030.1626602113 0.0001289208
162361466.1669120491 0.0001300841
168876815.7238169909 0.0002478738
164922559.1657430530 0.0001014395
164938087.4999317825 0.0000770644
160938178.5181267858 0.0000847128
168815054.7578423321 0.0000581373
164724198.6355395317 0.0001090656
184005364.6939063966 0.0001036475
163303730.7935237288 0.0000456704
184525100.1847454607 0.0000232751
160718247.3242162466 0.0001288407
184118804.3789278567 0.0000510571
182459354.9043157399 0.0000962956
163202775.5838413537 0.0001183486
184115113.4352742732 0.0000789913
159740780.4013390839 0.0001047965
160133130.3442855477 0.0000790761
160259030.5312101543 0.0001063478
164669074.7117781341 0.0001161735
160816170.5849537849 0.0001478783
164972117.5683953464 0.0001140917
162644793.4018301070 0.0000911304
159345440.2596708536 0.0001122733
161353418.9575499594 0.0001023641
164642451.3960662782 0.0001126288
164700273.9630936086 0.0001715860
165403792.3630360961 0.0001179309
159029622.7813890278 0.0000964480
159298715.5395687819 0.0001211468
161375497.3143089116 0.0001032145
159064060.1135010421 0.0001237102
165211837.4182130098 0.0000707709
164621165.1219544411 0.0001089092
166914911.9494105875 0.0001157089
164719682.8139435947 0.0001129832
162466786.0820306540 0.0000930156
164823104.1847090423 0.0001174268
161158344.8425904810 0.0000872211
165758376.1548379660 0.0001060683
159663651.4426750541 0.0001297729
159226140.4759674966 0.0001088061
185319077.7550711930 0.0001177121
165543151.3817811906 0.0001192272
161310584.0884265006 0.0001166855
158912452.9295832813 0.0001240999
163659420.2440785170 0.0000962456
164824249.5072240233 0.0001064869
165146788.2635414302 0.0000820728
159069791.3801446557 0.0001076988
165418500.0993376076 0.0001121799
159547731.8473058343 0.0001223602
163344175.5934039950 0.0001292768
158719641.3517034948 0.0001075763
158727235.7303910255 0.0001567189
164056834.8552601933 0.0001033347
164955014.0325554609 0.0001351420
158833378.9909612834 0.0001077269
162464879.2982588410 0.0000582317
158825729.1077297628 0.0001219362
164953523.4574036598 0.0000974081
159220287.3093566895 0.0001056543
163404076.6928251684 0.0001063757
158782889.4273835421 0.0001101003
159717971.9505329728 0.0000749189
164947714.5032210350 0.0001047337
160087871.1286720634 0.0000909426
158726507.0403437912 0.0001086828
158426959.8419870436 0.0001367191
159298869.6819543242 0.0001353929
168227798.9930400252 0.0001468211
158406592.2597810626 0.0001362542
158711902.2514819801 0.0001757431
159055518.7721123397 0.0001284129
164296017.3694251776 0.0001293738
158499482.7679361105 0.0001465070
184353401.3371365368 0.0001551047
158524392.2130813003 0.0001336935
159185000.8559136093 0.0000933882
158138518.4826289117 0.0001586280
162881623.1454404891 0.0001903274
158102186.6918423176 0.0001542307
158297776.5965525806 0.0001393679
158053245.6102015376 0.0001517966
162442975.3783626854 0.0001667336
158758479.2833423316 0.0001524608
160431800.3802701533 0.0001309524
158122551.2579280734 0.0001488439
161660751.9299301505 0.0000819796
158269861.3630462289 0.0001612980
158787498.9900304973 0.0001796179
162783062.0263775289 0.0001395889
159072005.8663920760 0.0001823308
163288100.2173111141 0.0001525748
158639204.1032090783 0.0001629522
158448116.0187915266 0.0001504550
162506759.0198743641 0.0001420579
159178022.0282129347 0.0001438261
161666501.3683245480 0.0001906703
160253468.7411698997 0.0001667809
183051665.2096160650 0.0001445718
164058692.9204990566 0.0001449142
168266657.0523087680 0.0001845213
162511182.2020762563 0.0001545683
159668497.7587268949 0.0001666776
158203593.6252018213 0.0001638648
159192163.0440490842 0.0001220115
163575402.4833763838 0.0001556553
162365480.8934344649 0.0001363093
158219332.6313664615 0.0001464274
161083739.1871220171 0.0001294106
158216919.8394836783 0.0001519740
181458604.3215324879 0.0001518191
158254947.3668942750 0.0001557665
159615655.2520622313 0.0001530287
163695748.3196998239 0.0001389234
183416565.9320625961 0.0001803555
183441117.8232809603 0.0001195489
158505577.9726954103 0.0001455017
157941795.0517196357 0.0001557824
158143149.5796080828 0.0001287977
158294064.1064133346 0.0001465830
158349241.9088749290 0.0001616199
157990973.9953804314 0.0001553003
158386462.7323807478 0.0001262685
158196802.5634415448 0.0001675067
158718273.0987801254 0.0001739536
157988063.1597401202 0.0001554482
160783989.1101748049 0.0001426080
157902020.4050650001 0.0001569305
163783040.5901116729 0.0001682625
158252405.3404202461 0.0001548726
159223079.4260011613 0.0001454759
158495074.6680501699 0.0001532397
157970625.7839983404 0.0001535810
158591974.0195781887 0.0001593903
158050641.1810819805 0.0001593790
157853359.6445538998 0.0001652152
157765357.9564793706 0.0001643727
163188798.2621395886 0.0001766237
158002571.1207894683 0.0001606506
158026026.9424221814 0.0001576059
157898595.8951678276 0.0001650112
159082033.6237320304 0.0001479029
158052129.3924129903 0.0001673377
157930024.6312026083 0.0001660367
157736655.4245560169 0.0001649131
158362468.7650556266 0.0001576110
158275016.7057903111 0.0001636016
157831391.4293619990 0.0001741413
158020763.2919813991 0.0001687903
163295415.3607991934 0.0001562797
157832027.5550543368 0.0001647901
161157281.7856212854 0.0001747919
158089287.5388657153 0.0001637750
158267790.9976226091 0.0001613366
158164067.4502641857 0.0001660416
157931785.6915982664 0.0001657569
158239369.1459477544 0.0001664963
157775429.2837931514 0.0001604523
158118028.8606334627 0.0001647515
160977501.2221897542 0.0001749574
157803986.4267894328 0.0001662124
161112869.8219772875 0.0001746574
158112578.2624627054 0.0001707792
161298470.7563368082 0.0001721696
158134272.3871905804 0.0001663231
160895407.3519723117 0.0001685710
158023346.2699695826 0.0001640337
160580521.0715766251 0.0001697422
158139538.8288770914 0.0001618464
159578856.3428345621 0.0001685473
157944866.1719884276 0.0001631420
158005804.6275997758 0.0001488772
157721003.5549292564 0.0001646919
160403879.0588965714 0.0001677467
158214777.1306255162 0.0001618602
158073511.2545409203 0.0001573705
157842291.9993518293 0.0001665746
159150567.4849918783 0.0001677591
158137596.6539810300 0.0001687018
157730262.6090380549 0.0001606965
158050030.0942117870 0.0001717114
157733245.6350378692 0.0001640862
157705658.4759214520 0.0001614429
158222139.7897672355 0.0001621358
157805255.4941420555 0.0001575318
158228533.2768709362 0.0001626407
158199012.4117472172 0.0001660010
158226987.7041327059 0.0001604695
157917776.8034124970 0.0001624613
158157517.4711333811 0.0001620389
158208868.7044121623 0.0001535361
157911525.6432965398 0.0001618616
158312610.5120803714 0.0001611530
157738381.7622757256 0.0001608132
157868515.9973952472 0.0001633501
157778287.4473708272 0.0001595812
158021896.2539062500 0.0001595302
157881177.5580808520 0.0001637487
158977244.0398692489 0.0001606863
157740423.3899908364 0.0001619066
158077873.3545965850 0.0001588459
157767955.6626704931 0.0001629136
157908733.4378452301 0.0001658651
158189390.3990364075 0.0001598585
157733562.7372431755 0.0001588989
157775037.7285867631 0.0001628773
157863543.9312060475 0.0001676247
157759389.2416179776 0.0001605446
157855727.6672220826 0.0001551271
157834794.1636326015 0.0001601690
158136787.4444906712 0.0001594923
158235158.2901974022 0.0001611374
158430705.8281858265 0.0001612482
157740525.1522580385 0.0001604948
158706196.0308079123 0.0001596090
158148468.1438976824 0.0001613422
157952543.7260023654 0.0001703747
158198918.8507744074 0.0001626703
157838280.0555989444 0.0001637151
158149076.0642119050 0.0001622368
158090536.3528508842 0.0001655302
157752141.1410443187 0.0001622801
158245367.4650855064 0.0001590403
158239728.1442981958 0.0001592266
158496163.3440975249 0.0001596668
158142206.5175809562 0.0001620694
157916380.0225141346 0.0001577919
157837253.0643422604 0.0001616514
157954836.1897973418 0.0001668765
157955221.1098111570 0.0001588133
158175859.9566802382 0.0001586331
157720693.2033365667 0.0001608603
157756971.4523221850 0.0001614400
157713989.5092499256 0.0001604771
158249485.2799824178 0.0001621326
158182533.4816573560 0.0001608057
157677432.7886204123 0.0001693014
157878648.6477086842 0.0001709131
157691130.8080322742 0.0001685287
157902975.1267115474 0.0001690789
158243435.5668064356 0.0001686941
157735632.8122786880 0.0001708176
158088654.0352760851 0.0001696514
158226096.4449106753 0.0001702516
157754207.3799668252 0.0001702738
158216458.8298436701 0.0001700765
158205371.0646059811 0.0001696637
157793617.9749083817 0.0001691590
157684510.3352702856 0.0001695334
157744355.6892740428 0.0001711953
158223078.9513043463 0.0001694041
157955833.8896477520 0.0001724349
157744706.9853098691 0.0001679994
158170312.5091995895 0.0001677163
157766270.5564419031 0.0001683097
157850040.9948832691 0.0001666870
157732822.8144632280 0.0001688907
157860266.8451189995 0.0001653811
158158994.8833774030 0.0001689743
157939106.9406462014 0.0001660768
157699353.8225023746 0.0001696396
157687935.7995548248 0.0001689008
157744909.0458981693 0.0001693349
157988138.7255402207 0.0001702236
157843612.2869965434 0.0001680305
157798626.9125658870 0.0001680352
158241061.3799200952 0.0001695557
157777507.9160518646 0.0001676856
157806008.3330091536 0.0001702450
157830826.7697134316 0.0001687785
158158422.0872485042 0.0001696080
157707081.8423261046 0.0001700206
158262264.8353068531 0.0001693765
158212376.1881573200 0.0001695763
158249315.5531028211 0.0001690934
157902650.3063119352 0.0001707785
157709376.6275429726 0.0001689586
158111092.8129124641 0.0001707012
158197807.3485541642 0.0001680983
158096765.2572204173 0.0001684708
157680257.4663821161 0.0001692384
157961821.1233349144 0.0001685840
157721538.9254502356 0.0001692471
157919997.3209569156 0.0001722098
157733822.5327270329 0.0001685795
157802673.7902762890 0.0001668945
157779553.7261920571 0.0001727169
158130863.5827361941 0.0001671937
158242120.1335397661 0.0001685075
157776239.8451721668 0.0001703742
157684360.7181670368 0.0001699731
157800700.0566772521 0.0001700853
158251780.9754457772 0.0001688977
158228934.9862899184 0.0001718977
158252853.7242091000 0.0001696352
158200193.7265716493 0.0001683103
157743202.4666370451 0.0001695235
157711947.4787169397 0.0001691143
158122066.3904130459 0.0001692147
158246830.4852920473 0.0001691040
157786723.0417441428 0.0001695169
157708462.6303770244 0.0001689640
158219940.8665661514 0.0001696377
157691327.4334826469 0.0001691255
157692621.7034692764 0.0001691053
157703679.1332798898 0.0001693131
157771392.0681083798 0.0001691598
157691531.9716123044 0.0001696367
158197545.3406652808 0.0001693287
157679486.5478868186 0.0001690959
157683220.3937556744 0.0001689225
158255567.5032827556 0.0001692836
157726563.1778667271 0.0001691828
157715708.1911518574 0.0001693115
157702748.6588226557 0.0001685964
158254842.1596602201 0.0001693195
157713625.8297836185 0.0001698054
158248477.4632229507 0.0001696239
157722891.1301336884 0.0001686520
158242614.7455567718 0.0001689806
158248063.1082410514 0.0001687210
158256490.3603265285 0.0001691812
157676505.7479560375 0.0001703748
158245099.6310343742 0.0001703546
157717513.3497087061 0.0001701202
158249912.0151023567 0.0001701503
157715857.3345496953 0.0001704397
158231938.7834838331 0.0001703177
157878618.5526462793 0.0001705285
158246305.2162096202 0.0001707555
157704831.8068793714 0.0001701309
158244513.9479546249 0.0001705752
157691337.5143024027 0.0001701363
158233069.6036815345 0.0001702605
158246951.9134488106 0.0001702574
158237374.5055048466 0.0001704307
157798915.9596288502 0.0001693932
158249349.9964764118 0.0001702485
157742376.6390899420 0.0001712992
157679779.8054013252 0.0001703670
158213094.9181577265 0.0001708812
158238766.8459562957 0.0001704393
157675085.3214218616 0.0001700318
157682031.6403559148 0.0001699831
157731266.2012176514 0.0001697357
158226215.8999603093 0.0001701954
157803567.6177204847 0.0001692130
158245225.8437360525 0.0001700629
157730472.4343329668 0.0001700010
158210345.7797969282 0.0001700576
157735992.4065262377 0.0001701458
157694336.3362580240 0.0001698947
158075741.7411341667 0.0001690923
158216375.5141054690 0.0001701509
158219200.1289431453 0.0001703707
158228615.3752336204 0.0001703060
157731192.3684775829 0.0001692382
157677189.3375363052 0.0001701356
158190059.2337396145 0.0001702146
157692239.4504113197 0.0001701708
157700692.7354061306 0.0001693609
157695585.2388986051 0.0001699273
157704354.9855309129 0.0001697569
157674164.7924844921 0.0001697065
158161834.8965445459 0.0001698434
157692751.5315764248 0.0001698205
157799531.4462432563 0.0001690544
158225854.5784144104 0.0001696495
157757350.4099908173 0.0001697034
157683848.7159312963 0.0001697155
158187199.0913832188 0.0001694219
158243056.0914450288 0.0001699850
157701291.5272979438 0.0001696575
157701513.7325398028 0.0001695385
157743811.2839935422 0.0001709512
157698864.1876979172 0.0001694373
158241279.4375032783 0.0001697116
157693102.5691842437 0.0001694620
158241727.1493412256 0.0001697149
157718863.2289499342 0.0001697136
157671538.8165242374 0.0001697404
157695532.5970338583 0.0001698178
158242193.1750466824 0.0001696941
157698703.7322155535 0.0001695302
158244308.6240951419 0.0001696208
157669050.7208023369 0.0001696592
158227446.9192293584 0.0001696816
158237941.1328205168 0.0001701980
157670015.2711404562 0.0001695971
157702884.3509821296 0.0001698475
157676219.9015397131 0.0001695444
157727463.2728851140 0.0001693268
157673854.5497584641 0.0001695954
157691389.8469956517 0.0001696034
158227583.9025711417 0.0001698168
157697912.0842851102 0.0001697663
158223503.8546011448 0.0001696725
158224551.4687526226 0.0001697491
158237101.0095816851 0.0001695612
157698635.4272973537 0.0001701299
158223313.3898176551 0.0001695901
157669768.9613345265 0.0001696710
157670380.5724799931 0.0001695456
157740699.9879083633 0.0001691875
158238756.8950352073 0.0001697119
157751949.3731960356 0.0001698154
158237339.4177585244 0.0001696189
157689751.0233649611 0.0001696450
157670475.7731245756 0.0001696655
158198783.4481612444 0.0001693934
158234179.5107970238 0.0001696397
158241302.4865817726 0.0001698818
158233075.4543824196 0.0001697041
157684093.6261269152 0.0001701360
157671824.7484968007 0.0001697512
157698953.4107495546 0.0001693699
157668714.3749304712 0.0001694847
157673168.8642704785 0.0001692600
157670233.8906279504 0.0001695370
157723938.1041848958 0.0001691200
158231329.1704930067 0.0001694692
157683161.3518404365 0.0001691178
158235735.2388932109 0.0001695101
157671777.1672686338 0.0001692975
157672599.2324698567 0.0001695163
158220657.9752364755 0.0001694191
158224557.5930340290 0.0001696122
157695539.2695934474 0.0001691981
158218594.6673872769 0.0001695672
158240009.8948574066 0.0001694901
157673121.8486759067 0.0001695090
157671510.9334039390 0.0001694530
157674517.7377478480 0.0001696017
157668959.7382351458 0.0001694622
157673895.2556316555 0.0001693297
158238183.5164553225 0.0001694850
158234206.1395758986 0.0001694274
158239838.5892591774 0.0001694378
157683501.6866678298 0.0001697553
157670321.3716026843 0.0001695020
157687025.6703603864 0.0001695257
157669619.9674041867 0.0001694366
157674595.7217124701 0.0001696362
158235784.4806834459 0.0001695043
157681764.7892419398 0.0001695707
157675709.1924576163 0.0001694490
158237922.9748531878 0.0001693245
157670771.7198157609 0.0001694518
157672704.5280814767 0.0001695702
158237900.2682248950 0.0001695236
157695595.1400375962 0.0001693412
158224980.5047896802 0.0001695243
157671169.9529127181 0.0001694084
158239439.4615714550 0.0001695039
157675638.9180161059 0.0001694669
157672881.6162903607 0.0001694512
157680162.4939738512 0.0001694033
158240242.0838018656 0.0001694945
157692531.6258722246 0.0001695055
157668627.1728339791 0.0001695121
157674469.4106158018 0.0001694330
158240093.4362197220 0.0001694831
157669727.7308472693 0.0001694467
157670201.6709522605 0.0001695084
157679555.9552852511 0.0001695634
157668785.3168968558 0.0001695087
157670451.1752488613 0.0001695813
158239024.4313078523 0.0001694885
157671157.9966347814 0.0001696295
158235651.5496527553 0.0001695161
157681931.8792676330 0.0001695234
158238730.4158120453 0.0001695161
157685526.9420373738 0.0001694900
157669288.2535320222 0.0001695111
157668456.8764434159 0.0001694834
158240190.3389344513 0.0001694596
157671423.8261915147 0.0001696519
158239349.1610418558 0.0001694723
157670696.5802557766 0.0001695267
158240305.0726743937 0.0001694949
157669983.8795754611 0.0001695480
157673257.6148791015 0.0001694856
158239994.8370057046 0.0001694363
158237658.2974767387 0.0001695006
157681909.0069714487 0.0001694048
158239291.1308915615 0.0001694828
157676899.8135353625 0.0001695027
157669843.0672377050 0.0001694405
158232722.3471229672 0.0001695595
157669711.2750751674 0.0001694480
158240622.4018038809 0.0001694861
157668785.2405228317 0.0001694539
158240523.0486098230 0.0001694875
157669521.6341582239 0.0001694358
157668218.7111654580 0.0001694866
158219799.0357756615 0.0001695102
157668538.2546176910 0.0001694757
157679739.3505828381 0.0001695003
157668656.4675025344 0.0001694790
157674306.6125174463 0.0001694942
158240080.8387815654 0.0001694820
157670304.6107247174 0.0001694885
157669047.8319272995 0.0001694771
157671351.9707373977 0.0001695202
158240264.7561811805 0.0001694934
157670402.7899339795 0.0001694662
157668270.7322077453 0.0001694796
157669166.6908554435 0.0001694811
158239382.7575330436 0.0001694868
157668650.6668768525 0.0001694454
157667996.1934271455 0.0001694942
158240613.9980606437 0.0001694864
157668282.8371028304 0.0001695000
157668249.2455961704 0.0001694381
157668764.9322605133 0.0001695019
157668670.7871487737 0.0001694628
158239768.7568842173 0.0001694901
157671818.3594841659 0.0001694948
157667998.9236218333 0.0001694930
157677865.2970771492 0.0001694510
157669233.5348287225 0.0001695030
157668617.4088123441 0.0001694855
157668710.2420955002 0.0001695104
158240018.7554841638 0.0001695028
157668273.1506634057 0.0001695092
157668545.5342701972 0.0001695040
157668310.7561723590 0.0001694736
157668228.2610224485 0.0001694897
157668661.0673804283 0.0001694655
157668367.9457055032 0.0001694988
157668798.6734527946 0.0001694843
158239269.8933425844 0.0001694906
157673195.5325722098 0.0001695131
157669393.5364587009 0.0001694894
158229869.2869986892 0.0001695060
157668388.5737887323 0.0001694928
157674906.6845024228 0.0001694685
158239961.9831179082 0.0001695002
157668602.5728266239 0.0001694842
157668243.0816119313 0.0001694939
158229869.2869555056 0.0001695060
157668014.1289389133 0.0001694946
158229869.2869403958 0.0001695060
158239665.9167552888 0.0001694936
157668691.3455907404 0.0001694986
158235053.0355613530 0.0001695001
157667901.2338369489 0.0001694891
157671374.6279906929 0.0001694765
157667948.9184742272 0.0001694885
157668992.9441583753 0.0001694887
157667900.5576280951 0.0001694914
157668739.0633148849 0.0001694997
157667971.4345019758 0.0001694911
157668409.2055238783 0.0001694871
157667915.4328814447 0.0001694871
157668396.0907363594 0.0001694750
157667932.8676349223 0.0001694920
157670558.6467015147 0.0001695020
158239971.1822147667 0.0001694919
157668415.7859934866 0.0001694874
158240069.7894680798 0.0001694918
157668499.6557091177 0.0001694828
157667970.6090664864 0.0001694889
157669290.1309441328 0.0001694900
158240109.9316666126 0.0001694950
157667989.7029278278 0.0001694762
123023416.0000000000 0.0001694762 1 0 0 0 0 0 0 0 0 0 0 0 0 0 0 