607233229.1387748718 0.0001422525
611457939.2461547852 0.0008944547
606960094.1343219280 0.0006155910
649539298.0597532988 0.0004838068
607566533.8825606108 0.0004865762
626659183.5922042131 0.0000470394
704193963.2789223194 0.0004046265
607264962.9811570644 0.0001026629
639997579.1773844957 0.0004386505
737872093.8346303701 0.0003068553
688231508.1695264578 0.0000915695
589630570.4134452343 0.0008267904
653001867.7153443098 0.0002820499
590022227.9108818769 0.0007855748
576827776.3622288704 0.0008033407
635984489.5556960106 0.0004282037
587802434.3167198896 0.0010286880
579196651.2925602198 0.0001806082
540627726.6199312210 0.0010560378
542091846.6794523001 0.0000147447
535015296.0285785198 0.0000160151
514083960.2229028940 0.0000009029
503576326.3218330741 0.0008299757
475242232.2117596865 0.0011646443
463519204.5052951574 0.0014653264
575533314.8362103701 0.0003157229
530209808.4945747852 0.0003728290
531910025.1673659086 0.0004535835
493873847.6340388656 0.0000439959
435502431.8611553311 0.0022177079
504490139.3370179534 0.0011821022
410658857.3350163698 0.0028011313
410568435.2650227547 0.0029049729
495030797.8034129739 0.0018394599
406611131.8340799809 0.0030356495
491292781.0859494805 0.0018770245
407013031.6727148890 0.0030106059
463755957.8126042485 0.0020993851
402230493.8071309328 0.0014005284
421105640.7830001116 0.0021781236
402037940.0219539404 0.0009743950
456023479.4629045725 0.0003432194
401148504.2549225688 0.0005547761
395650638.3690960407 0.0004484024
395872187.4121640325 0.0004468511
403382083.6143315434 0.0013356276
393505908.8803035021 0.0002366123
459208014.3341835141 0.0000104658
391347826.8644739389 0.0001257623
395303763.5737248659 0.0002050096
397940924.7257024646 0.0000013798
367875889.4422927499 0.0010503029
368685860.2460039854 0.0007224587
438305157.2531329989 0.0002452958
361596743.9381920099 0.0011225445
399667377.1904982328 0.0005464176
351507139.1704571247 0.0012741240
405299733.4085190892 0.0005396037
390232646.4890496135 0.0007901635
438464466.7449452281 0.0000048965
358932086.0756160021 0.0009603807
459831606.9457911253 0.0004928552
352253571.7495433688 0.0017217304
342823882.5107229352 0.0018426046
343821740.4167618155 0.0016708137
322944927.4663532376 0.0017544304
325224721.3917237520 0.0018449852
333331491.6622366905 0.0017112800
325297440.6488468647 0.0015559143
346654327.6846829057 0.0006358474
325717898.6124015450 0.0017511192
352199884.2825353146 0.0009779439
329016927.2137051821 0.0014975495
370781722.7623691559 0.0005837463
322505612.5677395463 0.0017949621
332443539.3012049794 0.0024258150
325577005.1720712185 0.0016830079
336697938.5661773682 0.0252932403
323987831.2825518847 0.0018151128
332794990.5329202414 0.0012421594
320275266.2142160535 0.0019021669
326000589.8574649692 0.0014901916
322467938.9691449404 0.0019635215
391770460.5205625296 0.0018440903
324173630.9619444609 0.0017466431
370862395.4949890375 0.0002150482
325164720.5943946242 0.0009622430
334905725.2545124888 0.0010801674
320004896.1780391932 0.0024648041
399422313.4017001987 0.0011414062
311426873.4503039122 0.0023659606
342686877.9243844748 0.0014660138
319393684.2344583273 0.0022100271
348323028.6646522284 0.0016924701
307916481.6564065218 0.0004263133
378193837.3932915926 0.0002924526
314804711.4293242097 0.0004071611
353385299.4751595855 0.0001714984
312813013.6618518233 0.0007600368
324309004.4101557732 0.0003420770
311683125.6426966786 0.0001341087
360075718.6019375324 0.0016461067
313608464.4090027809 0.0007835822
314075086.6609391570 0.0000100895
311330101.0579921007 0.0001549092
281190209.5925146937 0.0000013748
285333866.2059134841 0.0000047566
359135721.5847194195 0.0006017045
279622075.9457692504 0.0000712752
289318704.3598752022 0.0005947582
295094268.1137032509 0.0000501256
322224696.8958354592 0.0009399591
280439951.0628622174 0.0000187623
280657362.5580121279 0.0036612728
287499805.2536520362 0.0000033207
292826257.7438055873 0.0008560445
263444236.3408022821 0.0000003704
324818558.5648169518 0.0000213832
263526791.8641510606 0.0000550419
304698374.9544468522 0.0004266765
258700380.3713709116 0.0000541659
273419128.6107497215 0.0014753995
269235602.8616253734 0.0000076608
291747873.8212177157 0.0004338704
270816771.0100519061 0.0002488472
329397355.9696835876 0.0000733817
251721420.5772037506 0.0000764551
257825428.9457314312 0.0030860576
252275939.8435350358 0.0000039553
255071501.5367661715 0.0317135321
251681487.5214042068 0.0001341578
263378041.5526878238 0.0063388379
263362819.4960123897 0.0002065735
292595240.4641097784 0.0002855719
266485264.2884757221 0.0000193857
278242779.1543947458 0.0014017286
254852411.1985442042 0.0001677798
321412788.8292614818 0.0044245017
249997137.7044054270 0.0003017424
286233848.1766476631 0.0017696398
250671633.7010022998 0.0000452279
307434482.5321906805 0.0011629892
251946580.9274815023 0.0000000035
312511812.9882906079 0.0001929286
311607554.0016859770 0.0003974730
254328471.0052942634 0.0008346496
255749250.4115226865 0.0000959511
268821274.6946177483 0.0007857734
251400031.6555447578 0.0000556486
255944365.3700059652 0.0006353969
250831751.6533739865 0.0004393574
287969754.8800200224 0.0011122648
250063472.1903816462 0.0004629002
253845148.8636502922 0.0023077010
258814354.4114559591 0.0004813882
252385622.2303723395 0.0003336407
260688202.8093144894 0.0008069783
258219588.7366788089 0.0002895081
246158100.1625881195 0.0012203797
266480463.2890167236 0.0023140783
259436309.3682529628 0.0007965631
248979832.9052898884 0.0009326495
253511337.4402603805 0.0022729414
252597012.3842430711 0.0018127135
247940442.1602466404 0.0007726809
255376040.0485623181 0.0028478158
259837945.7902623117 0.0004243353
239132707.1341926157 0.0050307597
236125173.7736108005 0.0068443232
236076952.2176144123 0.0076276874
242170813.4984645844 0.0061736295
239120579.1596932709 0.0074566240
239022031.8004876077 0.0062093550
246884588.1611090899 0.0074812083
239142530.0314301252 0.0082330336
237116836.8780412972 0.0081121035
250338447.2852425575 0.0095834898
235525826.9954900146 0.0080515405
238044253.5673150122 0.0115091705
237956826.8963096440 0.0087650713
244946058.6520535946 0.0069240651
236701716.7608868778 0.0085322292
238346343.2119372487 0.0093344252
236320360.3731079698 0.0080008789
237761971.7476179898 0.0087980304
237569178.4543243945 0.0079998345
236604365.7556268871 0.0106798059
238024550.8994263411 0.0076871548
238071590.5358804464 0.0083778325
236259323.0029989779 0.0073160191
241255509.5306713879 0.0089031098
236666964.5154842734 0.0078276437
240523334.0094894171 0.0058758702
236584261.2025698423 0.0084496892
242415630.3147011697 0.0059752577
235258458.8993400335 0.0091305145
234550176.3018268943 0.0065894104
235002806.9497909546 0.0084644975
253106229.0532795787 0.0073707560
232728917.3086067140 0.0070499091
242232363.7756312490 0.0051819587
237544986.0148262382 0.0072044834
242315384.8715007305 0.0084640697
238046954.7950360775 0.0072808065
236602459.7933478057 0.0051568973
234121024.0165051818 0.0062708587
243697674.2417762578 0.0099012114
234354261.6510035098 0.0070003318
246461363.8732698858 0.0072024636
232475539.1103138030 0.0066206224
238333835.2389659584 0.0042468266
234096903.2566326261 0.0063053620
235798086.7886591554 0.0046341140
232757348.8526229560 0.0067279130
237806082.8600270450 0.0038682254
235262417.6130906343 0.0055820967
233215652.9917036593 0.0103833186
235413347.3313534558 0.0068774054
231946358.8592879474 0.0078247871
233683930.3101062179 0.0077780805
235327292.6985699534 0.0082905098
230405786.4813727736 0.0090502600
237504204.8435477018 0.0076558372
232921110.1364070773 0.0084618805
237465879.1270929575 0.0097897565
230251191.4760741591 0.0090721606
228638770.9190871418 0.0087774513
227833339.6911592782 0.0093818231
237280587.3831685781 0.0112065293
230333266.8190110326 0.0085544538
238073806.0808704197 0.0129604963
228547285.0684481263 0.0096316699
231961870.6563026309 0.0081236620
231429128.0825121701 0.0099642171
231068360.1492435932 0.0091093672
230358855.2258385718 0.0098952589
231625089.6125764549 0.0077666155
228245842.5151854753 0.0089479124
233921509.5711832643 0.0089283116
229248148.0973367393 0.0082368739
236933635.5041165650 0.0097046818
229186820.7596899569 0.0088773284
234357800.8541608453 0.0058162059
229404943.7593143880 0.0090710722
235043798.4038334787 0.0041766114
230670970.2726924121 0.0085786631
230519274.4870619476 0.0075211902
227712730.1397368312 0.0098595776
236943626.6833379269 0.0126695097
232364994.7557443976 0.0086758789
228010060.8021823764 0.0097563912
228264085.6243535876 0.0106635250
226843053.4930450022 0.0062171471
225119735.9574017227 0.0061143254
228306993.8731523454 0.0076895860
226977718.0294180810 0.0060403577
231659775.5315556228 0.0051765401
226414872.6991900802 0.0060081740
228804719.0729865730 0.0064727701
224768249.9307361841 0.0061538202
226630950.2715556920 0.0028827158
227173036.2025226653 0.0061006915
229237859.4287633598 0.0074595265
228206499.8677110672 0.0065309633
226219990.2232111394 0.0066042762
226132503.6896374524 0.0056913970
226403069.7632483840 0.0056278739
229256977.7980941832 0.0052812967
226020576.6967558265 0.0059672163
229095482.4749091566 0.0076264285
224735129.2571389973 0.0062087185
224830471.6575157940 0.0038701089
225884709.8929661214 0.0057680656
225729533.5171512365 0.0074713331
226845070.1141336560 0.0063639834
224227980.3409318626 0.0056522699
225065022.3787450790 0.0056418797
225985801.2050239742 0.0052947410
225785756.9329562187 0.0055236190
225033615.1351915896 0.0047668029
223626527.9587849081 0.0052974160
227725790.3330302238 0.0060767618
225359189.2854418159 0.0053042528
227254337.2955681980 0.0051015178
224794984.9760000408 0.0053650459
225862807.7698395252 0.0050470040
225031538.7796789408 0.0049057450
224550834.1677814722 0.0049118191
224680393.9546232820 0.0055820053
223074895.6921970844 0.0058686814
223544996.2580108047 0.0061416584
227473453.8506516814 0.0057176970
226078992.3076458275 0.0062162496
227155971.2840314806 0.0070083094
225177102.8976656199 0.0054979434
222331369.8011604249 0.0049850490
222333983.3461231589 0.0051024880
229988934.5529656410 0.0043892169
222691950.7091344297 0.0051303500
224863833.7545557022 0.0041466835
223399661.0716944635 0.0052119730
227233370.5443116128 0.0052305548
224407999.7248611450 0.0050606185
227810585.9701495171 0.0045562178
222058761.4379564226 0.0055196723
226992715.9638852477 0.0046487855
222652618.4345876575 0.0057963094
223347070.7500329316 0.0065588154
221889802.0869919956 0.0057006912
226886882.9453738928 0.0063836881
223128480.5791347623 0.0056771848
223907613.3706532717 0.0062673466
222164067.1380797029 0.0063587141
227324971.7297365665 0.0062302401
222537312.3387503922 0.0058206724
222406624.2331310511 0.0059221107
221621766.2674480379 0.0057939648
221883963.3229186237 0.0057812810
222054205.2194413245 0.0062035322
224157168.9910710454 0.0058618378
224410668.9612072110 0.0054278837
221803855.9536018670 0.0058334040
223830369.8092390299 0.0053592452
223427404.1449062526 0.0057560117
222357639.6072244942 0.0058019259
221875158.1862787008 0.0059079602
222374380.0357636511 0.0051102965
223846422.1445702910 0.0057454191
222929774.8259615004 0.0063728608
223042650.4142843485 0.0059930777
227195729.2312082052 0.0061983314
223982010.9160847664 0.0057407996
223552779.6034393907 0.0053915053
223289543.1187873185 0.0059554806
225918364.9568159282 0.0054230968
223854360.6487507522 0.0056439672
225165580.3918011785 0.0054131805
224178908.0837061405 0.0058585860
221159254.0488538444 0.0064233437
223486630.1652173102 0.0063374540
221210835.9192679524 0.0070601671
221364984.6493653953 0.0064804927
221236125.5107963085 0.0069243725
221038404.6429983079 0.0065592818
222070364.1588186324 0.0067622590
221311432.0965189636 0.0065272843
223161986.7662542462 0.0073270117
221564812.5179304481 0.0065678089
221798568.6154617965 0.0062344479
221269969.8201512992 0.0066335565
222504063.5926779807 0.0070388034
222273549.2151291966 0.0065164032
225537565.9550423622 0.0064133565
221732510.9884476066 0.0067182061
223039668.4894503653 0.0075271734
222105952.2077670991 0.0065007452
223611178.3699512482 0.0060924771
223414184.6179792881 0.0066339481
221364559.6608274281 0.0066684007
223185412.9205339551 0.0066063705
220746049.1739081442 0.0065549871
222586826.3316580951 0.0063784587
225942632.6619702578 0.0070601871
223475997.5302482545 0.0063493533
220384054.2627865970 0.0065360293
223123837.5318872929 0.0065782181
220340426.0171750486 0.0076118377
220338482.7451680005 0.0076667441
222528540.0529654324 0.0069268025
220413582.3273881078 0.0076213826
221197993.1859438717 0.0076223303
220490793.2276529968 0.0075897964
221539891.9540728927 0.0072134940
222775373.1666396558 0.0077310671
222366069.0132188797 0.0086889889
220615337.2072694302 0.0076514342
223257645.6608854532 0.0067527290
221364787.8980349302 0.0076208924
222572372.5530904233 0.0068661649
221226971.2478393614 0.0078433711
220926529.6627137959 0.0084412330
222899436.0907262266 0.0076375019
219568844.1050262749 0.0081204696
219843233.3181827664 0.0079197817
224901269.5446458161 0.0088112002
220751697.5872537196 0.0080676354
220622508.4135429263 0.0077513844
221698750.2248158753 0.0081316431
220563579.1088269055 0.0085474003
220197777.6576050222 0.0080144757
219627290.3792318404 0.0078275454
221793613.2303958237 0.0081634963
222086790.8378018439 0.0077906268
219683966.6271539032 0.0084699162
221924424.9436765909 0.0084343773
222223472.6748864949 0.0080097323
220678951.7185987532 0.0078788192
222159955.7041850090 0.0079823726
220027186.3220831752 0.0085433212
219733119.0640666187 0.0082044653
225343015.6183221638 0.0086047969
219880212.7300635278 0.0081541304
221526480.5074868798 0.0082003543
221855362.4399200380 0.0081502286
222653861.1896073222 0.0072679892
221842876.8432918489 0.0078546817
220533692.7620023489 0.0082463099
221978818.8760419488 0.0081242375
221373255.8614903092 0.0074619456
221803138.2692575157 0.0082500151
222739340.9186770916 0.0082691041
221256036.3141872287 0.0082554537
220357089.6021458209 0.0088555480
221476851.5843974352 0.0082318854
219753333.2112264931 0.0070890929
221728447.5464638174 0.0082431645
221661007.5723918378 0.0071819209
219684535.7854423225 0.0083006267
222166526.4208477139 0.0085999945
221402755.6402768493 0.0080435397
220276564.6459682584 0.0077813775
220008556.8146848977 0.0078356149
220143343.4529434741 0.0078474976
219970846.5389264524 0.0084515659
221283680.5838303566 0.0086995681
220081120.7451005578 0.0086692975
220689036.9685270190 0.0078915401
219693996.4310828149 0.0081194163
219999694.6042298675 0.0082586422
219572379.9157221615 0.0081360301
220004590.6633599699 0.0078662259
221329721.2161096632 0.0081767157
222119127.5698924959 0.0081058218
220232140.4153186977 0.0080982128
222021810.0049288273 0.0080720863
222005671.0429565310 0.0081735489
222029755.4601168334 0.0081150617
222045033.1272737980 0.0080252423
219694119.7228049338 0.0081304423
221437041.6913305521 0.0084189881
222087828.4549315870 0.0081095141
221954461.9623678625 0.0082312746
222054220.3631384373 0.0081652224
220006726.5737404823 0.0078816680
221990572.2738223076 0.0081554147
220475326.8561716974 0.0082024676
219606166.6347261667 0.0081000974
220267475.5111075044 0.0082091565
222062481.7202475071 0.0081284283
219726004.9863160551 0.0080487338
222026592.8250185251 0.0080982741
222020533.7814923525 0.0081987437
219697753.0100564063 0.0080840750
220138596.3185762167 0.0079960971
219663850.0654536188 0.0080994885
219830406.8464179635 0.0080296468
219591531.5083793998 0.0081618073
219863824.0288508832 0.0079288334
219594350.8504199386 0.0081632952
221930481.1374690533 0.0080253412
221930114.9787197411 0.0081047397
219990997.6223175824 0.0080941344
219679725.4062626958 0.0081077599
222034055.9882268012 0.0079746702
219543137.0397806168 0.0081133957
221410921.4581089616 0.0082075175
219519717.8702929616 0.0082009966
220391947.0751524270 0.0082060567
219633952.0386057794 0.0082593323
219873072.3838336766 0.0085104576
222030210.9957441092 0.0082058381
219712431.8265733719 0.0082069348
219628817.8273042738 0.0081619111
219902624.9800003171 0.0081434902
219530132.2125217915 0.0082804757
221652677.6499573290 0.0083255420
219547373.9788157642 0.0082151365
219760599.0058559477 0.0082295691
219567199.1028689444 0.0082265216
219700213.5162007511 0.0081632305
222012534.0959921181 0.0081679492
219497431.7240274251 0.0080896799
221854735.3829658926 0.0080843502
220711061.8386888802 0.0081130854
221906286.5433898866 0.0081250848
219799269.2989222705 0.0081002618
219560233.6476947963 0.0080095495
221506914.8963277638 0.0083243739
219477357.0374398232 0.0080581566
221856414.9155209363 0.0078345711
219394074.5147945881 0.0080737258
219424754.8370428979 0.0081173847
221898269.2404690683 0.0081096511
221681483.1357276440 0.0080175593
219352317.8667035103 0.0080451046
221597823.6148232222 0.0079992284
221758880.7330479026 0.0081075822
219552206.6097761989 0.0078306432
219466194.1954728961 0.0080118247
221355673.5792346299 0.0081625402
219340197.6121543348 0.0080470750
219336975.2713624239 0.0082915842
221700788.2496871650 0.0082726857
219336269.4911913574 0.0083685863
219377221.9264944494 0.0083750803
219690374.4199205041 0.0083953314
219234778.0575998127 0.0083600038
220453866.1603292227 0.0084121038
219326496.5510608852 0.0083549552
220035341.9711422324 0.0084094132
221729120.1993426979 0.0083868046
219499587.8026830554 0.0082980110
219168766.1207807362 0.0082044865
219738023.5476307571 0.0080971390
219238093.4121982157 0.0082084680
219487519.7621857524 0.0079670360
219152624.2755160630 0.0082416729
220250783.1246236563 0.0082460815
221679568.6765222251 0.0082399111
221654224.5578086972 0.0082131340
221671976.7972797751 0.0082278786
219814497.4775047004 0.0079770092
221708400.6698856652 0.0082310572
221604045.4386660457 0.0082260061
219151873.8748584092 0.0083311843
221386813.7625627220 0.0083696064
219134616.3674598634 0.0082983730
219250528.9087670743 0.0082896114
221468910.0800097883 0.0082841356
219747549.6035107374 0.0084817588
219159205.0727593899 0.0083042214
219232095.4058064520 0.0081969466
221535608.0673138797 0.0083590958
219377112.3886944950 0.0083183935
219256270.4657541811 0.0083032175
219361542.7447600663 0.0082083226
219076736.3284415007 0.0082723552
221287408.8257593811 0.0081443505
219102861.5106493235 0.0083057312
219356207.8456937671 0.0082712730
219098811.1494646966 0.0082468837
220858773.6929127574 0.0085207675
219091645.1867199242 0.0082826088
220941601.9137850106 0.0082532013
219072423.7625966370 0.0083081843
219822585.6973715425 0.0082195567
219261896.6595976949 0.0082942391
219537229.3859816492 0.0083930905
218984012.0314339101 0.0083423872
219131711.6160901189 0.0082956437
219100630.4395300746 0.0082875113
219506028.8354433179 0.0082840847
219063007.5734339952 0.0083533435
219585687.9602482319 0.0085608679
219521546.7099043131 0.0083969015
221491713.6970595121 0.0083562163
219149066.2624867558 0.0082988314
221491677.2473578453 0.0083198051
219056979.6970089674 0.0083791625
218960174.6975505650 0.0083987224
218957630.8810978532 0.0082836444
221393804.9010176957 0.0082995319
219250056.8198376596 0.0081053892
219004014.1215064824 0.0082694201
219099183.9935194254 0.0082733011
219031957.0440805256 0.0082949504
218898816.4365894198 0.0083879639
218923570.6528877914 0.0083902080
221198067.9940751791 0.0083680057
218896695.2167019844 0.0083829302
218880619.2757468224 0.0083468685
221225449.3281469345 0.0083473505
221268497.0372121930 0.0083820887
221360367.4187705815 0.0083964374
221297999.1030293405 0.0083992298
218952809.4849122763 0.0083615802
218961977.2035247386 0.0084263187
221369495.2256390750 0.0083496655
219136112.1544174254 0.0083709956
218892265.1761704385 0.0083209733
218937348.3952397704 0.0082995407
218875428.5221667886 0.0083440930
219323722.5257773697 0.0082782393
218956862.8999777734 0.0083312759
219087006.7142335474 0.0083791202
221368202.6940619051 0.0083473567
219102222.3980319798 0.0082786590
218916034.7243014574 0.0083351725
219064889.8595277667 0.0083760665
218913487.2676276863 0.0083205072
218868781.8483696282 0.0082481378
221206762.9432343841 0.0082340641
218904783.6159038246 0.0082410710
221292975.9183860421 0.0082699041
219185992.6850744784 0.0082416136
221328774.6348652840 0.0082634899
218994528.3109626174 0.0080284886
221367725.8901985586 0.0082511341
219591875.8347622156 0.0081845111
221313456.6849919260 0.0082703726
219178456.2997732460 0.0082054837
221327208.6810036004 0.0082586216
221354024.9766323864 0.0081974949
218867249.8540036082 0.0082540427
221162909.1081277132 0.0081713915
218930205.6626042128 0.0082911420
219193609.9435595274 0.0082555839
221313482.9006215334 0.0082630661
219088580.6652952135 0.0082581893
221342064.1757149398 0.0082303988
221347070.1857718825 0.0083032388
221328042.0798892081 0.0082499045
221255430.7500346303 0.0082893438
221326938.9606105983 0.0082291946
218921124.3948403299 0.0083468634
218910391.3501051366 0.0082948776
221334528.0380837619 0.0082793050
218987877.0805727243 0.0082538766
218880599.9265452325 0.0082511539
218878263.5384418666 0.0082850888
218910065.1342487335 0.0082577507
221258919.8826766908 0.0082662461
218861927.0654431581 0.0082484006
218961858.7181331217 0.0082532743
221320655.4125571251 0.0082471589
219098557.3917912245 0.0082300848
218873034.1671430469 0.0082406726
221297694.3367537260 0.0082239404
221354117.1710492671 0.0082487799
218885182.5616228282 0.0081670048
218927100.3552375436 0.0082433155
219075740.2100146413 0.0082327061
218881881.1966856718 0.0082454840
219031242.2519967854 0.0082693647
221332831.2849557400 0.0082517263
218987026.0858171880 0.0082463871
221356706.4833000302 0.0082446596
221356422.9952550530 0.0083089277
221306068.8273005784 0.0082524651
218871829.6583934128 0.0082210015
221359417.1042804420 0.0082382973
218933666.2607225776 0.0082983194
221340362.5288552940 0.0082387192
218946897.0478833318 0.0082463021
218898897.6977958679 0.0082466419
221366434.4244776070 0.0082752866
218873320.0358559787 0.0082426831
221226634.4540536404 0.0082172140
221360421.1645237803 0.0082455658
218871152.6609069109 0.0082547324
221351518.5944457054 0.0082520586
221263242.3694988787 0.0082449164
218869427.4804178476 0.0082480792
218898994.9248286188 0.0082311416
218867930.7637049258 0.0082635491
221253563.0017664731 0.0082509850
218891606.9225092530 0.0082446759
218867609.0271354616 0.0082521987
221344844.2793090343 0.0082525243
221352495.5132221282 0.0082521409
218916309.4724157453 0.0082261108
218867475.3993048072 0.0082463771
221351561.9439256489 0.0082551102
221344672.7907733023 0.0082453135
218885372.2480265498 0.0082175410
221356450.8993870616 0.0082490788
218870865.3003291488 0.0082891468
218854667.5240548253 0.0082530501
221342703.5257296860 0.0082473345
218869894.0100546777 0.0082505633
218972653.9060557783 0.0082472708
218862166.8225257397 0.0082526202
218842374.9556489289 0.0082503867
221307728.4778319001 0.0082406365
218840802.7595475614 0.0082623987
218840831.1697013676 0.0082658828
218866321.7778692544 0.0082818285
218839574.1156252325 0.0082656459
221278566.3599070311 0.0082613098
221320262.6479759514 0.0082681315
218953013.3478553295 0.0082596476
218842213.7404661477 0.0082645379
218931719.9529593587 0.0082686420
218866105.5297217071 0.0082569520
218955459.3812431693 0.0082801965
218848524.6986502707 0.0082730674
218868721.3924395740 0.0082708863
218845664.6104234159 0.0082655551
221328143.2810290456 0.0082580037
218843639.4923886359 0.0082657927
221334597.1015698016 0.0082785547
218858538.4228209853 0.0082622588
218881182.8633044660 0.0082813521
218863283.6016016603 0.0082650719
218858305.0781257153 0.0082787728
221320179.2190896273 0.0082731228
218921907.3443953693 0.0082313937
218865939.3809244633 0.0082661960
221285826.7572201192 0.0082668886
221331598.5841922462 0.0082591013
218845304.8013572693 0.0082904591
221324652.3893207014 0.0082665507
218869968.5143477917 0.0082658308
221312570.7845401168 0.0082820704
221334059.4309203327 0.0082280919
218860599.7226147950 0.0082670665
221298967.6126353145 0.0082883301
218871134.6470801234 0.0082739927
218855425.8998636603 0.0082698243
221334093.0515327752 0.0082592314
218853335.5655090213 0.0082837418
221327692.6993432641 0.0082654784
218886761.5282231271 0.0082630762
221329336.9588428140 0.0082701308
218856639.3755069971 0.0082724271
218837730.7367556989 0.0082687677
221325283.6360150576 0.0082502406
218840685.0581001937 0.0082652115
218848682.1249541640 0.0082626434
218840937.3849857748 0.0082711995
218876821.0008647144 0.0082602756
218845734.8325164318 0.0082687962
221320091.6079829037 0.0082791299
218839580.3985077739 0.0082670122
218857963.1889505386 0.0082627021
218834786.9963783026 0.0082697847
218896407.9025380313 0.0082779491
218832436.6693720818 0.0082707723
218879236.0489586592 0.0082752303
221322225.3485176861 0.0082700566
218843276.8888616264 0.0082651640
221325352.8320110738 0.0082710479
218835910.5969487429 0.0082760987
218836150.2548312545 0.0082677167
221330715.2584694326 0.0082682011
218833034.0717911422 0.0082715958
221322812.1995702386 0.0082764035
218837049.6923637986 0.0082708487
221322173.5785371661 0.0082764639
218830967.5394268632 0.0082709376
221321472.8767615557 0.0082766007
221323397.5770153701 0.0082691334
221325389.1369305253 0.0082877533
221328493.2675038576 0.0082725341
218827857.4991465211 0.0082511791
221313334.3178841770 0.0082508353
218865827.6668385267 0.0082515829
218826311.1322446167 0.0082505939
218850842.3776586354 0.0082581305
218831888.5845950246 0.0082461656
218834216.3843395412 0.0082620823
221314191.1925765574 0.0082491028
218853302.9139952362 0.0082489076
218835621.0702724159 0.0082454600
218838400.6301804185 0.0082395934
221320659.3179226518 0.0082481653
218840216.5877480805 0.0082476271
218827298.3504317701 0.0082571958
218836250.6014015079 0.0082446106
221316695.3029880524 0.0082515145
218842031.0632005036 0.0082402691
218831125.2162401378 0.0082500683
221320016.0362096429 0.0082544833
218833355.1851016879 0.0082506278
221314100.1673849821 0.0082440651
221310557.1946929991 0.0082566788
218867837.1595065296 0.0082384795
221295596.8792849779 0.0082606813
218829247.8221119940 0.0082505040
221321881.2583701313 0.0082508694
218848069.0314803123 0.0082489821
218825439.9927412868 0.0082527539
221317490.4683091938 0.0082476101
218827156.4398466349 0.0082512178
221296821.7568354309 0.0082579175
221320943.1314691603 0.0082521595
221300576.7176865339 0.0082523821
221319422.8922936618 0.0082509553
221294584.8197838664 0.0082503458
218829410.6918149889 0.0082522360
218842729.2516463101 0.0082512532
218828987.9347625673 0.0082512354
218830787.4072507620 0.0082573771
218826934.3074723482 0.0082508385
218831251.8662760258 0.0082592487
218829715.3515985906 0.0082523447
221315008.4911403060 0.0082471147
218827663.4128879905 0.0082531866
218866017.1268117726 0.0082592801
221319369.0554299355 0.0082526383
218834731.3976837397 0.0082504936
221318262.5354529917 0.0082527674
218848949.9571310878 0.0082508718
221316762.5560920835 0.0082533499
218856168.8625668287 0.0082509147
221319829.2814690769 0.0082531534
218830561.2059913576 0.0082559210
218826854.3604859710 0.0082516962
221323283.1529049575 0.0082576582
218825332.1004823446 0.0082532243
218833332.2830270231 0.0082487310
218849153.8371450007 0.0082468357
218831946.2539997399 0.0082541984
221320566.2885368466 0.0082528143
221315698.1861360669 0.0082552077
218824976.4483535290 0.0082527521
218829987.7796286941 0.0082542316
218825606.4978015423 0.0082521176
218832070.0494562984 0.0082526495
218827412.0704600215 0.0082528936
218832134.3432159722 0.0082528662
218825200.7171934545 0.0082526716
218833639.7134228647 0.0082501386
221320091.3520990312 0.0082536898
221319547.3919357359 0.0082531229
221318947.7934835851 0.0082525407
221321796.3699991107 0.0082517899
221319213.7739630938 0.0082518340
218840185.5389516056 0.0082539339
218825817.8051407039 0.0082527371
218843765.4148355424 0.0082502381
221319724.0780622661 0.0082530770
218833028.2717141211 0.0082527908
218825689.0185116827 0.0082534522
218829890.8474271894 0.0082567913
218826485.3263663054 0.0082532405
221320140.7347827852 0.0082488194
218824406.0536667705 0.0082533578
218823650.8590633273 0.0082548919
218824221.0534966290 0.0082563853
218830027.2138869762 0.0082538486
221319382.6571460068 0.0082555763
218823599.2275806069 0.0082553416
218823874.7270721793 0.0082563130
218828081.6986017525 0.0082537349
221316448.4084158838 0.0082563824
218831212.1141424477 0.0082532745
218822969.6333525777 0.0082548160
218821641.5405526757 0.0082510435
218820884.2611850202 0.0082516924
218820349.2369030118 0.0082505689
218821183.3371203244 0.0082504825
221310140.9023729563 0.0082496683
218820055.7718638480 0.0082511558
218839807.6971243024 0.0082493525
218823050.1416754127 0.0082507592
218820087.3342815638 0.0082482352
218820996.2874974012 0.0082511800
221314184.3838656247 0.0082473505
221312751.2135509253 0.0082509528
218818105.1502428651 0.0082518030
218818542.8980331421 0.0082516092
218816038.7948200107 0.0082531296
218815949.8360158503 0.0082537113
218823884.9519165754 0.0082557807
218816064.8319081068 0.0082534003
221305054.2556939125 0.0082526239
218818419.7916799784 0.0082540840
218817252.8234434724 0.0082559516
218815847.0391550660 0.0082535728
218822331.4246562421 0.0082519910
218815670.4072866738 0.0082524522
218837352.9789873064 0.0082535286
221310251.4302651882 0.0082527253
218824574.7460858226 0.0082536196
218816423.4453374743 0.0082522616
218817975.2556509972 0.0082480067
218817435.2336303592 0.0082518122
218818084.2877954841 0.0082522355
221311213.0983940065 0.0082519120
218826002.5048082471 0.0082488990
218816069.5626762807 0.0082529466
218818180.7681891322 0.0082549367
218816666.6272156835 0.0082522253
218813828.7512517869 0.0082507145
218814594.1708730161 0.0082494321
221306022.0646809042 0.0082516865
218814744.9844679832 0.0082499375
218812885.2841981649 0.0082525953
218814864.3974582553 0.0082520625
218832442.7264321744 0.0082505060
218813979.0301601589 0.0082530908
218824479.8190874755 0.0082528336
218812218.9266056418 0.0082525652
218814542.6749323606 0.0082518643
218811588.7814537287 0.0082524579
221269831.9392537773 0.0082539167
218812309.9181091189 0.0082526395
218828348.1626804471 0.0082531105
218811279.3825563192 0.0082528069
218823014.7022258937 0.0082525342
218811811.3634852171 0.0082517835
218821352.3653660119 0.0082544227
218812487.9843908846 0.0082523598
218822470.1595355570 0.0082511392
218811466.6094971299 0.0082534692
218821756.7337479293 0.0082536354
218812911.3127658963 0.0082526945
221269938.3445493579 0.0082542661
218810915.5945096612 0.0082544669
218821843.8053865433 0.0082536502
218811035.3443043828 0.0082549548
218821896.8922235072 0.0082553857
218812149.9654247463 0.0082548527
221269627.7352071106 0.0082559256
218810515.9900903702 0.0082542222
218828954.1905977726 0.0082532520
218811876.1766774654 0.0082538831
218818391.6018783152 0.0082505678
218811583.5080412030 0.0082538575
221269676.9229078293 0.0082559909
218811106.1522577405 0.0082537857
218821353.0354199708 0.0082528549
218810904.8287916780 0.0082540664
221269759.1087481678 0.0082560942
218811466.3835908175 0.0082539602
218825971.2595460117 0.0082546280
218812508.1543149650 0.0082545522
218818548.9047197104 0.0082541894
218810424.8308544755 0.0082543261
221269489.4761047661 0.0082559720
218810804.8869202435 0.0082544766
218824656.7097207010 0.0082548308
218816125.0830145776 0.0082544562
218811077.5628719330 0.0082542930
218812047.4269215763 0.0082521384
218810207.4978837371 0.0082548226
218811755.2641307414 0.0082556324
218811574.8953785598 0.0082550217
218810691.0748950839 0.0082542283
218811253.5273957253 0.0082546357
218810425.0929993391 0.0082564596
218811353.3625988066 0.0082551035
218814587.0815784335 0.0082544636
218811228.1032177210 0.0082551367
218814783.9342110157 0.0082533340
218811055.9406780005 0.0082546741
218815303.3691726923 0.0082562249
218811546.6893051863 0.0082549989
218817240.6494579613 0.0082549512
218810552.5294919610 0.0082551313
218818895.3640785813 0.0082541152
218810315.0835306644 0.0082544630
218816131.8830087185 0.0082546509
218810725.0868324935 0.0082544758
218816674.9782859087 0.0082552460
221299059.7837820947 0.0082552596
218811098.8091467619 0.0082548366
218814385.5241858959 0.0082544748
218810303.5469579995 0.0082548715
218811678.1162879765 0.0082542599
218811242.7600125074 0.0082549385
218810888.1222032011 0.0082536855
218810194.4228364229 0.0082546902
218810386.5308403075 0.0082552627
218810245.5414391756 0.0082546366
218813309.7465912104 0.0082547126
218810543.6245168447 0.0082547327
218811799.2938885987 0.0082537655
218810385.9287393689 0.0082550126
218813378.5782968700 0.0082541794
218810461.0536497831 0.0082547320
218813170.2514027655 0.0082541013
218810985.8057869077 0.0082547824
218813253.6257108748 0.0082547338
218810664.4467953146 0.0082546399
221300472.8903560936 0.0082551550
218811347.9972096384 0.0082546947
218810215.2118912935 0.0082542438
218811065.2075490355 0.0082546093
218812791.4528909624 0.0082555567
218810461.0271284282 0.0082542180
221300993.9194555879 0.0082550456
218810072.1476152241 0.0082551854
221305326.2671007514 0.0082549080
218810422.7393012643 0.0082552376
218813822.8954682648 0.0082558659
218810486.1195380986 0.0082552015
218810124.8566412032 0.0082550566
221303084.8763478398 0.0082553200
218810114.8587472439 0.0082552129
218812168.0346708596 0.0082550292
218811338.5549936593 0.0082553622
218811276.4897350073 0.0082550034
218810220.5681335032 0.0082551802
218810749.9848826230 0.0082552869
218811237.3587403595 0.0082552284
218809916.3042573333 0.0082556373
218811222.1667843163 0.0082556639
218810533.5691952407 0.0082552890
218810179.2596600652 0.0082556112
218811387.4753836393 0.0082551781
218809954.7615942359 0.0082555631
218811281.3222962320 0.0082560178
218810149.9933096468 0.0082555792
218811514.4914365709 0.0082555929
218810011.7881010473 0.0082556173
218812218.3777274489 0.0082560051
218809914.7546683550 0.0082556875
218810026.4843521416 0.0082558203
218810184.5924292207 0.0082556045
218811302.1847919524 0.0082553902
218811140.9767016470 0.0082557700
218810827.6467756033 0.0082558925
218810800.1382676959 0.0082557410
218810084.1193543971 0.0082552984
218810402.0357863307 0.0082556914
218810991.7766211033 0.0082553627
218811087.7909123600 0.0082557214
218810379.7339592278 0.0082560282
218810284.7062408626 0.0082555693
218810231.8071052730 0.0082557358
218810074.4069883227 0.0082555858
221305128.5758059025 0.0082559123
218809800.9962877929 0.0082556853
218810290.5694679320 0.0082555912
218810014.5864070952 0.0082557556
218810370.6209079325 0.0082554390
218810974.7961758077 0.0082555245
221304841.3528843224 0.0082562302
218810780.4550635517 0.0082554237
218809707.2766470611 0.0082556799
218810275.5366895497 0.0082557266
218811014.9585570097 0.0082556562
218809979.9673040807 0.0082555803
218809737.5460862815 0.0082557282
218809870.2621371448 0.0082557192
218809781.4251691699 0.0082556639
218809841.9308889210 0.0082558210
218809673.0173746347 0.0082556657
218810199.4885432720 0.0082554494
218810869.8655395508 0.0082556680
218810451.9549149275 0.0082557157
218809722.6255874336 0.0082556489
218810599.9035377800 0.0082557017
218810104.0149675608 0.0082557003
218810253.8175820112 0.0082558557
218809736.1984834969 0.0082555926
218809943.2664330900 0.0082557216
218810879.9383508265 0.0082555822
218810336.5568818152 0.0082558411
218810349.4286892712 0.0082555655
218809742.8977797329 0.0082556202
218809739.7118124962 0.0082557165
218810904.3488053083 0.0082556436
218809740.9948740602 0.0082557468
218809681.9021582007 0.0082556116
218809714.3013067842 0.0082555951
218810942.4233025014 0.0082556713
218810848.9945064783 0.0082556647
218809632.2459894717 0.0082556509
218809766.9461655915 0.0082557257
218810915.0162617564 0.0082556474
218809715.0490924716 0.0082557072
218810937.7057897151 0.0082556394
218809855.7075482011 0.0082556120
122326308.0000000000 0.0082556120 0 0 0 0 0 0 0 0 0 0 0 1 0 0 0 