498623412.1544947624 0.0000009890
491633547.0666262507 0.0000003415
496827302.1533821225 0.0000000584
525574346.1675888896 0.0000000015
573254351.6298688650 0.0000000969
518252394.1006291509 0.0000000164
504266325.7096750140 0.0000000007
501151416.1793806553 0.0000012535
505800075.4512526393 0.0000000025
569301625.6717617512 0.0000000007
525071519.1494728327 0.0000004952
481179876.2760735750 0.0000000479
596245682.5451930761 0.0000000568
482554736.9845014215 0.0000004368
473194622.2906677127 0.0000006892
515921750.6676348448 0.0003053651
486674900.1660405993 0.0000008197
425150302.1432854533 0.0000009373
396370677.2014942765 0.0000012615
397421860.9898663759 0.0000042838
391429782.8486893177 0.0000073915
387194327.5015681982 0.0000083419
429187066.2885762453 0.0000009053
369439841.2106598616 0.0000106643
361123983.0401437879 0.0000104290
415141767.4786867499 0.0000009887
408526792.7810313702 0.0000023237
465788530.2721325159 0.0000017369
378151964.3145430088 0.0000021467
343300747.7317616940 0.0000103819
385031891.8719633222 0.0046000555
281154798.1286172271 0.0035922949
351647834.9791706800 0.0030396080
291227528.0054467916 0.0032454965
320796149.3442450762 0.0039061380
281087521.1266890168 0.0034018727
289003937.7398072481 0.0021415156
286479568.3443452120 0.0032840576
315717109.0591934323 0.0015130398
287007856.6108781099 0.0031247170
291224175.3017247915 0.0002829224
280608660.5717341304 0.0032898863
307868259.2578459382 0.0093169761
279690555.6570996642 0.0024699318
284820333.8506385088 0.0000095846
279754742.8941416144 0.0024292335
272465946.3718615174 0.0006922348
275817248.6767366529 0.0006490514
325800505.4980474114 0.0004346625
281939098.2727356553 0.0007254839
265615433.6752344668 0.0007423333
265320226.4768643975 0.0006946066
286581151.1825131774 0.0018981736
273340273.0687997341 0.0005542921
259056645.9471900165 0.0008052221
256494252.8974753618 0.0009565263
239566124.6001853645 0.0029654315
235308017.8279700279 0.0043853348
303051429.0014460683 0.0013714566
262877279.5797946453 0.0038427952
218303563.6778084338 0.0029646628
224852881.8079494238 0.0027650396
236911895.7482352257 0.0005173555
224550969.8459361792 0.0025278259
232017125.9113581777 0.0036239492
235270434.9127148688 0.0047344644
204101894.3716464341 0.0010873468
205698833.3040587306 0.0007398834
224978387.0679409504 0.0116181370
204284189.4423926771 0.0019517522
257028084.6833398342 0.0002981223
204043414.3427787125 0.0008614062
220048207.9610274434 0.0005027103
209186116.0984691679 0.0007290245
211882510.7164146304 0.0000311451
206073070.1713142693 0.0003779582
234964903.3396580815 0.0000728440
200923790.7939704955 0.0003254820
211277382.9671054184 0.0010164665
221425594.9983130991 0.0005247856
212386321.6395342350 0.0000430865
206790707.9112001359 0.0001318935
222647590.9075347781 0.0003214248
205300200.3740167022 0.0002043469
206280298.3812649548 0.0011689039
205658182.7343935370 0.0004134536
271227514.9743351936 0.0023784993
204008189.9209627211 0.0004488083
254130339.1252725720 0.0000225968
206860003.4896251857 0.0003346471
264934969.8811339140 0.0000007015
202091869.3390967846 0.0007119366
266419151.9568063915 0.0004467927
199669712.3899398744 0.0002385663
184370655.5963380039 0.0000550682
189525557.0358450115 0.0000000689
202714635.4638627768 0.0041342875
200226394.5518101454 0.0001185214
250326772.7265875936 0.0008129103
192136821.8873226047 0.0000005383
253117977.5359826982 0.0000041459
199012081.3326057494 0.0001176957
212470165.7936660647 0.0000003136
180717261.8311478794 0.0000799312
196377773.2712753415 0.0000132961
172798793.3200616539 0.0003429450
197792304.0747723281 0.0000071108
174162466.1789301038 0.0001574686
189265823.6537134945 0.0001665408
173079209.2438325584 0.0003511970
219976337.6899297237 0.0003658844
175373635.7090151310 0.0000859699
180433110.3417423368 0.0009854629
187266660.5900014937 0.0005078202
172103710.0031614900 0.0003926315
173733311.0723252594 0.0005003137
171761558.0019509792 0.0000266877
171107622.3983786106 0.0003287891
170104216.7166053057 0.0004381459
172035127.0896627605 0.0000570782
172476467.5691837668 0.0006863597
165105175.5530105829 0.0004735441
164628571.0324070454 0.0004280153
173492263.2888495922 0.0007078574
167538057.5313604176 0.0003236833
190174532.8407452703 0.0000021873
168577319.1539852023 0.0004888848
190441800.5654677749 0.0022274339
170286929.2693204880 0.0003275012
169168530.1266869605 0.0004652977
168711861.6859044433 0.0004887143
170855691.2703782022 0.0000773554
161458015.9453427494 0.0006668059
150611158.1608593166 0.0000105512
151264361.7041540742 0.0000042539
157111863.5870509446 0.0002941729
150529425.7458374202 0.0000304941
152302257.3088803291 0.0001832091
151990154.0864878893 0.0000205834
157193986.8479804695 0.0003341485
150687962.7367137969 0.0001656579
162342696.5674900711 0.0004390035
150930800.6889711618 0.0000046569
161786572.4585335553 0.0002744126
148202763.3789626956 0.0007093468
158998806.1257145405 0.0006976749
149960289.2319546938 0.0006771540
168480542.5517615974 0.0001209406
147713389.8028070331 0.0008522187
155169879.8895118833 0.0003261520
150745061.3119636476 0.0007397707
167078195.2758458853 0.0002966650
150954862.2721246779 0.0007774425
164251375.2794897258 0.0000638029
149440436.4700127244 0.0000607832
164549018.3807321489 0.0000507161
157491924.7205097377 0.0008187591
149345841.8270381391 0.0068835518
149115105.9793369770 0.0008358066
163534690.0663046837 0.0037434690
147505579.1920706928 0.0006858867
151976240.6468167901 0.0001624034
149926898.0482646823 0.0008584054
153107692.0296171606 0.0000000128
146474636.3027979434 0.0006038448
171739602.3875446618 0.0005371722
147185823.5123258829 0.0006988887
158393641.3629293144 0.0000000017
148130219.4691585600 0.0006848926
159957336.2492691576 0.0000261810
150577935.9858469367 0.0011090693
165426752.1119768023 0.0000049969
147596201.3773783445 0.0008047856
173113644.3205447495 0.0012602289
147129741.8165089488 0.0005840390
150264553.2963110209 0.0001733736
148360088.9263593554 0.0003442611
146461375.6394490898 0.0011025272
156472800.5627210438 0.0011379528
152517543.6019689739 0.0006561808
148403299.1104657650 0.0013314288
155381751.8865467608 0.0083794547
154466775.9047854841 0.0010506931
170340626.8588512838 0.0000483553
147158910.0916058123 0.0008502507
148714477.8447291851 0.0013092222
144901722.1689194441 0.0006901443
153379885.6568784118 0.0002660105
168783317.4588704407 0.0008421861
151532513.7574691474 0.0000319694
147954010.1894073784 0.0005592184
160419622.5483343899 0.0004931366
144885469.2922633886 0.0006232986
158881705.6470558941 0.0007723253
155976290.0505711436 0.0005214589
140586169.7076865733 0.0002459670
147841300.4293106794 0.0004984328
170097518.2562074959 0.0000120797
140583180.1223938763 0.0001115479
143694926.4071692228 0.0000556234
146689146.2767679393 0.0000685848
148542368.9406110644 0.0000477758
140681472.7895455062 0.0001507939
152073561.3166527152 0.0000212681
140644550.5221007764 0.0000902113
155496027.2128614485 0.0026157578
139074850.7084397972 0.0000657563
154009751.3942383528 0.0001058465
150453495.1603924334 0.0001093074
142067952.1352555752 0.0000785832
149752549.7434448600 0.0000925297
151032898.5682696700 0.0003774090
140510526.9484075308 0.0000172269
157884233.9796353579 0.0000462229
140070486.9726373851 0.0000311259
149459879.1495330930 0.0001021637
139726144.6772783101 0.0000631241
164453683.1619632244 0.0005676505
144938209.7793291509 0.0000582072
151328386.6819165051 0.0008115496
148291710.0583132505 0.0000473275
152569615.4514506757 0.0000296906
141256015.4396553934 0.0000682557
155236368.1244496405 0.0000997797
137312782.6650673747 0.0000375812
169730361.7747069299 0.0000002764
135878633.8073501289 0.0000545836
141467494.2457604408 0.0005997229
140605043.1938351393 0.0000461523
139673826.9385230541 0.0004634577
138115599.4780452251 0.0001094633
139287425.8195940554 0.0000111808
135908655.4324156940 0.0010948890
138168022.7087364495 0.0001197557
137195405.0032238364 0.0000018977
136130235.3393173814 0.0000388978
138378686.5231144726 0.0001525561
136339054.5955712497 0.0000215347
137800273.9653213918 0.0000458054
135993550.3563646674 0.0000905123
148568754.5084424317 0.0002298087
136457079.5042676032 0.0000165204
138596655.5588104427 0.0000051647
135942345.4654257596 0.0001184809
140628006.6974672973 0.0001788674
136612285.3841196001 0.0000932571
154704766.0802910626 0.0000990178
136175873.9658090770 0.0000091047
141089713.1290440261 0.0002392444
136255721.9243747592 0.0000818817
142190774.7670459747 0.0000883937
136058529.1144066453 0.0000394219
137907572.6238679886 0.0000000288
136375587.9719805419 0.0000742298
135639723.3716401756 0.0000036661
135013950.4608673751 0.0000225600
138970726.6522105038 0.0000105703
135308665.6047929525 0.0000332108
137522684.4056295753 0.0000001314
136697037.7238028646 0.0000210552
137083978.6082233787 0.0000045690
134674645.9040305912 0.0000163370
152454825.2806057632 0.0000967244
135061905.9537145495 0.0000487315
147347198.9589192271 0.0000124692
136619715.6074168384 0.0000115694
142312923.8371068537 0.0000017353
134907740.5008007288 0.0000035423
138554142.4776299000 0.0000747507
134682855.2572536469 0.0000249675
137636481.8179432154 0.0000302149
134832188.1506126225 0.0000097475
134613879.9753247201 0.0000050361
133985309.2612267435 0.0000282869
150246187.7939988375 0.0001228635
134847574.8835731447 0.0000456888
135172777.9367968440 0.0000010854
134749992.8889190555 0.0000172433
152317793.4038482010 0.0000114162
135677341.5131935775 0.0000065347
135130140.7433887720 0.0000597684
134228009.6381469667 0.0000241808
136434048.7758424580 0.0002311858
135437056.3189897239 0.0000499646
149934756.5927756727 0.0001705585
134121568.6709693819 0.0000266235
134383554.4563036263 0.0000101219
135059019.0184286237 0.0000234395
136782091.1138814986 0.0000931841
134299606.3590430021 0.0000165210
134831189.7610034645 0.0000243558
134951147.9525590837 0.0000104049
135565361.6080348194 0.0000992629
135285018.5646059513 0.0000136960
135128091.3577723801 0.0001983049
135044038.4789187312 0.0000138406
137236762.5697854161 0.0000001056
135152150.6327184737 0.0000180142
137648414.6441298425 0.0000935058
134258286.8058475852 0.0000333755
135352768.8063941002 0.0001631498
135248739.4472711682 0.0000206875
138092928.2636294663 0.0000000962
135137269.6582420468 0.0000160853
148007982.1307077110 0.0000022188
135268385.0872990787 0.0000286595
136512634.7310885489 0.0001310347
133862084.0751054138 0.0000310842
157391016.9137424827 0.0000001200
134720494.8941645324 0.0000447386
137868095.8078904152 0.0000005422
135876920.0973630846 0.0000116616
137053090.5958913267 0.0000639081
134512841.2220003307 0.0000169347
138597393.0122824609 0.0001365877
134706892.9415573478 0.0000290246
137597328.4263435900 0.0001549100
135127691.1925478280 0.0000177060
136543286.4789202213 0.0000145376
134246724.3915388286 0.0000737612
134431229.1446871161 0.0001404346
135147040.9015760124 0.0000405475
135403483.4475258887 0.0000698843
136153800.5323542356 0.0000296744
155920221.7921077907 0.0000000156
133904781.8033431768 0.0000025084
134876682.8193663061 0.0000303685
134267053.5169844627 0.0000998533
133817189.3873460591 0.0000366057
133724521.0611048192 0.0000393234
134257315.1255772114 0.0000443616
134424250.0487945974 0.0000950397
133824129.0916914195 0.0000354453
135232598.7263903618 0.0001326047
134695883.2384654582 0.0000224222
134990071.3225573599 0.0000335432
134969644.1973799765 0.0000467024
134089946.1589999348 0.0000776965
133362983.3133049011 0.0000449956
135233755.1590141654 0.0001164543
133297662.4666308314 0.0000422625
134048881.1595168561 0.0001082676
134120139.8208383024 0.0000460396
135937382.2368881404 0.0000215360
133138238.6936396211 0.0000404571
134064134.8575036973 0.0000561138
133917288.6723936796 0.0000358939
137853748.5181172192 0.0000345333
133060304.2913279235 0.0000286375
135790545.9367035925 0.0000174737
133088113.4262431264 0.0000272006
134395689.2751294971 0.0000097719
134781195.7917045057 0.0000218688
133319750.3298942149 0.0000515593
133540972.8075370491 0.0000365791
134102093.8023648709 0.0000592096
133622434.6139916629 0.0000389456
135792192.5854046047 0.0000128191
133093166.4400766641 0.0000300606
134546770.2531852126 0.0000169343
133145035.2508143038 0.0000284871
138935227.1636645794 0.0000030632
133501891.1112368554 0.0000350027
134065790.5656792372 0.0000105868
133903639.3665038347 0.0000317930
133166010.5521009713 0.0000056064
134636556.0020601749 0.0000295111
134853782.4496766031 0.0000217388
133260571.7782984972 0.0000339439
132776371.1178501397 0.0000819139
133763216.9312321693 0.0000840840
133353455.6513637900 0.0002159891
133232365.3422881961 0.0001006838
133446891.7679806203 0.0001162874
132605147.7131077200 0.0000894091
134690473.6521909535 0.0000470068
133053375.8841461688 0.0000757367
133825847.3070264012 0.0001449529
134118698.3198491633 0.0000766916
153993795.9297675192 0.0000426080
133085004.4937954992 0.0000973292
132426091.0084758103 0.0001375612
132777067.6540303379 0.0000979141
134374481.6183349788 0.0001708649
133320004.3516870290 0.0001669764
132025872.8038957566 0.0001000416
133142788.1639603823 0.0000710101
132581824.2249306440 0.0001203412
132027728.2808291614 0.0000979201
132054757.7769355923 0.0001051926
133180575.1919925511 0.0001619886
132201970.6466271579 0.0000965234
132762849.9212884456 0.0000804782
132051874.9118060321 0.0000976329
132269087.6975847781 0.0001149478
132074619.6072436869 0.0000999222
134485668.3985039890 0.0001375057
132183775.0119935870 0.0001004841
134175815.8556930870 0.0000919316
132123376.0475245118 0.0001045439
132025549.1526671350 0.0000630842
132038283.7034129351 0.0000587995
132085731.4721343666 0.0000331476
131851228.9286406487 0.0000638036
132257118.2936208844 0.0000957300
131976499.0969814956 0.0000722952
132097095.3628229350 0.0000850253
132016767.8737390935 0.0000744116
131967748.6843042225 0.0000513680
131956337.7064787149 0.0000790190
134268819.4983833432 0.0000182497
132152818.0758355260 0.0000622577
134202246.2454240322 0.0000635834
132304015.9789933562 0.0000683006
133783272.2272456288 0.0000823212
132133932.3779016286 0.0000611978
131840337.6469373703 0.0000585047
131954244.5848559886 0.0000579207
132883057.9215147495 0.0000742282
132130691.8511243314 0.0000531550
131741968.6254723072 0.0000960367
131736188.3652203828 0.0000932021
132630039.1937247366 0.0000563823
131898471.6681572199 0.0000832395
131863020.7404412329 0.0000978750
132891447.4983594269 0.0000893634
134235267.8650391400 0.0000662191
131680027.7210512161 0.0000937271
132230511.0545718521 0.0001802289
132104795.4257207513 0.0000931480
134086406.6139941514 0.0000836227
132595457.5052326024 0.0000932242
133330157.4622883499 0.0001024105
132136586.8715713173 0.0000916583
133716336.6027752161 0.0000950248
131730242.0664964318 0.0000899892
136231738.1901806891 0.0001227335
132155675.9019916952 0.0000971030
134557520.4133588672 0.0001164057
131717404.9328912646 0.0000990777
131722506.3965613395 0.0000534283
131834635.6983148903 0.0000899429
134210389.3556473255 0.0000681072
131766862.5823325664 0.0000962526
132167793.9578719735 0.0001051437
132038407.4076050669 0.0000927401
132476925.5812998414 0.0000782866
131776471.9793373793 0.0000949442
134271446.8484553993 0.0000751741
131729153.8532762975 0.0001030481
134278826.7596785128 0.0000746645
131805894.8397031575 0.0000992623
134190618.4316858798 0.0000717292
131779165.2173518240 0.0000989357
131756577.6637360007 0.0000825797
131952483.8400337696 0.0000841563
134218057.6968302429 0.0000722121
131741431.7093586773 0.0001045624
134209423.7757744640 0.0000726194
131728124.3442592323 0.0001091485
134311850.3498016298 0.0000649921
132021287.1143465936 0.0001148812
134211982.5059009492 0.0000720359
131674527.0111382157 0.0000923228
134263723.4124225080 0.0000709129
131703284.9488070011 0.0000819797
132146878.2241668999 0.0001072052
132198603.2396591902 0.0000933334
132870535.9279979169 0.0000757569
132036950.3703811914 0.0000920506
135468759.0471251011 0.0001121005
131946762.5307515413 0.0000894880
131749540.8650324494 0.0000709945
131977992.1195110381 0.0000873933
135477212.9443738759 0.0001075864
131909186.1883739531 0.0000918455
135481810.1630916893 0.0001072320
131663321.2740404457 0.0001067206
135504529.8703455925 0.0001263012
131740829.1977178603 0.0001097852
133386036.9780188352 0.0001315317
132153307.3152545542 0.0001091936
131761719.8105093539 0.0001032520
132350511.8111214489 0.0001149857
131803632.2591725141 0.0001085434
131902767.6881361157 0.0001033919
131681354.8046512455 0.0001114214
131818899.9588488787 0.0001453691
131720428.8829437196 0.0001077699
131741630.8573660553 0.0001134281
131720272.7759194076 0.0001129846
132007431.1365160048 0.0001046711
131838627.3088345230 0.0001065086
131819491.7200800925 0.0001078707
131763101.2113240510 0.0001024163
132027990.9860392958 0.0000996175
132162246.7385848761 0.0001043739
132590171.3535763770 0.0000960605
131759516.9743459821 0.0001074870
132381544.9077602476 0.0001028025
131800000.1643592566 0.0001115885
132949626.5769815892 0.0001234465
131757744.3946820647 0.0001090554
133676207.4137906879 0.0001037207
131796451.3580908775 0.0001043549
132319421.8334928453 0.0000963616
131689021.3634795398 0.0001036911
131779451.0073024929 0.0000843771
131845170.3071864843 0.0001133813
131712856.6674708575 0.0001102766
131736872.1987609118 0.0001182493
131807574.7984842509 0.0001241525
131800791.6879230440 0.0001065755
133250089.4278453141 0.0000945053
131740322.5327479541 0.0001076216
132077888.5142285526 0.0001147197
131669440.3585986644 0.0001058253
133245366.8433715552 0.0000943173
131703576.3642649502 0.0001097511
133245868.5376430303 0.0000939024
131672907.2199459225 0.0001041458
133245991.8544059694 0.0000941388
131763975.2087542266 0.0001030842
133242688.9185069203 0.0000953114
131769978.3710524440 0.0001053439
133245674.1789531410 0.0000944565
131633731.2168924510 0.0000980584
133235293.0586293042 0.0000911364
131760570.3150300384 0.0000953020
131708328.0039339364 0.0001004169
131792816.6701619774 0.0000914732
132130213.7151481211 0.0000910147
131683192.6673433930 0.0000991856
133258132.4877244979 0.0000930624
131713169.8621968776 0.0000996496
131903234.5552770495 0.0000706372
131663469.8663896173 0.0001054546
133142058.7854737639 0.0000900159
131687545.8208466768 0.0001005534
133122819.1868408322 0.0000897730
132393031.3551254421 0.0000938932
131662305.6576657444 0.0000924286
132054475.1126682460 0.0000929836
131647295.7629417926 0.0000998398
131771905.2059112191 0.0000989839
131711109.2973755747 0.0000983384
131653622.1571120620 0.0001003017
131717329.7381886840 0.0000990810
131718444.0976042300 0.0001052445
131622674.0201523602 0.0000961237
132288550.1186127663 0.0000887191
131767199.6970791519 0.0000973297
132059694.0316140056 0.0000966573
131711693.6554474086 0.0000970015
131873809.9788680524 0.0000980433
131763582.4733665138 0.0000958457
131883653.6653337330 0.0001028826
131636985.5847163498 0.0000963007
131910487.4315043390 0.0000903350
131678311.1373152435 0.0000994245
132298336.0041274130 0.0000870516
131672318.9002796263 0.0000965589
131822450.0821200460 0.0000917103
131728795.3064950407 0.0000958638
131865181.9970914871 0.0000973347
131614091.0161485374 0.0000946916
131858442.3560805023 0.0001004516
131917927.3294771314 0.0000961067
131980341.4336220473 0.0000844020
132045513.4965095520 0.0000990073
131621928.5415137857 0.0000949404
131887081.4224875420 0.0000900570
131772877.1385410130 0.0000949999
131622533.5310903639 0.0000892858
131724948.6613417119 0.0000933425
131761856.1482302248 0.0000908307
131610994.6905771345 0.0000950277
131659782.5138677806 0.0000921120
131718326.6565915495 0.0000937074
131692742.8517205119 0.0000961972
131768656.4801676124 0.0000952702
131911378.3686840534 0.0000949539
131747976.9731416702 0.0000947714
131759685.3635737002 0.0000931493
131683893.4900180846 0.0000969427
131623636.5188983679 0.0000951862
131668691.8605465889 0.0000964844
131779685.8846078217 0.0000955696
131711458.8227667958 0.0000954526
131618997.7532856166 0.0000953162
131766594.6261313558 0.0000919530
131761311.2151217908 0.0000945644
131758452.2504272312 0.0000970628
131772294.6715317070 0.0000957524
131671176.4614422172 0.0000977749
131610370.2865044326 0.0000956687
131735886.7800316364 0.0000936069
131628603.4516631961 0.0000953680
131629106.8403999954 0.0000962623
131612876.3404541463 0.0000953234
131700539.8533800244 0.0000957993
131749420.9420672208 0.0000950320
131727732.3331618905 0.0000968216
131614342.7123332471 0.0000961083
131677212.1413531452 0.0000964325
131614438.5566467941 0.0000957796
131692822.3304814845 0.0000968678
131762991.6718223989 0.0000964112
131835593.5872545987 0.0000967615
131648710.0530673116 0.0000963741
131718411.7053360194 0.0000937553
131624497.9371040761 0.0000948007
131657753.4753289223 0.0000965405
131746640.5367677361 0.0000952591
131708078.4953847528 0.0001000335
131638339.4275401384 0.0000956247
131669121.0411882102 0.0000938812
131773589.8230797350 0.0000954346
131736384.3389460891 0.0000972488
131775687.7987864316 0.0000951580
131732669.3371517658 0.0000975608
131753983.6668150425 0.0000956591
131728095.7703044415 0.0000933684
131621673.5853070021 0.0000959404
131692175.7132591903 0.0000942253
131772866.2911384851 0.0000957821
131728075.0354034156 0.0000948228
131634612.3886533678 0.0000952089
131786849.3359797299 0.0000956599
131623495.4266294539 0.0000953423
131661474.1071643680 0.0000920515
131635831.3092058152 0.0000957059
131765757.8153292835 0.0000960730
131612100.0074582845 0.0000958486
131780547.3304550648 0.0000949251
131611605.9571616203 0.0000955375
131736018.9170119613 0.0000967820
131610190.7711847126 0.0000956764
131772296.3805517852 0.0000950856
131611200.6868925989 0.0000959890
131776236.7482652515 0.0000954667
131775272.8064538240 0.0000955461
131662611.0087617040 0.0000959063
131612870.2569991052 0.0000957319
131757153.7321589589 0.0000951578
131767537.3020793498 0.0000955992
131771759.7761144489 0.0000955539
131611029.7267342210 0.0000957247
131780793.3668910414 0.0000959886
131619836.2773211002 0.0000957342
131638684.4393951595 0.0000956986
131779511.0328629613 0.0000956327
131672785.7337111831 0.0000961546
131614149.3986746371 0.0000954776
131625172.3144246340 0.0000960580
131622550.7280776799 0.0000956676
131613491.0298804194 0.0000957439
131614518.1776282340 0.0000957378
131624214.8727095872 0.0000958360
131608714.9023218304 0.0000956914
131613676.9436305165 0.0000957680
131657108.2461047024 0.0000960396
131774920.7292707860 0.0000954243
131608846.9525899887 0.0000957287
131610368.3423831463 0.0000956692
131611762.1537651420 0.0000956863
131611517.4299485385 0.0000959513
131610279.3808633089 0.0000955804
131765061.2971091419 0.0000961833
131615319.1447931677 0.0000956752
131617180.4820662886 0.0000957290
131609861.6648505181 0.0000958012
131779061.9080826342 0.0000955443
131771859.7976651043 0.0000956682
131621568.3585311919 0.0000958733
131613736.6671660691 0.0000957412
131774265.0049202591 0.0000955778
131610505.5959062427 0.0000956250
131623670.4628638029 0.0000957717
131777522.9611762762 0.0000956754
131618650.4626622498 0.0000955577
131611063.5249734074 0.0000956741
131773280.4263666719 0.0000956440
131610528.5891411006 0.0000956313
131773661.7712493688 0.0000956927
131775930.5652586073 0.0000958052
131771612.2184385508 0.0000953647
131616794.7659953982 0.0000957411
131615223.5258424878 0.0000954926
131776901.7747727782 0.0000957735
131777571.5851201564 0.0000957203
131770026.7629172057 0.0000961030
131627403.8272423148 0.0000958530
131608952.8075461686 0.0000956782
131611450.8281476647 0.0000957380
131608023.7822522670 0.0000956847
131608087.1236487329 0.0000956207
131777970.5208239704 0.0000956693
131614878.8926296979 0.0000957175
131777072.3822244108 0.0000956695
131618786.5514391512 0.0000957212
131608627.8619351983 0.0000956191
131608478.0492307246 0.0000956877
131608413.5585489273 0.0000957060
131608288.4363551736 0.0000956934
131775991.3608464003 0.0000956761
131777995.7365658879 0.0000956629
131777654.4109324962 0.0000956587
131608112.8512667418 0.0000956666
131776271.0493802577 0.0000958466
131778328.1898526549 0.0000956886
131610270.7144965380 0.0000955989
131609484.7310075462 0.0000956996
131610600.7292674333 0.0000956535
131778271.7240107358 0.0000956868
131608064.1153684705 0.0000957768
131777518.9157725871 0.0000956842
131609535.1429576725 0.0000955963
131608231.8524118513 0.0000956870
131608788.4909386635 0.0000956592
131778407.5487851053 0.0000956837
131608385.1829527169 0.0000956631
131777774.6897821277 0.0000956805
131609637.1365445703 0.0000956700
131778279.4627706259 0.0000956867
131609765.7129801512 0.0000956599
131607954.7860467881 0.0000956871
131610713.7528041303 0.0000956864
131776790.4137748331 0.0000956714
131617315.8288184106 0.0000957192
131608607.9439543784 0.0000956955
131607951.5729151964 0.0000955934
131608133.6841610223 0.0000956012
131776638.1227260679 0.0000955201
131777981.9105071723 0.0000955877
131610513.7810248137 0.0000955599
131609258.9302266240 0.0000956084
131778242.0000718981 0.0000957162
131608150.1192698330 0.0000955703
131778296.3992730826 0.0000955541
131777562.8705182225 0.0000955869
131614188.1613004953 0.0000955954
131607759.4439652860 0.0000955605
131775864.3728165179 0.0000955213
131607931.3482011855 0.0000955582
131613577.9936474711 0.0000955333
131778088.4723154902 0.0000955534
131609096.4030684233 0.0000956054
131776337.2639940977 0.0000955019
131777428.5414888412 0.0000955312
131607995.8006125391 0.0000955427
131610430.2738146335 0.0000955717
131778403.6832717657 0.0000955569
131609047.9630701691 0.0000956000
131607560.2846449912 0.0000955496
131608193.8721871823 0.0000955610
131607779.1509745717 0.0000955460
131607476.4983823001 0.0000955337
131608430.1257182211 0.0000955412
131777219.8423039168 0.0000955610
131607386.7018667161 0.0000955399
131777774.9961800724 0.0000955371
131777386.4019377232 0.0000955355
131777791.2315177917 0.0000955769
131608142.8004146665 0.0000955326
131607647.8621262908 0.0000955585
131777717.6371417493 0.0000955373
131777902.8192542642 0.0000955511
131607870.5307379812 0.0000955414
131607478.0041611642 0.0000955564
131607916.4019008279 0.0000955371
131778189.9258470237 0.0000955637
131778103.0595100671 0.0000955563
131777228.7998211384 0.0000955244
131607408.9937429279 0.0000955299
131777847.4479558915 0.0000954863
131777545.0560127944 0.0000955422
131610462.5701775700 0.0000955675
131607590.9931491017 0.0000955489
131608270.7502929419 0.0000955321
131778089.1051681042 0.0000955346
131609371.9365717769 0.0000954899
131777723.2794640809 0.0000955301
131777162.4907808602 0.0000955267
131778065.0512494147 0.0000955472
131607988.3672451228 0.0000955952
131777145.9672324061 0.0000955296
131609710.5322655588 0.0000955600
131607545.1904901713 0.0000955508
131608994.0622175783 0.0000955350
131778127.7921141833 0.0000955282
131608045.9121959656 0.0000955560
131607598.9328094125 0.0000955467
131776661.2685044706 0.0000955225
131777897.0399608016 0.0000955292
131608505.9722103179 0.0000955958
131607682.0864378065 0.0000955451
131777746.3476653397 0.0000954912
131607694.0352737159 0.0000955418
131777695.9083613902 0.0000954898
131777937.4677617401 0.0000955149
131607561.2757622451 0.0000955396
131607333.6309234351 0.0000955533
131607544.3854168653 0.0000955519
131607783.4619424790 0.0000955706
131778080.1063749790 0.0000955544
131607622.5960818678 0.0000955648
131777944.0977760702 0.0000955561
131607338.4648997635 0.0000955347
131607379.1943023205 0.0000955562
131607396.2014021426 0.0000955747
131607436.6786363572 0.0000955541
131777784.3751530945 0.0000955482
131607652.8375596404 0.0000955559
131777299.1368892193 0.0000955467
131607356.9377533793 0.0000955528
131608050.5235576481 0.0000955482
131777948.4269456863 0.0000955568
131608444.4904246181 0.0000955493
131778079.9268266559 0.0000955535
131777909.6283360273 0.0000955263
131777917.2801614702 0.0000955435
131607384.2549667954 0.0000955727
131607399.0363047272 0.0000955548
131608433.8511274904 0.0000955598
131607448.7648948431 0.0000955522
131607669.3261088431 0.0000955565
131777422.1421073377 0.0000955478
131608438.1716633290 0.0000955868
131607747.3832754344 0.0000955525
131609036.4166372418 0.0000955784
131607595.9786630124 0.0000955509
131778119.9759781808 0.0000955709
131607705.7341949642 0.0000955441
131777658.0416057110 0.0000955465
131777806.9118864387 0.0000955494
131608190.4401970357 0.0000955702
131607732.3061361611 0.0000955515
131777799.3767637908 0.0000955586
131778008.9050779194 0.0000955520
131607299.1277645081 0.0000955539
131778065.1161833107 0.0000955566
131778036.0165836513 0.0000955552
131607353.7943106145 0.0000955522
131607366.2006399184 0.0000955531
131607465.0374438912 0.0000955496
131607353.6278521717 0.0000955518
131607915.0240214169 0.0000955455
131607344.2161076069 0.0000955514
131777965.8831768185 0.0000955532
131777969.6604226232 0.0000955543
131608149.2404921651 0.0000955560
131778058.1948608458 0.0000955543
131607286.1192938983 0.0000955524
131607315.2877971232 0.0000955557
131777932.6973603368 0.0000955451
131777999.4367436916 0.0000955528
131607562.6121739894 0.0000955534
131607399.0231390297 0.0000955538
131607489.0766945034 0.0000955509
131777998.4820513874 0.0000955559
131778012.9288123697 0.0000955508
131607280.3158800006 0.0000955517
131777751.0560390502 0.0000955520
131607276.2111532837 0.0000955529
131608113.8701323718 0.0000955680
131777987.4413233995 0.0000955502
131607732.7984210402 0.0000955624
131778033.2788037062 0.0000955514
131607781.4195275158 0.0000955629
131778022.1002420634 0.0000955498
131607485.1416760236 0.0000955605
131777969.7108419389 0.0000955548
131607948.7370787561 0.0000955458
131777953.0459597856 0.0000955549
131777854.8395860046 0.0000955517
131607327.4568615109 0.0000955479
131607658.7127924711 0.0000955487
131607300.5847618431 0.0000955501
131607443.6040483713 0.0000955631
131607359.9111606479 0.0000955580
131607318.3255497068 0.0000955527
131778037.9826054871 0.0000955509
131607284.7557041347 0.0000955530
131778025.4619420171 0.0000955543
131607288.6353760958 0.0000955530
131607407.7214220166 0.0000955525
131777955.3451158255 0.0000955525
131607610.1690859348 0.0000955549
131778054.3313143551 0.0000955530
131778016.7751043886 0.0000955531
131607283.4885923862 0.0000955537
131777758.3158143610 0.0000955518
131607288.2654726207 0.0000955532
131607455.7185787261 0.0000955518
131777999.9021793604 0.0000955532
131607566.9453870803 0.0000955539
131777989.0322351456 0.0000955551
131607496.4424473643 0.0000955471
131607315.9474034011 0.0000955532
131777971.1707457155 0.0000955546
131607290.5890873224 0.0000955526
131778048.6854190230 0.0000955554
131607267.2665898204 0.0000955525
131607507.1090923548 0.0000955526
131778051.9388975352 0.0000955520
131607472.6251627952 0.0000955524
131607261.2347185761 0.0000955524
131778010.6468487382 0.0000955485
131607305.6498513073 0.0000955522
131607407.6290606409 0.0000955537
131777987.9773142040 0.0000955529
131607428.0157639235 0.0000955510
131778044.4988922924 0.0000955537
131778036.2588757575 0.0000955500
131777803.7636900097 0.0000955537
131607355.8174997419 0.0000955524
131778053.3321210891 0.0000955523
131607332.7676841915 0.0000955531
131778036.2045032680 0.0000955519
131778031.4851898551 0.0000955520
131778028.2745275199 0.0000955526
131777977.0621697009 0.0000955537
131778029.0180183053 0.0000955511
131607485.0498160571 0.0000955549
131607263.1637151241 0.0000955532
131778043.5279480368 0.0000955541
131778050.3957535028 0.0000955525
131607444.2647725940 0.0000955537
131607276.5391047597 0.0000955523
131607364.0754955709 0.0000955563
131778055.2081072032 0.0000955524
131607309.9356356710 0.0000955538
131778037.1697058082 0.0000955528
131607306.9037164003 0.0000955516
131778057.8845321238 0.0000955528
131607290.7907764167 0.0000955498
131607269.9182923138 0.0000955523
131778021.9626336992 0.0000955502
131607278.9765464216 0.0000955519
131778037.6630605310 0.0000955501
131607317.2175496221 0.0000955520
131778027.7953769863 0.0000955502
131778056.4711830467 0.0000955521
131607294.3933958709 0.0000955535
131778011.3274926841 0.0000955496
131778036.0186254531 0.0000955510
131778033.0893462151 0.0000955530
131607330.8207948506 0.0000955518
131607273.2458030134 0.0000955521
131778041.4082001299 0.0000955520
131607263.1078581363 0.0000955526
131607325.8499202877 0.0000955527
131778057.5252816677 0.0000955522
131607313.8642456532 0.0000955529
131607277.1507984549 0.0000955530
131607292.7983325720 0.0000955519
131607267.9755514711 0.0000955525
131778053.0804909170 0.0000955503
131778051.2187386751 0.0000955522
131778018.4404067397 0.0000955544
131607263.4314465672 0.0000955524
131607307.0453093052 0.0000955532
131778051.3177762926 0.0000955522
131607293.3346554190 0.0000955532
131778059.9272146374 0.0000955523
131607291.0582675338 0.0000955538
131607289.8374615461 0.0000955525
131607275.5361277163 0.0000955525
131778059.6003040522 0.0000955523
131607284.9741884023 0.0000955524
131778057.9443253428 0.0000955523
131607289.8280088156 0.0000955529
131778055.3102638125 0.0000955521
131778017.2067091614 0.0000955522
131607263.0990355313 0.0000955525
131778058.3354803175 0.0000955526
131607264.7711052597 0.0000955525
131607307.1994661987 0.0000955527
131778059.2697059214 0.0000955524
131778054.2834299803 0.0000955527
131607266.1637461036 0.0000955523
131607283.0658085793 0.0000955526
131778054.5377439409 0.0000955524
131778055.9634222537 0.0000955529
131607261.5670680851 0.0000955525
131607286.6629199982 0.0000955534
131778051.4913577288 0.0000955526
131607299.7285863608 0.0000955525
131778053.8891039938 0.0000955526
131607280.6786690950 0.0000955522
131607271.0955072045 0.0000955525
131607267.3151891232 0.0000955515
131607266.7906788141 0.0000955522
131778053.8619482368 0.0000955521
131607268.2412212491 0.0000955525
131778060.3586249352 0.0000955528
131607267.8124681413 0.0000955526
131778051.2119777650 0.0000955521
131778057.2191132456 0.0000955524
131607266.9587576836 0.0000955526
131607261.2371892482 0.0000955523
131607285.0126313716 0.0000955523
131778054.6645155251 0.0000955523
131607280.6751886010 0.0000955526
131778057.0052846521 0.0000955523
131607277.9387290627 0.0000955523
131607260.6300919354 0.0000955518
86523968.0000000000 0.0000955518 1 0 0 0 0 0 0 0 0 0 0 0 0 0 0 