526782242.6142494678 0.0003696950
501095260.9294204116 0.0001328477
506405830.2074033618 0.0000190272
509887716.3805493116 0.0009115246
575915075.5755088329 0.0000339039
522268329.8992323279 0.0000064498
552493075.5827943087 0.0000005312
505165672.9238235354 0.0004686375
534576113.9941431880 0.0000005233
561224142.8547371626 0.0000000959
543604242.1487119198 0.0001861678
475201064.5231783390 0.0000149892
615625596.7621866465 0.0000228284
490419705.5947491527 0.0001699292
471501815.2845047116 0.0002655045
497810683.8859247565 0.0001415215
531992024.0699619651 0.0003078417
428573841.0794048309 0.0003642092
406851048.3186985254 0.0000572874
432544527.7594770789 0.0002092865
414129981.8241772652 0.0003687302
396978544.3132889271 0.0000806578
473049140.2773934603 0.0001266347
379227353.0735967755 0.0001296004
384574975.9336547852 0.0002203949
438226873.1515013576 0.0000739577
435765608.0074459910 0.0000413384
506288260.9949778914 0.0000898567
375005615.0532339215 0.0000158122
365350419.5068004727 0.0000001695
398771751.8744388223 0.0000000903
343648313.0743039846 0.0001947008
332583577.4112635255 0.0002145039
324688988.8220673203 0.0006150916
323384776.0441384315 0.0006332533
377069755.8847669959 0.0003946258
319543152.0738635659 0.0006884777
390359995.2477426529 0.0002978093
303520982.3925706148 0.0010336524
312611477.4784376621 0.0010001517
303256729.9922695160 0.0010017532
364252216.3445066214 0.0003794647
329428906.5611191392 0.0006934968
325980944.3847871423 0.0003101657
319425754.7990287542 0.0010605171
408741459.1667954922 0.0001496066
306375569.1459093690 0.0010359721
349513126.8721501231 0.0005953534
306941019.6715162992 0.0011271053
323883383.9786151648 0.0001283143
305831718.9411088228 0.0006679931
292591640.1066100597 0.0002499996
305320741.3669594526 0.0001653585
365511022.2499029040 0.0003440968
299768807.3628435731 0.0002286340
358843662.8178893924 0.0002703466
343344940.3754103780 0.0001510286
333785939.9106063843 0.0002611454
301333955.3336988091 0.0003220933
291266433.9098756313 0.0003685614
288024459.6086807847 0.0002334909
280437780.6376382709 0.0002126104
283335204.6840964556 0.0001482139
332898871.7383587360 0.0001548109
388479863.4297754169 0.0002235038
329509136.5140624642 0.0000017883
387271350.6051833034 0.0003708123
264268114.2254507542 0.0040670358
248746455.9815345109 0.0068282404
303959588.9086140990 0.0000497299
260166444.4842410982 0.0054562147
233388593.4096779823 0.0077959523
231103834.7808184326 0.0069169853
239341545.9891071916 0.0036111956
221027014.6208419800 0.0047748586
225143810.4590366781 0.0053938570
238284774.7567650080 0.0038854455
251821419.4365069568 0.0012110861
221731222.2788701057 0.0041229155
293844339.9492833614 0.0003976732
274235129.2586086988 0.0039578387
273450631.3191986680 0.0000164418
233708033.0848226249 0.0044372389
241785668.4128693640 0.0013968342
228871117.3317926526 0.0025663871
260195948.5977233350 0.0044684946
228230590.5499941409 0.0035208479
291763180.5428295732 0.0025163001
242424652.6592850387 0.0050290724
240769412.4369390011 0.0046638526
230271334.4115111530 0.0052098548
218791406.1418982148 0.0051176578
253784361.6784530282 0.0032875951
254735673.8505910337 0.0038308564
263427753.0381250978 0.0057058995
226020762.9848447144 0.0000155245
281041180.0673408508 0.0045600217
240961731.5115929842 0.0000498378
276284924.1145393848 0.0031734242
251443209.3439517915 0.0113836538
238344184.7094262242 0.0025333813
224152331.0761013329 0.0119757801
236020370.3432305455 0.0068000648
283103870.9513179660 0.0031403246
283016178.7504605651 0.0041409853
240219178.1682703793 0.0046904952
261594289.9562613368 0.0031937657
264666012.4020239413 0.0015558680
226308837.0982734561 0.0054593571
235126374.5743192434 0.0004075586
241447498.9788483083 0.0042539433
242818891.7463708222 0.0003477022
256332852.0706733465 0.0026487669
254318705.7607702911 0.0293345260
267396196.7422522008 0.0063071959
265570002.0066280961 0.0000353043
219145678.0626750886 0.0046084898
240742755.9377821684 0.0037650994
219278913.1949325502 0.0038462999
288074021.1551264524 0.0007714490
241186679.4600773156 0.0030508422
227972743.8238885105 0.0034511739
229802311.8464352787 0.0050040177
278271020.1566573977 0.0007895141
230073929.0482368767 0.0030941892
240066853.1709725857 0.0070998571
230593772.9326181710 0.0051566214
241083950.1401720047 0.0024138131
253052633.7378197610 0.0124275232
257188112.2068116069 0.0033156232
266283226.8565046489 0.0049216121
255280648.7693238854 0.0001897475
243040553.6471559107 0.0050197497
223848564.7718069851 0.0001219698
283228222.0695154667 0.0045816915
252636501.9905852675 0.0006177039
226412324.9285284877 0.0060895624
277256083.3609671593 0.0002106131
238884220.0856315494 0.0129769926
222873108.7936579585 0.0052511091
234684047.7042081952 0.0022253935
222928770.7298354208 0.0065912157
227622743.7805404365 0.0056501243
217679416.9846653342 0.0057532179
218556646.7467600703 0.0055267349
243799383.3443262577 0.0049895059
221803853.2754289806 0.0059347490
293341080.6163743138 0.0037838665
217600103.5587761104 0.0056736314
290151291.1790941358 0.0033295546
217366030.0333997011 0.0057661960
228529308.7829134464 0.0079482117
218228926.3627209067 0.0055659739
278001795.7204830050 0.0028632523
228336154.5179052949 0.0064023681
223260159.6470505893 0.0087904184
284696489.5297545195 0.0063412924
238120850.8846226037 0.0057726792
218816598.7620370686 0.0057980095
220049279.1662361026 0.0067468422
285557433.5320596099 0.0064075758
229982616.9657764733 0.0040188791
220847913.2299821675 0.0059978180
230259017.4128808081 0.0102067566
221209198.7058573365 0.0055047366
276671343.4531223774 0.0057914571
219847620.3485904336 0.0062019687
220068938.0234782398 0.0028416606
226016194.7985942960 0.0051740449
216568785.3565185666 0.0039906894
216410209.2901026309 0.0041746842
224418881.8584810793 0.0032777431
216754807.2562696040 0.0044519643
243874764.6082295477 0.0047641659
219259983.5969731808 0.0037588702
242403833.8684034944 0.0022807273
227200497.3745436072 0.0044314855
216373335.6553625762 0.0065749639
227619978.8236845434 0.0063467759
218205877.4776103795 0.0064719917
216996818.1222657859 0.0064245224
232459644.2688170373 0.0061638638
230905841.6571254432 0.0052083920
240507784.8384934664 0.0051075024
227898593.9486760199 0.0062416687
305160773.0185676813 0.0076546959
215269377.4088979363 0.0075735972
223624030.7628568709 0.0101656103
215473809.2714361548 0.0088346435
299209561.1167868972 0.0056862950
214505871.1275205612 0.0078576056
216323540.9153121710 0.0081429863
217839181.3802698255 0.0075749645
213968850.2554057837 0.0113984286
214759375.7263893783 0.0110491058
218324409.1135844886 0.0205308597
215730435.5195929706 0.0117822681
212736677.9809716046 0.0105720315
211400128.7452282608 0.0123158326
219915545.5395447910 0.0075990707
221125165.4306699038 0.0120049888
217384556.0812458694 0.0110272995
213230183.4369183779 0.0116762617
212185788.8438398838 0.0151368786
213992040.3175280094 0.0134502945
214576070.3840082586 0.0128423008
215585815.8617926538 0.0122635039
211989833.8393416405 0.0138574792
215274118.8848764300 0.0108013611
215050422.0513973832 0.0137106045
216848702.5135723352 0.0116522278
230069874.7243706584 0.0111161668
213658715.6423808932 0.0117846258
213656550.3274076581 0.0134909272
212769682.7846670151 0.0122857607
215118723.6112949550 0.0151724210
226909952.5006917417 0.0111314288
216031432.9906566143 0.0129654920
231095908.9977269173 0.0117668255
211342170.2460475266 0.0115030425
224935996.9194635749 0.0104250292
227114291.6870393157 0.0161606169
211985024.8920709789 0.0114357251
216672033.7495608032 0.0127321270
209113678.1794708669 0.0129841258
222989229.8449413776 0.0147896140
210357920.8243481517 0.0125365722
213577575.5085786283 0.0088402208
212482217.9347746968 0.0130846686
229204997.5877075791 0.0092554629
211035167.6826635301 0.0141176825
212561875.9217389822 0.0141691882
212315437.2151602805 0.0127451340
214631514.5132813454 0.0174005150
212697853.1284860671 0.0122754501
220740363.6181818545 0.0108894485
217008543.0166406631 0.0141209241
234576487.3634896278 0.0103034133
212976421.6880047917 0.0124360467
217951811.9470332861 0.0133412965
210246939.2217074037 0.0127843913
213697618.4707477093 0.0111035231
209539347.2771873474 0.0110523128
223935433.0844970047 0.0076835033
213142626.8654106557 0.0125110790
215551650.2773258388 0.0139120047
210312539.9001473188 0.0141102716
210988854.2864505351 0.0144385886
210594379.8074991405 0.0142222535
231791354.8947899342 0.0105640549
213204487.4891732335 0.0121521741
227228495.6862269342 0.0109162628
216383743.3774749637 0.0128855734
216044385.4688907862 0.0184420110
212854236.9518651068 0.0148195046
213743152.3706140518 0.0143715624
210599492.0453279912 0.0124187081
232654458.7643993497 0.0165759692
212862450.3910929561 0.0121644815
230550625.6203136146 0.0100052540
209887957.4119764864 0.0125673290
232248106.6978402138 0.0124932897
210866347.6852966547 0.0151341796
211740077.1608485579 0.0068208297
209937437.6660117507 0.0115793136
222178530.7691491842 0.0181171230
212402330.7575251162 0.0135135430
211548622.4274127483 0.0148650981
211757403.5685332716 0.0129785664
223921256.3611774445 0.0135488115
210095835.2781542242 0.0128297341
208893810.3684793413 0.0127042481
213321256.5201143920 0.0134515875
214049520.8683377504 0.0127229821
210798944.1218797266 0.0124267557
209400435.2318411171 0.0127729150
208881381.3237873316 0.0119999087
213134979.5395241678 0.0116287737
210625466.7651854753 0.0124877597
211587742.3915814757 0.0118522899
212804843.1879161894 0.0122495862
210422347.7275440395 0.0122630062
213679997.7275014520 0.0133223817
214068823.1158682704 0.0119426827
216467012.5452426970 0.0129681453
210055948.8243149817 0.0121576391
212483400.3028725684 0.0112050751
213068814.7493529320 0.0118731294
209736283.0668774545 0.0122590253
213808304.6568779051 0.0118218797
217610069.2292167544 0.0105516884
208887789.6203295290 0.0122959112
212030105.9045107067 0.0128519981
209072704.8925727904 0.0113877225
211014727.5472056270 0.0129353458
208950862.8232586980 0.0119178905
214886019.8700258136 0.0111805621
209093958.3380575776 0.0120296838
209060626.0300462246 0.0116109931
213970433.9029596448 0.0120620710
210932212.7471875250 0.0132220724
210370246.6298475862 0.0121204096
211402784.8157702982 0.0121926649
214424482.8635875583 0.0119755885
209795217.7266338468 0.0120395870
210052694.3205679953 0.0118844633
211080620.3364478350 0.0120541499
208992929.1456256509 0.0119684854
209808300.2315944731 0.0111104532
210385796.4420060217 0.0119479751
210641404.8616089821 0.0118617111
213592937.8988103569 0.0116373735
224823212.9321096241 0.0118578664
212109816.0386225879 0.0119048506
226161687.2914040983 0.0119487933
213165985.5894603431 0.0117182451
211933374.0789752305 0.0124861903
213538997.6495408416 0.0120459208
225245979.4190621972 0.0117661970
209404700.5832213759 0.0121711444
211520806.5289849341 0.0127713201
209763050.7981352210 0.0121521347
210033420.2326947153 0.0105831275
208771468.7526474893 0.0121327734
210955517.6148597896 0.0120444277
217051890.3000275791 0.0123723829
212914063.6325641870 0.0119419262
208918783.5274989903 0.0119620947
213329830.5243319571 0.0122447677
213492855.2336266935 0.0121047134
209848245.7955243886 0.0123385182
208917301.1642569602 0.0120661477
212522884.8527187407 0.0115169862
208914221.6855747700 0.0122207222
211552846.0929857492 0.0121260652
214329920.1201656759 0.0120902021
212055526.9350809157 0.0118229545
208733362.8148975670 0.0122185694
213629050.0073618293 0.0120656161
213940835.1810110509 0.0120957826
209444409.3088909388 0.0119907886
209160947.8875271082 0.0122722553
208821676.2375973463 0.0121734624
209417825.5388766229 0.0125077911
214195631.6282395720 0.0121674201
209755394.3085782826 0.0124582049
208894035.2131871283 0.0123037629
209501694.7443860769 0.0124037326
208775607.8554336727 0.0122142557
209030261.4797644615 0.0122523718
209196445.1734147966 0.0122038219
210182745.7749277353 0.0123296188
209152039.9598837793 0.0122560810
210525461.5101445615 0.0123812262
208899185.2486353815 0.0122583866
213862652.2152399719 0.0122973590
208740418.9700770974 0.0121896360
213194305.6230232120 0.0120184387
208906584.5892502666 0.0122010931
210356115.0466691852 0.0118280877
208973456.8245146275 0.0121838624
214216638.3013156056 0.0123612703
208959175.6322982609 0.0121728427
209970438.2216444910 0.0120706954
208772927.6447727084 0.0122138873
213566584.4802490771 0.0120909572
208747539.3314682543 0.0122003828
214368979.3549728394 0.0121242299
208969292.8125468791 0.0122116865
210608526.6875823438 0.0123280707
208909422.5594114959 0.0123501071
213530262.6939608455 0.0120564373
208829632.1319141090 0.0121523412
213704253.6774633229 0.0121330537
208961190.2408996522 0.0121984936
208820637.2639236748 0.0120086361
209088261.4870256782 0.0122503123
213704306.9521579742 0.0121208712
209126678.9951810539 0.0122094287
213641780.8536603749 0.0121179756
208911373.1240023077 0.0122341709
213452775.5759150982 0.0121119162
208911543.0215272009 0.0121033884
209189489.4262119532 0.0124477562
209124330.5021947920 0.0121641489
213581544.0463019609 0.0121425702
208736029.4446127415 0.0121397442
213528535.5492912829 0.0121558824
208815440.0489073694 0.0122662079
213543202.3887327909 0.0121519231
208888690.7903948426 0.0122421566
213652712.7816773653 0.0121450804
209008094.4481536448 0.0121936761
213567422.2155344784 0.0121495077
208991425.6698374748 0.0121662168
213544548.9856569767 0.0121373376
208821569.9858260155 0.0121809061
213622466.5252242684 0.0121739045
214166479.4881210327 0.0121967073
208941704.2702699304 0.0122164108
208964443.8822723031 0.0123008329
208842161.0012052357 0.0122098987
208806214.7403856516 0.0122648834
208804796.5114989281 0.0122299041
209513369.8333001733 0.0122499570
208802908.0071720779 0.0122722736
213945115.7718974948 0.0122579543
209001658.1571050882 0.0122114827
208724808.4629375637 0.0121763596
214164530.4833102226 0.0121435780
209233677.4899246395 0.0122582484
214164747.6520138979 0.0121433699
209373326.7623263299 0.0122774123
214198087.8535105288 0.0122398089
208751540.5488574505 0.0121909685
208955510.7673576772 0.0121745958
209145733.6246927381 0.0122541287
208799286.0246146917 0.0121908471
214349648.6171692014 0.0120948654
208738844.0680833757 0.0121963730
208688695.3816836476 0.0122806071
208794688.0711852610 0.0122801746
208893247.0165897608 0.0124415740
208828155.8878561854 0.0122778713
209747566.1571750343 0.0123919896
208681650.3443562686 0.0123001073
208754630.7015275061 0.0122313375
208726302.0230115950 0.0123199427
209413597.1438416541 0.0121753080
208994546.6923208535 0.0122216067
208767620.4083555043 0.0125146163
208736767.8600235283 0.0122851042
208801429.4351547360 0.0122461814
208780635.7476610243 0.0122973117
213626042.9104129672 0.0124048235
208731685.4375666380 0.0121916688
208960795.1563720405 0.0123017755
209035635.2219358385 0.0122906307
208974387.7751769423 0.0122929763
208770084.9228374064 0.0123283327
208721813.3868668973 0.0123105453
208718264.2965106368 0.0122568612
208955758.2756985426 0.0122941724
208919436.3445660770 0.0122921501
208972406.1639904678 0.0122946056
208953150.1894800365 0.0123258042
208712796.1629428864 0.0122952079
208836469.0805389285 0.0123316709
208736607.5409002006 0.0123009891
209278654.3058215380 0.0123822139
208776319.5174579918 0.0123033725
208924761.0299517512 0.0122869753
208692972.2773203850 0.0122974608
208676385.9248353541 0.0123698166
208894790.1552625895 0.0123895125
208726667.8797185421 0.0124014524
208649834.1237832904 0.0123982436
209180175.7639503181 0.0124510543
208918269.4794749320 0.0123854910
208823490.4350568652 0.0124022021
208913451.2668784261 0.0124349310
208683868.3707992733 0.0123416017
208688331.7073985934 0.0123952857
208924881.0467319191 0.0124801809
208709907.3698372245 0.0123936712
208761877.7682832778 0.0124979399
208726152.5228109062 0.0123942128
208707300.3015750945 0.0123876980
208688850.1991818249 0.0123989606
208872100.1029583216 0.0124052764
208919971.9246261716 0.0124192976
208936203.2004140615 0.0123822122
208653662.9079483449 0.0123958074
214158538.6595654786 0.0123572462
208682313.3434939384 0.0124158823
208697053.7573354840 0.0123893809
208690246.9199312925 0.0123988619
208863903.4616478682 0.0123729086
208654150.4140838981 0.0123956488
208637413.3984733522 0.0124647641
208837420.4510630369 0.0124542456
208704241.4332826436 0.0124541921
208724374.6412364841 0.0124727205
213776283.6176844239 0.0124318918
208701471.6831211746 0.0124717937
209225908.6081736982 0.0125050106
208838104.9779657423 0.0124435443
208904599.0582988560 0.0124960156
208892812.0401816070 0.0124576600
209010542.2444286346 0.0124914770
208932736.9260319769 0.0124190296
208818406.9843709469 0.0123677347
208655568.5597068667 0.0124632332
208824921.2970523834 0.0124804557
209106725.7607969642 0.0125357047
208932152.0908945799 0.0124559308
208655399.1819196939 0.0124680060
208731971.6932661831 0.0125028621
208905419.6772692502 0.0124666403
208634209.7701979280 0.0124707103
208870358.8479964733 0.0124653157
208909961.3871568441 0.0124241210
208646539.5634111166 0.0124688921
208775679.7654498219 0.0124617155
208920195.2769790292 0.0124727729
208807741.5677853823 0.0125139728
208906538.8210510015 0.0124684173
208826566.4617124200 0.0124513620
208917763.7380356789 0.0124719630
208837782.0213762820 0.0124654905
208913605.7454054654 0.0124696161
208903324.9797626138 0.0124775888
208904728.6828396320 0.0124801296
208849881.5560868979 0.0124951019
208630848.9254379570 0.0124734650
209005352.2014917135 0.0124898268
208885354.0195996463 0.0124615418
208743515.5119698644 0.0124516107
208864215.3736906052 0.0124754459
208799101.3222082555 0.0125063954
208655275.5571424961 0.0124829588
208874142.2121028900 0.0125018655
208919204.5730292201 0.0124682292
208792994.1442201436 0.0125003901
208631061.8625069559 0.0124700105
208655194.7280115187 0.0124522951
208636731.0326342285 0.0124663319
208882471.4364536107 0.0124223307
208911214.1004588902 0.0124739017
208808451.8179566860 0.0124778116
208851275.0039040446 0.0124624788
208906981.3912998438 0.0124747920
208917111.6929763854 0.0124761195
208873953.2272977829 0.0124654690
208674731.3743415773 0.0124855519
208873219.0950936079 0.0124515638
208913248.9692380130 0.0124716937
208636081.9520152509 0.0124790855
208635560.9895478189 0.0124688412
208656489.5180962980 0.0124776763
208635110.0639721453 0.0124653792
208690149.5432184637 0.0124433088
208907275.3934212327 0.0124663585
208628625.9786553681 0.0125070195
208911111.8090771437 0.0125150518
208674535.0610648096 0.0124875382
208669446.2655574381 0.0125092848
208776680.0065288544 0.0124517795
208631442.4813445210 0.0125090952
208829035.9693628848 0.0125010586
208708057.4912855625 0.0125104704
208730938.8884505033 0.0125141010
208755800.3818624318 0.0125214901
208652800.9708395302 0.0125067628
208717460.0981259644 0.0125071062
208657063.9430580139 0.0125010116
208877084.9625189304 0.0125178912
208631523.9386970103 0.0125078015
208883366.7045283914 0.0124802896
208909443.4476552308 0.0125121045
208900209.5577309728 0.0125058257
208632231.2263065577 0.0125049867
208901334.3603364229 0.0124877591
208910756.4934107363 0.0125056120
208919582.0682663023 0.0125108989
208906972.4877845049 0.0125102028
208644510.6239200830 0.0125167583
208905229.9212798476 0.0125060256
208656218.9051668048 0.0124962763
208634942.3090739250 0.0125060562
208814068.1909585893 0.0124922274
208914598.3762708306 0.0125031733
208672984.6009707749 0.0125236912
208632300.4272076190 0.0125058188
208685514.4140862823 0.0125247385
208915899.5147932768 0.0125051531
208898718.1596209407 0.0125004255
208665859.9190476537 0.0125081387
208629792.9395833611 0.0125205880
208635122.7404540181 0.0125101143
208881526.5806122124 0.0125210898
208628284.5614974201 0.0125095812
208860793.2347498238 0.0125150425
208919707.9464860260 0.0125086818
208854612.2318035960 0.0124873244
208631101.5860690475 0.0125124092
208653070.4119280577 0.0124948844
208921238.0821685195 0.0125025343
208767136.8929049969 0.0125214279
208629611.9386462271 0.0125119413
208692171.6360461116 0.0125119706
208636468.8513365388 0.0125065759
208692991.8031479120 0.0125072726
208900498.8234423101 0.0125126220
208625295.4426542222 0.0125073727
208911645.5069974363 0.0125163156
208632721.7226408124 0.0125059728
208627038.0150934756 0.0125095549
208635361.1031807959 0.0125061776
208664737.8034812212 0.0125148210
208626506.2894745171 0.0125089674
208654015.5932593346 0.0125014808
208631226.4542677104 0.0125104941
208863653.1136085093 0.0125004448
208921136.3696880937 0.0125008880
208622663.2966452539 0.0125081545
208917152.0201647580 0.0125116947
208626190.5589935184 0.0125079127
208672213.1606181264 0.0125144053
208915818.1420859396 0.0125076208
208633560.7520923913 0.0125053899
208916613.7411181331 0.0125078875
208631910.1254394948 0.0125096317
208919359.4495313764 0.0125069240
208910122.9165294766 0.0125095464
208917636.1484041810 0.0125089439
208634498.1476242840 0.0125089341
208625641.4224215746 0.0125086915
208624416.9630161226 0.0125079619
208633366.5816301703 0.0125095146
208625485.3395266235 0.0125086971
208918843.1092562675 0.0125088626
208628966.8236061931 0.0125033295
208918172.9729572833 0.0125074835
208627246.1037010849 0.0125086644
208624410.0384688675 0.0125095715
208909940.9966602623 0.0125061482
208915139.4884716272 0.0125080382
208628724.2364554107 0.0125105110
208625229.5907282233 0.0125086472
208627983.5826265514 0.0125050683
208913741.0154086649 0.0125074465
208628981.0533660650 0.0125115618
208888565.9403374791 0.0125089690
208629511.4264953434 0.0125101918
208918917.7241288126 0.0125077618
208634238.5362820029 0.0125089807
208623069.6802254915 0.0125085316
208918898.4547271729 0.0125091617
208919241.9213976562 0.0125080502
208626859.9218150675 0.0125069049
208915811.8824665546 0.0125085389
208626933.3747721612 0.0125078089
208622649.8153339624 0.0125085082
208633811.0837706029 0.0125071825
208916729.4838961065 0.0125086882
208637713.7921386659 0.0125120650
208622576.2436970472 0.0125086831
208631608.1291767955 0.0125054260
208623372.3158673644 0.0125088335
208628108.2187646031 0.0125096585
208918349.6613005996 0.0125087893
208914265.9502873719 0.0125093046
208623788.1395677030 0.0125087407
208918009.1136948466 0.0125080090
208623600.8840520978 0.0125086930
208623441.9821511507 0.0125078745
208623357.5674760044 0.0125086454
208919210.2614324391 0.0125081900
208623154.6297657192 0.0125091950
208623217.3203342557 0.0125088775
208623395.1629158556 0.0125087645
208623334.5105952322 0.0125083230
208622579.6506908536 0.0125088360
208634877.3275241852 0.0125101821
208622590.3769893944 0.0125084938
208626133.6282333434 0.0125080781
208622703.7428888977 0.0125088324
208625661.6163552701 0.0125082952
208919021.8395334482 0.0125086093
208624741.1583848000 0.0125094257
208622747.3091679811 0.0125090401
208624716.3757524788 0.0125079042
208623108.9902814627 0.0125088362
208627422.1283196807 0.0125086193
208623056.5809016824 0.0125086329
208623098.3334765136 0.0125087491
208919374.0604230762 0.0125085298
208625643.1612375677 0.0125092546
208919521.5829047561 0.0125084835
208622662.3247373998 0.0125092011
208919458.3444250822 0.0125088151
208624040.9189130366 0.0125082376
208919537.0889014900 0.0125084876
208919342.8760411143 0.0125087130
208623456.3895619512 0.0125085780
208622662.5515734255 0.0125085508
208625666.5503987670 0.0125085322
208622469.1176143289 0.0125087505
208622864.1460605860 0.0125089287
208622495.3575623333 0.0125087084
208916179.4122138917 0.0125078653
208919324.8634311557 0.0125087318
208625825.6208069324 0.0125090407
208622703.1177229285 0.0125087706
208623353.5874314010 0.0125091185
208622882.5061773062 0.0125086704
208623063.0567627847 0.0125084255
208622595.8233695924 0.0125088389
208623239.4731775820 0.0125097306
208622794.0778139234 0.0125088196
208623215.5515124202 0.0125097170
208622688.8278221488 0.0125088831
208623124.7654065788 0.0125096590
208919324.9585770071 0.0125086272
208622858.6218350530 0.0125093599
208622710.0604867339 0.0125086839
208622831.8352139592 0.0125095428
208622508.8530134261 0.0125087611
208622964.8177807033 0.0125095316
176334329.0000000000 0.0125095316 0 0 0 0 0 0 0 0 0 0 0 0 1 0 0 