396281863.0633522868 0.0006814274
372293823.3433782458 0.0001095268
371816816.4259114265 0.0009914531
396209261.7889649868 0.0002581894
398692032.3338119388 0.0000175966
410512589.6513034701 0.0000638244
410809058.6851896644 0.0002559600
372945261.6211559176 0.0009983138
375087755.3784024715 0.0002255539
438858204.4622045755 0.0001660992
409161710.3071179986 0.0004981141
364827358.6913233995 0.0003039832
388151076.5975834131 0.0003228816
360532591.7974668145 0.0012664266
353323488.4353657961 0.0014928779
408033633.4645403028 0.0007957469
415390154.0559009910 0.0003148601
350877708.9400348067 0.0001175426
332343589.3688523769 0.0001500016
334712974.1371203661 0.0002295474
313612232.8326862454 0.0011827110
306452811.7620907426 0.0015496929
321093672.1034207940 0.0014399610
299640509.1960077882 0.0023245161
290618872.7433204651 0.0034202158
338124029.2850662470 0.0010414020
330683257.7975044847 0.0009340034
321334636.0808181763 0.0013987062
361909411.1609562635 0.0007130887
265182439.6944271326 0.0063313507
305286799.2877720594 0.0033747924
214139845.1375112534 0.0075403329
242378024.2534589171 0.0067974777
222567867.3369469345 0.0074381500
244224019.3069615960 0.0078573376
213134953.5788622499 0.0076685609
200334043.0009398758 0.0129168685
210854658.5422466099 0.0079301578
222627393.6816166639 0.0036966836
202801787.4751666188 0.0118274149
240518904.8690260351 0.0057997984
201780399.9676025212 0.0114124575
275255631.2260876894 0.0044589493
236165207.9033607841 0.0199385429
199061047.8455032110 0.0132839675
195528055.4309849739 0.0164340795
190140835.1817231774 0.0094781662
161822994.5006965101 0.0110039983
273030535.3290648460 0.0017685955
162951714.3598133326 0.0117907643
165487465.5509513021 0.0088628942
179091436.3528055549 0.0073817251
233610106.7789007127 0.0014197014
172583796.9369373918 0.0125141446
175222076.2904514670 0.0033663428
164768551.8813812435 0.0102597385
189452044.3894604445 0.0043914523
211989738.2160843015 0.0096046925
198662744.4334373772 0.0044663806
194027752.8586254418 0.0079539580
219317457.9215108156 0.0079711455
162821928.8145191073 0.0114342726
192530660.9257917106 0.0032503098
172605876.0477453172 0.0125096195
172733576.9187406301 0.0005419025
198242067.9272231460 0.0097367717
169018152.9727207422 0.0066536737
164801976.9564553499 0.0118247568
174580756.8916837275 0.0063895792
162610263.6209597886 0.0100771019
289831779.7764194608 0.0022865332
206541940.2491058707 0.0052690230
159143193.4621220827 0.0334922339
155412730.7779821754 0.0322339445
161770466.4175201654 0.0176976390
160792788.1191018522 0.0286641482
163763373.4029317498 0.0334958891
147736861.2245951891 0.0569652079
168201947.9609666467 0.0780847568
161279661.0904685259 0.0475988730
161882225.9608837366 0.0628261851
157766651.4212740958 0.0414619780
151570847.4113893509 0.0553162131
149424804.4923747182 0.0581688458
193988820.0589574575 0.0290352382
149330082.3290920258 0.0573417346
242578874.6615340710 0.0114534882
160050948.2874343395 0.0600708275
162882122.0124459863 0.0451842171
148266366.8137844503 0.0496397344
209735476.4699098468 0.0277079636
173742821.9741724730 0.0425738061
182440676.5437432528 0.0610434785
161875740.6370896995 0.0427787839
175737558.9065705538 0.0764737091
152525842.2434934378 0.0511386843
160698916.9010316730 0.0506235843
144934758.9990393817 0.0632229787
172726234.6945794225 0.0300132637
148523447.0971763432 0.0628366324
246643624.7231674194 0.0230055910
146656732.7761202157 0.0677033876
159300062.8827186525 0.0273000051
158207702.9115216136 0.0550687286
166211270.6059494019 0.0396120874
148645514.2302757800 0.0667508410
171228022.3009268939 0.0419080320
146930558.3752354383 0.0671379141
165087393.2706804276 0.0965263094
163035791.9062823057 0.0489318098
189880407.3100767434 0.0373077684
148909425.0989795625 0.0612750051
189226815.9456650019 0.0374948768
154396910.8342186511 0.0623803870
262251496.3203763366 0.0096888195
146554922.9663748741 0.0616783377
157010782.1773479879 0.0442988560
160543853.6393662691 0.0513384109
249510050.4399678111 0.0358714076
155609562.5378701389 0.0561127136
189576816.9730556011 0.0220614588
147864140.7998676300 0.0627818798
194254083.1747290194 0.0306511383
149578267.2266274691 0.0566412305
145323523.2289396524 0.0608271433
164178683.9779301286 0.0530035816
207577152.4497094750 0.0295215957
149795565.3073653877 0.0703183435
152026818.1109976768 0.0384711508
156538713.5827361047 0.0558442433
155563807.3118095994 0.0362914327
156864127.9481833577 0.0728944091
181531793.8402910531 0.0269850917
144137948.7555207610 0.0769336614
150016604.9628020525 0.0773945503
158890546.7433568239 0.0427337594
166226631.1030181646 0.0694199932
153053564.7948234081 0.0557254496
141263458.7781091034 0.0725016975
166836280.1570993662 0.0912777267
162716123.7590938210 0.0712188135
163113563.8024094403 0.0854313026
162822447.6475273967 0.0649485166
151704222.0593105555 0.0641556974
156044811.2051963210 0.0610061093
145975112.0862695873 0.0810832390
164644618.1055505872 0.0684135760
145288266.2641624510 0.0668337943
168186432.7652270794 0.0697570529
148415758.4005572498 0.0729648818
165197554.6592220068 0.0677746156
159799037.4388585985 0.0799027390
141457397.3986009657 0.0713107100
188821297.2434257567 0.1116433567
149598200.0422355235 0.0756008557
146682555.2525367141 0.0767550393
169002247.7420448661 0.0714383136
151706245.3097673357 0.0581603305
163188827.6168512404 0.0672580790
146493301.2916342616 0.0727668966
168844243.3356100619 0.0735593185
150579927.1428011060 0.0613524012
153304092.4168229997 0.0704738046
158393989.0797788501 0.0749321010
159993233.6550112665 0.0699533562
152272050.8535248637 0.0563031404
169895492.0766665041 0.0825558673
150338452.4727369845 0.0451763289
140950111.0591833889 0.0737370125
175701044.6313025355 0.0311222596
164883933.9840152562 0.0737332787
165833498.0703077912 0.0871191254
141433545.5394211113 0.0740534691
153670477.9406537712 0.0584217969
170323468.5718191862 0.0703151651
152959545.4314241707 0.0612295167
142382431.4766398370 0.0716398699
152072072.4881351292 0.0703318024
162920208.2081709802 0.0727338332
151790900.6153625250 0.0712739327
141664206.4788054824 0.0693182288
154405895.4803998172 0.0511142242
143878334.7752928138 0.0696293502
180451609.0570606291 0.0269595911
148488680.4882383049 0.0722524517
151999262.9878445268 0.0516922463
143174652.6039750874 0.0743585113
199627830.0613629222 0.0363243643
167907679.1260207593 0.0697367127
148793521.8655367792 0.0620585849
161451021.3630099595 0.0703195853
167647756.4221782684 0.0410235512
155808581.4474317431 0.0628760618
143200470.4918015003 0.0754894335
148884985.6158111393 0.0721123298
141669768.5350072384 0.0721085966
166513218.4653185904 0.0578542579
142707729.7044005096 0.0729762498
149694953.8369084001 0.0837185552
168534493.8698425889 0.0717328639
140106807.2105023563 0.0797316692
140901470.3615596592 0.0794407049
150087346.8159791529 0.0846316975
163443079.0211651027 0.0772332941
153008564.7340170145 0.0783929851
166436276.7276244462 0.0766852685
148394206.1206688583 0.0640475804
160182660.2359664738 0.0752291323
141608667.5463009775 0.0919899415
162365172.3182235360 0.0771642088
149147873.2116604447 0.1010608379
163076800.6698684096 0.0748192769
172716204.2486663759 0.1047147439
164198521.2211432755 0.0798611476
153867754.8776905537 0.0775287181
162657198.5170387328 0.0757003173
140172075.0685487986 0.0793665184
141569623.7794765234 0.0741292265
147027215.9444241524 0.0728464258
140543018.2618757188 0.0806885004
157406570.5210733414 0.0838638760
141213173.2044490278 0.0792753750
156382872.8833514452 0.0765894992
144392181.8578487039 0.0825316278
156924860.7331898510 0.0812952973
146659465.8212804198 0.0847952136
159927407.7464952171 0.0798197321
140012909.0804577470 0.0802357071
141468565.5368765295 0.0846825964
162756421.7386645079 0.0784449882
141636775.3541830480 0.0803041990
139530883.0011969507 0.0813133859
142203621.2853758037 0.0768267188
140395339.1682594121 0.0819224370
150036747.9507996440 0.0784442243
141565931.0694968998 0.0823579223
162672012.6833824515 0.0707215490
159012414.2618039548 0.0771224940
142964685.5341169536 0.0803570521
140040484.2871710658 0.0852528735
137551943.1165187061 0.0953607879
147754615.2563405931 0.1045666267
141747066.0491607785 0.1104013896
138723906.0964979231 0.0948494670
161128654.1020711958 0.0880515911
138204722.8555493951 0.0959016732
159793785.6691248715 0.0809271522
157482634.4019469023 0.0921585520
127716962.1999387145 0.1324200814
127029595.3277870268 0.1317688339
131653047.5331665277 0.1391115187
127160398.0397079885 0.1323484716
128933049.2859510183 0.1405476649
126988147.1183279902 0.1303943048
132287400.3066408336 0.1289269986
125949222.3267386705 0.1316663970
124329983.4443443418 0.1467630106
121681302.0779031366 0.1481326781
133712713.0888137519 0.1563583440
125438425.7683999389 0.1409635931
121850714.5919016153 0.1592325503
126357229.5650489479 0.1470497610
131501446.6967424601 0.1253746833
122377334.7765950263 0.1531163183
139054744.1727508008 0.1728162129
123406383.1175804883 0.1551344415
122190626.7731672525 0.1483508748
123784155.4823160917 0.1437793502
124411804.3482381254 0.1467404627
121226518.5001624227 0.1513576240
130225246.4585236609 0.1772142872
122272761.0342683643 0.1494925432
124534726.8974934965 0.1471697019
122731642.4413225651 0.1566973813
121570050.6069129705 0.1580281654
123690916.3200417459 0.1516236155
127316595.6377578974 0.1430130519
127367053.6344338655 0.1645697635
122453366.1304490864 0.1495364314
123536225.3549510986 0.1432707890
179818916.5766547620 0.1286480172
121557408.4426305145 0.1498372787
122326045.2403021753 0.1682563752
122853219.9199884385 0.1542977674
126277986.4576516151 0.1546676406
123587863.8460724950 0.1494922453
122831446.5184758008 0.1525265299
122459431.9245741218 0.1524512500
178202480.2481901050 0.1358004553
121520758.4912892729 0.1520507660
178901694.5287732482 0.1360145655
131415317.3893071711 0.1445602749
121694966.4105366021 0.1478693932
122877349.6311910599 0.1459888685
122001622.7433833778 0.1519376697
122472306.1919911057 0.1554473356
121554096.1395456493 0.1513024426
123528950.5900681019 0.1443401454
122506079.3832193911 0.1492919046
125940344.6745116860 0.1505243473
125951380.2092472017 0.1477018941
134319569.4838306010 0.1697608426
121821906.1459430009 0.1533809269
123567910.9353284389 0.1459493317
122455002.4373565167 0.1519775176
129833220.8614245504 0.1412586926
123006835.1823134124 0.1547133635
122419073.1494300812 0.1530346342
122084767.1427749097 0.1485903390
126308239.2901821584 0.1572494687
122175030.1490008831 0.1530521368
130630608.3410772085 0.1429712395
122306607.9446979016 0.1539777565
128196717.2314734161 0.1397151771
122508717.3775348514 0.1489445841
131671560.0739140362 0.1442546652
123716260.9370368868 0.1497899675
130701058.9023066610 0.1360295628
121271503.2520997524 0.1528088612
123560861.6185262799 0.1506361590
121854722.1778666675 0.1529438290
124220168.5632714182 0.1407211584
121939542.9172298014 0.1539733428
123800268.5326549709 0.1515471628
121370478.5508568436 0.1503701651
123799248.3567609787 0.1524912751
121884173.0063374937 0.1530253770
123794756.3838385493 0.1522678431
122158986.7369266003 0.1523070286
121464505.9669151455 0.1510795592
123943082.4676481783 0.1547454896
121176049.8877505511 0.1504633597
127357976.6129062474 0.1606434687
121419269.6027077287 0.1513205761
123371668.0750127733 0.1516839653
121448853.8131158054 0.1513978662
122400520.9630808532 0.1527262222
121532173.3575682938 0.1515957878
126292072.8079195321 0.1446359674
123685132.3715795875 0.1478982699
127450314.4680432528 0.1617835706
121510009.7065031826 0.1494132175
123373925.3033321500 0.1518788360
122509684.5983251333 0.1493141906
122722248.2917398512 0.1484283739
123364507.2627207637 0.1493703376
122461019.2997826189 0.1512428832
122335263.3640039414 0.1476432852
121629462.5150443614 0.1510547682
121907642.8647920489 0.1474615710
121600941.9812353700 0.1503392898
121609984.3754340708 0.1518443388
121513158.9592946470 0.1498517405
122977643.9093149006 0.1485652613
121489546.4195215851 0.1502649240
121409564.6053272933 0.1506227811
121188060.5684656352 0.1510956003
122175260.1018974930 0.1477473208
121491620.1943122149 0.1505063211
122286116.7849672437 0.1514771458
121412775.7805800140 0.1513589348
123438082.1722136438 0.1501398757
121419807.5744886398 0.1507243794
122760493.5527771711 0.1529350644
121378375.9343938679 0.1494439968
121371619.0320781022 0.1517359569
121442081.4659252763 0.1506926384
121638278.1561934501 0.1492964086
121384729.9100276083 0.1509130446
122685759.3865229189 0.1485713213
123578819.9701357633 0.1495992779
123938075.2466565967 0.1553861554
123449100.3084082305 0.1494990881
121537258.9801877141 0.1513374364
122314905.6822393239 0.1471010461
121890215.5122371614 0.1510894075
121616856.5587437451 0.1505664559
121193943.2166767269 0.1505117472
121414301.6986326873 0.1500767154
121668380.7309130877 0.1516138829
121227940.3303179741 0.1504525836
121957872.6041597873 0.1510245940
121187289.2981223911 0.1504516437
121627783.1340723038 0.1511195835
121199649.4363030642 0.1507829995
121615121.9826381505 0.1504847046
121247402.4707648754 0.1501013577
121327693.4743815809 0.1506714018
121458101.6524297297 0.1508213793
121282433.3203864247 0.1505940450
121563698.4634533376 0.1502587184
121233799.1124301702 0.1505748965
123374437.0994189233 0.1493987675
121366524.0595688522 0.1507295888
121621240.6145663410 0.1504277355
121195294.2900331169 0.1504653436
123583678.7020816654 0.1496222887
121187985.9937107265 0.1504728993
121529184.4028966129 0.1504897927
121479588.4040444791 0.1503438815
121393047.5723937005 0.1499644363
121313012.5280649364 0.1505627132
121538286.1754696965 0.1511286022
121188075.4586495012 0.1504255776
121660511.3564873189 0.1512896107
121582990.1404046565 0.1503998898
121738506.8980225027 0.1514063068
121223588.1271751374 0.1505583327
121646434.7015955001 0.1512882915
121633092.4990290254 0.1504898096
121782554.5859035850 0.1510178279
121617816.9263198227 0.1503463552
121434139.3250568062 0.1509862341
121208634.7475820929 0.1504044081
121656735.4909756631 0.1501307803
121600805.1224321276 0.1505252866
121471012.6972764432 0.1504993773
121212178.7570722103 0.1504475207
121436898.0973473936 0.1509481792
121616875.8848023862 0.1504272755
121547186.9243638813 0.1511105883
121289909.5800316185 0.1505150676
121359970.9290356189 0.1501921390
121507238.6893619895 0.1501809451
121213123.7676898539 0.1504734795
121296979.1530062407 0.1498672290
121621753.6641107798 0.1504460757
121486249.2259034812 0.1502580597
121201796.0799984485 0.1505606328
121470147.5071850717 0.1501647258
121237408.3715260327 0.1505835191
121284230.5332309157 0.1504081131
121206825.5220416337 0.1505096494
121460666.6745101064 0.1502342509
121282019.4958888143 0.1506702339
121624754.9633666575 0.1504367832
121320254.9215982705 0.1505738390
121172317.4340085238 0.1504863124
121563875.8231369257 0.1502754165
121624848.0977984071 0.1504584576
121590065.1034668535 0.1504271685
121176576.7071081698 0.1505189027
121259606.3348760903 0.1506627808
121170766.6829622239 0.1504938289
121270629.9764050245 0.1507132451
121633511.6599693745 0.1504737595
121611233.2434718609 0.1505103529
121182106.3473249376 0.1504765303
121586822.9579421580 0.1504038496
121626105.5178128183 0.1504587139
121174966.9821392149 0.1504998702
121182970.0394904613 0.1505255801
121242859.9320508838 0.1504941867
121631114.0061648786 0.1504571196
121293483.9725158364 0.1507462422
121606897.6694563478 0.1504682436
121376006.7861544639 0.1507488419
121169567.9390415996 0.1505097497
121231034.1606870890 0.1504938883
121188985.6106316745 0.1505388028
121260261.5790724158 0.1506865254
121186570.1315287054 0.1505173035
121214177.5125877261 0.1505372589
121167727.6894407570 0.1505167752
121232648.5571728796 0.1506775308
121182262.8523003608 0.1505399341
121255593.3420823663 0.1505749793
121167289.3085677326 0.1505192335
121213335.8752351850 0.1506810111
121168511.5036556572 0.1505120931
121245298.1786007732 0.1506337611
121176690.2771699280 0.1505439131
121237464.0989622325 0.1505915056
121180840.1354508549 0.1505532958
121635514.5044267923 0.1505027776
121176047.3705414534 0.1505213862
121198906.8729713112 0.1506194490
121185852.5950194746 0.1505493478
121221695.9040777981 0.1505767498
121172089.2460703850 0.1505277012
121257591.6447691321 0.1506116500
121617831.2242980003 0.1504410921
121602016.4485915899 0.1505630877
121185524.5893434286 0.1505783721
121495483.5303651094 0.1503564946
121180046.0325834304 0.1505066231
121582688.9585089833 0.1504323713
121191482.0128312409 0.1505466939
121257788.1087646782 0.1507000838
121200355.0925764441 0.1505923252
121620062.3824160546 0.1504680174
121176885.1894987971 0.1505009476
121362068.7938668430 0.1508155761
121169467.5990509242 0.1505360381
121624267.5206354260 0.1504301249
121184434.9524292201 0.1505464558
121605950.0665629506 0.1504670591
121169369.4342108667 0.1505188055
121615527.8933254629 0.1504893140
121175509.0590343177 0.1505479166
121610451.5063485652 0.1504661819
121169769.4008545727 0.1505226139
121624393.5269559771 0.1504719188
121627063.0506112725 0.1505086697
121593973.2749221325 0.1505137028
121179658.4797033221 0.1505167140
121646616.8398422003 0.1504248865
121630963.1654840261 0.1504771210
121179054.4350146055 0.1505107090
121562042.8144811392 0.1503366870
121173621.5867812335 0.1505081657
121171427.1426243335 0.1505243808
121247323.2571998984 0.1505720467
121178980.1730394661 0.1504999287
121229913.1543429792 0.1506203511
121177260.6695309728 0.1505465325
121172409.1824218631 0.1505213099
121179114.3767843544 0.1505106023
121168795.9900461286 0.1505277986
121178108.0324688852 0.1505156280
121174341.3289772421 0.1505036755
121178927.1139084697 0.1505293877
121178243.8932886273 0.1505080272
121617872.8971928060 0.1504955015
121167360.4082344323 0.1505171632
121200778.6498501748 0.1505564035
121168538.5315374285 0.1505228423
121169494.0396642536 0.1505024600
121181953.3566281945 0.1505110135
121172854.5829045624 0.1505212879
121181399.9948686510 0.1505128238
121175920.9478570372 0.1505012365
121172299.3799939305 0.1504993268
121198407.1597867161 0.1505484981
121182845.8194118142 0.1505109641
121176539.0825920552 0.1505659415
121176630.0315106958 0.1505084122
121210522.0536761135 0.1505504490
121182931.4545240253 0.1505180691
121201638.2819212228 0.1505685028
121180855.0961095840 0.1505195099
121618490.4370011836 0.1505207887
121168105.8039223254 0.1505241031
121171121.1888334900 0.1505054024
121171070.7446776330 0.1505270448
121188280.8017956614 0.1505339593
121180771.5886272788 0.1505170173
121183020.2692839354 0.1505168163
121173833.3221877366 0.1505223961
121180788.7621126324 0.1505225839
121180630.4760822654 0.1505143850
121621155.4956617951 0.1505130744
121174021.6894245297 0.1505343770
121630675.5752476454 0.1505111061
121168688.5244801342 0.1505245417
121626312.7483318299 0.1504833580
121172547.7029532790 0.1505276328
121621784.8999098539 0.1504661222
121174058.3592921048 0.1505005588
121191954.8555068374 0.1505693848
121173353.6269170940 0.1505036211
121197992.4565016329 0.1505816962
121182644.4808173925 0.1505504695
121168268.1238295287 0.1505207380
121181467.8508146852 0.1505271693
121181727.2867226005 0.1505175111
121181264.2480253279 0.1505198373
121168830.6991023719 0.1505228763
121185027.1721014678 0.1505401182
121171513.9602130502 0.1505234113
121180914.1252388209 0.1505180372
121628873.8404284269 0.1504971420
121182983.2202027440 0.1505192327
121176481.4613811374 0.1505304087
121183007.9510900676 0.1505182848
121172364.9631359428 0.1505365431
121168992.0424810350 0.1505223045
121168124.0496649295 0.1505185139
121183138.4143172652 0.1505195924
121168828.6483294815 0.1505230794
121168282.5772972405 0.1505195414
121182778.3531422466 0.1505152080
121182834.6951064169 0.1505180670
121178373.8990713209 0.1505279868
121167876.7274358571 0.1505218757
121167888.5427361429 0.1505179951
121182695.0376140922 0.1505175351
121176946.1047604829 0.1505096106
121168598.7124402076 0.1505199227
121170371.4006412178 0.1505265276
121182688.4336551428 0.1505187737
121167296.4756838232 0.1505193251
121167845.1468497962 0.1505193221
121168310.6103350967 0.1505156874
121183323.9080722183 0.1505179244
121181032.8152787536 0.1505216835
121168460.9182830155 0.1505227829
121179285.9106444716 0.1505161719
121182434.6176044494 0.1505180776
121179146.5540981889 0.1505098514
121170182.5939743668 0.1505243764
121169299.6048093289 0.1505256440
121181671.1858944744 0.1505187551
121177094.7668868601 0.1505079683
121169843.5416598618 0.1505226478
121172545.2396808565 0.1505085249
121182247.0489086360 0.1505189725
121170647.0382715762 0.1505186110
121167452.7848272175 0.1505195529
121172061.7386486679 0.1505268099
121183064.0505654067 0.1505189284
121173908.8318846524 0.1505321837
121168515.7240612805 0.1505205086
121182015.8656839728 0.1505216775
121181642.1847791374 0.1505147220
121180214.5003895611 0.1505160301
121182387.7824962735 0.1505151953
121180021.6993933469 0.1505116217
121181715.1267528981 0.1505162955
121169275.3294404745 0.1505170209
121167465.5351118445 0.1505183183
121179173.0798521936 0.1505105501
121183146.2627445608 0.1505191577
121171311.2436555177 0.1505217527
121168466.6943407506 0.1505208630
121167427.3611265272 0.1505195161
121167692.3422241509 0.1505207647
121182713.8947676122 0.1505183505
121167434.7801106423 0.1505210191
121167718.7620577514 0.1505197406
121167795.1796652079 0.1505202880
121167436.2280880362 0.1505192842
121181634.2093710303 0.1505168841
121167115.5682881474 0.1505191996
121168050.4926661551 0.1505191816
121167230.5931503028 0.1505193578
121182723.2993300259 0.1505184437
121182663.8188214749 0.1505173519
121168123.1803850383 0.1505206565
121167299.9898861945 0.1505198101
121167993.0755531788 0.1505194514
121167405.2131815106 0.1505196385
121167510.3216885775 0.1505198469
121182995.7502343804 0.1505185786
121167635.3190110475 0.1505194770
121167220.3157452643 0.1505194375
121182273.2907747775 0.1505180701
121182566.9268175960 0.1505185391
121169036.0692957640 0.1505220251
121167598.9025695324 0.1505197352
121171081.0690193772 0.1505246925
121183102.9331723005 0.1505189452
121182577.4523167461 0.1505200301
121183264.2281169593 0.1505189461
121182335.2946189046 0.1505165214
121183156.8123789877 0.1505194383
121168728.4151422083 0.1505187988
121183138.7897437364 0.1505194543
121183165.1729274541 0.1505183531
121183260.0066351444 0.1505190791
121183048.2068173289 0.1505202337
121183172.5943725705 0.1505190055
121167496.3987266421 0.1505201241
121167354.2513924390 0.1505195821
121168326.3200088888 0.1505215554
121183196.8567775935 0.1505192686
121181309.6842973828 0.1505146018
121183134.5040753186 0.1505188889
121168115.6903649569 0.1505200733
121182633.5958889574 0.1505182233
121167203.1703330576 0.1505198153
121167125.3766211122 0.1505191667
121182531.8697845787 0.1505174164
121167289.6796510816 0.1505203450
121183280.8407867104 0.1505192071
121167381.5443022549 0.1505198206
121167335.2087586224 0.1505196071
121167505.6298628598 0.1505199684
121167106.7902424634 0.1505193928
121167114.4423030913 0.1505194419
121167112.9834270179 0.1505193054
121168291.9112613499 0.1505216368
121183067.8530194163 0.1505190213
121167544.9511604756 0.1505202169
121183223.0355666429 0.1505193668
121183253.4358745217 0.1505191804
121167108.4220633805 0.1505193518
121183184.9323495924 0.1505196629
121183051.8830904365 0.1505191007
121182896.4241918474 0.1505181170
121167833.3858723938 0.1505204762
121167370.4715757817 0.1505194801
121167381.1171151549 0.1505199730
121183201.3552585393 0.1505192814
121167417.0674613118 0.1505200020
121167127.0171801001 0.1505194286
121167154.7159306258 0.1505188964
121167103.7374544442 0.1505194667
121167536.2907878160 0.1505199404
121183239.8386752307 0.1505194396
121183128.0134726316 0.1505192225
121167142.7134008408 0.1505195001
121167405.8730751872 0.1505198371
121183177.0064577162 0.1505194046
121182915.1440395415 0.1505196285
121167124.4185963869 0.1505194804
121167399.2369930446 0.1505196468
121183181.5026240945 0.1505192271
121167282.5179785937 0.1505194310
121167109.6862853765 0.1505194890
121167728.8496222347 0.1505201877
121167218.7967437804 0.1505196671
121183217.4458055645 0.1505193001
121167162.1974418610 0.1505195381
121167231.5302715451 0.1505197782
121167098.3808516413 0.1505194763
121167163.8028026223 0.1505191469
121167140.0357907265 0.1505194729
121167355.3427963853 0.1505198333
121183255.4592071325 0.1505194377
121167375.9912331998 0.1505198972
121183219.0149004459 0.1505193520
121183266.7872337252 0.1505191535
121167240.9350238591 0.1505198648
121167113.1690166742 0.1505194616
121183234.2264627814 0.1505194083
121183211.4948386550 0.1505193255
121167253.3702075034 0.1505196810
121167084.1352089643 0.1505194528
121167193.4990446866 0.1505195272
121167098.9859986603 0.1505195005
121167088.0330562443 0.1505196961
121167083.9487590641 0.1505194345
121167234.8714156151 0.1505196132
121167080.2230714560 0.1505194324
121167220.8067713976 0.1505197597
121167108.6879803091 0.1505194317
121183202.6022571027 0.1505197320
121183175.7981761098 0.1505193482
121167077.2931428105 0.1505194839
121167072.0791797787 0.1505195072
121167375.5453817993 0.1505197792
121183243.2531141043 0.1505195160
121167092.1076230556 0.1505195115
121167097.4457481205 0.1505195360
121167280.7230555713 0.1505199897
121183204.1321674436 0.1505194639
121183180.5554904342 0.1505194911
121167111.6697882712 0.1505195626
121167309.0221573412 0.1505196224
121183237.1605044603 0.1505195549
121167248.9532811642 0.1505198981
121183213.1442858875 0.1505194664
121167101.3352035284 0.1505194185
121183219.9935353547 0.1505194940
121183202.3179365993 0.1505193990
121167085.0451328754 0.1505195130
121167104.0491283387 0.1505194690
121167077.9367463589 0.1505195326
121167159.4736926109 0.1505198843
121167117.4681611955 0.1505195430
121167178.1752657741 0.1505195634
121167095.6830738038 0.1505195322
121167073.7686765790 0.1505194950
121167139.7702420056 0.1505195624
121183242.6011303961 0.1505194907
121183246.5019527078 0.1505195164
121167175.9383312017 0.1505196270
121167102.2108597308 0.1505195264
121183211.7075611204 0.1505194678
121167117.7869307399 0.1505196175
121183213.5937222689 0.1505194711
121167094.8722639382 0.1505195317
121183212.0194054842 0.1505194717
121167093.5397677720 0.1505195801
121183196.1451810449 0.1505194274
121183243.4207745045 0.1505194610
121167113.1873031557 0.1505196548
121167111.9403849840 0.1505196025
121183184.9672792405 0.1505193919
115684014.0000000000 0.1505193919 0 0 0 0 0 0 0 0 0 0 0 0 0 1 0 