416397470.9632772207 0.0000009890
405649062.6761330366 0.0000003415
406169229.7737312913 0.0000000584
432605511.4747804999 0.0000000015
488904013.6815334558 0.0000000969
468670675.2165793180 0.0000000164
430349429.4618072510 0.0000000007
407513146.8726297021 0.0000012535
450026711.4043640494 0.0000000025
448522383.1023164988 0.0000000007
427953236.3710135221 0.0000004952
398416443.0180987716 0.0000000479
451643814.6341821551 0.0000000568
391889445.5281639099 0.0000004368
393971644.7428175807 0.0000018952
447072349.5330198407 0.0001935371
412126088.7872835398 0.0000006503
384804295.1678075194 0.0000005469
360485849.6751449108 0.0000007400
360951292.8114833832 0.0000034095
342321546.8403098583 0.0000063798
340493142.2449788451 0.0000073057
352982978.9139273167 0.0000011308
316304160.3158681393 0.0000094971
314861963.6278949380 0.0000097491
331375963.8271024227 0.0000011239
354560814.8131969571 0.0000022330
387217962.6680628061 0.0000018713
366606285.3767269254 0.0000001892
352020787.1826375723 0.0000009687
351196834.8302628398 0.0043196814
265948498.5004425645 0.0042463348
299822259.0714802742 0.0008324605
263064659.3823656440 0.0038941993
219752410.2523537576 0.0172925639
267661969.5251330435 0.0183893231
221645664.2421338856 0.0168435826
235677343.6595910788 0.0196337945
219330867.2916628420 0.0173615071
271270232.7666797042 0.0103718870
224373422.9174260795 0.0157361530
253938927.7645307779 0.0144768246
227766689.9419175386 0.0152797055
197089140.0675891936 0.0000469517
198085272.9140078723 0.0000463952
230279988.3187779486 0.0000497585
196920996.7813523412 0.0000467935
198791848.6779791117 0.0000927754
202014001.5846518576 0.0000409464
196005063.7487448454 0.0005008839
201933076.4321621954 0.0004550966
237725914.9951733351 0.0000678650
210558337.9482076466 0.0003159640
218760358.6994059980 0.0002264391
209413020.8826058209 0.0003731595
190964635.1058296859 0.0064446769
191939831.9381396770 0.0070210842
230354405.5665825307 0.0091219936
186540290.0948712826 0.0100145707
205390320.4577474594 0.0037575347
191605284.0297684371 0.0063125550
190274990.2461204529 0.0030401524
189945758.0740190744 0.0037132999
194987075.5647381246 0.0059306192
189735553.3617172539 0.0106264017
188391196.4977428615 0.0244270269
194602020.1978397369 0.0150384556
201293815.6001718342 0.0087921513
198835164.2011538148 0.0092913681
162756312.9964443147 0.0145688022
171229497.8414013386 0.0132695180
184529431.0802813172 0.0066391842
165579975.4105497301 0.0152647451
151773482.9436323941 0.0043457616
159860964.4330227077 0.0058686377
215448679.2225077748 0.0000152966
151837407.9724572003 0.0037624001
186239081.0603027642 0.0354459579
169106361.7355968654 0.0043643321
229115759.1749105752 0.0014773485
146007113.5428840518 0.0011967747
178342914.1064172089 0.0013867950
150681241.1627411246 0.0008596225
184437303.6945868433 0.0002523664
153601334.9027833045 0.0010295603
158991706.1376339197 0.0023956670
154412102.5987887383 0.0022605085
126751878.6014597714 0.0000001492
127967422.4219460785 0.0000005325
145688587.8866804242 0.0001680323
127676152.8825315684 0.0000195869
150763171.3776444793 0.0016561775
132889872.3820100278 0.0000041177
122677598.5262982100 0.0017372120
128942321.7917077541 0.0003054257
133945993.6545025855 0.0009357004
140134354.8070405126 0.0032106022
177335277.5745937526 0.0001782649
128704379.5939379483 0.0045104837
152098107.9929872751 0.0037622514
125765700.7485106140 0.0016333128
152775292.7438373864 0.0009718062
128303095.3253475279 0.0017395253
127909255.5074270517 0.0028438509
123241395.1564300507 0.0023020699
136984441.7152568698 0.0000007417
135747271.3788741827 0.0027576416
140360603.9698448181 0.0000009124
124227817.9848695546 0.0029920413
151359158.4275583029 0.0002440811
130549760.3334337622 0.0014361681
143813200.1678737700 0.0000003368
124181570.7209363878 0.0020805061
122227438.1939215064 0.0001892355
128573997.1538661718 0.0002429809
163270598.7973954678 0.0001700606
121544394.8386744857 0.0002024117
130086792.7382356673 0.0012181800
123205438.5554385036 0.0005397436
130848941.4383505881 0.0003210498
121548106.7145376354 0.0004025174
121245077.0008183867 0.0000780733
124897620.0456379652 0.0002907715
136939311.1686167717 0.0000011410
126618388.1437385827 0.0001430375
203831940.4181494415 0.0000158326
121806953.7382391393 0.0000782224
155837547.9414874613 0.0000249884
121550875.9731426537 0.0000849618
142294839.9877130687 0.0000143835
121900669.6738933772 0.0000710846
168974718.2113066614 0.0000147531
134863449.9373107553 0.0000599848
181613482.9737685025 0.0000153666
121481852.4296175987 0.0000621456
138095074.1573259532 0.0000373944
127658741.1580176204 0.0001801766
124076685.2607921660 0.0000002665
124071153.0483878106 0.0000060642
149407194.6963107288 0.0000019166
133212059.5109616816 0.0000005437
130958571.1862660795 0.0006239541
120622639.4349868000 0.0001630630
150363722.0349675119 0.0000117088
124210982.2526257485 0.0001556622
154828629.1355353892 0.0008797725
121612441.3522238731 0.0002536089
142865668.8641558588 0.0040869065
121598260.9311716259 0.0004447462
132863344.8810476959 0.0000015263
144240172.8482297361 0.0005077072
146399104.5531989634 0.0004904108
119847859.4407095462 0.0000215286
132500848.7202495039 0.0001177391
125424477.8734880239 0.0001676960
182012263.6005395949 0.0000242211
123471223.4956744909 0.0000830934
134365148.4309110045 0.0012470223
135321150.2135306895 0.0000365568
149240065.2256643474 0.0008458870
122292524.1228104234 0.0001281134
134627149.0968122482 0.0000053671
124836858.2482277900 0.0000155384
146112901.3944899440 0.0000000110
121039551.7578010559 0.0000212632
155708015.0443009138 0.0004226616
122357305.2548760921 0.0003389202
148951122.8269994557 0.0000000930
136128104.0292820930 0.0000580689
149582835.9766094983 0.0000313795
123055745.7447490394 0.0000074523
173536436.2458879650 0.0002423013
126984845.7436750531 0.0000054561
122195724.1085832864 0.0000089164
132883302.2907523811 0.0002191704
120607480.5366769880 0.0000043972
137779256.4782697856 0.0000451523
124896906.7028899789 0.0000160738
126016013.4925149083 0.0000069156
121977031.2212283164 0.0000057457
125405746.1996324658 0.0000064398
123095651.1948719323 0.0000811232
140085612.6663366556 0.0001192518
124554487.1921427101 0.0000065499
130959128.9872861952 0.0000117246
122398580.0410838723 0.0000057718
129695293.6331166029 0.0000154146
122815116.0185684562 0.0000067976
120151592.2599526644 0.0000613809
128256994.9600152522 0.0000288607
121361123.6999256164 0.0004046546
122543353.4713941514 0.0000133891
121077568.9894633442 0.0000295425
125016967.3021355718 0.0000059270
128031454.1249924600 0.0000192455
126502811.4941707999 0.0000142856
125492228.7105464190 0.0005428080
122751856.1200449765 0.0000000078
138228413.0996336937 0.0000613120
122563025.8275747597 0.0000000359
124070681.7459618449 0.0000581337
135248079.9915860593 0.0000141308
124640276.6215735972 0.0001264379
122838664.9599765837 0.0000990784
130107434.8511565179 0.0000154541
120892185.7868213952 0.0000029821
135002573.5869979858 0.0000446979
121124405.7627760470 0.0000141527
131140489.4581746906 0.0009520416
120872061.8979258239 0.0000000344
124687491.9374808520 0.0003473171
119071027.9152013063 0.0000174034
118824508.8595123589 0.0003234106
121702524.2284034938 0.0002074137
135014354.2784698904 0.0000140997
122312934.9658600539 0.0006320368
145162027.3002254963 0.0002938353
121003732.4968345761 0.0004609769
135184978.4778462946 0.0000923326
121953375.2678115666 0.0002715905
119552615.6075928509 0.0000518741
118965453.9759722948 0.0002838446
131936187.4192001075 0.0001192414
118433897.8949389011 0.0003493507
151653165.1856380701 0.0004558908
121441882.1346867979 0.0003436867
130740142.6828278899 0.0011169489
121710870.4799836725 0.0002856400
141647106.9191144407 0.0000746178
119981125.9366377741 0.0003066956
133667476.7458717674 0.0000146453
117977491.0775192678 0.0005312355
120646441.0591503680 0.0000308047
120972127.2800143957 0.0013467344
120584792.3811352700 0.0032769852
121588424.2742030919 0.0004092167
123583746.5615803301 0.0008647604
123486428.6210884601 0.0002327580
132442651.2098769099 0.0018945923
119779210.5935412645 0.0004983990
144430717.6316086054 0.0005015856
118760438.9788639396 0.0011449230
123206092.5499373674 0.0000263572
122064050.9112586826 0.0006767086
124770867.9723830223 0.0012725168
122019016.6177077591 0.0003041808
127145695.1394893676 0.0000929700
120205669.5197672546 0.0005358245
124004324.4413621128 0.0015653157
119684826.6142447889 0.0004716526
140377494.3555678129 0.0013414246
121934830.2793135792 0.0006510490
121938099.6719341278 0.0027135454
126633297.1399345249 0.0007454844
124805687.7383929789 0.0012960260
119859484.7316545993 0.0002399948
120096561.9060111344 0.0001198878
121405528.9627995193 0.0006426430
127865873.5339094549 0.0028196917
119606880.6762394160 0.0003904094
127770110.9473901242 0.0009597181
121981217.4094008952 0.0004283200
145091634.5945152640 0.0009049953
120526131.9678024650 0.0006568399
122368777.0874228925 0.0000421439
119488670.8303808123 0.0003368888
123083882.4364582300 0.0000273375
119756481.1300546825 0.0004117230
129845414.7498724461 0.0012930070
119705222.7053026408 0.0004907099
117783757.7140177637 0.0005128684
118686161.5951066464 0.0003593237
130675093.7073688656 0.0004675922
154297758.4210045636 0.0007674352
121226031.1522151828 0.0005677650
120784905.9185256213 0.0002171358
120859240.3482098430 0.0007803449
119726513.5255570561 0.0005681863
119593184.6450056434 0.0002754929
119406331.2544205636 0.0004209262
119752777.8149181902 0.0005927644
121353053.5580951571 0.0009173069
116794157.2396867424 0.0007333510
125821428.5925398320 0.0014937169
118440724.6776741147 0.0008040604
120186244.1567976475 0.0004699090
117667952.8026106656 0.0008488353
117831062.6688417196 0.0004944925
117240196.1261869520 0.0006761921
118409985.3273709118 0.0009137684
116742960.0804770440 0.0006782620
119593374.4745626152 0.0006215947
116935323.7753579617 0.0006886414
143069237.2670057714 0.0006539658
116339023.1514885277 0.0007427828
117076030.4586657733 0.0010421470
119228017.0866975039 0.0007112299
121541897.5602911264 0.0003417486
120502192.0034024268 0.0009204986
122011384.7888616621 0.0004718444
117245946.2539548874 0.0006816576
120865322.9447813183 0.0004549160
119252780.6321616769 0.0008331539
116343868.0630901009 0.0010682638
116526585.7134142667 0.0007519747
118500148.0414053649 0.0004707759
117472407.4425232261 0.0006168553
116744620.6526374966 0.0007788503
116189972.5956408679 0.0007003428
119788713.0449111760 0.0007022244
116446168.7604868859 0.0008719639
133343733.0773892552 0.0009644612
117177462.1618975997 0.0007332585
117807777.6950493902 0.0001025048
117217559.0538782626 0.0010411358
115927533.7644932270 0.0006956662
119180488.4004108012 0.0005034801
152383394.7870556712 0.0009032628
114904557.9914264530 0.0008369289
113131788.7115207762 0.0004027770
111585162.8608088791 0.0003774919
120177359.8187399954 0.0007625200
131907869.7943345159 0.0002922072
110671945.6182836741 0.0010205294
110869833.2742297798 0.0009161778
112558360.6306636333 0.0014793500
112178753.4090679437 0.0012100034
114088958.0044404566 0.0004403429
111915082.9534630030 0.0007583312
116732864.4282967895 0.0006061646
110623842.9878778905 0.0011721612
114655559.1111270636 0.0009633442
122838461.4625761956 0.0008263242
115043191.5911185145 0.0014361597
111366190.3209610879 0.0010123721
122712220.0271170139 0.0011282561
110637500.1466596276 0.0012432418
113087245.3506271541 0.0007296330
112154004.9676276743 0.0010783468
118266335.4832818210 0.0005261674
111242232.3239029944 0.0008526019
115634219.9065860808 0.0020918861
118777526.1825207770 0.0014343089
110502309.1903271526 0.0011946015
112829552.7184087187 0.0009289012
111320808.7800981551 0.0001871905
113877211.2933743745 0.0012518742
112021642.0766961873 0.0009395648
125740068.8020876497 0.0011384202
123515218.0128084570 0.0018995864
110805633.4985683858 0.0010476596
110538775.0160335749 0.0007731543
113463071.2658058405 0.0010457157
122872859.9325130284 0.0028695322
111386355.9950970858 0.0010672247
115128504.7144537717 0.0016361367
114194108.7015728056 0.0009759332
114383563.5735777169 0.0009572311
124957254.8246288747 0.0012142905
123366394.7233128250 0.0002400151
121267646.0564929992 0.0015378793
110534935.0729892701 0.0012104560
123619877.9050878584 0.0010737450
119194442.3159767538 0.0009420380
111188416.5265070945 0.0008564173
121788996.4344416857 0.0020593300
123854150.2707060277 0.0016520412
114618506.8193968982 0.0007964466
123845020.0288228244 0.0009987855
111972531.4355665594 0.0001323637
110773199.0581513494 0.0013172146
121036834.4351556748 0.0018292441
110727800.4796837866 0.0012458221
110933199.7700769752 0.0009102775
113808238.9472529143 0.0010932177
110601632.1663750112 0.0003269148
111496768.5092472285 0.0011413520
112702495.9622622579 0.0017023007
111160542.6647219509 0.0010396482
120520251.5267123282 0.0021495411
113076080.1188877076 0.0010611902
123731554.0129319131 0.0005475116
111175108.3301286250 0.0009464410
119565039.2540173680 0.0022436416
121569650.2574784309 0.0015203967
121585264.8459953964 0.0013090621
111283031.8041647822 0.0015143096
119542531.8815065920 0.0024714562
123962038.0731937587 0.0019901900
115580067.7728892714 0.0004958974
124694338.9962610006 0.0011938448
117968432.9249916971 0.0025817535
110526321.2094782889 0.0014049980
118100783.4361823946 0.0019834808
111359685.1409988254 0.0011767467
113222020.3412279934 0.0003741277
111178781.7390729040 0.0014476682
111716800.1984311789 0.0001680892
123881387.3854691684 0.0008016565
113608181.4261017740 0.0010712525
112271413.5140908211 0.0014170544
110505570.8323157430 0.0018163512
111579147.0782275200 0.0013172173
110800622.8240249157 0.0012395550
121672924.2527750582 0.0008653573
111043522.6862408519 0.0011799436
112221908.2492105067 0.0006524179
111005192.0674579144 0.0013936024
111046358.4595980793 0.0011802459
124974536.5989844799 0.0014555055
110465930.9254502952 0.0012141594
113547806.8330463171 0.0011655890
111091337.1118398607 0.0012410874
125159909.7829108238 0.0013006318
110566827.0877805054 0.0012260384
110802272.1135471314 0.0008516550
110837639.0326950699 0.0011568078
111536153.0101621151 0.0014715433
110814774.0538884997 0.0011106927
110706440.3198094219 0.0010092572
110982860.3021497428 0.0011567384
114594157.4998492301 0.0012384043
110927341.5664252043 0.0013496240
121399824.3843210936 0.0014236816
110505359.7409033179 0.0012168344
114629284.1062615067 0.0012974638
110939023.2933537960 0.0012416677
110702510.8666488677 0.0015132796
111209643.3871685565 0.0011086762
113166969.9622839391 0.0011292940
110781626.3371917605 0.0013343409
124855155.2692940533 0.0010020663
110546369.5386547595 0.0012209768
110629283.9334721416 0.0011676112
110822325.4126695544 0.0011772187
111432614.5185932070 0.0013455980
111300952.6568447948 0.0010703626
110729175.3735035062 0.0012086028
111230927.1612019539 0.0011342708
110541153.5294853002 0.0011766074
111101550.0961807668 0.0012389302
110465003.9606730789 0.0011938520
111686524.0051000118 0.0011754345
110665171.9385888129 0.0012336940
111804968.4867083430 0.0011087508
110825845.1081349850 0.0011749022
126099994.8866099268 0.0010801430
110753520.9103274941 0.0011914512
111117114.7974645942 0.0010718532
111119616.8863103688 0.0011888404
112644832.5115823746 0.0012392413
110564626.1649775356 0.0012042866
110956276.6616189331 0.0012191537
110895376.4037722796 0.0012095879
110882519.5062789768 0.0013008607
110527827.3148952574 0.0011879495
111266600.3532045931 0.0013296916
110817913.4347070307 0.0012466487
110573898.8894696385 0.0012010946
111273861.2063747793 0.0012077297
110570872.0065805614 0.0011645657
110673109.2934316993 0.0012708809
110471441.1530276537 0.0012099778
110881693.1264419705 0.0011412333
110483130.9963761568 0.0011802876
110986584.8078353554 0.0011321527
110608841.4473400712 0.0012003155
110773968.2564858794 0.0012627471
110508217.9072704017 0.0011794047
110972935.9064121246 0.0011969965
110924770.2739820629 0.0011952027
110749135.0746491104 0.0012624854
110489188.5922438353 0.0012046521
111472635.4644481391 0.0012374435
110679476.5844927281 0.0011845789
110781699.6686414033 0.0012579747
110518284.7552442998 0.0011812952
110455657.4261285961 0.0011466767
110763339.5909452736 0.0011368422
110924306.6561461091 0.0011553908
110526089.6799388677 0.0011256668
110755907.2858184427 0.0011515613
110801552.8649379164 0.0011458019
110482156.5881639123 0.0011445913
110733897.0617442876 0.0010954025
110895182.2433939576 0.0011505129
110776080.2469450533 0.0011687664
110503742.1616921127 0.0011466391
110782838.7679923475 0.0011800828
110466610.1733766347 0.0011447407
110920641.0929861963 0.0011391731
110478513.1576355696 0.0011434176
110553674.3981473893 0.0011019186
110539552.6984185427 0.0011336470
110643862.7597144991 0.0011498655
110472692.7436375767 0.0011408895
110832157.0010187030 0.0011832031
110491950.7701527923 0.0011435134
110578304.3966281861 0.0011577056
110447551.5827015191 0.0011466658
110757500.3831809759 0.0011063040
110486551.6455914378 0.0011440803
110661899.9226982594 0.0011526043
110475205.3870612383 0.0011509165
110524189.9032863081 0.0011175491
110502651.4871297479 0.0011558546
110500454.4619436711 0.0010953097
110507493.3066716939 0.0011470751
110745398.7363842577 0.0011212494
110883292.3396563232 0.0011457646
110628092.6004596651 0.0011607327
110448812.5041759163 0.0011574371
110763992.3764323145 0.0011384456
110932729.1617317945 0.0011570006
110447091.7923491150 0.0011414879
110875081.1566400677 0.0011507190
110769580.6633221060 0.0011660486
110533010.0317042917 0.0011328063
110897882.3992025405 0.0011198702
110470732.7694654763 0.0011363054
110615225.3029847294 0.0011592460
110451812.2413159758 0.0011419784
110439852.3389033228 0.0011845177
110472334.3196438998 0.0011752351
110761125.3012472391 0.0011558944
110851321.6747801304 0.0011828144
110798720.7559173554 0.0012242884
110683125.4588017464 0.0011750219
110638783.3442402333 0.0012063104
110483104.1053869277 0.0011849303
110598701.6395516843 0.0011753096
110874891.4773926586 0.0011780655
110986524.4353849441 0.0011595411
110853166.4673727602 0.0011959951
110549273.9816694260 0.0011520142
110473253.7179649025 0.0011845400
110652288.2473489195 0.0012134596
110491819.9467690736 0.0011863725
110688649.1030725092 0.0012194684
110466962.0815701932 0.0011952230
110574457.1843568683 0.0011665972
110443442.1376321167 0.0011809264
110623201.5512012094 0.0011663125
110926576.3754402101 0.0011818122
110560093.1588110924 0.0011839097
110939764.6547060609 0.0011848194
110513956.6072953194 0.0011451226
110918658.1564682722 0.0011807217
110835109.6949132383 0.0011814939
110860671.8228793591 0.0012008111
110863254.9455863833 0.0011907665
110478048.3145720363 0.0011852867
110780273.9254208952 0.0011665696
110478853.2776832134 0.0011822112
110719909.8741889000 0.0011534503
110456364.6118478626 0.0011871779
110758774.0096025914 0.0012071905
110900717.3621430993 0.0011885820
110827079.4720812142 0.0012030031
110471704.7592719048 0.0011831443
110640963.8658839762 0.0012178868
110543616.7298295945 0.0011675461
110929890.8716751486 0.0011810043
110593805.1089292020 0.0012033081
110461643.0754833370 0.0011766176
110547751.4544599205 0.0011653692
110941832.6408280730 0.0011832467
110513553.4894450307 0.0011914581
110438193.1121595651 0.0011812737
110500987.6194419265 0.0011964419
110933418.4580775052 0.0011849839
110598632.6155115515 0.0011831134
110444819.9134331942 0.0011783711
110585439.1195872277 0.0011682041
110490349.7842205912 0.0011812811
110941077.9560224712 0.0011813804
110851341.6124046594 0.0011907883
110430626.7804354578 0.0011818213
110455251.3749528974 0.0011719089
110466710.6673788577 0.0011806428
110481013.9609666020 0.0011875198
110462287.2216989994 0.0011832976
110493154.7195620090 0.0011768121
110926393.8177379817 0.0011843381
110930138.2294016182 0.0011809887
110939814.1282307357 0.0011825307
110928433.4521676451 0.0011842090
110455313.4739053398 0.0011802487
110471051.4678897113 0.0011735915
110933162.1149969846 0.0011831571
110528887.0172470212 0.0011885515
110935044.1615000665 0.0011830674
110542400.6458267868 0.0011732801
110463852.1440953463 0.0011795912
110494661.2188924104 0.0011782061
110428330.8716727793 0.0011796332
110927237.6841154546 0.0011794574
110450419.7448148876 0.0011820175
110692116.7113817483 0.0011654495
110949274.4759743363 0.0011813313
110913623.8777821362 0.0011736255
110945408.1870980114 0.0011806575
110929044.5441718400 0.0011755788
110945935.1099336743 0.0011839247
110925372.8837224841 0.0011784554
110442665.0316800326 0.0011801095
110457881.9479039311 0.0011738227
110951177.3181746304 0.0011819979
110879943.8766428828 0.0011795672
110933379.2616793662 0.0011766473
110925235.7659864873 0.0011912280
110436813.2210043520 0.0011750051
110947348.6526346952 0.0011773714
110435989.9747789055 0.0011801755
110446287.0883859992 0.0011812779
110943081.0114521384 0.0011798852
110441456.6424130499 0.0011803754
110437895.2660422474 0.0011797764
110441706.3249223828 0.0011792121
110437478.9708279371 0.0011793959
110950097.1272992641 0.0011773509
110944839.2595530599 0.0011780021
110923577.1469638795 0.0011854657
110947439.1790289581 0.0011798387
110458249.6391966492 0.0011774245
110431386.4908172488 0.0011804597
110453798.4102508277 0.0011824069
110949565.7701785415 0.0011793284
110910837.4039392769 0.0011795002
110433702.5039269030 0.0011786741
110926671.4318944365 0.0011787414
110433067.7795425951 0.0011796192
110429885.2899620980 0.0011845977
110449387.1678899974 0.0011794721
110932490.4919583350 0.0011773035
110435868.8888881803 0.0011793450
110470600.4523210973 0.0011765626
110946527.5772816241 0.0011807399
110443693.9044108093 0.0011755447
110438830.0894071162 0.0011773777
110541700.1896691322 0.0011745660
110943685.6691873074 0.0011791584
110439229.4990878552 0.0011844786
110428699.2602429986 0.0011789037
110433858.8884246796 0.0011814792
110434727.9997370094 0.0011808621
110928911.4283886999 0.0011832434
110947932.9628983438 0.0011802076
110434398.0224899799 0.0011761420
110432833.2801800817 0.0011793259
110428739.9278330803 0.0011801042
110949281.0095202625 0.0011778535
110455213.1329901367 0.0011804919
110428190.7193487585 0.0011797869
110935190.3334582448 0.0011746449
110950211.9973107129 0.0011797546
110470272.0522231609 0.0011759729
110930576.0684182197 0.0011791076
110511259.0793261379 0.0011794383
110439983.6198965609 0.0011800844
110473386.5362920016 0.0011777081
110949197.6048095077 0.0011802817
110951967.3915611655 0.0011770798
110435643.9858135730 0.0011789252
110455661.0814870298 0.0011810136
110432309.4202438593 0.0011836906
110430710.4636110663 0.0011801550
110949790.2864620686 0.0011790388
110949063.2406802773 0.0011796251
110949462.6012033969 0.0011808758
110948136.0994233042 0.0011801425
110430110.5085527152 0.0011793717
110943821.2124979496 0.0011801030
110443589.3268071860 0.0011778669
110429185.7088611275 0.0011792454
110947674.8100341856 0.0011809453
110432785.5692502856 0.0011799500
110948624.1001811624 0.0011783848
110949448.5702747256 0.0011798261
110949573.1674866229 0.0011785942
110429788.8444223851 0.0011802193
110951084.6088532358 0.0011822185
110443803.9886358380 0.0011790699
110446982.5987500846 0.0011789422
110950786.7451525480 0.0011797993
110941688.1432667822 0.0011816965
110435069.8274033368 0.0011788460
110941303.7646488249 0.0011786321
110430435.4773651809 0.0011791547
110429978.7017864883 0.0011788563
110945790.6858275533 0.0011804874
110433950.3165257722 0.0011765621
110933178.1028624028 0.0011807409
110947397.6179551780 0.0011804101
110949692.9216290861 0.0011803213
110437109.9292380214 0.0011786706
110950431.2737971842 0.0011798137
110949376.0569575131 0.0011788340
110430267.3286647201 0.0011797110
110436836.9435167760 0.0011790256
110432092.6310575455 0.0011796227
110434158.0959991664 0.0011795897
110433521.8576194197 0.0011796479
110443522.1035663933 0.0011800049
110429724.0454360843 0.0011798172
110431410.8035320342 0.0011802918
110430505.5537711680 0.0011795553
110437067.6714622676 0.0011804775
110950167.8286976069 0.0011800523
110431260.6772276163 0.0011791726
110949590.2968685031 0.0011797901
110951170.3657755554 0.0011807901
110429829.5746670216 0.0011798127
110947154.9170252830 0.0011801976
110950511.8154858649 0.0011798630
110432755.2464947551 0.0011791686
110430274.8826220483 0.0011798803
110948787.2920336276 0.0011803797
110429921.1256886572 0.0011786588
110949703.3597722650 0.0011798390
110950680.2277330905 0.0011798427
110430126.1928452402 0.0011797263
110428200.4696598798 0.0011799393
110428824.3846733570 0.0011800546
110427735.2861464620 0.0011795627
110949074.3137767613 0.0011798406
110429672.1432127953 0.0011795864
110428657.1348722279 0.0011790284
110427807.0198408514 0.0011794958
110436022.3491843045 0.0011791657
110428113.4943422228 0.0011796366
110950211.9832559824 0.0011797073
110950696.3191962540 0.0011795301
110950412.3967657685 0.0011797308
110427876.1592840850 0.0011794913
110428740.0015327483 0.0011789503
110949852.7765929699 0.0011795858
110436312.7479509562 0.0011795123
110947603.9492478371 0.0011795277
110949231.7314532101 0.0011795452
110950720.9397281408 0.0011796495
110428814.8603699803 0.0011792603
110427799.7239181399 0.0011795742
110428808.2512942851 0.0011794868
110428012.8464625329 0.0011795242
110950118.0521330982 0.0011796528
110950714.1787133962 0.0011795244
110947137.0559975356 0.0011795422
110427922.6051707268 0.0011796307
110949712.4906117767 0.0011796447
110949940.6491336673 0.0011797806
110948168.4223091155 0.0011794239
110950409.7906065583 0.0011796087
110950768.0944868624 0.0011794874
110427966.3419032842 0.0011795323
110950480.3626812547 0.0011793898
110427997.7371468693 0.0011795287
110432459.6100700200 0.0011793502
110427855.3181135058 0.0011795907
110430241.9795443118 0.0011792724
110427883.6962413639 0.0011795927
110949440.7143276483 0.0011799771
110428203.4297800362 0.0011796056
110430595.7505350411 0.0011796453
110950705.2490297705 0.0011796507
110430075.7706931680 0.0011794894
110428059.4656718075 0.0011794800
110429344.7651110739 0.0011797865
110427801.0684495717 0.0011796417
110429973.6827464104 0.0011794868
110428078.4587998837 0.0011796818
110429599.3054887354 0.0011794438
110950586.6166333556 0.0011795899
110429750.2289251685 0.0011793762
110428530.8124468923 0.0011795569
110950383.2987927347 0.0011797753
110427866.8406239152 0.0011795100
110427826.2132150382 0.0011795475
110428595.7919095308 0.0011795678
110949629.2256015390 0.0011795423
110428211.1232963651 0.0011795295
110429367.5386403352 0.0011793938
110427854.1153218597 0.0011795350
110430034.3061633706 0.0011794492
110950720.7872919440 0.0011795589
110428613.3345503211 0.0011795654
110950467.3174718916 0.0011795460
110950374.2077198476 0.0011795915
110428229.2574158162 0.0011795569
110428849.5641679913 0.0011795288
110950825.1082150638 0.0011795794
110427913.2157297581 0.0011795951
110950754.8732878864 0.0011795448
110950785.9267974645 0.0011796389
110427933.2862000316 0.0011795618
110429229.3710276634 0.0011795124
110950792.3916452676 0.0011795350
110948689.5901182145 0.0011795772
110428123.7959184349 0.0011795410
110428368.0651025027 0.0011796191
110950526.1810384393 0.0011795978
110428397.1788505614 0.0011794347
110950767.6628937423 0.0011796040
110950838.9966518432 0.0011794254
110427796.0425628424 0.0011795068
110429301.0751225650 0.0011794891
110950594.5940506160 0.0011795125
110428464.6285782903 0.0011795493
110427830.8192210197 0.0011795282
110950063.5921620727 0.0011795897
110427965.5515670627 0.0011795138
110428798.0225290507 0.0011797036
110428266.6742709726 0.0011796331
110950695.4565236419 0.0011795858
110428333.1828854829 0.0011795485
110950801.3561326861 0.0011795873
110427777.4545263946 0.0011794306
110427816.2078195065 0.0011795652
110427765.8724475056 0.0011795199
110950581.6698068976 0.0011795636
110950842.9175848812 0.0011795617
110950855.5320452452 0.0011795725
110428139.1882416755 0.0011795439
110427889.7022823393 0.0011795545
110950456.3936168104 0.0011795203
110427803.2803157270 0.0011795717
110427896.3262283355 0.0011795903
110427883.2582181841 0.0011795499
110427849.8377354145 0.0011795744
110950761.9642853141 0.0011795637
110428101.8360312283 0.0011795711
110428140.2437830567 0.0011795418
110427814.9261016101 0.0011795814
110428103.9978355169 0.0011795433
110427800.2226509154 0.0011795947
110950574.3583972603 0.0011795735
110428965.0252098739 0.0011795064
110948068.8453658670 0.0011796468
110428140.7402051985 0.0011795500
110427728.5050206631 0.0011795636
110427970.6647348851 0.0011795575
110427812.3072859198 0.0011795630
110428084.3276347220 0.0011795246
110427742.6983747780 0.0011795604
110428114.9399472326 0.0011795582
110950822.4845737070 0.0011795601
110427885.5006973892 0.0011795398
110950816.5932026207 0.0011795614
110427800.1447631121 0.0011796207
110950852.7475856990 0.0011795637
110427794.9722669125 0.0011795643
110950629.8180654645 0.0011795723
110427984.7323875725 0.0011795647
110427789.0041463226 0.0011795602
110428113.7220304608 0.0011795454
110427810.4868525416 0.0011795631
110428156.8098648190 0.0011795382
110950735.0882034004 0.0011795687
110428157.2282405496 0.0011795271
110950821.8714780957 0.0011795855
110950649.6714283377 0.0011795252
110427939.9803166538 0.0011796021
110427834.2439430952 0.0011795828
110950834.8490509391 0.0011795634
110427769.9173904806 0.0011795716
110950849.2993377298 0.0011795572
110427778.2067466974 0.0011795933
110950834.9154443443 0.0011795680
110427737.1672049910 0.0011795537
110950854.9529914558 0.0011795592
110427735.4156403989 0.0011795677
110950825.5042660087 0.0011795634
110427741.7422541827 0.0011795690
110950838.9866900891 0.0011795604
110427808.5740404874 0.0011795660
110950837.8895086795 0.0011795621
110427902.8643019944 0.0011795577
110427763.0534817874 0.0011795629
110950651.9061288685 0.0011795673
110427754.6043781042 0.0011795681
110427976.4890024215 0.0011795614
110427762.1302218139 0.0011795628
110950851.1338202804 0.0011795542
110427735.0615039319 0.0011795550
110950790.1831880212 0.0011795612
110950835.4107021838 0.0011795693
110427762.0659514517 0.0011795425
110427778.0610377342 0.0011795624
110427882.9796966314 0.0011795757
110950848.5878473967 0.0011795573
110427754.9892925024 0.0011795908
110950806.4364460558 0.0011795642
110427919.3793559372 0.0011795662
83523714.0000000000 0.0011795662 1 0 0 0 0 0 0 0 0 0 0 0 0 0 0 