517115634.9222155809 0.0005510867
498761180.7882252336 0.0010496245
505488036.7874301076 0.0003813602
542333525.5206487179 0.0004110700
538749715.8907983303 0.0000745767
581903456.4511207342 0.0000713334
523298203.2140306830 0.0003791402
504371851.1381669641 0.0007070821
538244116.4957720041 0.0003649905
570628268.8128532171 0.0002628258
542796021.4465202093 0.0003900622
481361803.8461878300 0.0005740219
579703694.9171299934 0.0003820071
479339995.0399369597 0.0000454363
481213513.4019663334 0.0005050280
535508639.0566667914 0.0000242188
509028908.0750136971 0.0000756448
417449966.0368039012 0.0001879309
385829913.2092581391 0.0002394821
383766220.4680438638 0.0004182920
351027245.8654660583 0.0049452024
343804069.4660840631 0.0057194139
354552809.5394890904 0.0010911579
324583074.2807175517 0.0075190627
313346858.6148918271 0.0079677533
386206119.8830991387 0.0010317033
365363929.3650997281 0.0018571809
402768742.6144015789 0.0016668251
324033016.6574199796 0.0121998826
325689232.7233627439 0.0009156326
361746652.0791657567 0.0042470421
291502175.3243814111 0.0090931744
281534434.7228014469 0.0107283329
303843179.9363892674 0.0102171686
286794500.4746457934 0.0101895861
319016450.0495815873 0.0085434720
289549975.6334011555 0.0090588745
345942127.7076735497 0.0052320518
282929441.0980421305 0.0109485261
287855469.9086821675 0.0092055643
280947065.3752273917 0.0105853364
278666501.1180958748 0.0119206867
278393279.3349071741 0.0118606056
345930403.4284184575 0.0062686732
274963180.4500920773 0.0137316876
272645378.2710666060 0.0130608170
275701629.0652656555 0.0152510534
276080856.2050642371 0.0108652093
274080944.1927090883 0.0131560999
268177538.9186455309 0.0115585643
284944115.8690174818 0.0067040672
328909376.1384633183 0.0068064958
276287467.5951493979 0.0098386091
227022604.8688011765 0.0105968097
223474592.6406811774 0.0106873503
236818770.5325711966 0.0078416518
216475123.9366647005 0.0132233457
289601702.0969734192 0.0010988655
215992941.4451343715 0.0143975224
288393746.5476998687 0.0015626119
231171709.1520908177 0.0131242935
253066649.6543399990 0.0019747684
206752986.8646112978 0.0148724044
242620570.3594419956 0.0193389839
201512464.7296904325 0.0131556280
227822080.5218188465 0.0106199603
200020833.9227241278 0.0193238852
160368490.2988657057 0.0311772963
199434765.5035123825 0.0170510185
166737703.6097204685 0.0281219864
252052757.1569080651 0.0094082072
195934494.7357497513 0.0186800096
187771757.0620907545 0.0149111426
151852794.0632446706 0.0331913056
176231271.0664882064 0.0168131089
159285768.5382152498 0.0263360019
209571825.5648253560 0.0125548193
158015427.4765951633 0.0311667781
228113378.0214283466 0.0147920915
146421799.5662660897 0.0312062340
151669323.4650413990 0.0160628040
145821755.3197843730 0.0369795597
181252842.6721266806 0.0901420773
151206546.2757464647 0.0568018300
233878552.3007898927 0.0103444345
148063198.6795439124 0.0363170606
204990475.5186209083 0.0209446833
152442266.4460259080 0.0299957060
154914336.2802944779 0.0163936774
151497142.3830799162 0.0338948643
229136660.2012665868 0.0095557157
147467873.3320372105 0.0451748822
226410956.9819990695 0.0092639973
151568511.8348167241 0.0287927930
184882141.4190095067 0.0217817562
142364054.3883089125 0.0359932924
156539700.4128501415 0.0346288940
139818424.6190470159 0.0343305713
180818166.7319306135 0.0215964827
139591239.7180206776 0.0321228390
174267426.2115261853 0.0079449616
144796844.6975741088 0.0195441097
208087355.6100827157 0.0295648491
135027733.2222135365 0.0319027259
136340017.7216351926 0.0512663813
135678236.9783461988 0.0325367129
150790300.6484062672 0.0288973573
141464914.2885667086 0.0270053435
144368893.9861839116 0.0633695645
147701891.4528023005 0.0317050511
174827658.0895887017 0.0344528038
149848221.5409529805 0.0417673964
134446651.1845070124 0.0034546980
142941312.8779832125 0.0058145144
210130851.4555350840 0.0038170953
133700991.0972635448 0.0031312018
169777852.8264624774 0.0027338305
140543340.9384784698 0.0028926693
171685078.8441227376 0.0079871147
140010978.7580597103 0.0036069520
162166101.3283721507 0.0080801996
136233959.5977733135 0.0026301456
173816598.1061667502 0.0031963996
142646823.1947211027 0.0046099123
199160333.5650862455 0.0037567559
136377931.6888086200 0.0036068402
168767237.8678565919 0.0006004979
134695828.8567571640 0.0000557252
184238550.1563056409 0.0008079507
139798369.2500191629 0.0034756245
141685020.7032977045 0.0023233778
144138414.6146977246 0.0008388832
133183653.4762035310 0.0027546011
133843644.8627666831 0.0026151886
142242116.9430860281 0.0010430830
150590270.1392641962 0.0019056121
136288678.7650095820 0.0039619635
172251536.9317521751 0.0017085510
131929302.4886960983 0.0037562637
141780909.7962819636 0.0003145856
132055326.8768526465 0.0038838744
163819879.5074444413 0.0043234187
132402041.7289946228 0.0041878553
139605329.6412698030 0.0026959873
132764395.7183283269 0.0037458424
139141739.3175855875 0.0036610072
139759968.7967375219 0.0060589925
144447138.0721852779 0.0005093999
133765882.5641395301 0.0021414052
142213869.7555968165 0.0053120934
130327802.6447383761 0.0076349316
141669347.1934262514 0.0085636520
128273303.1485870630 0.0079876916
133727744.3424437940 0.0066818071
123950826.1548763216 0.0093861038
121368117.9604408145 0.0218992963
123033353.7355742604 0.0203844059
135779316.6157407165 0.0318575518
122215855.9459345043 0.0235853586
135748159.1382973492 0.0282847622
121115286.1694389284 0.0228025615
119236418.2388709635 0.0192101439
129215740.9807906449 0.0185883940
133256790.6557293534 0.0227135858
120426629.5039584190 0.0210953996
119733105.3720791489 0.0117968269
129984080.2509851158 0.0139302836
139800279.5453353822 0.0125053467
119085568.0309413970 0.0252235865
133295789.3066425622 0.0072281222
116702942.9243773371 0.0256445914
133745216.2082922161 0.0344240301
117074232.1953700334 0.0267819956
132886558.1534481496 0.0288491379
125545435.6351628900 0.0240245549
131817116.2437636405 0.0096234779
118928824.5324562639 0.0282496925
122730979.3961183876 0.0469726818
116322672.8234330267 0.0304663118
126434000.5572655648 0.0198061735
116766894.6731056571 0.0293953232
143818457.6801778674 0.0396907195
116459705.9194145054 0.0322070788
121294927.3640300930 0.0317280551
125049085.1471990049 0.0328158404
124557023.4877424389 0.0327565740
119064362.3396047056 0.0242656761
155690561.5776314735 0.0295592280
117107810.0083949119 0.0238985771
118817499.8065571189 0.0366773998
116916731.3821990192 0.0297460410
132498366.1140241921 0.0353122522
128522675.9471358508 0.0282547293
147083263.3697047532 0.0276208672
118820924.4649240524 0.0322742344
125089519.3887315989 0.0246594018
119309194.8805105835 0.0327977892
124774419.5274664313 0.0300375989
130467208.2210643888 0.0264926256
110143354.8588680029 0.0264914296
110552741.7806355804 0.0354291647
99998276.7590017319 0.0128195571
101446576.2544917166 0.0109435367
108461483.7753583938 0.0132966496
97392548.5569134951 0.0178686413
99295966.9084961116 0.0033779972
99724161.2374340743 0.0169074172
107807719.4734119028 0.0344208294
97155218.1732312441 0.0166913469
101348058.9780683517 0.0320516719
99816012.2183838189 0.0155239385
104100897.6735640168 0.0022419153
101892175.8148394674 0.0214574232
100450220.7826173156 0.0102831353
98066868.7235019058 0.0158183634
110205544.3060975671 0.0147962552
101743992.4046995789 0.0127502264
99396060.2748498023 0.0196862012
99950397.9931480736 0.0170336018
97302307.8406487703 0.0181890793
112681004.4643977582 0.0144081580
98235368.5577913672 0.0125909104
111511286.5299451202 0.0162594093
98399255.1146100163 0.0164610926
102430809.1882498711 0.0162386145
98686164.3988676518 0.0160012865
99595991.3545295149 0.0168947842
97805530.1157530099 0.0144821534
103868550.4733610153 0.0103198223
97875502.9216846526 0.0158325382
95856306.1885370612 0.0185973763
96724708.0636393875 0.0195250565
97338772.4573924243 0.0167116026
97142573.3322277218 0.0196946607
99038439.7501846552 0.0193340434
95694903.9989060760 0.0186251102
96628623.3148390949 0.0114333110
95701828.2560655773 0.0208107848
96982756.1417792737 0.0322915632
95749135.9156516194 0.0167121800
97079308.1442627460 0.0211085680
97101957.3575631380 0.0185646943
100422712.1284341216 0.0202051912
95813256.8227398992 0.0189657980
97985842.7828987092 0.0142119606
97650005.5499760360 0.0173615593
97489989.1376809627 0.0199482113
98249764.3530193418 0.0202321171
96836205.1686692983 0.0165342502
97023431.8656622618 0.0168274895
101002955.6225713938 0.0179832308
95523072.5340861231 0.0200136450
97553696.1866540313 0.0142677859
99468369.0196699947 0.0206412782
97039239.1163795739 0.0232643148
97850305.9331839532 0.0182676903
98387117.9228630811 0.0245083146
95875440.4017348588 0.0202380344
107367444.2259151191 0.0202519066
95439598.3517746776 0.0224599066
100475709.1630185097 0.0145014112
95682003.8539280742 0.0244923224
97135869.1060369760 0.0415832488
99403938.4039525837 0.0190359869
96387033.8094067425 0.0238495720
98506484.6464490294 0.0239020717
100037503.4384228289 0.0179400300
99423371.0652855039 0.0243849412
98676709.6763364971 0.0240950524
99084000.7914042026 0.0235280253
95608059.7907001823 0.0139426088
96201828.3979660273 0.0231415683
97210195.8428237587 0.0153375732
95381294.8746311218 0.0203942622
98648500.8014863729 0.0187276730
96081283.0158694088 0.0196015377
96623183.5238777250 0.0191446880
95506399.4880760312 0.0228568592
97801372.5649653375 0.0166242389
97346613.1317565888 0.0206020984
98454200.6004593968 0.0126002520
96122155.9604719281 0.0203156619
96747304.1708769351 0.0194469052
95325467.7840648741 0.0215057595
98683923.5145907402 0.0343581686
98827608.2123094648 0.0181015669
96400574.9057567567 0.0277721533
98634375.8937301785 0.0211500322
97353961.0865733027 0.0079623127
98456920.3151572049 0.0251860175
98534478.7242469490 0.0183072373
97598190.3978429884 0.0200018282
98951249.2225979418 0.0211980301
96008065.1132253110 0.0193358171
99371591.0943825543 0.0213856064
96153169.8340286762 0.0223888272
98997432.8612441570 0.0210079473
96569489.6829687953 0.0227105940
99405074.8433879912 0.0223643678
97541861.0351532549 0.0189513061
99170585.9705804735 0.0220362828
97012800.9783667773 0.0222890178
98821379.9082857072 0.0211903004
95534827.6767045856 0.0202877328
95526041.7342889458 0.0214875667
99470441.9470591694 0.0205756195
95447594.8325704336 0.0221518416
96105121.1928240955 0.0184192097
95425234.1636486650 0.0214981264
96514307.3687550724 0.0221827140
95627165.9435102046 0.0233886469
98237790.4530917406 0.0198975893
98834072.8771625310 0.0208236983
95915848.4393413514 0.0187876519
98426926.2831188589 0.0193382983
98121653.8448060900 0.0207740545
95250171.3101282418 0.0250748049
98344028.0908623934 0.0253637609
95300016.6955863684 0.0258555683
99102920.8598937094 0.0292361977
99080071.9289897233 0.0244439492
96751390.1660110205 0.0314694794
95575340.9643856287 0.0252783966
95390859.4667365253 0.0267657118
95309602.1748134643 0.0249388931
95236648.8695695549 0.0287694085
95532690.8744481653 0.0274040105
98758482.5592093021 0.0292529349
95324296.1141841561 0.0292053981
95895497.3122060746 0.0317356225
95389434.3787477612 0.0297067751
99119358.9050795883 0.0225585568
99835325.8259364069 0.0282034791
98874502.9822666496 0.0300771820
95274299.2140813023 0.0289172966
100061459.2253544331 0.0256662472
95639866.9656811655 0.0276172404
96707926.2145728767 0.0238821996
95716317.9994684309 0.0274202075
95203036.6254134178 0.0361269084
99451729.8341959566 0.0382535441
96692072.1846155673 0.0335351481
96120302.0566469133 0.0360441737
95761812.1618370414 0.0365226100
95949323.7787927687 0.0344428899
95362577.5495734662 0.0365240064
99154521.9329586774 0.0350840676
100158503.4707088768 0.0361271587
95196222.3538890332 0.0367273660
95349514.6320271939 0.0361119755
98198723.1836522669 0.0353662357
95106300.1759034544 0.0359026421
96269598.2960117310 0.0389374533
95108676.4138774127 0.0349363679
99616290.0047929734 0.0343729080
99993221.1143197268 0.0356543252
95858406.0588565618 0.0370066255
95088643.6999442279 0.0359393053
99100560.9159922451 0.0340010415
95096496.8871002346 0.0354521423
95357516.9612051547 0.0394964981
95081031.0212964565 0.0353811556
95354893.6286471188 0.0334481466
95287255.6094731688 0.0339261981
95401979.5157274306 0.0346764023
95318123.8491889983 0.0350781660
95051880.0182107985 0.0386183529
95146077.8115270138 0.0389481157
96017694.2735450417 0.0342877468
95373904.3913363069 0.0384310606
100791599.7573984563 0.0399494712
95317724.4247341901 0.0389915407
95075960.2049530596 0.0419591875
95247927.9361784458 0.0391174460
95368434.4355859011 0.0384228523
100147412.5952215344 0.0385868946
95995694.6916338503 0.0396369929
95401280.6648514569 0.0388779260
95173003.1645120680 0.0377237591
95237346.6450068206 0.0380668929
95243713.6005955338 0.0399916222
95142370.8151765764 0.0381900595
98459575.8243316710 0.0377645378
95305740.5278182626 0.0384404037
95085237.5541542768 0.0394357672
95065044.6838559806 0.0400025867
95981228.0614236742 0.0376123200
95277627.9344820678 0.0383935622
97581145.1061534882 0.0383984987
99793979.2628032565 0.0389184661
96267658.8264677227 0.0375498412
95010645.7939110547 0.0384179307
98329731.4366445690 0.0384772451
95109878.4499598891 0.0394271689
95847218.8299616724 0.0374806330
95278565.3257129490 0.0396652901
95026538.9763062149 0.0386271769
95210286.7022998929 0.0396817549
95091342.6341515332 0.0379806465
95139728.4380544573 0.0394187154
95224088.3098221719 0.0383966922
95195246.5578854382 0.0392487079
95314278.8445469439 0.0380896054
100205222.3659896404 0.0389758820
100098575.2122875303 0.0390129926
95321115.7491229028 0.0366728679
95272407.2953885049 0.0379710219
99644481.8164633811 0.0387971171
95105655.7603119910 0.0382934060
95401433.5312572122 0.0377297797
95083605.6377553493 0.0386130134
95277431.0543483049 0.0395054866
95362003.3034456372 0.0379871005
99726876.7845830172 0.0381525168
95223365.8156366795 0.0385392045
96051515.2404895872 0.0373653122
95099695.7740240991 0.0383010349
95271993.9379709661 0.0386958551
95149998.4120949954 0.0382825485
95062553.3293058574 0.0391312346
95364972.2236386240 0.0385217625
99281920.0527514070 0.0390564225
95291388.8545041829 0.0378543475
95086932.5803731084 0.0386852689
95182655.5680816472 0.0373858363
95375335.1903977394 0.0384525494
95167134.9462844282 0.0373891305
95021473.7223208249 0.0385009363
95363237.7334350049 0.0383467976
95015797.6554224193 0.0383799211
95187514.0682448000 0.0391390180
95332244.0654934794 0.0386590810
95484357.7322388887 0.0378688708
95039586.2819229513 0.0384237108
95398568.3535311818 0.0382753114
95039586.4567750394 0.0385815485
95118577.9144844264 0.0381357507
95031106.9755747169 0.0384195120
99790169.3085221499 0.0386040074
95039424.7492647618 0.0384915062
99782580.4640527964 0.0386356207
100117185.4806215316 0.0385294318
95023279.7651560903 0.0383486486
95013484.5069820434 0.0383508531
95369370.9511156529 0.0383775477
95026555.1640623212 0.0385367703
95359449.5546439886 0.0383878594
95095740.0594729930 0.0388181730
95031317.3415826559 0.0384362279
95028101.4698700607 0.0379799891
95004580.2882428914 0.0384807906
95070393.6667709500 0.0387570497
95357183.3443366736 0.0384930440
95080642.6642834246 0.0385006515
95021779.4003083110 0.0384591551
95077094.9440729171 0.0387300016
95024149.5699060112 0.0384295692
95297885.4335435927 0.0382440115
95036752.5184279531 0.0383128133
95001379.5075065792 0.0387375662
95365049.2529957741 0.0387315705
95007019.0134189576 0.0387746546
95342629.0740441680 0.0386190128
95248139.8421118706 0.0385144210
94998901.4910117388 0.0387963894
95259007.4981778860 0.0393596394
95021150.0380905420 0.0387422370
95210423.7248656303 0.0386721241
95034754.3084854335 0.0388308155
95205028.7560701966 0.0384483964
95001336.6382726729 0.0388254454
95147641.6294563562 0.0386996605
95377952.4425130785 0.0387941650
94996286.1083582938 0.0389293362
95050507.9600553513 0.0388962515
95147962.5093351156 0.0388240917
95000399.4323390424 0.0389658831
95148161.2893767208 0.0390590131
95026404.4853816181 0.0389471514
95083871.7939518094 0.0387475443
95266030.5370661914 0.0389840196
95160816.4273560494 0.0386662099
95003425.2677217722 0.0390856896
95096138.5548926294 0.0390278150
95021943.6069608927 0.0389083172
95227898.0018717200 0.0385888886
94995643.5058441460 0.0390891513
95101861.2629477978 0.0394752313
94999521.5102829486 0.0389567550
95028554.0038419515 0.0393908266
94999946.3886774182 0.0392123192
95364509.6179097891 0.0390486927
94992538.2279464900 0.0391206122
95030545.8848405778 0.0391481486
95000765.1481185257 0.0391503159
95075224.0491907299 0.0392334320
94994260.1344254315 0.0390206340
95361977.5660672039 0.0390624770
95012450.0052167326 0.0394508476
94994925.3645143062 0.0391115539
95355219.3088323325 0.0391814640
95362829.8644792885 0.0391317167
95001456.4397980720 0.0392048088
95365245.5085858256 0.0391092032
95366724.0390502512 0.0388634883
94997910.0348925740 0.0391239617
95335049.2816767991 0.0390971848
94999338.3106517345 0.0391783396
95286578.9769152105 0.0391402283
95022208.9970039427 0.0390929220
95247478.7386245728 0.0390528629
95007649.9869327992 0.0391238318
95359439.7199496031 0.0393036977
95008149.3398304582 0.0391514293
95050025.9023525417 0.0389758722
95000205.9125656039 0.0391284907
95075105.0146795362 0.0389670968
95337819.0089978427 0.0391538976
95013125.5457101464 0.0391346253
95010217.6574517339 0.0391531897
95010026.4052355438 0.0391188653
94996163.6197331697 0.0391264964
94999115.2375892401 0.0391522018
95006319.4949188530 0.0390896278
95286177.1934736073 0.0391901116
95049278.7435245663 0.0390724319
94993474.4315290451 0.0391212747
94998136.2761861682 0.0392386320
95354173.2949230969 0.0391128928
95023736.2823773921 0.0391628569
95362337.4378923178 0.0391016259
95012970.8654123992 0.0390561290
95364467.2589819729 0.0391272478
95341239.1698284447 0.0391483370
94997735.8690462261 0.0391144016
95344903.7285979390 0.0391210766
95003459.5639175773 0.0391224031
94993206.8075646013 0.0390634498
94998857.0510439873 0.0391274218
95343303.9221464097 0.0391639905
95368487.1358065754 0.0391304678
95015548.1645449996 0.0390887152
95362170.1582681686 0.0391261426
95003131.3321284056 0.0390945042
95362819.0383984447 0.0390933994
94998365.3313909173 0.0391322908
95367470.3794427365 0.0391089569
95000408.3302198648 0.0391292653
94992160.1671819091 0.0391379097
94993988.2871423960 0.0391869964
94992153.1264986247 0.0391290588
94996436.3072677404 0.0391692529
95366344.4700136781 0.0391363983
95017603.9047608972 0.0391677989
95367894.0056968927 0.0391045686
95008959.9482675642 0.0391589427
94992504.1642881334 0.0391377866
94994510.2909924984 0.0391282946
95353500.2987467200 0.0391494528
94992426.5089406073 0.0391355937
95351725.4999077320 0.0391419375
95367355.1995595843 0.0391259461
94995179.7723047137 0.0391109841
94991731.8727530241 0.0391280157
94993838.2487034351 0.0391584747
94992738.4631424844 0.0391323991
95359766.6994476765 0.0391279513
94992677.5767937452 0.0391277960
95367413.1237728447 0.0391468731
95367828.4112265408 0.0391227680
95358035.7391729206 0.0391370312
94992030.6773670018 0.0391183351
94992718.7786435932 0.0391192584
94992691.4782213122 0.0391269449
95353885.8269016743 0.0391494320
95366384.4538709521 0.0391345899
94995581.7063364387 0.0391518111
94992048.1837697029 0.0391261628
95004018.0052789897 0.0391279558
94993181.0659760982 0.0391368875
95002850.3799965680 0.0391242272
95366736.0988612324 0.0391279664
94996390.5648037940 0.0391127565
94992833.2317159176 0.0391326599
94999935.4115574062 0.0391384042
95365795.5790800601 0.0391271886
95000947.0855262429 0.0391057332
94993209.1785438061 0.0391276374
94992640.9457190484 0.0390994217
95365093.7146112919 0.0391365053
95356836.0766347796 0.0391036544
94993415.8012402952 0.0391195217
95365978.3612675667 0.0391173215
95366485.4184888452 0.0391334198
94996557.1672701240 0.0391088688
95362214.9948213995 0.0391382078
94991688.6829550117 0.0391302549
94994194.8334515244 0.0391234060
94991944.7775859237 0.0391255305
95365610.0446693897 0.0391241906
95365219.5061602592 0.0391320011
94998398.2618661970 0.0391383081
95367503.0206809938 0.0391289616
94992903.8444642872 0.0391437254
94992874.6918182075 0.0391288258
95366056.1511157155 0.0391148074
94993513.8368554115 0.0391336876
95367782.8791806251 0.0391300665
94994285.9931766540 0.0391324756
95367910.2420636714 0.0391306593
94991730.1958476603 0.0391287614
95367418.4214720577 0.0391315346
94994180.9644010365 0.0391312383
95367748.5365272462 0.0391301656
94992725.9601467550 0.0391245213
94991798.6751744002 0.0391299529
95364040.8291697353 0.0391331381
95367512.3652495444 0.0391322335
95365162.4951138496 0.0391325199
94991704.3263056725 0.0391291262
95368061.4452629089 0.0391276590
95367946.9461519569 0.0391308016
94992586.5946698338 0.0391271497
95367972.5343706161 0.0391295743
95367049.3713281453 0.0391318953
94991952.7053739280 0.0391283445
94992265.2510363609 0.0391278476
94991664.8016934395 0.0391312560
94991999.6514610052 0.0391339754
94991852.1777210981 0.0391296096
94994469.8140022755 0.0391222723
94991616.7612504363 0.0391344732
94992540.7249035090 0.0391350974
95367656.5627682358 0.0391344664
94992789.8763432205 0.0391326365
95367114.6099949330 0.0391331510
94993677.1274577677 0.0391410467
94991983.2427544296 0.0391342986
94992013.4103017300 0.0391339065
94991771.3332935870 0.0391345086
94991753.2175393254 0.0391319320
95367532.9490489513 0.0391340527
94991896.5185564607 0.0391374725
95367910.9774473757 0.0391345987
94991677.2809624970 0.0391370025
94991741.2474696040 0.0391354773
94991892.9080773890 0.0391356323
94991659.2218574584 0.0391345317
94992209.4461604506 0.0391356093
94991792.4496426284 0.0391346396
95367888.0416376591 0.0391319153
94991759.3577298969 0.0391341950
94992363.5395990908 0.0391348747
94991781.2546757311 0.0391334268
94993211.3339457512 0.0391333506
94991974.6621577889 0.0391349573
95367818.4824727029 0.0391353352
94991778.7500268668 0.0391340268
95367591.2324801087 0.0391334184
94991694.3375371993 0.0391346067
94992231.4743615836 0.0391359030
94991741.1645010114 0.0391344996
95366923.0310953110 0.0391361454
95368032.7821784765 0.0391344253
94991976.5154423565 0.0391348263
86676556.0000000000 0.0391348263 0 0 1 0 0 0 0 0 0 0 0 0 0 0 0 