424811035.6411626339 0.0000009890
403067578.8667528033 0.0000003415
407808427.5064657927 0.0000000584
437413687.5682871938 0.0000000015
456185926.1410115957 0.0000000969
500286820.8999047875 0.0000000164
446384526.5412631631 0.0000000007
412469508.5463343263 0.0000012535
429317812.2387671471 0.0000000025
459110259.3076124191 0.0000000007
478144609.7070885301 0.0000004952
372424765.7788602114 0.0000000479
415171313.1648186445 0.0000000568
378447884.3373396993 0.0000004368
381137182.0615962744 0.0000006892
401279781.9108629227 0.0000212022
419770858.6061054468 0.0000001082
313943370.8580380678 0.0000002134
284381769.5249154568 0.0000002711
300202933.3570083380 0.0000005964
279745117.2462707758 0.0000028211
273479111.1828788519 0.0000036647
335119118.5509625077 0.0000031593
262527796.2396137416 0.0000054499
264825259.6894343495 0.0000078661
364411721.0664913058 0.0000021652
332603571.4678387642 0.0000015824
286125049.7664885521 0.0000027782
313429134.2453795671 0.0000000849
298185520.5404223800 0.0000023436
285428353.3829916716 0.0024147662
180636688.7259449363 0.0000440462
173556253.3780701458 0.0006118403
172986182.7310107946 0.0007375084
212344101.5939738750 0.0001006265
175846087.1170902848 0.0004253760
202778841.1719167531 0.0000557931
173931388.0151762366 0.0007420837
182485779.7677795887 0.0024444963
173624466.2500376403 0.0005193778
192043779.5583567619 0.0017815288
179238071.9382526577 0.0004359045
221901961.3509795666 0.0012276762
178513392.4016593695 0.0016979880
181595938.2219886482 0.0000440284
177836986.2484924793 0.0012284535
179684380.6142677367 0.0001460048
174187478.5144650340 0.0003975906
161416415.0334524810 0.0033830513
160508180.0663222373 0.0030124623
164939475.6334565580 0.0053400678
165471407.1332671046 0.0030577521
183344591.9371131361 0.0000007201
170192582.9198240638 0.0021960618
151675782.0694638491 0.0010489802
164668810.7088159025 0.0010361776
270342809.7456068993 0.0001065204
150416717.8488501906 0.0015441889
176990720.4421380162 0.0009553486
169105176.7286628187 0.0009841377
152415662.5114634335 0.0015767823
156605404.8182667792 0.0015114027
173026857.0144720972 0.0007465348
164001768.1479063332 0.0012322819
150083287.9624164999 0.0099772979
156793522.1260482371 0.0103021768
178074258.9889872372 0.0195812001
172390441.9651926160 0.0084844070
199214319.7958910167 0.0123964829
166813353.7731051743 0.0043823689
167375313.6349557340 0.0017259245
194807085.5081562996 0.0088003747
162978042.6445954740 0.0158926316
197016485.3426249921 0.0091074060
160190460.4258811772 0.0017751095
147985325.9582742453 0.0127879752
215085243.4696043432 0.0104997919
173578574.4657601118 0.0141034648
161882795.6256960630 0.0190333051
167304663.1927587986 0.0104020787
186659275.5806459486 0.0016112990
160197638.7756785154 0.0149387170
155311293.2716951668 0.0072478226
153989932.6782133281 0.0122982484
158931491.2123802900 0.0027506006
192169766.6004017293 0.0113528881
158441580.7154242992 0.0181640196
163507623.1673456132 0.0143391223
186331550.5920118690 0.0051864138
173882552.4728994668 0.0115533513
170642440.2908817232 0.0031682969
201351772.8639237285 0.0114345701
219321605.2043021023 0.0086017913
165332569.4509357214 0.0108396979
171104433.1441181302 0.0000377151
202827645.6837380230 0.0002867966
164879005.9615176022 0.0073774834
190120933.6729612947 0.0113953145
186755593.6510966718 0.0146829353
182793745.2539585829 0.0133080255
165993658.2946517766 0.0148282129
148368949.5916540623 0.0150338879
178765564.8064355850 0.0077912390
149508007.4975685477 0.0143476016
153280365.1492745578 0.0235650103
193614311.2026773989 0.0138415028
206458131.9819709957 0.0111043980
183588097.8855929971 0.0125553163
143890960.5635144711 0.0029674265
168914502.5904572010 0.0035402491
169713219.9496089220 0.0030381295
149564273.7326444685 0.0032362361
150471019.6808359623 0.0036711849
149854998.1500475407 0.0044839831
148643564.0495983958 0.0016384913
166717675.4207127392 0.0028355166
167865991.4243101776 0.0043630426
161425333.3929479122 0.0039770446
148360199.1697627306 0.0007502429
163804730.5315288901 0.0032179293
146683101.3294165730 0.0039123700
161642854.1923438013 0.0036200703
145733327.4458959103 0.0026660067
142573865.2042059600 0.0028985571
163107848.8288268745 0.0044123732
142256303.0789269507 0.0048674198
151441589.9134517312 0.0067121446
142511118.3776862621 0.0040256141
151481857.2102444470 0.0156772303
151158033.3241052032 0.0048785397
173040155.9705337584 0.0053384176
158514565.5622341037 0.0034031508
168333355.6162712574 0.0021460440
144228433.8253226578 0.0060665959
150823011.2124748528 0.0012768221
146086552.5832240880 0.0049807445
145771157.6406060457 0.0056515640
146500118.5296202004 0.0059571006
164303803.0226382017 0.0027126086
145162594.8035235703 0.0050450880
152892803.2431677282 0.0002981095
140854506.7493588328 0.0056489209
162293158.1091452241 0.0022678475
145920553.8277026713 0.0059745550
171868320.0470374227 0.0090378116
166176051.8520911634 0.0058927379
139082613.5563384593 0.0020700413
145783901.6876952052 0.0026008478
161849976.0438861549 0.0015130458
146670478.4031197727 0.0019353922
139575694.5447052121 0.0019592787
143671602.7902646363 0.0014117763
140577225.4134675264 0.0021425399
142514323.4976656139 0.0031890215
145353337.1612687707 0.0019947039
164991658.6889871657 0.0016725296
144763742.4157355428 0.0023641928
161498968.6790302992 0.0010353281
140537878.3397289515 0.0024221657
142235618.7766947746 0.0019765071
143234960.4077176750 0.0024877402
162775611.1602740288 0.0017245849
140652975.0704210997 0.0018740823
146750776.4877763391 0.0009859196
139511114.4392091036 0.0018936808
141260882.6880602241 0.0052679894
139060283.8838720322 0.0022111049
147663572.9135653675 0.0013905891
143399350.5056736469 0.0022087514
142487060.2250539660 0.0012029899
139878805.1093192101 0.0023791962
142817863.8221099973 0.0026533235
140907947.8693643510 0.0019490406
159809504.7986037731 0.0022736596
144830002.2901183069 0.0024097670
143839033.9375760257 0.0036333088
146485674.9193824828 0.0027330152
143518937.8063258529 0.0015453126
144763131.5875538290 0.0017594349
151823481.0895807445 0.0041973717
141253815.1014411449 0.0021000687
139628270.5790857375 0.0028172976
141010109.4182323217 0.0019568088
147316394.8806727231 0.0027592502
140134549.6517738700 0.0025595786
151192168.3659431636 0.0016921635
141293659.4559036195 0.0019194940
160941251.9463330209 0.0022282320
146120474.1247100532 0.0020847306
141036524.8505763710 0.0039355989
139156010.9186689556 0.0021821223
159564414.3177301586 0.0009441051
164388673.3655021787 0.0025125930
147662584.6264818907 0.0024223964
151718060.8744423687 0.0021079950
141331712.3917881548 0.0019895907
139434825.5303908587 0.0022478566
143389536.3426923156 0.0020869524
139296185.2763349712 0.0021307206
140690345.0885432363 0.0021986241
139652638.9960821569 0.0021700060
145070062.7480773330 0.0017132614
146353345.2609848976 0.0022425867
142397352.2502813041 0.0018521385
139804998.3309606612 0.0021271846
140663089.1018241048 0.0025110203
146431440.2584803402 0.0021477380
145388833.6964457631 0.0025001346
146271716.2779074609 0.0021015960
140041342.7638992667 0.0022148785
146131312.3790889680 0.0021653084
147650547.4232053757 0.0025916021
139324047.9678291678 0.0021225196
146427085.2011498511 0.0021819327
139843294.9012533426 0.0022469948
145711377.6763640642 0.0028536943
139942848.0845297277 0.0022331217
145643352.8588398397 0.0023560975
139439570.7307720184 0.0021828853
139489343.2815800905 0.0021575077
146239056.6890420318 0.0021850142
146556175.3116684556 0.0022909850
146392840.9518256783 0.0022328003
139665227.7790226042 0.0019305231
144590688.6742531061 0.0019619211
145925722.2594092190 0.0022274146
146559764.1479603052 0.0022394795
144374140.0710657835 0.0023304578
146802204.9808589220 0.0021644987
139159386.7212783992 0.0022182095
146602101.5750617385 0.0021813102
139311760.8758290410 0.0022359611
139492441.0455944240 0.0021992325
145432464.1734818220 0.0022487516
146860006.9110915661 0.0022277051
139243656.5700473785 0.0021701545
146353036.4978974462 0.0021871690
146558930.2996206582 0.0019000454
139063792.9619726837 0.0022122801
139496219.3213145137 0.0022589064
139411222.7983337045 0.0021838104
146481016.1968405247 0.0020645903
146163435.0036487281 0.0022164443
139344314.5133034289 0.0021198329
139995273.5960126519 0.0021838369
146441827.0621682703 0.0021493562
139538785.0028764606 0.0022332897
139356312.4047637284 0.0023188454
139922011.1945874691 0.0022413599
146017715.0753034949 0.0020647248
146461170.4984718263 0.0021883389
139922313.6055366397 0.0023313332
146188932.4047005177 0.0021390596
146805718.5294129252 0.0022370711
139234531.8104984164 0.0022140549
146740776.9010663927 0.0022243846
139096054.1995948255 0.0022552874
146550039.0481826067 0.0022394756
139027715.0319525003 0.0022024773
139102286.8999400139 0.0021898057
139022963.0461947322 0.0019974824
139144139.1544980705 0.0019837102
140122520.0999146700 0.0019593507
139076311.0665656328 0.0019988552
139863841.2005322874 0.0019591822
139147774.6964416504 0.0020034254
139669654.4353974164 0.0020334061
138987721.3591689169 0.0020035036
139728805.2359822094 0.0020249675
139030324.3448011875 0.0020181631
139502109.3296554089 0.0019922562
140068907.1171446145 0.0020073009
140021793.7492930889 0.0019391168
139022839.1499711871 0.0019862914
141791630.0136384666 0.0019662202
139914287.9116687477 0.0020224388
139494076.9268921316 0.0020619759
139686472.4302113056 0.0020032104
139685779.6005409360 0.0019007155
140044478.6396209300 0.0019826812
139942951.3474899232 0.0020293106
139827146.9545726180 0.0020037716
139073956.9335519075 0.0020221380
138949840.3474026024 0.0020070213
140044782.4743714333 0.0020049865
140055000.3299858272 0.0020188176
139067313.0641225576 0.0020128370
139288079.7191313803 0.0019768944
138936166.6094945967 0.0020253270
139185535.3643140793 0.0020165937
139031140.4408303499 0.0020289848
138953064.7941478193 0.0020369920
138911315.4749298692 0.0020311851
140326400.5127829909 0.0020146898
138955704.0183174312 0.0020441915
139853159.0455311835 0.0020707122
140033021.5999776125 0.0020319605
140022131.1316746175 0.0019613386
138941939.8520253897 0.0020344107
139972042.2563034892 0.0020286324
138913307.7067394555 0.0020373548
139201937.4324423671 0.0020245183
139129494.3748281896 0.0020376898
139336718.0000315905 0.0020530746
138946888.1097602248 0.0020249700
139971215.2404823601 0.0020591762
138912508.7681955695 0.0020264372
139930120.5999858975 0.0020749135
140045993.8276595175 0.0020241034
139083555.9810607135 0.0020552571
138929198.9557262361 0.0020376854
139703219.5324368775 0.0020333122
138878319.0936516821 0.0020339865
139491479.8906397820 0.0020248327
139896746.5965094864 0.0020282289
138972639.5615451038 0.0020974950
139014572.1700710058 0.0020283189
139373807.1165810227 0.0019820777
139947221.2191880643 0.0020423763
139999445.5911868215 0.0020290895
139926794.5515616536 0.0020369700
139256635.6958218515 0.0020148938
140052481.7357139587 0.0020368667
139138510.1713743806 0.0019942197
139987974.1234552860 0.0020337421
139084115.1894489825 0.0020492030
138945078.7468693256 0.0020287254
139327956.1990102828 0.0020399503
138948319.5920827091 0.0020391782
138963956.8348674476 0.0020494184
140045449.3499029279 0.0020348396
140022860.3175802529 0.0020596046
138924408.1194176078 0.0020314151
139507557.5882487893 0.0020122916
138857638.2745815217 0.0020384034
139946538.7692507207 0.0020393847
139923514.6297893226 0.0020283939
139115674.8139485717 0.0020362114
139056007.2631330788 0.0020431158
139778185.7689670026 0.0020144394
140003836.2820434570 0.0020420571
139683963.3512357175 0.0020396929
138880094.9876232445 0.0020373726
139961438.4675348699 0.0020454995
138938918.2700306475 0.0020293835
139754979.4876756072 0.0020489495
138933056.0149366260 0.0020286866
139859460.4189656973 0.0020613633
140055274.4542438090 0.0020376205
139701642.2078585625 0.0020695528
139998849.7958593071 0.0020394067
139565507.3483277857 0.0020259871
139315521.7804829776 0.0020051767
138932439.5605680048 0.0020379920
138885364.0534746647 0.0020424995
139819184.8473486006 0.0020411061
139985422.3318362534 0.0020428625
138965550.3437414765 0.0020582012
138897858.5408309698 0.0020386538
139823754.0583481193 0.0020306244
138864225.0116751492 0.0020433010
139663652.9415029585 0.0020159176
139996712.7633608878 0.0020433473
139029302.4883069098 0.0020552788
138874607.1535298824 0.0020447769
138971941.1936019063 0.0020361522
138909441.9364887178 0.0020357090
140020148.4259884059 0.0020394116
138903921.4884484708 0.0020341800
139982518.6129005253 0.0020612797
140018243.1662307084 0.0020421594
139035825.4336044788 0.0019978557
138915633.0393619239 0.0020391256
138945873.5431040823 0.0020353746
138902675.9046584964 0.0020332394
138860001.6843477786 0.0020566082
138990259.5758346319 0.0020395219
138957849.7852163911 0.0020266443
139957785.4502945244 0.0020424674
139110330.5186517835 0.0020434866
139047078.0002280176 0.0020395492
139046965.8171446621 0.0020599397
140050384.7009806037 0.0020378330
139017341.6354995370 0.0020470579
138881416.0242032707 0.0020411690
139911985.3412892222 0.0020416854
138893911.6197212934 0.0020350711
139280705.2781032026 0.0020444203
140002269.9559468329 0.0020435645
140041863.5909189582 0.0020343363
138867162.8163213134 0.0020303186
139827480.1298661530 0.0020496762
140011261.6101062596 0.0020475914
138873974.4220055044 0.0020370440
138853087.3663482368 0.0020374646
139937449.2064782679 0.0020428290
140034431.5605927408 0.0020394433
138874045.6098531187 0.0020308166
139997188.0903088748 0.0020398211
139036762.1469221115 0.0020307400
138907481.9339273572 0.0020379873
138953121.6957975626 0.0020333891
138869231.1905328035 0.0020381737
138917397.8148048520 0.0020446820
140028303.8715051413 0.0020359337
138877323.9668387473 0.0020410696
140048376.5205053985 0.0020412126
138863879.9758675098 0.0020368556
140009955.9856213927 0.0020382587
140046098.2077075243 0.0020395526
138880388.1318737864 0.0020306236
138854138.8358361423 0.0020364018
138918769.7392008007 0.0020419083
138862558.7549586892 0.0020371195
138858757.4287683368 0.0020452279
140034980.1341038048 0.0020376491
138866493.1580306292 0.0020319540
138870572.2166208029 0.0020378605
138950661.4328685403 0.0020379950
140040843.8052309453 0.0020377246
138867196.5073196292 0.0020393591
140035897.4197162390 0.0020393033
138882496.4365766346 0.0020346817
140053569.0606126487 0.0020366641
140047341.8894437253 0.0020323532
138859821.5844402015 0.0020381852
138882370.4905864298 0.0020393093
138881518.8141739964 0.0020383422
138878462.5821628571 0.0020388720
138863512.9387663901 0.0020371701
140003401.5484624207 0.0020422601
140044073.2366701663 0.0020363468
138888405.6983664930 0.0020373968
140045182.6381761134 0.0020368406
138875483.6336653233 0.0020343967
140028260.2863465846 0.0020367024
138859871.3705615997 0.0020370445
138877709.8829298317 0.0020376315
140044347.1097680926 0.0020379301
138870326.4541336894 0.0020378144
138863601.6239309907 0.0020376283
138870042.3612841368 0.0020375129
138853791.7234433591 0.0020370117
138883888.4909289479 0.0020361165
138858394.1298775673 0.0020383702
138854974.5222058296 0.0020374876
138862120.9407556951 0.0020374330
138857136.2391414344 0.0020374070
138851541.0281278789 0.0020369400
138853185.7170752585 0.0020354827
140047119.1843466163 0.0020362471
138920661.5752559900 0.0020353077
138857260.8029038906 0.0020364132
140030717.3925839961 0.0020401206
138853952.6595937908 0.0020373515
138854564.8619721830 0.0020342693
140047091.5175777078 0.0020366225
138868545.8077583313 0.0020380840
140050689.7479710877 0.0020368252
138858012.5906173289 0.0020360812
140050859.8096569479 0.0020355687
138853544.2260905206 0.0020369896
138860449.2727193832 0.0020376970
138854287.7430974543 0.0020369603
138855498.7004453242 0.0020366398
138853291.5225431025 0.0020365251
138862214.0189562738 0.0020385074
138852065.5803196430 0.0020370637
138872783.3448331356 0.0020367822
140051053.6989891827 0.0020367171
138860100.9518713057 0.0020356039
140051632.9938159585 0.0020364366
138860050.5773842931 0.0020378409
140045922.0043286979 0.0020368772
138882667.6022859812 0.0020372787
140050648.2468621433 0.0020366846
140038869.3478261828 0.0020382633
140047465.2734096348 0.0020370935
138857968.3468537331 0.0020360122
140049230.5730684996 0.0020372977
138870481.8513326049 0.0020364268
138852963.6119172275 0.0020368264
140049855.5971096754 0.0020362020
138855539.8621291816 0.0020368633
138858321.8072203994 0.0020363812
140051285.6626592278 0.0020372596
138861028.0753544271 0.0020356168
140047369.9771457016 0.0020372845
138853661.3734094799 0.0020359186
140049152.5210862458 0.0020369664
138854762.1472666264 0.0020366890
140047121.8109647632 0.0020373905
138859420.6395022571 0.0020361527
140046916.1674563289 0.0020377675
140050745.1959492564 0.0020369301
138854928.5350363553 0.0020365599
140050771.9336475730 0.0020369692
138853357.6722597480 0.0020366210
138852004.7555091381 0.0020370656
140049580.0966548920 0.0020369648
140050813.2444198132 0.0020368291
138854019.2074416876 0.0020374163
138853161.9070400000 0.0020369420
138858253.4417816997 0.0020369010
138851493.6543328464 0.0020370780
140051666.1570073962 0.0020364628
140049710.2889540195 0.0020369260
138868925.9651603103 0.0020376002
140049456.5380693972 0.0020370910
138855886.5539704859 0.0020370741
138851451.0890592635 0.0020370792
138859043.6500782669 0.0020370794
140050768.1081116498 0.0020370141
138858887.2426146865 0.0020372517
140049796.1073622108 0.0020371820
138859052.4986119568 0.0020365433
138851706.4726268947 0.0020371478
140048496.7078010142 0.0020363796
138856458.1523256600 0.0020371481
140049760.2549080253 0.0020372812
140050175.7445103526 0.0020372692
138852840.2169646621 0.0020363668
138853030.6710326374 0.0020368792
138851193.1746121943 0.0020375736
138852734.6799525321 0.0020373653
140048931.6396774054 0.0020384613
138850719.6803222001 0.0020376473
138855831.6602891088 0.0020371080
138851873.9254567325 0.0020377585
138852457.9031400084 0.0020378220
140049632.3784675300 0.0020377547
138859275.8528994918 0.0020372015
138852002.0176597834 0.0020376688
138852532.7186698020 0.0020377966
140049839.7530871630 0.0020376301
138855223.0545317829 0.0020374151
138854218.5358439982 0.0020376511
140043608.0225292444 0.0020368853
138850690.4643287957 0.0020376654
138856131.6008100510 0.0020384379
140049801.3119592667 0.0020377143
138857969.0100789964 0.0020372248
138850934.1493448913 0.0020377339
140017467.0023615360 0.0020376435
138851275.6011121273 0.0020377995
138871053.9414847791 0.0020379333
138851726.6696327031 0.0020375702
138859245.1921879649 0.0020374211
140048726.1360737085 0.0020379504
140046717.1424276531 0.0020365902
140050489.4657941163 0.0020375384
140047941.4603289068 0.0020383418
138852703.0455066264 0.0020377512
138854713.9479423165 0.0020380002
138851090.3761135340 0.0020374795
138854004.1727378368 0.0020381020
138852190.3869015872 0.0020375869
138853451.8959593773 0.0020381321
140049832.6464787722 0.0020377595
138854414.2516524196 0.0020376956
138851579.1486857235 0.0020379041
138850620.3276505768 0.0020377951
138852486.3744781613 0.0020378098
140049916.2930379510 0.0020377618
140049876.8660505414 0.0020378691
138851137.1364067793 0.0020378219
140050060.9035093486 0.0020374259
138850593.5660353303 0.0020378574
138851167.1990221739 0.0020382676
138851253.2724327743 0.0020377770
140050552.2437545955 0.0020377965
138850908.8652055860 0.0020378735
138855941.2203319669 0.0020381671
140050079.5109361410 0.0020377785
138852543.9420665503 0.0020380209
140050383.8391448557 0.0020378531
140048052.9137856364 0.0020374851
140049744.2653800249 0.0020379219
140047177.7808083892 0.0020378082
140049739.4950854182 0.0020378886
140047724.2134726048 0.0020380608
140049849.1219549179 0.0020379283
138851208.7387108207 0.0020377636
138850561.7746482790 0.0020379142
138856041.2383284569 0.0020378182
140049634.6937873363 0.0020379388
138854079.4167836607 0.0020377786
138851178.3221196234 0.0020379052
138851051.9593739510 0.0020380760
138850306.7136542201 0.0020378856
138851365.7704749107 0.0020380792
138854351.2242321372 0.0020378772
138851977.0564889312 0.0020376411
138851012.3504510820 0.0020379539
138853505.8655415475 0.0020379462
138850364.4340011179 0.0020378526
138851720.7099078298 0.0020378875
138850847.4841095805 0.0020379529
138851418.8950423300 0.0020375834
140050161.0783523321 0.0020378293
140049562.8786033690 0.0020380488
140049680.1161033213 0.0020377924
138850928.2750750482 0.0020378563
140049706.8368279338 0.0020378526
138851500.0033353567 0.0020381717
138850344.9268163443 0.0020379117
138851610.9982737303 0.0020378413
138850457.8929520845 0.0020379219
138851656.6711477041 0.0020378479
138851372.7593300045 0.0020379394
138851413.1047806442 0.0020378137
140049349.7457713187 0.0020378219
138852788.7940346301 0.0020380862
140049471.5298638642 0.0020376414
140049831.9185316563 0.0020377635
140049569.3758196533 0.0020379017
138851070.2032637894 0.0020379122
138850617.6591623425 0.0020378650
138851348.6025758684 0.0020377775
140050090.8454273641 0.0020379440
140049688.4459225535 0.0020377548
140049740.8471630514 0.0020379064
138852585.3077042699 0.0020381408
138850460.7086074054 0.0020378852
138851217.6977041364 0.0020376622
138850392.3793658614 0.0020378961
138850991.7261837125 0.0020377552
140049847.2107521296 0.0020378612
140050033.7070305645 0.0020379218
140049881.8631092012 0.0020378879
138851275.9262167811 0.0020379420
138850561.6773767471 0.0020379068
140049253.2680993974 0.0020380692
138850725.6393490434 0.0020379336
138850516.1880206466 0.0020379096
140050170.5539785922 0.0020378650
140049749.9789949954 0.0020378747
138850680.4709936380 0.0020378863
140049729.1718622148 0.0020379457
140049964.3536274433 0.0020378649
138850478.4448665679 0.0020379140
140050097.3518134058 0.0020378970
140050196.4392324388 0.0020378230
138850298.7071064413 0.0020378722
138850511.3078677654 0.0020379229
138850383.9253062606 0.0020378633
138851198.1785861850 0.0020379049
138850448.0314446390 0.0020378687
140050114.7641278505 0.0020379290
138850443.2827102542 0.0020378395
140050189.7309981287 0.0020379084
140049996.1231795251 0.0020379023
138852059.0371600091 0.0020378442
138850469.7561587989 0.0020378620
140050171.3789832890 0.0020378073
140049834.3428916931 0.0020378518
138850957.0888898969 0.0020379504
140050083.4766425788 0.0020378551
140050074.0607022941 0.0020378995
138850508.5033044815 0.0020378996
140050098.3424142599 0.0020377863
140050000.4788715243 0.0020379180
138850291.6859337091 0.0020378768
138850349.7687151432 0.0020378346
138850373.5314148664 0.0020378643
140049984.7545688152 0.0020378651
140050128.7016131580 0.0020378757
138850509.1792616546 0.0020378367
140050158.6872727871 0.0020378820
138850605.4430447221 0.0020378476
138850328.3241808712 0.0020378701
138850283.0363615155 0.0020378973
138850265.7567556798 0.0020379010
140048659.0207508206 0.0020378929
138850307.7362289131 0.0020379067
140050100.6072620749 0.0020378756
140050046.3385122716 0.0020379070
138850392.5850761533 0.0020378604
138850556.9883541763 0.0020378957
138850551.0354671478 0.0020379150
140050093.3511687219 0.0020378884
138850320.4870072603 0.0020378982
140050048.4079250097 0.0020379145
138850361.7125239372 0.0020379304
140050089.3998450041 0.0020378934
138850800.5079823732 0.0020379363
140050081.6203908026 0.0020378963
138850787.7008222342 0.0020378639
140050054.0128250420 0.0020379044
138850795.7365114987 0.0020378955
140050095.0259307623 0.0020378947
138850653.5724362135 0.0020379170
138850264.5610139966 0.0020378958
138850656.9030830562 0.0020379614
140049977.6557383537 0.0020378882
138850941.5464636683 0.0020378933
140050122.3883745074 0.0020378968
138850412.9636763036 0.0020378922
138850280.9221260548 0.0020378961
138850475.8326959908 0.0020378746
140050096.8627127707 0.0020378911
138850613.3804284632 0.0020378952
140049964.3680280447 0.0020379078
138850434.5459818542 0.0020378632
138850351.6766313314 0.0020378801
140050098.9438357353 0.0020378976
140050107.6474568844 0.0020378956
138850583.2052984834 0.0020378758
138850284.9938390255 0.0020378896
138850889.7963800430 0.0020379084
140050115.9343609810 0.0020378837
138850465.4322526157 0.0020379281
138850305.6960768402 0.0020378980
138850842.1010340452 0.0020378949
138850333.1368034184 0.0020378945
138850861.6093656123 0.0020378943
138850563.0859618485 0.0020378951
138850275.1277260482 0.0020378989
138850565.5446184874 0.0020378889
138850270.1403942704 0.0020378978
140049722.5377788842 0.0020378969
138850269.9480701983 0.0020379086
138850656.0367962718 0.0020378956
140050092.3253019750 0.0020378909
138850385.1496832669 0.0020379205
140050119.8665283620 0.0020378972
138850270.3400677145 0.0020378938
140050130.1352002621 0.0020379010
138850365.6085466743 0.0020378887
140050074.4882026911 0.0020379017
138850314.6185884178 0.0020378800
138850272.8914567232 0.0020378993
140049098.9154220223 0.0020378951
138850268.7868988514 0.0020378939
138850622.9390353262 0.0020378931
138850277.3965031803 0.0020378984
138850468.7038543224 0.0020379170
140050089.3810620308 0.0020378981
140050016.7332828045 0.0020378947
138850262.1131452024 0.0020378921
138850359.1389212608 0.0020378924
140050018.1965208054 0.0020378899
138850507.3799259663 0.0020379123
140049096.8753396869 0.0020378914
138850390.4859786630 0.0020378938
138850289.7941726446 0.0020378890
138850342.1705204844 0.0020378881
138850273.4553283751 0.0020378918
138850326.6029505730 0.0020378881
140050112.8605641425 0.0020378948
138850315.4188840985 0.0020378886
138850272.6737189591 0.0020378935
138850297.4236815572 0.0020378770
138850269.5032322705 0.0020378935
138850272.8002548814 0.0020378979
138850265.3990722001 0.0020378918
138850512.6009938121 0.0020378973
138850259.9311487377 0.0020378936
138850390.5101387799 0.0020378909
138850259.5421012044 0.0020378959
138850376.4489324093 0.0020379051
138850266.3023407757 0.0020378939
138850327.1352011263 0.0020378984
138850260.9379622936 0.0020378952
138850452.7290417552 0.0020378982
138850272.0900835693 0.0020378951
138850437.6893002987 0.0020378939
138850260.6258347034 0.0020378975
138850382.4950544536 0.0020379011
140050084.9988691509 0.0020378936
138850278.3258497715 0.0020379064
140049608.7539836466 0.0020378956
138850353.3283638358 0.0020378958
138850263.4909918606 0.0020378968
138850289.3702988029 0.0020378962
138850258.9025194347 0.0020378969
138850285.9691733420 0.0020378899
140050117.1737250090 0.0020378978
138850282.5883959532 0.0020378973
140050121.5911600590 0.0020378978
138850266.6688810289 0.0020378948
140050122.0270305872 0.0020378972
138850269.6787834764 0.0020378940
140050120.1126480997 0.0020378979
138850267.4612828493 0.0020378974
138850262.8228923976 0.0020378987
138850274.1091673970 0.0020378972
138850263.7184441388 0.0020378964
138850270.1862177849 0.0020378988
140050116.6526622772 0.0020378945
138850276.3058471084 0.0020379008
140050115.0803543329 0.0020378961
138850278.4163209200 0.0020379022
138850262.2003109753 0.0020378972
138850413.5209577680 0.0020378937
138850260.2619521320 0.0020378962
138850344.7152412236 0.0020378989
138850266.9437738359 0.0020378962
138850316.4279021621 0.0020379027
140050104.7825506032 0.0020378956
138850284.2027340531 0.0020379016
140049864.8168801665 0.0020378967
138850301.7175436020 0.0020378963
138850258.9601759911 0.0020378976
138850273.6733827293 0.0020378973
138850259.6432636082 0.0020378971
138850290.5759019554 0.0020378995
138850259.2985238433 0.0020378973
138850268.9708039761 0.0020378968
138850262.9642309546 0.0020378964
138850263.1927198768 0.0020378958
140050117.6947245598 0.0020378964
140050112.5270988047 0.0020378999
140050118.1210364103 0.0020378960
138850259.2118988931 0.0020378986
138850258.5399173498 0.0020378975
138850263.1663973033 0.0020378939
138850268.3434337378 0.0020378979
140049993.4632860124 0.0020378974
138850279.7980671525 0.0020378975
138850260.0178113580 0.0020378977
138850295.1816517413 0.0020378966
140050121.8269564211 0.0020378973
138850268.0309741199 0.0020378992
140050117.6529710591 0.0020378981
140050103.0596741140 0.0020378965
138850257.8345624208 0.0020378977
140050121.4481480420 0.0020378973
140050119.1578139067 0.0020378979
138850261.7929748297 0.0020378967
140050120.2906476557 0.0020378975
140050119.7952933908 0.0020378973
138850258.5867525339 0.0020378977
140050108.5744027197 0.0020378968
140050120.7660233080 0.0020378979
138850270.1673768461 0.0020378986
138850259.0588816404 0.0020378974
138850274.0814644396 0.0020378976
138850261.0910713375 0.0020378980
138850275.3166969419 0.0020378984
140050120.3652829230 0.0020378979
138850272.3829277158 0.0020378970
140050118.8273572922 0.0020378982
138850270.7593913674 0.0020378974
138850260.2568880320 0.0020378978
138850258.3669953048 0.0020378978
138850260.4448859692 0.0020378979
138850267.9816777110 0.0020379001
138850259.0800373852 0.0020378979
138850267.7482134104 0.0020379000
140050121.2986786067 0.0020378974
138850265.3576048017 0.0020378998
138850258.3352226913 0.0020378981
138850262.1225595474 0.0020378987
138850259.9785622954 0.0020378982
140050120.7006633878 0.0020378977
138850258.2445978522 0.0020378984
140050120.7421474159 0.0020378978
138850265.9543482363 0.0020378978
138850257.8840285242 0.0020378977
140050122.0787478387 0.0020378969
140050120.4812927842 0.0020378976
138850262.9052237570 0.0020378971
140050119.8610014915 0.0020378979
138850265.7198725641 0.0020378980
140050120.9985067546 0.0020378976
138850263.1449556351 0.0020378985
138850259.4744683802 0.0020378977
138850259.5342163146 0.0020378971
140050121.5690485537 0.0020378976
138850263.6741710603 0.0020378979
140050120.4757916033 0.0020378977
138850263.1039864123 0.0020378980
138850258.1440251470 0.0020378978
140050118.7307426035 0.0020378984
140050119.7375218868 0.0020378978
138850260.9228630364 0.0020378978
140050119.9441583157 0.0020378977
138850268.1299631894 0.0020378975
138850258.1935949326 0.0020378977
138850260.9214890897 0.0020378983
140050121.6861048341 0.0020378977
140050120.3954067826 0.0020378978
138850257.5669955313 0.0020378978
138850258.3318128884 0.0020378978
138850261.8519832492 0.0020378976
140050113.2882438898 0.0020378974
140050116.8351187408 0.0020378978
138850278.1159820259 0.0020378978
140050117.5009728670 0.0020378977
138850259.1153157949 0.0020378982
110557925.0000000000 0.0020378982 1 0 0 0 0 0 0 0 0 0 0 0 0 0 0 