921383064.8537914753 0.0000009890
888910237.3944970369 0.0000003415
893776168.2243523598 0.0000000584
893237942.8714647293 0.0000000015
1065796516.9752751589 0.0000000969
900850372.4870932102 0.0000000164
982127105.8636769056 0.0000000007
898443824.8655488491 0.0000012535
963618168.4073064327 0.0000000025
1030554253.2508802414 0.0000000007
1074572167.3892002106 0.0000004952
858090710.8570222855 0.0000000479
907751747.9021041393 0.0000000568
857633288.9718458652 0.0000004368
833424394.2828341722 0.0000018952
909356852.8181166649 0.0008397408
898392742.2405201197 0.0000009135
774077822.6717772484 0.0000032554
763566743.7307001352 0.0000043206
756748959.6685197353 0.0000046900
737167971.6687680483 0.0000006809
715880354.2509799004 0.0000004642
812557531.6496284008 0.0000022454
666043531.9606372118 0.0000002651
654520799.1678990126 0.0000000557
901385031.9726055861 0.0000011163
772479377.0511908531 0.0000000994
690894528.4191619158 0.0000010604
731746316.8114104271 0.0000022276
594368945.0143028498 0.0000028870
674240595.4612256289 0.0012791812
397056811.3657257557 0.0006606721
462977811.2638067603 0.0079629012
418061691.9888041615 0.0005503205
486161321.1842105985 0.0009337173
405006539.5553569198 0.0007725960
406791881.5881426334 0.0002439262
392542201.1962857246 0.0008886069
425454211.0661712885 0.0005227974
414937253.5764226913 0.0006045406
439777368.8615177274 0.0003015090
392544999.7276936173 0.0008973982
442924858.8285614848 0.0000921099
397383651.7510786653 0.0003683807
424373674.5058578849 0.0000028370
382847385.9015238881 0.0008716449
385986844.2981317043 0.0039926102
397242958.7349592447 0.0008591118
525628906.3879458308 0.0004561114
388691012.2037060261 0.0007605148
384777348.0670725107 0.0010302356
382584043.1193338633 0.0009632054
414103857.2633915544 0.0042138855
377987068.6013964415 0.0009448612
341475611.0981962681 0.0021019188
317304998.3742761016 0.0024860053
342123726.3033617735 0.0252229722
328412894.9187248945 0.0019617853
371680228.3535825014 0.0001722058
361505652.2885922790 0.0015626935
294487444.8465750217 0.0088961986
312554341.9459173679 0.0173138824
354742736.4137649536 0.0016299685
290746339.0098081827 0.0071932975
340657054.6107476354 0.0163749783
282444026.5068562031 0.0080843938
407309367.5301610827 0.0049081718
274101778.6749598384 0.0089400090
294406784.1600281000 0.0018484029
266868245.6549700201 0.0076512656
327464524.9931662679 0.0061741267
261070641.5637895167 0.0047653445
271625104.7627491355 0.0000329063
267615533.7393793166 0.0013578333
372969422.1928674579 0.0083515439
259354279.6390480697 0.0039227822
346110617.3204919100 0.0005320440
278150294.5948670506 0.0055541731
337547935.8917226195 0.0039643960
276759764.9857758284 0.0052658444
330433485.1399662495 0.0011659532
264057721.0711177588 0.0039661173
314374329.2821486592 0.0004128535
266327832.7999047637 0.0050396564
276505699.8879184127 0.0002021566
266104031.6834986210 0.0041738815
305445721.3611693978 0.0026972482
266796679.3250926137 0.0028312957
322275197.3950188756 0.0004953592
266299701.1956928372 0.0062634516
360728035.1124501824 0.0003274607
256293962.7034296095 0.0022003335
297950785.9243696928 0.0004544205
267413602.8101048768 0.0017267860
300348460.2665926814 0.0000413653
255011597.8890277147 0.0034907155
280161978.1597275138 0.0001555896
247913322.7266757190 0.0013081220
347721386.9027205706 0.0013067720
267400678.5812470317 0.0022179120
297042686.9262320399 0.0000071196
263962724.3910590708 0.0053749519
280607276.6455414891 0.0006059105
244312497.2941484451 0.0012632446
278849303.9904474616 0.0000029149
234928969.1977573335 0.0013844744
275388783.1739067435 0.0097211248
256652360.3025614023 0.0007281770
351551141.3379367590 0.0000239005
226013352.0849729180 0.0006399561
296958534.5783175230 0.0014427149
225494691.3548562825 0.0005407031
320760749.1124375463 0.0004448530
227106100.0521021485 0.0004315997
247597605.1123824418 0.0018371591
226884563.2720250785 0.0000239084
283337019.3108677268 0.0004739571
226406173.4548625350 0.0003132165
282013502.9391018152 0.0209552948
236118313.1799254417 0.0007310031
229221717.0323671401 0.0007064538
228796302.2625813484 0.0011963952
223224354.0775702298 0.0006520860
238328529.8374843597 0.0002057603
230242201.7756948769 0.0006247463
246599568.7040369511 0.0010652442
225084423.3716582060 0.0006145363
230435541.4769231081 0.0003803911
221320324.4795545042 0.0007996141
229866474.9486403763 0.0026872259
227360195.4962425530 0.0013046740
229533653.1516983509 0.0002455172
220455476.5649120212 0.0010816343
247716090.9136403799 0.0002314293
229715299.9665869176 0.0006183987
222808839.2538424134 0.0004029701
228887800.9459254444 0.0007237870
242231577.8981837928 0.0003526002
221787604.5290379226 0.0009794315
230543002.7486900985 0.0018473485
222459193.2125862241 0.0013668924
224515952.5235225260 0.0009566822
219053241.5306745470 0.0010772612
237396200.0608470738 0.0008999425
224541978.7629788816 0.0010492542
233407837.5112137496 0.0006355229
213847263.0298038721 0.0046274513
214767160.4400112927 0.0042129192
229618463.9049908519 0.0098140742
213467903.1188343763 0.0046584399
214226989.8355747759 0.0023829953
212365616.0651918650 0.0052606178
221301672.9192536771 0.0022675385
215790100.0493810475 0.0055567616
215440503.2051248252 0.0075827782
214345465.9667706490 0.0046502850
214698637.3240348399 0.0044737090
213226769.6357693672 0.0059120233
219900271.2644042969 0.0053015162
214957688.5996494591 0.0051571592
213102417.1185542345 0.0047893341
216843377.4204414785 0.0061264405
210274883.8043462038 0.0055729660
211948366.9752984047 0.0063774037
197589672.2126756907 0.0036662618
189906444.4328408241 0.0059007061
190448002.9035852849 0.0082227210
200710340.4599115252 0.0072427360
194858890.0800839067 0.0058944551
183218547.5525078177 0.0047819985
184681128.9892150164 0.0042056020
196911195.7237396836 0.0088048535
184870879.1109559834 0.0054156405
181122448.3379392624 0.0028450898
182243449.8257416785 0.0022616754
192051262.6886968315 0.0012291265
183579058.3833645582 0.0024917673
182606807.0027708411 0.0027573569
187636587.4332698584 0.0043164211
184732453.2224459350 0.0009875688
182053144.0274531543 0.0028284504
182363035.8126968443 0.0028540178
181137343.3888313472 0.0024594650
187291562.2382507622 0.0014043997
182497212.5985812247 0.0029618403
185556295.0433202088 0.0027816876
181566678.0041652620 0.0027942122
184946074.5594151914 0.0029666981
187467408.7934422195 0.0030971366
188610759.7280895710 0.0016763995
188177210.2956621647 0.0029071667
183369949.5499972999 0.0028119962
181438633.6165027916 0.0029637166
182704285.5438567996 0.0013856192
185629355.2870278358 0.0030244672
189289049.0904163718 0.0043722832
188803280.4013516009 0.0028785599
189978931.6639805734 0.0043877480
188072575.7233756781 0.0033882891
185703563.9362949729 0.0024271895
182007763.4658451080 0.0026140586
185116986.8105050027 0.0017664219
187832883.6696115732 0.0031320392
186984672.8962887228 0.0021141694
187638017.3581224680 0.0030581892
187951858.5194432139 0.0020103041
183724484.0904644728 0.0025121567
185118831.4887167811 0.0070205352
185418025.4010364711 0.0032679421
189998190.7667317986 0.0023396297
190130717.9501798451 0.0029841076
195308053.9946221709 0.0042234282
188186892.1400260031 0.0037179684
190420316.9702818990 0.0030308185
188447921.6098641753 0.0030277944
182292090.6616322994 0.0068106027
182904217.2903812230 0.0014350669
191446509.2213123739 0.0024338822
181897009.6585418880 0.0028084350
186924386.0163044631 0.0047314759
180553024.4519157112 0.0027985815
183995840.3064005375 0.0044602774
187352293.9318480790 0.0032259457
176485328.1841189563 0.0004152270
180644306.5534859002 0.0004940881
176480540.3818468451 0.0004259988
175222384.9198571444 0.0002103620
174918601.5333641768 0.0001710857
175819377.4416724443 0.0001580177
175390746.3740558624 0.0001743197
175048987.2177849710 0.0000522426
176082061.7134802639 0.0001759569
177408428.9426088631 0.0002586823
174947227.4995014071 0.0001514191
186131996.1607333422 0.0002376586
174648980.9503285885 0.0001346521
176257426.6443461478 0.0001140319
177139686.6452004611 0.0001394692
176036115.4665529728 0.0000366751
175173934.1097497344 0.0002139242
175523724.6084267199 0.0001453873
174852006.2533660233 0.0000984783
176868540.9085298777 0.0001043824
176654354.7162572742 0.0000979116
176790547.3090643287 0.0001096696
176907220.4008139670 0.0001288424
174860387.8691677451 0.0000918257
174495663.9085532427 0.0001674847
185652474.1701732278 0.0002134178
176564350.9972292483 0.0001940349
176483245.8283237517 0.0001244009
174387122.6271131933 0.0001699417
171490338.8937830329 0.0000020003
171242638.2653999329 0.0000039112
171966337.0223070979 0.0000261614
171657952.8519876599 0.0000140337
169837075.0116816461 0.0000008603
170470682.2997812033 0.0000000031
169793670.1081236601 0.0000224375
169713562.8982889354 0.0000344769
171298631.4747296870 0.0000548252
169338127.3403395712 0.0000360819
168101148.6050212681 0.0000434038
169647633.8730870783 0.0000524112
169857095.9609476328 0.0000000003
168884993.0209317505 0.0000439604
167966602.0766151249 0.0000140725
168304489.7937525213 0.0000087634
169194899.6836554408 0.0000280037
169630776.9475834668 0.0000121225
168538218.1315977275 0.0000593466
170518419.8449835479 0.0000058089
167273168.7212304175 0.0000043726
167315815.3041680455 0.0000015037
167201805.1286278963 0.0002253140
168490231.0401811004 0.0003015089
166076916.5475970209 0.0002194503
166271615.2613540888 0.0001529514
167104313.1762113273 0.0002823932
166022301.5626031756 0.0001659444
169556158.4727447927 0.0000071001
167373902.5726568103 0.0001816504
166436881.2262763977 0.0004652372
166062188.5109836459 0.0001953402
167187113.0734294653 0.0000420709
166369035.3384178877 0.0001646566
169550649.0097910166 0.0004746856
165972450.0511710048 0.0001600163
166262260.0615408719 0.0001768506
165931564.0034824312 0.0001766542
169098430.0228756368 0.0000881312
167118537.7588734031 0.0001659868
166616408.0407797396 0.0000705658
167424535.2497073114 0.0001582393
167041716.8443747759 0.0000968414
165920335.0550363362 0.0002313326
166478707.4255768955 0.0005138369
166460829.2487104535 0.0003001010
165768307.3074057698 0.0002626426
165292983.7088876963 0.0002828980
167438480.4583973587 0.0003075456
166238876.2328303456 0.0002691217
169200986.4994722605 0.0003742547
166498638.6076185703 0.0002895351
168056230.6390720308 0.0007796063
166378784.5867105722 0.0001911500
167897581.1511747837 0.0001326695
165613129.6013214290 0.0002985074
166227085.5494849086 0.0007654331
166180708.6015690863 0.0002623184
169768070.0512279570 0.0003761289
165572354.6821651757 0.0002816478
167726532.9707850814 0.0004181277
165747748.7764551044 0.0002963012
166252953.5312790871 0.0002230146
166737253.9021745622 0.0001197611
169383643.6144875586 0.0000498229
165682518.5342899561 0.0003051627
169247115.4721536636 0.0002821210
165545125.6007668376 0.0003542578
168666740.6679910719 0.0003864312
165817341.6917093098 0.0002266209
168248175.7878872752 0.0001940126
165511550.9400164485 0.0002420007
169698986.4570282400 0.0003046966
165158398.0352546871 0.0003099191
165801615.0250092149 0.0000028269
165207313.0640015006 0.0003656443
165644465.8990441263 0.0005591961
165346600.6958660781 0.0002248241
165061125.1591459215 0.0006168291
165309200.2263608873 0.0007522826
167163572.4808828235 0.0008530190
164924382.7031176388 0.0007053652
165971251.7165973485 0.0004343218
165212890.2935372591 0.0008753004
166230251.0354886949 0.0006429078
164771342.7054319978 0.0008455101
166694463.4583129585 0.0003204898
165967214.0940172076 0.0007911071
164756077.3795312345 0.0004610929
164590067.5709461868 0.0005824375
169235976.6769086421 0.0004111442
164913595.1038486958 0.0005580470
169304806.3707291484 0.0008373295
165326380.6332586110 0.0005160224
164560805.2337553501 0.0009741869
164735350.5799539089 0.0008383549
166130965.9300792217 0.0005280588
164689157.0109052956 0.0007669782
168141214.4411219954 0.0021095908
164318964.8254418969 0.0009497287
167002441.4159698784 0.0006737905
164300500.8384761512 0.0009621844
167230021.3550837636 0.0011475187
164076548.6276194155 0.0008802933
165188147.5475275218 0.0008599755
164372745.3671101034 0.0011738975
164191951.0885705948 0.0003910372
164328805.4286928475 0.0009470105
163991596.7899570167 0.0005130172
164447608.6807106733 0.0005846580
166263797.5517541170 0.0008322755
164328363.9303296506 0.0004755260
168748317.6452991962 0.0002476264
164132790.0780933201 0.0005862552
168736126.1805373132 0.0001150347
164107214.7191276252 0.0004389822
164888127.7098671198 0.0006045027
164074150.6016116142 0.0005666898
163101247.8628130257 0.0000806073
163204054.3237309158 0.0001332707
163274727.8319550753 0.0000904608
165767936.7317433357 0.0000677022
163963995.2830061018 0.0004807109
163346121.5690971613 0.0000627692
165101866.1347752512 0.0000079229
163181705.6789100766 0.0000792646
164279336.4093959630 0.0001105986
163061241.7087365985 0.0000668179
163856417.9599471986 0.0001088886
164108618.2166707814 0.0000701769
164448946.8942817152 0.0002140516
163355631.1432918012 0.0000222282
165373264.1222256124 0.0002781342
163775735.7318070233 0.0000629059
163074552.4813106954 0.0000743292
164297657.0894644260 0.0000455908
163927342.0335696936 0.0000003090
163892459.3981352448 0.0000168894
164624735.3528499901 0.0001204797
163161573.3136237562 0.0000927064
163287210.9453177452 0.0000270376
164119530.3108417690 0.0000743125
165834552.6917701364 0.0001545575
163275751.8879004717 0.0000827742
163718132.0115680397 0.0000483244
163107915.5466737449 0.0000641900
163395221.9475042224 0.0001718104
164107658.8567145169 0.0000822830
163282360.7821115851 0.0000310669
164185910.0604677200 0.0000753990
162995813.7506498396 0.0000217136
165841644.5874718726 0.0000280590
165004476.6976253390 0.0000761152
166117377.9774187803 0.0000173775
163276034.7147729695 0.0000014095
162876124.0172815025 0.0000188299
163692542.2767914236 0.0000451093
166052500.9520808160 0.0000158557
164551394.5742928386 0.0000002061
165599754.6445453763 0.0000116700
163382867.7049489319 0.0000291726
165686507.9750124514 0.0000259597
163233536.8552436531 0.0000000589
166049864.3742597103 0.0000181489
163493824.4465508461 0.0000985413
163120751.0566196442 0.0000171545
162723503.8970971107 0.0000211971
163169586.3445956409 0.0000094585
164310498.9477768242 0.0000096363
162921171.6946157515 0.0000228359
163279049.2021437883 0.0000439930
166129217.1271187067 0.0000327594
163432522.8422224224 0.0000017208
162929628.7613789141 0.0000161265
165643489.1022488177 0.0000311889
162987159.1019296050 0.0000342913
166101573.2709878087 0.0000656017
162727894.0103821158 0.0000326191
162830380.4430831373 0.0000126141
166099591.4600483179 0.0000341607
165484915.6734346747 0.0000127326
162779653.5501012206 0.0000119622
167051867.4427383542 0.0000294962
162780571.8427169025 0.0000161250
164565367.5745542943 0.0000268311
166200333.0298215747 0.0000208945
163291301.5904507637 0.0000100881
163002534.9753017426 0.0000461346
162989314.8364058435 0.0000043912
165632675.2375975549 0.0000272559
163142378.4741208851 0.0000289550
162991248.7462660670 0.0000169195
166373228.1940523982 0.0000104000
162779521.3024258912 0.0000232611
164499978.5172518492 0.0000000171
166564015.2491186857 0.0000254241
164666472.2915615439 0.0000160886
162708308.4948862493 0.0000353160
165699933.3241729140 0.0000084399
165598357.1873406172 0.0000324642
163219941.7002397478 0.0000830072
165909432.9919619858 0.0000686482
166497673.9302485883 0.0000361209
166225400.8855656683 0.0000429870
165424823.5634970069 0.0000086663
163418734.6260007918 0.0000196218
162767800.2403880656 0.0001414445
166011358.9239728451 0.0000651955
164328359.6083410084 0.0000077178
166163336.2188695371 0.0000282084
165451887.8741338849 0.0000527155
162995592.8700445592 0.0000166212
166281412.7087684870 0.0001513868
162624468.9381020963 0.0000407406
165292336.1241783798 0.0001053253
166278118.1349601746 0.0000562978
163349054.8093401194 0.0000073699
165444087.7100383639 0.0000415108
166160436.0267710090 0.0000440710
162627854.4898519516 0.0000339049
166179388.4093716443 0.0000466655
165733374.8923549652 0.0000241111
162622374.6649025679 0.0000365979
165930516.5848225951 0.0000265689
162605878.2083582878 0.0000413200
162654115.8603383899 0.0000319267
165920382.9922575355 0.0000416253
165399368.8500910699 0.0000450161
162728321.5806210041 0.0000490325
163343728.5510592163 0.0000174136
166041024.3892973363 0.0000511329
165498294.6906830966 0.0000092596
166064414.1282685399 0.0000433072
165199798.2722485363 0.0000194069
162604634.6954551935 0.0000414553
163167977.7493786216 0.0000360905
162768695.8735177517 0.0000400792
162722726.3598150313 0.0000860205
162622521.2282498181 0.0000392424
163095858.6315824687 0.0000155921
163079278.9861071706 0.0000366908
163723009.0741197467 0.0000350805
165959364.3520529568 0.0000448595
163195697.0170638263 0.0000405487
162629619.8990553617 0.0000407897
165969589.8754093647 0.0000624803
162626290.2120099366 0.0000418106
165933968.2456576526 0.0000542828
162672153.2470489740 0.0000416394
163216659.5923047364 0.0000474594
162702686.1362533271 0.0000448141
162583187.3320426643 0.0000435494
162546876.5090729892 0.0000424051
165310994.6416186690 0.0000238179
165684170.7661716342 0.0000481793
165641202.5495941639 0.0000290761
165705631.9582777917 0.0000409566
165457582.0765012503 0.0000101827
165526760.8569591343 0.0000520389
162738050.4300611615 0.0000325930
165833705.3191824257 0.0000339807
162558925.5291630924 0.0000452935
162636924.9029254615 0.0000461994
162833364.9418984354 0.0000575943
162533343.5893154740 0.0000500829
165679601.8098703921 0.0000323828
165528605.8019943833 0.0000490891
163090749.5899003148 0.0000832701
162621072.9184314013 0.0000561891
165641113.5720388889 0.0000607062
162554541.9109133482 0.0000528408
162817218.8625396192 0.0000463120
165459515.1702005267 0.0000380472
162619485.3207508922 0.0000565010
162854240.3024723828 0.0000450476
165740660.7394545972 0.0000979187
165548814.5562050939 0.0000507209
163147715.6250315309 0.0001075675
162493324.7753824592 0.0000446189
164533866.4765235484 0.0000606423
162518761.5671575665 0.0000383659
162560315.0560356677 0.0000345479
165529476.9293735325 0.0000347468
164856449.2840085924 0.0000413948
165517496.4164761007 0.0000479222
162466996.0622134209 0.0000135103
162422555.5738032758 0.0000103961
163140319.3197838962 0.0000049290
162448085.7836655378 0.0000110078
165241886.9660851061 0.0000239393
162561114.9806314409 0.0000085185
163069972.6200997531 0.0000133051
162769021.0950723290 0.0000041147
162434503.3151921332 0.0000100043
162468717.2051127851 0.0000030541
165331244.8394207954 0.0000111541
162402298.2148631513 0.0000180579
162384232.2873772085 0.0000152327
162417170.9437122047 0.0000071465
162399161.7989937067 0.0000159429
162452724.8715330660 0.0000102647
162405788.5579719841 0.0000156930
162415808.8099955916 0.0000119911
162446558.7925267816 0.0000161523
162648862.4479958713 0.0000184934
165251134.6145175397 0.0000161357
162843803.6172483861 0.0000129917
162397271.2485317588 0.0000137614
164927884.1632362604 0.0000179953
162409276.4883652627 0.0000164776
162824827.5788751841 0.0000343143
162406019.6708266735 0.0000160398
165296540.1318548322 0.0000125212
162465156.1533533931 0.0000154300
162497515.3109827638 0.0000106936
162564038.6761831939 0.0000151811
162563081.9285141230 0.0000203603
162538885.2953927517 0.0000194202
162809799.8531110585 0.0000122584
162554875.9296620488 0.0000160180
162714467.7283203900 0.0000084052
162400228.1989114583 0.0000139621
165139961.9566408694 0.0000158316
162388921.4689993560 0.0000191391
165140425.9365748465 0.0000156324
162474663.5372333229 0.0000136707
165145514.9950337410 0.0000155322
162403352.7631699741 0.0000168670
165157509.0656609833 0.0000146004
162405149.4482049346 0.0000145297
165151034.7994822860 0.0000150038
162453651.8726010323 0.0000149554
165147128.9080828726 0.0000153418
162401980.7926917374 0.0000152875
162415452.8970233500 0.0000170191
162556055.8589613140 0.0000115483
162383758.6543238461 0.0000148364
162499173.4774364829 0.0000120724
162387129.5125994980 0.0000138731
162455091.7979049385 0.0000179296
162401385.4326274693 0.0000148579
162492093.4893000722 0.0000156512
162415941.8838990033 0.0000144911
165220358.1773984432 0.0000138835
162404851.4980889857 0.0000131999
165246954.7563308775 0.0000141374
165226884.5742865503 0.0000157454
162385971.8635399938 0.0000140311
162391340.5912815928 0.0000141379
162410085.7621584237 0.0000146771
162396758.6548300385 0.0000136852
162382334.6663013995 0.0000144164
164989887.3245915473 0.0000145765
162387002.3787497282 0.0000142851
162456076.9189903438 0.0000144576
162392231.1670818329 0.0000146126
162460313.8150546551 0.0000179440
162395831.9086022675 0.0000145228
162423597.4965829849 0.0000113185
162398025.8618584275 0.0000146411
162434097.6729346812 0.0000145329
162385250.9816804826 0.0000140655
162442174.6497950852 0.0000132821
162391515.2750510275 0.0000148496
164985173.5018854737 0.0000139307
162384125.4150430858 0.0000143519
162515020.9057504237 0.0000143516
162405852.6409712732 0.0000142943
162426758.0643938482 0.0000165191
162402125.3151561022 0.0000145042
165004171.9305950403 0.0000139797
162381054.0239719152 0.0000142382
162481624.3823555112 0.0000142199
162398970.9444695413 0.0000142156
162562080.2336432338 0.0000147485
162429551.7477804124 0.0000135561
162395941.1238786876 0.0000140730
162414258.2136220634 0.0000138506
162380320.3448486030 0.0000141344
162413248.8191301227 0.0000134466
162408932.0752063692 0.0000139067
162407568.2683332860 0.0000144625
162405211.5027084947 0.0000143918
162398636.3352602124 0.0000143202
162377697.5977028608 0.0000140251
162400820.6150183678 0.0000137186
162403477.9955073595 0.0000141324
162433445.6024500728 0.0000157956
162407461.1607851982 0.0000138950
162383942.4150593579 0.0000141810
162385815.9762299657 0.0000142711
162415046.7664002180 0.0000131963
162392373.5339171290 0.0000139060
162391813.5216852427 0.0000139567
162388057.2186093330 0.0000141094
162382058.3207614422 0.0000134554
162390465.4512745142 0.0000132506
162394326.7642289400 0.0000147059
162389943.6175374389 0.0000141255
162383446.3769054115 0.0000138808
162406943.1200154126 0.0000139277
162399620.4248461723 0.0000134329
162405097.6301869452 0.0000138495
162409213.5121527016 0.0000146827
162390487.5134198964 0.0000144938
162389913.9416103363 0.0000144848
162406288.0108050406 0.0000140532
162390317.1666196287 0.0000143389
162409103.0900173783 0.0000139521
162407395.0662664175 0.0000140331
162407005.5216013491 0.0000137843
162401117.7229674757 0.0000121775
162380136.9278336763 0.0000140919
162398957.9066339433 0.0000134725
162406500.3526053429 0.0000136272
162419655.0941062570 0.0000145385
162384497.3577090204 0.0000143641
162387021.1062963307 0.0000134510
162381551.5103030205 0.0000127119
162376027.4804301262 0.0000145533
162381245.9347122908 0.0000144256
162396944.8862170279 0.0000143489
162376159.3485553265 0.0000145386
162392197.9676693976 0.0000143414
162380371.1876253784 0.0000145516
162384176.4103907645 0.0000146297
162405563.1432875395 0.0000144623
162407061.9864408672 0.0000148238
162377067.3551748097 0.0000145233
162403257.0455621779 0.0000138806
162376824.1667796671 0.0000146716
162379735.5328823924 0.0000144634
162383642.8936210275 0.0000145201
162387673.6918615997 0.0000149699
162402956.1750909388 0.0000144871
162389129.6593318284 0.0000146200
162378184.9470721781 0.0000146181
162385647.8232824802 0.0000145603
162390203.8735040426 0.0000145897
162400495.4968325794 0.0000145586
162377477.7459902465 0.0000143387
162383494.3453838527 0.0000147632
162404347.3511290848 0.0000145337
162391013.1892699301 0.0000144961
162385818.8920569420 0.0000147782
162387440.2198813856 0.0000145877
162382256.3652059138 0.0000147576
162399827.2676053047 0.0000142636
162400339.3393182755 0.0000144790
162393657.7951996028 0.0000148975
162387255.4830830097 0.0000145675
162386914.3890588284 0.0000144423
162379222.3072838485 0.0000145655
162384213.8827193081 0.0000141150
162377744.7803312242 0.0000146651
162397268.4907343090 0.0000144419
162395301.6237463653 0.0000146558
162377361.7506035864 0.0000146846
162376906.4702050388 0.0000145390
162382466.2774771154 0.0000153150
162375736.1068765521 0.0000145426
162397406.8016965389 0.0000153640
162397741.8850579858 0.0000147094
162387646.9382998049 0.0000139357
162406432.3324398696 0.0000145507
162380978.4586272538 0.0000142828
162404436.3838454783 0.0000145083
162378286.1096768677 0.0000152383
162380457.0900064707 0.0000146850
162399371.4305357635 0.0000146827
162379268.0342810154 0.0000145560
162402034.6395552456 0.0000145023
162382104.4163033068 0.0000142521
162401061.1607306898 0.0000141024
128416296.0000000000 0.0000141024 1 0 0 0 0 0 0 0 0 0 0 0 0 0 0 