468746890.7659820318 0.0000400109
443671651.4097116590 0.0000374572
450063515.9230194688 0.0002213610
492985675.0897071958 0.0001311806
484150056.2172698379 0.0001088199
512781204.2831891179 0.0000042257
469465130.2123078108 0.0000962512
454467484.0857896805 0.0000494907
487351264.5539976954 0.0001220826
490023286.1398931742 0.0000823573
524270558.2254936099 0.0000079335
413559920.4338735938 0.0002818798
509657843.0227677226 0.0014646187
423202014.0572111607 0.0000476815
406334899.4684392810 0.0000273675
429896880.5608901381 0.0000145876
452138472.7979804873 0.0000158229
358235110.8142983317 0.0000927213
327708024.2975506186 0.0001190806
334665616.9192278981 0.0000890574
308610095.2221778035 0.0005638400
319843582.8033100963 0.0007531520
361966106.6759606004 0.0007420328
296854363.3197671175 0.0008836873
292126689.9499154687 0.0014285498
358311535.4405242801 0.0005164727
375852325.1223624349 0.0004055728
337342212.5565139055 0.0088815621
331415405.6598230600 0.0000075546
254159240.6152704060 0.0029383239
264953353.9721949995 0.0015662113
193596803.4434867799 0.0014495525
234879552.1168839633 0.0004069010
206047322.6352479756 0.0012894315
177433135.0128093064 0.0000998413
196838805.6537865102 0.0001180866
174547443.8807744682 0.0014102504
183552988.4100164473 0.0015158810
236876726.9657458067 0.0000011496
179958912.5624233782 0.0025940563
172724520.2655349672 0.0005190064
169169091.3607871532 0.0005527426
221008753.7678278387 0.0004514309
177923731.0424945056 0.0003829743
170327936.3380402029 0.0004979717
171947292.3018939197 0.0006726079
168614695.1143157780 0.0009902512
171124801.6757801473 0.0009013070
174672565.4834668338 0.0003180259
171592992.5345462561 0.0008851612
158899755.4889031649 0.0004918821
157373487.9752927125 0.0005100450
244678668.1015330851 0.0002928854
152376167.7070460021 0.0005543368
164732633.7441209257 0.0005370080
145072015.4880734980 0.0006005562
174070781.2008800507 0.0000473103
151304879.4928747714 0.0007162531
163923472.9046717286 0.0023502469
157033901.9292637706 0.0009273441
176027534.2637743056 0.0028163552
168595028.6390345395 0.0004832669
170448243.1083505154 0.0053882716
163952146.2255230844 0.0001609668
192698014.5698140562 0.0000541286
149837673.8835558295 0.0002857060
158816494.7130573094 0.0006105327
145704941.6851702631 0.0008765918
261225076.6149781048 0.0000660747
164343611.7344458699 0.0009949518
148920170.1661199331 0.0003816772
153821982.6500843465 0.0004544386
160599472.2775382400 0.0017495218
164527606.3122901917 0.0000177637
163925139.8829444051 0.0004792957
149785106.6391306818 0.0005412355
160649397.9256117642 0.0003915155
150070653.3634833694 0.0006065298
156846791.1380426288 0.0013828699
166896898.2978382111 0.0005654645
185880646.0194347501 0.0047095526
159059599.2810905278 0.0001216535
164915191.2111317813 0.0001092909
152026543.4208360016 0.0014009175
179298612.6523675323 0.0005406476
157247472.7728141248 0.0004149907
208673320.4115098715 0.0016137463
164966115.6330219209 0.0001720156
175611196.9245395660 0.0002146246
154846443.5353908837 0.0006004463
174528467.1915337145 0.0010017222
164703866.2910681367 0.0005638504
153299216.8838996887 0.0009754544
153618598.7564774752 0.0000907189
151042318.6457372904 0.0001113778
147008464.8984360695 0.0003818771
149210878.1908801198 0.0006845628
145186935.1920767426 0.0001929581
150488282.2686652541 0.0009461933
145011356.2948548794 0.0006023646
144752862.8638815582 0.0006707899
143588153.2889888585 0.0008851884
144785403.0966504514 0.0006925542
147222317.7543414235 0.0000067888
145435214.5258556008 0.0008460308
143451297.5273961127 0.0029265338
149868403.4757612646 0.0027176800
145906911.4088519514 0.0026846389
148462714.4893779755 0.0029141482
159275793.0769413710 0.0054699066
145208704.2986850441 0.0029466592
153500602.1544889510 0.0030205365
146106571.1167379916 0.0028844618
149893219.8788011372 0.0036671575
143890687.3294939101 0.0027642604
162915911.3315100968 0.0026177856
144271735.7252059281 0.0021576947
144474730.7301714122 0.0033626189
143187871.0569918454 0.0027109104
144183332.0557078719 0.0027045047
144422397.6543103158 0.0028556520
150288952.1930880547 0.0030126500
148733606.7455550432 0.0026731546
179793365.7579889596 0.0021526513
144420628.6506948769 0.0026220909
143838437.8137336969 0.0027446886
152796096.8932940066 0.0025816302
151457160.8824766278 0.0017764017
144031929.6444408298 0.0028931094
147032256.4012729526 0.0029997630
148778693.1440322101 0.0027084329
146325502.3589745462 0.0023398146
146586564.2196927667 0.0026247043
145381910.3948436677 0.0004534860
144167570.3939677477 0.0037944751
145956445.4877674878 0.0026925199
143184657.8121195138 0.0028275530
180064469.1195611060 0.0025780014
151171489.3373028338 0.0034173324
143253719.5881286860 0.0024448876
147976995.3340872228 0.0027943884
145832959.3800918460 0.0030339398
143782879.6347278059 0.0028020705
150205117.3941204250 0.0024750090
148633138.7186965048 0.0027601594
143793204.8368844986 0.0033468047
142751652.6048797369 0.0032185264
143673746.6219541132 0.0029889748
147687832.4736749828 0.0031422474
144999309.2236171663 0.0033252975
144432159.2212542295 0.0032809080
144741962.6948468685 0.0033412855
142878016.0124352872 0.0033712014
154197937.5712077618 0.0046623938
149133487.7790110111 0.0031609178
148657149.6736680269 0.0029168538
148677903.6131677926 0.0032605046
150741805.1645516455 0.0030605768
142800433.9573731124 0.0032301345
143354346.1231544316 0.0038033840
144486732.8209123313 0.0033068350
146459575.1503932178 0.0031120304
143871113.2895635366 0.0033036680
146755929.8685437143 0.0030585873
147703077.5503623486 0.0031680453
147700700.3487663567 0.0030096122
144396961.1049700081 0.0034185277
146679814.6546438336 0.0030103226
148255383.4653867185 0.0031831573
144189801.7909014225 0.0031964114
143918050.4787121117 0.0031802968
147498944.4686942101 0.0031639648
143097542.7998408079 0.0032532618
151263423.7072328031 0.0033505921
143467577.2545821667 0.0030896346
145023334.1244443357 0.0026110567
142543541.1032784581 0.0032898961
147037456.1385152936 0.0046970781
148894570.2708282173 0.0032915925
147567340.5746171176 0.0031143372
143502464.6681593657 0.0038135397
145071637.1709825993 0.0036584956
142958372.4234267175 0.0036218303
143150339.5548553765 0.0031324915
148612895.0160500705 0.0032735091
145918178.8201553226 0.0028589119
148178766.5219555497 0.0032920671
144427619.5686741173 0.0030172182
142417180.7235891521 0.0033771748
144103499.6760085821 0.0033964969
143220395.7929928303 0.0034523856
144303968.6417910755 0.0031207000
148172137.3058093190 0.0034208372
146358893.2498071194 0.0034899159
143664073.0223513544 0.0034097159
145320273.7142446637 0.0031295344
147876101.4087617993 0.0034093185
147923483.8148834407 0.0032091123
148615457.0639176965 0.0033419212
143538422.2605190277 0.0039673766
148453183.0515221357 0.0034159774
144920275.5656155348 0.0033387582
142557519.2395786941 0.0033739845
148599994.9703363180 0.0037152622
142552646.3286902606 0.0033599832
146918120.1272018254 0.0029794406
148627757.7638811767 0.0033036424
147142351.7473779917 0.0032900399
148212153.2282959223 0.0033551035
147642614.0515366197 0.0032956371
148982114.0006166101 0.0033692893
146404503.9980438352 0.0036070448
143928885.0887914300 0.0034072136
144961740.4924360812 0.0033990166
142572920.1235039234 0.0033131555
148234553.3199506700 0.0033213268
143813861.0225745440 0.0035489001
146496966.4027899206 0.0034314411
142623737.7351416945 0.0034752268
142947944.3272151649 0.0033858548
142911937.0867185295 0.0031650858
144072294.2200849354 0.0031239774
143039933.3665377498 0.0034356701
146863565.4928926826 0.0033487200
148389843.6875411570 0.0036067930
147712657.2920477092 0.0027699563
147120172.3331248462 0.0038169127
147794912.1438130736 0.0034120265
148343363.5684949160 0.0033839813
143782530.4159448147 0.0032844698
142415116.2661342323 0.0033612571
148679252.5694188178 0.0030979646
148249458.7534321845 0.0033485040
143337337.6114611626 0.0036386598
143029932.3223086298 0.0034410969
142370342.1001419425 0.0033147496
143154250.1191201210 0.0033330812
148697383.3161558807 0.0033079431
142910745.8653518856 0.0032652930
148829644.7462615967 0.0033456336
149016676.5400586128 0.0032766570
142615618.3238322437 0.0033176075
142445120.3513543308 0.0033805562
148856484.0004675388 0.0033013018
143566710.2035506666 0.0033039848
142392968.9929458499 0.0033061759
148869819.5213444829 0.0034013424
142261430.6664645970 0.0033314162
142707587.1203960478 0.0033228834
148540512.9643055797 0.0033126203
148487907.9067554474 0.0034085593
148700673.2607244849 0.0033355724
143493412.8023376465 0.0034260193
148800811.2903118134 0.0033286985
143045897.0396015942 0.0032654845
142448912.2978072464 0.0033247966
144082247.2021656930 0.0033025897
142253966.4701213837 0.0033011253
142310102.1806888580 0.0032220956
148653122.9821700156 0.0032847413
142825886.7581627667 0.0034407374
142576266.9422101378 0.0033202514
143622152.9682867229 0.0032056510
148321207.4426278770 0.0032737943
142711533.5474146903 0.0031447385
142291512.3447808623 0.0033136278
143491385.2800695300 0.0034033306
142251252.4439624548 0.0033063862
142528652.1161908209 0.0032550001
142215473.1950118244 0.0033215254
142684632.3709817529 0.0033733251
148733779.1133612394 0.0032853504
142939882.3099122345 0.0033089642
148827145.8346530795 0.0033203116
148422827.8901352882 0.0033817153
142856828.4554870427 0.0033224969
147802461.4740840495 0.0031788267
142313220.2478559315 0.0033413824
142852535.8918206394 0.0034023176
142243781.0397467911 0.0033362594
148919072.1419812441 0.0034723387
142257499.4671781659 0.0033232517
148824791.5004018247 0.0033451089
142348883.5640982389 0.0033090699
148118503.1815360785 0.0031645493
142234570.6015464067 0.0033249782
148115777.6513937116 0.0031647934
148632822.7608640790 0.0033311753
148839813.6904776394 0.0031806630
148405409.4645543098 0.0032918358
142201526.6792063117 0.0033241562
142258574.2248156369 0.0033721272
148778091.2754115760 0.0033228428
142352096.3935124874 0.0033506600
148840668.6241374612 0.0033323948
142638521.7441753745 0.0032923577
142216387.4269219339 0.0033305782
142198200.3371927738 0.0033787606
142204973.6623704135 0.0033882976
142981963.2688873410 0.0033613134
148609216.7129979134 0.0033496572
142489567.7330109179 0.0033934558
142309456.3520403206 0.0033820697
142178232.6533574462 0.0033543074
142194959.4412293434 0.0033560164
148579738.7416954041 0.0032851315
142332230.0236248672 0.0033550510
142399159.0032420456 0.0034319634
148686978.9846083820 0.0033511765
148849442.1713997126 0.0033453998
142112609.8578902781 0.0033924272
142118657.9237628281 0.0034075904
148758267.9664676189 0.0033924707
143095067.7790437937 0.0034466879
148725827.7602109909 0.0034037018
142353856.7630313635 0.0033785325
142113066.8106451333 0.0033845306
142444401.0246338546 0.0034201314
148758108.5322721899 0.0033810124
142185995.0612769127 0.0034243649
142232882.3111882210 0.0033931169
142481134.9293127656 0.0034130532
142190890.4433065951 0.0033788829
142572341.8668705821 0.0034770766
142115659.7854412794 0.0033825062
148270762.0846098959 0.0033968528
142127019.3195517063 0.0034086551
148735326.4213821888 0.0034193218
148702797.1562587917 0.0033896977
142146673.5821124017 0.0034400052
148756723.8040833771 0.0033948677
142158102.4949681461 0.0033960201
148808701.7266249061 0.0034059462
142124970.6521971524 0.0033923275
148661872.5724448562 0.0033629419
148774203.7919405997 0.0033889833
148582554.1192767024 0.0034028514
142116504.4918309450 0.0033771236
142658573.2523617744 0.0033946187
142117720.8173517287 0.0033961351
142155003.5429616570 0.0033946247
148745256.7722765803 0.0033896478
142142892.7745001912 0.0033901016
148758368.3238784671 0.0033899029
142505611.5653061867 0.0033854874
142124572.8685837388 0.0033942886
142270918.0249513090 0.0033885670
142125642.1307229698 0.0033958329
142170755.2518351078 0.0034034436
148765734.6745150685 0.0033964214
148749510.2207154930 0.0033961368
142125389.4214131832 0.0033893540
142176231.4044464231 0.0034188080
148726784.7082723975 0.0033972298
142164796.8977076709 0.0033748103
142118552.8476635516 0.0033980952
148650223.6027366519 0.0033891517
142136450.8720129132 0.0033966549
148756996.6851886213 0.0033921241
142191470.1904096901 0.0033926815
142129066.4697039723 0.0033937085
142151984.3740791380 0.0033891160
148719062.0480976701 0.0033859048
142237108.9068001807 0.0034005795
142147128.3368457258 0.0033958108
142187676.9268341362 0.0034070637
142129627.7204700708 0.0033972498
142113608.0092926323 0.0033824837
148754320.8747766614 0.0033934243
142328833.5421960950 0.0034002985
148756363.5777535141 0.0033948447
142204017.4290143251 0.0034015077
148762209.3573821187 0.0033890141
142146461.9822523296 0.0034093364
148769843.9417136014 0.0033958923
148750720.6571515203 0.0033806350
148732703.7691375613 0.0033966952
142135637.5099738538 0.0033980576
148761046.8047726750 0.0033918492
142156437.0650823116 0.0033923843
142111663.9177820086 0.0033915836
142163706.1267532110 0.0033856293
142123544.1173626482 0.0033918063
142120320.6983816922 0.0033904453
142104326.8032750785 0.0033922787
142137860.0682126582 0.0033956432
142129530.6869027317 0.0033913487
142213887.6032091081 0.0033987222
148765823.8720837831 0.0033944757
148755468.8397062421 0.0033949038
142109615.3446687758 0.0033919653
142200213.0797413290 0.0033880844
148749736.8351967633 0.0033915613
142158504.7759963870 0.0033944591
142112081.3692627251 0.0033932779
142117532.0324805081 0.0034008292
142111380.4378719032 0.0033921453
142127355.8039717972 0.0033928523
148760674.0293158591 0.0033920172
142101371.6231904626 0.0033931809
142106373.8867058456 0.0033924626
142123596.0054770708 0.0033943388
142097847.9561296105 0.0033932223
142202459.5564008057 0.0033960827
148745065.5923507512 0.0033955326
148727193.1866933703 0.0033867178
142111621.7146505415 0.0033941630
148724694.5556184351 0.0033872253
148746258.2321176231 0.0033925861
142166120.8208239675 0.0033973800
142108428.8443587124 0.0033925322
148664560.8730428517 0.0033916355
142115192.4881411195 0.0033924061
148750581.5517230928 0.0033788716
142111296.2226175666 0.0033936486
142141684.4512253404 0.0034101715
142099141.2172385454 0.0033930017
142141050.3477914631 0.0034102257
148746605.6664758623 0.0033943771
142133245.4433310032 0.0033957603
148737890.7583086789 0.0033936775
142159962.4567493498 0.0034030454
148727950.0253690481 0.0033948811
142143360.9770104587 0.0034010556
142095704.5953981876 0.0033945000
148722858.3802239001 0.0034067164
142181013.5827505291 0.0033956900
142110475.0504049957 0.0033955405
148747508.2693143487 0.0033943924
142105000.2410649061 0.0033973070
142099678.6681404114 0.0033949607
148735960.9400957823 0.0033930244
148743771.4289806187 0.0033940673
148726623.9641128182 0.0033970378
142100063.9890629351 0.0033950233
142107744.9595891833 0.0033954930
142103023.8261935115 0.0033948716
142097241.6952832937 0.0033925135
142109657.8272511959 0.0033947877
142133634.0929085910 0.0033973227
142095938.4833819568 0.0033934703
142135529.4772412777 0.0033931228
142096644.3580659628 0.0033939568
142102939.7400620580 0.0033930333
142095849.7341488898 0.0033944439
148749307.1246705055 0.0033944308
142099274.5983358920 0.0033948617
142124711.8107151091 0.0033897167
148738520.0593594909 0.0033940157
148744698.0234805644 0.0033919007
142098135.0203412175 0.0033945295
142141210.7609908283 0.0033969205
142098765.8176564276 0.0033938841
148731982.8564544916 0.0033934252
148746301.7593162656 0.0033951736
142111715.2201715410 0.0033928956
142102170.4192890823 0.0033948383
142095584.9164443910 0.0034004373
142092216.8122659922 0.0033990938
142092246.6332500279 0.0033971587
142093455.5507242084 0.0033978583
148734211.0061821938 0.0033999812
142105725.3017847538 0.0033991541
148732192.1054879129 0.0033955944
142104704.0008541346 0.0033992772
148736861.1110650301 0.0033975697
148737218.7774644494 0.0033980518
142162944.0315980911 0.0034003799
142091865.3157199323 0.0033984524
142106733.2983058095 0.0034021711
148739561.2530197501 0.0033982230
142142894.0408198237 0.0033974716
148742569.0672608912 0.0033983485
142095947.5415343940 0.0034008848
148743668.6260391474 0.0033983414
148746242.2905940711 0.0033988225
148734124.0964436829 0.0033981858
142115404.3211773336 0.0033988296
148736707.5965379775 0.0033973956
142120252.9082365930 0.0034024300
148704179.6710140407 0.0033956683
142098533.5698511899 0.0033992287
148742666.2819270194 0.0033995401
142102561.9358773828 0.0033967216
142095848.5909738243 0.0033986689
148743989.6587198973 0.0033967895
142092512.8684753776 0.0033982278
142096036.1573740244 0.0033970959
148742052.1128796637 0.0033983479
148732734.6850763559 0.0033970409
142093460.7382205725 0.0033984526
142103184.1116500497 0.0033977587
148742923.3803423047 0.0033981329
142092027.7075899839 0.0033985045
148744338.3808949888 0.0033981636
142105009.2151329219 0.0033973965
142093466.0744846463 0.0033985841
142105036.5106036663 0.0033983432
142091508.6497580111 0.0033987655
142102109.3910012245 0.0033980617
142096876.8856932521 0.0033977800
148725502.0042559206 0.0033983058
148745545.3903711438 0.0033986932
148730680.7611917555 0.0033982099
148741539.4718174338 0.0033985550
142120109.7736448348 0.0034009658
142091414.4935458004 0.0033982111
142115208.7659371793 0.0034005236
148740307.4419676960 0.0033985497
142112212.3775804639 0.0033958580
142091669.6429998577 0.0033980396
142090881.4406057000 0.0033976955
142092050.5666911304 0.0033977452
148744819.4704188704 0.0033958862
142090115.5731036365 0.0033979995
148741150.2264455259 0.0033964861
142090839.7207740545 0.0033984305
142091028.8273215294 0.0033978471
142092572.3682238162 0.0033979813
142120633.2859678268 0.0034006061
142094634.3800232410 0.0033982524
142105590.9062051773 0.0033996222
148742507.9120261967 0.0033980377
142106906.4688258171 0.0033975677
148740686.8408860564 0.0033985085
142108218.1980924010 0.0033969096
142095857.8292296827 0.0033984997
142101608.1736837626 0.0033976556
142090500.7453474700 0.0033979404
142093381.5009674728 0.0033996383
148741341.7869085670 0.0033973736
142103747.8881939948 0.0034009727
148742526.0944341421 0.0033979824
142094154.3599295318 0.0033974478
142089470.2342109680 0.0033980554
148723954.1327086389 0.0033996404
142092203.7221091092 0.0033982678
142120878.0819739401 0.0033982750
142092627.5743444264 0.0033982764
148730818.9122995138 0.0033999950
148740955.5309431255 0.0033978354
148741571.3294614553 0.0033995593
148739532.1994977295 0.0033985097
142090311.5436964929 0.0033979420
142093241.7712622285 0.0033973309
142091000.6428844929 0.0033979667
142091491.0715801418 0.0033974526
142089332.3981409073 0.0033981415
142089537.3469722271 0.0033985621
142090789.5532532334 0.0033980593
142093646.3984913528 0.0033976342
148742338.2254918814 0.0033986704
142095284.7393221557 0.0033968124
148744225.5762438774 0.0033981225
142094400.1061691642 0.0033982390
148744997.3233644068 0.0033980456
142098077.2929963470 0.0033985699
148745042.9817385972 0.0033980040
148743005.4046429694 0.0033983596
142091256.1484944224 0.0033981320
142101967.8402204514 0.0033993591
148743793.5225896239 0.0033983488
148744340.1292926967 0.0033985349
142089634.5815532506 0.0033982971
148743615.6086564958 0.0033981041
148745531.0503745675 0.0033979092
142096143.6308401525 0.0033984105
142090368.1485117972 0.0033984036
142090948.0561792552 0.0033973156
142089175.8937796950 0.0033981212
148745469.0736876130 0.0033982028
142092600.0755007565 0.0033978181
142089478.3567410111 0.0033982477
142089461.4810183346 0.0033979888
148744940.0128732324 0.0033979643
142088955.5460091531 0.0033987108
148745443.2709473372 0.0033986600
142097157.2498019636 0.0033986948
142089598.5605234802 0.0033987625
142090886.5406660438 0.0033982462
148745695.3157262504 0.0033985159
142095384.6375186443 0.0033991699
142089871.8202250004 0.0033987621
148744365.9476521313 0.0033987797
148745919.0327326953 0.0033986843
142093376.3524894714 0.0033981715
142089842.8326759040 0.0033986397
148744675.8404483795 0.0033989678
142088929.0837453306 0.0033986810
142090007.0561208129 0.0033989182
142089867.6064839661 0.0033986800
148744447.7676026821 0.0033985836
142090167.0654041767 0.0033987423
142094348.9039110839 0.0033993303
142088834.8059386313 0.0033986016
142095818.8582444489 0.0033983347
142088902.0502491295 0.0033986640
142095081.1353790462 0.0033988192
142089371.9621410966 0.0033985774
142090026.4371811748 0.0033983740
142088659.2189483047 0.0033986557
142090636.9276566803 0.0033991509
148745288.2950740755 0.0033986266
142091271.6705518067 0.0033988638
142089363.0536668599 0.0033987096
142089546.5988433957 0.0033984903
142088706.3033499122 0.0033984946
142089195.8631068766 0.0033986040
142089775.8392956257 0.0033988980
142090506.1796514690 0.0033985332
142089723.6916275322 0.0033988089
148745194.1362186372 0.0033985497
148745792.8418800533 0.0033985963
142092174.1233014166 0.0033991993
148745104.0183430016 0.0033981712
142089284.1721071601 0.0033988808
148746040.7150539160 0.0033986752
142088996.1891305745 0.0033985718
142088554.4838651419 0.0033986695
148745989.9175007045 0.0033985377
148745881.3954576552 0.0033986352
142089446.4766909182 0.0033989107
148745769.0149648786 0.0033986428
142090027.6252815127 0.0033986706
148746155.6073945761 0.0033985949
142088975.4441894293 0.0033988962
148746254.6488107741 0.0033985530
142088921.6564213634 0.0033987112
148744998.6078341305 0.0033986280
142088881.0145557821 0.0033988365
142088571.3123833835 0.0033986168
142089246.8524618447 0.0033988500
148744886.1927604377 0.0033987071
142092747.5466660857 0.0033988269
148746183.3744447529 0.0033986787
142091375.5434829593 0.0033984621
142088513.1757590771 0.0033986304
148744712.6242919564 0.0033985964
142092064.6821240187 0.0033986389
142088986.3776683807 0.0033985688
142088880.6011415720 0.0033985759
148745990.9983671308 0.0033986876
142088646.0893651247 0.0033986424
148744927.6425451934 0.0033985977
142088569.7701731026 0.0033985839
148745484.0145281255 0.0033985178
148746081.9900051653 0.0033986326
142089727.6024728417 0.0033987580
142088537.5449964106 0.0033986187
142088969.6206860542 0.0033985797
148746075.8396161199 0.0033986462
142088817.3657307327 0.0033985555
148746141.3048031032 0.0033985962
142089719.5049125552 0.0033985971
142088625.8466131985 0.0033986412
142088697.2926028073 0.0033986662
148745915.5660725236 0.0033986279
142088936.0573853850 0.0033987163
142088892.5570751727 0.0033986495
142089829.8765186369 0.0033985548
142088845.4438451827 0.0033986418
142090080.6968230307 0.0033986733
148746052.8083199859 0.0033986342
142088682.8818826675 0.0033986194
148746134.5497809947 0.0033986413
148745998.3617205024 0.0033985626
148745809.8692525327 0.0033987335
142089092.4018256664 0.0033986801
142088661.5539092124 0.0033986491
142088568.9081923664 0.0033986128
142088556.3715429008 0.0033986362
142088902.7200568914 0.0033985831
142088532.6636996567 0.0033986291
148746126.9976081848 0.0033986459
148746136.4210067391 0.0033986312
148745538.1669345200 0.0033985963
142088525.9160278141 0.0033986459
148745983.5996055305 0.0033985817
142088593.8124561608 0.0033986284
142088699.6801425517 0.0033985848
148746145.4746780396 0.0033986225
142088951.8591698110 0.0033986445
142088500.0925154090 0.0033986490
142088566.3010224104 0.0033986422
148746110.0600995719 0.0033986494
142089180.1142927110 0.0033987017
148745965.3903007209 0.0033986397
142089142.0042822361 0.0033986666
142088489.9696086645 0.0033986536
142089032.3786718845 0.0033986880
148745993.2435610890 0.0033986618
142089182.6147918999 0.0033986481
148746176.6328995824 0.0033986581
148746160.8079454899 0.0033986367
142088562.2759380341 0.0033986788
148746141.2660644054 0.0033986826
142088500.8392168880 0.0033986488
142088852.5255550146 0.0033987091
148746059.8562237322 0.0033986471
142089073.7971381545 0.0033986742
142088574.9435363412 0.0033986709
142088488.5725159943 0.0033986869
142088667.0089839101 0.0033986679
142088601.0466511548 0.0033987145
142088559.4511598945 0.0033986889
148746211.5085282624 0.0033986481
142088579.9501325786 0.0033986705
148746090.8227415383 0.0033986588
148746233.4501027167 0.0033986876
142088755.2084122598 0.0033986442
148746129.4420732856 0.0033986794
148746240.8771680593 0.0033987029
148746102.8056813180 0.0033986787
142089359.9830878675 0.0033987324
142088523.2950235605 0.0033986947
148745878.2021471262 0.0033986573
142088484.7644984424 0.0033986843
142088806.3621439040 0.0033987196
148746283.4442187548 0.0033986633
148745945.2954443991 0.0033987368
142088567.1475917697 0.0033986967
142088978.6814740896 0.0033986586
142088608.9813033044 0.0033986791
148746295.8505962491 0.0033987249
142088691.6451475024 0.0033986958
142088488.2437951863 0.0033986545
142088501.7468289435 0.0033986836
142088976.0369097292 0.0033986453
148746170.5241610110 0.0033986845
142088989.8440619707 0.0033986564
148746099.0210855603 0.0033986719
142089177.8311028481 0.0033986990
148745929.6599273682 0.0033986321
148746207.6127390862 0.0033987068
142088493.6048564017 0.0033986866
148746157.2670567930 0.0033986724
142088492.0967652798 0.0033986907
142088600.5437568724 0.0033986768
148746248.1209021509 0.0033986835
142088712.5035710335 0.0033986840
148746183.8049238622 0.0033986809
142088728.7339504659 0.0033986848
142088486.1462417543 0.0033986786
148745943.7264996171 0.0033986752
142088534.7841423452 0.0033986840
142088778.1348210573 0.0033987113
148746192.1878971159 0.0033986780
148746148.3210030198 0.0033987468
148746264.6675238311 0.0033986849
142088718.6129129529 0.0033986735
142088487.7937718332 0.0033986900
142088594.8222849369 0.0033987028
148746278.9786708653 0.0033986855
142088808.5559685528 0.0033986729
142088480.9323401749 0.0033986839
142088687.8365508020 0.0033987067
142088531.6679332554 0.0033986866
148745963.3602060378 0.0033986558
148746260.7270246148 0.0033986845
142088675.8456127346 0.0033986738
148746274.5485056043 0.0033986837
142088493.2209513783 0.0033986972
142088544.9625751078 0.0033986847
142088674.0199139714 0.0033986750
148746189.7271452546 0.0033986796
142088782.9987159967 0.0033986757
148746219.2676842213 0.0033986799
142088650.9610235095 0.0033986707
142088505.1933552027 0.0033986780
148746168.4586656690 0.0033986685
142088484.6747080982 0.0033986834
142088725.5051795840 0.0033987027
142088495.9440993965 0.0033986939
142088717.0299486518 0.0033986954
142088598.9812874198 0.0033986896
148746252.3186299205 0.0033986812
142088548.1627951264 0.0033986862
142088496.0835552216 0.0033986855
142088531.3348335922 0.0033987107
142088527.3593687415 0.0033986856
142088534.9107522368 0.0033986964
142088497.2113882899 0.0033986827
142088575.6820097566 0.0033987027
148746263.0786746442 0.0033986794
142088506.5417185724 0.0033986982
142088517.0492814481 0.0033986829
142088540.8365928233 0.0033986836
110119526.0000000000 0.0033986836 0 0 0 1 0 0 0 0 0 0 0 0 0 0 0 