374723691.9622277617 0.0000009890
364374658.9397413135 0.0000003415
372374312.0897436142 0.0000000584
364167366.4537659287 0.0000000015
419683079.1553686261 0.0000002627
428819424.4013991356 0.0000000013
411524285.7915688157 0.0000001394
371170380.9542697668 0.0000004305
407781888.0813997984 0.0000002003
411498693.8252899051 0.0000001315
416108417.0583434105 0.0000001224
351038581.0545249581 0.0000005308
372805031.8400864601 0.0000000214
346362724.9572932124 0.0000000019
348067747.3364332914 0.0000006597
391763339.8301432133 0.0000008333
371212205.8741034269 0.0000001335
309928960.4749253988 0.0000000404
316211977.2980723381 0.0000008259
310723525.2357546687 0.0000005359
301136870.7896536589 0.0000019184
287579385.7619106770 0.0000024154
314895655.6109105945 0.0000015425
276260959.2446624637 0.0000034799
278263324.4333723783 0.0000046678
325461512.6041915417 0.0000011611
336456325.0046349168 0.0000009699
290553518.1748785973 0.0000015343
289035600.3582082391 0.0000008535
305296013.9582346082 0.0000012282
305858800.7035285234 0.0015419109
217652742.4622794986 0.0002979503
217485776.2249131501 0.0019061117
218141067.3282845616 0.0016000049
266725090.0207505524 0.0004455874
220409824.6508603394 0.0016110037
239263324.0080897510 0.0016352840
220705255.6706176400 0.0027340260
222219371.6676648259 0.0000057968
219771644.6474058330 0.0012225226
250291070.3232697248 0.0048958695
218508308.0864987671 0.0017923835
231945285.3106243908 0.0021653723
219022203.6677187681 0.0018653609
196301894.4140921235 0.0000743323
198444879.8755929172 0.0000760821
205347382.8636151254 0.0000001578
194288950.5951608717 0.0000709448
196101492.2877341807 0.0000370946
198758147.1601400971 0.0000702741
201983897.5958792269 0.0001419634
214966211.9376322925 0.0000267930
222377110.4475521445 0.0000227630
194141136.3635026813 0.0001054369
179630117.7477010787 0.0000031048
181267722.8296028972 0.0004598612
186451485.3543154597 0.0000030972
208985798.8123561740 0.0000029135
213519424.8497680724 0.0000001298
179963975.7353459597 0.0000023169
219591113.3616591990 0.0000020574
192255343.7857199311 0.0000041511
181170189.7681319416 0.0015516012
190625647.1542563736 0.0000068035
177948057.4899077117 0.0000180366
180983216.5187616348 0.0000507217
171321340.6323713064 0.0000000142
190295924.8180316687 0.0000013171
165206398.8647809327 0.0000420438
157585805.7823502719 0.0000710475
156918628.6870921850 0.0000000573
164049088.4369379282 0.0000013528
210647998.8159266114 0.0000378907
161959568.3948974311 0.0000042949
180859331.5972593129 0.0011117976
167125560.0734686852 0.0000006329
200032429.5230086744 0.0000310475
172113159.4652656317 0.0001082969
174284980.3823443353 0.0033407209
174860559.2894042134 0.0000304777
167436254.7068200409 0.0019054134
161637193.0106197000 0.0000078850
200907960.2801837027 0.0010048984
171179993.1174755394 0.0000315866
169201801.6713723838 0.0001271188
159896852.8694407344 0.0000000013
218637971.6202575862 0.0000093734
160685709.5429831147 0.0000023009
148584384.4028824866 0.0000010355
163946832.7556949556 0.0000001331
186282101.7556147873 0.0006181306
149683438.6331377029 0.0000000016
208402217.5080145597 0.0000023152
159424582.1532407701 0.0001105858
179671751.0684798956 0.0004681279
156477962.2933422923 0.0000423356
194607746.9916861653 0.0000038741
158003268.0820911229 0.0000037202
159455468.5705948174 0.0000047096
149712735.9174417257 0.0000048187
160819219.2488716543 0.0000375161
161923191.4933106601 0.0000008280
216683695.2153068483 0.0000005020
162757034.8462139368 0.0000000906
174055969.1015372276 0.0000042946
161109693.0496502221 0.0000283436
168659279.2963207066 0.0000394421
164415076.3815141618 0.0000000851
175189694.9776703417 0.0003421001
149776959.8158424497 0.0000002183
160657971.5722774863 0.0000179033
163487805.9609142244 0.0000012663
180955302.0404375196 0.0002086421
157341592.6337312758 0.0000725281
161984830.3428618908 0.0006092612
163627795.8457967639 0.0000777664
159581143.0618200600 0.0000411465
161218535.4419617057 0.0000683606
154310844.1179450750 0.0006501791
150329659.3865174651 0.0000051386
179363850.6887263954 0.0000328628
175028283.3780888915 0.0000025463
211829160.4142754078 0.0000002824
155458846.8927328289 0.0000047123
182307678.8681718111 0.0000150318
174955598.9927807152 0.0000004299
282078157.3781071901 0.0001337625
152374444.0627186000 0.0000214163
171363794.2687112987 0.0000010267
158267483.0822454095 0.0000192089
155396356.0069293082 0.0050433544
164692034.5730299056 0.0000071322
206070774.4279679954 0.0000011601
157545091.3135133088 0.0000000035
191400101.9112679064 0.0000356395
155758371.5509082377 0.0000244879
148430165.0994186997 0.0000007149
150571312.2020339668 0.0000000388
152311613.3071954846 0.0000058601
151641844.1627907455 0.0000040154
170359673.8293856978 0.0000019081
149234459.1639204621 0.0000017685
162223796.2805342972 0.0000006905
148258918.2420171499 0.0000007102
160449546.6105460525 0.0000013407
178289277.1796813905 0.0000003911
152963412.9442161322 0.0000064269
171068343.5758166909 0.0000005441
180870107.5691581368 0.0000032063
171374210.9167031050 0.0000015229
168250859.4032294452 0.0000007058
151147712.1324624717 0.0000017797
152973800.1363944113 0.0000016179
178101373.4833732545 0.0000003018
172762086.5037221313 0.0000083590
178558935.9131741524 0.0000000960
180148560.3597559631 0.0000146463
170290062.3122585118 0.0000046332
153447465.0326999724 0.0000000682
174361209.1205314994 0.0000030066
190110638.2821258008 0.0000005984
174874479.0441255271 0.0000010117
149927243.8854407668 0.0000000488
148727251.5229053497 0.0000005346
156416062.7061592042 0.0000001003
176564195.0184391141 0.0000020376
168350127.5811115205 0.0000231037
177480873.4978516400 0.0000004728
171873301.7032760680 0.0000787837
147678280.7151446342 0.0000000448
164795955.4816824496 0.0000011654
177223415.6218061745 0.0000003125
174260669.4971431196 0.0000027707
148078099.3338874578 0.0000028981
147729230.7168771625 0.0000054730
149548754.5291185379 0.0000025187
150746587.5551763177 0.0000030798
175889088.7190200984 0.0000007224
167816087.8651440144 0.0000003440
147542090.9702903628 0.0000002675
162808954.0513586104 0.0000040258
178385550.9190938771 0.0000000611
157905391.1605272889 0.0000009196
153523319.5749442577 0.0000000096
169354298.9884175360 0.0000044878
148350304.8893246055 0.0000004828
158706303.5967449248 0.0000251754
152279315.6512595117 0.0000035755
148052892.9473232925 0.0000000007
148462898.1472290158 0.0000029613
148126112.7106489837 0.0000002162
148631535.5380275548 0.0000003186
147633695.2319072187 0.0000001715
149135365.4685132504 0.0000011349
149851323.7062716484 0.0000003120
149651182.9729649723 0.0000001716
147703830.9264863431 0.0000001847
148506858.3964676857 0.0000012782
149358592.7273397148 0.0000002390
166998765.2799040079 0.0000001143
152869072.5940469503 0.0000000167
147385151.6408734024 0.0000001411
147597288.2502390444 0.0000004336
155051719.5280894935 0.0000002988
175576183.5837821364 0.0000001598
168832145.2973342538 0.0000000118
176134867.2831456661 0.0000006006
150916707.1885265708 0.0000094939
176891921.1804536283 0.0000000774
175547250.7222152948 0.0000014965
175838031.7803623378 0.0000000129
148668412.2400242090 0.0000000110
173664902.0113604963 0.0000011083
169462478.3769346774 0.0000002414
147620372.1072274745 0.0000000318
155011198.0881012380 0.0000000012
173048623.0777339339 0.0000003160
148073305.1690304577 0.0000010233
147327571.8832131326 0.0000010324
151321720.9019643664 0.0000004042
149706550.8933774531 0.0000025980
147982983.2299048901 0.0000003367
148395734.7914747894 0.0000006763
167857543.6337826252 0.0000094026
173671972.6962339282 0.0000005693
149605646.6236076057 0.0000000015
147756886.0436685681 0.0000022860
147328624.0281308293 0.0000001786
147654620.8419430256 0.0000009062
158282409.7601780891 0.0000050571
148557857.3937512636 0.0000007064
165135205.9940435886 0.0000027113
147179361.5451860726 0.0000012342
162326956.3122836947 0.0000023297
149625440.6541771889 0.0000005141
162813515.6357477903 0.0000004333
149414586.4675043225 0.0000007154
151532884.0392317772 0.0000001835
147563448.9319171011 0.0000008813
152141954.2639122009 0.0000007995
147455511.1351242363 0.0000008343
162121119.0524559319 0.0000026117
147581935.7699256539 0.0000012242
150398302.1856978536 0.0000011038
147442234.6809214950 0.0000024879
148427579.2840026617 0.0000013866
148073948.5048245490 0.0000005500
161505486.5070520043 0.0000010923
148788749.7835611105 0.0000000991
161943626.9149660468 0.0000010024
173977080.3231233358 0.0000023493
165526144.9485485256 0.0000001576
147442224.2971921861 0.0000024220
147462346.3728621602 0.0000013489
175789635.8547666073 0.0000000361
147563023.6375332773 0.0000015304
170136500.5861181915 0.0000025717
147226819.9586594403 0.0000009295
147402680.0953325331 0.0000017112
147877896.8775672317 0.0000009652
150767792.3233667612 0.0000012255
147717406.1729271710 0.0000009599
147445557.4861300290 0.0000023545
147867307.4572621584 0.0000009504
147907013.2944883406 0.0000004994
147568412.5101414025 0.0000012515
147371882.7895284295 0.0000056560
147663886.0427409708 0.0000012514
147676949.0046717525 0.0000007750
147647525.9530238211 0.0000012533
150857855.9971108735 0.0000012970
147222647.0283266008 0.0000015866
175027905.6927592158 0.0000001942
147279884.2127763033 0.0000015297
157160517.6493102312 0.0000005493
147274780.3341283202 0.0000011498
170958613.0706915855 0.0000015274
148671080.5698544383 0.0000013917
152030647.8621871173 0.0000027064
148122288.5216779411 0.0000011415
168857378.7081821263 0.0000027258
174762245.7827759683 0.0000009907
149113749.4117609560 0.0000030327
147054479.2761579156 0.0000012938
166527711.5571219921 0.0000020596
148920034.7075527310 0.0000013469
147632940.1147231162 0.0000006954
147177838.8348135352 0.0000011807
147016070.1799328029 0.0000020376
147003360.0753043890 0.0000020608
152110594.9956940114 0.0000015794
148050754.3330947459 0.0000019871
148740147.6843571663 0.0000025021
147445210.8667355180 0.0000020134
173256503.7996754348 0.0000023557
146944515.5032368302 0.0000022477
172789035.6612194777 0.0000024246
146962558.1517019272 0.0000026725
148523377.7785696387 0.0000020958
146903923.7486417592 0.0000026742
148955181.7301813960 0.0000020340
147202477.5310024917 0.0000029987
149143534.8499377370 0.0000038117
146967367.3887360692 0.0000024391
148969659.9549221992 0.0000031060
147136424.0950611234 0.0000024615
148193060.7095771432 0.0000046779
146966486.3269882798 0.0000025343
147144302.3021831512 0.0000040192
147145663.9117507637 0.0000023589
147648338.9335857332 0.0000032412
147424238.8198441267 0.0000022829
147660490.2153037488 0.0000025183
147418852.7268011272 0.0000028890
168972794.4048155546 0.0000034216
148012928.5426559746 0.0000024709
148802695.6970170736 0.0000016000
147471720.6683484018 0.0000022213
172176673.7160405815 0.0000035674
147380298.2365372181 0.0000026714
147453702.1608854830 0.0000028417
148145063.6816840172 0.0000024765
147134898.7130690813 0.0000015143
147036534.5210306644 0.0000027848
147384869.9263645411 0.0000026960
148002978.8200596869 0.0000023788
147590698.2305746078 0.0000030698
148025595.4065359235 0.0000024666
147524528.1125503778 0.0000029661
147883312.6861386299 0.0000028158
148083665.3764199018 0.0000025919
149660156.1732094884 0.0000022220
146980202.4045905769 0.0000028174
147992121.0291069746 0.0000020780
147368694.7210582197 0.0000025296
147457033.0791576803 0.0000021903
148195985.6371043622 0.0000026600
147015092.0137075186 0.0000024526
147022142.3106386662 0.0000025687
147473509.1248994470 0.0000030796
147003019.1401116848 0.0000025614
147080731.8887173831 0.0000024844
147981076.1315580308 0.0000025601
147458247.8432025313 0.0000029659
146955296.2068194151 0.0000025458
147348118.0165357292 0.0000037781
147331781.8266868591 0.0000028239
147141910.2254082859 0.0000028511
148123206.9681849480 0.0000025529
173555466.1566397548 0.0000028520
147883021.9658886194 0.0000025576
146938337.9078510702 0.0000027625
147476702.6503415704 0.0000027057
148186665.3290683627 0.0000026009
147321115.7757582068 0.0000030981
148203183.6178388000 0.0000027325
147077032.6186867356 0.0000025760
146884750.9732681811 0.0000025208
147100685.7875344753 0.0000027037
146931804.1467455328 0.0000025810
147358752.9145448506 0.0000022460
148159067.3193104863 0.0000022948
148030668.5584169030 0.0000024284
148080838.9494414330 0.0000025907
148165624.2034692168 0.0000026033
146903598.7231563628 0.0000025290
148068311.8220847845 0.0000024248
146968938.6218172908 0.0000025514
147496733.8591060042 0.0000023235
146884669.8661975861 0.0000025099
147063657.8240549564 0.0000023473
148103362.4350775182 0.0000025163
146925213.8888282180 0.0000025354
146918339.1105957925 0.0000025346
147124501.1844502985 0.0000025128
146907707.8244447112 0.0000025188
146934457.7018469572 0.0000024322
148108941.4425720572 0.0000024876
147278416.7809107900 0.0000024853
146902493.5954929888 0.0000025356
147127959.7369339168 0.0000026737
146913598.9147624671 0.0000024681
146911407.2714657784 0.0000024746
146892952.7518852353 0.0000025001
146897370.1524977684 0.0000023575
146979374.8857675493 0.0000024680
147974382.7958583832 0.0000025177
146933500.6405669451 0.0000025762
148113762.9303311110 0.0000026440
148166550.4637076855 0.0000024850
146879480.1385599077 0.0000027127
148151602.2579437196 0.0000026684
146885912.3071097732 0.0000027279
148196611.0967082083 0.0000026640
147184765.7833342850 0.0000026700
148155471.4935750067 0.0000026859
147447262.3483750522 0.0000027733
148210435.5522301793 0.0000027848
148200680.6220687330 0.0000027295
146874784.0702492595 0.0000027033
148103024.8471581042 0.0000026009
148176695.5678063035 0.0000026806
147038601.2667713761 0.0000026699
146882687.2628207505 0.0000026956
147996509.2618571520 0.0000026615
148218191.7056151927 0.0000026957
148104859.3763647079 0.0000026416
148215342.6409839690 0.0000027411
147028007.1677837968 0.0000026286
148218612.7766903341 0.0000027580
148202449.1205456555 0.0000024996
146884721.1119854748 0.0000026724
147938919.1012929678 0.0000029016
148162987.3169889450 0.0000028015
146895796.3693655729 0.0000026795
147154799.1057926714 0.0000026216
146884552.5571190715 0.0000026863
147059196.9998326004 0.0000027633
146886762.8769449294 0.0000026880
146925791.6293340027 0.0000026270
148210148.2959549725 0.0000027115
146981382.1841733754 0.0000027161
146878008.7716479599 0.0000026861
146888594.9278346002 0.0000027329
146890141.6857645214 0.0000026895
146927384.9697856903 0.0000027534
146877548.8564701676 0.0000027113
146922140.5321235657 0.0000027191
146898833.9348680973 0.0000027244
146971658.0210507810 0.0000026533
146878971.6687954068 0.0000027320
148163777.8861770332 0.0000026948
148186376.0681528449 0.0000027129
148195553.3469772637 0.0000027204
148186655.2401986718 0.0000026984
146972196.5291169584 0.0000027346
146922705.2318183482 0.0000026659
148111423.8350496888 0.0000027350
148188722.4028215706 0.0000027189
148122132.0110043585 0.0000026686
148209514.9132946134 0.0000026878
148169260.6289254427 0.0000027283
146930625.6031624079 0.0000027302
147021735.8329951167 0.0000026292
146888457.6204839647 0.0000026968
148134925.9460348189 0.0000026582
148210470.6879799366 0.0000027409
148163246.0286001861 0.0000025825
148136935.0286489725 0.0000026935
146964065.7100101709 0.0000027937
148189819.7253702581 0.0000026972
147977222.0561598539 0.0000026887
146890910.0852721930 0.0000027198
146940575.8518819213 0.0000027865
146882165.1026982069 0.0000027274
146876121.3753609359 0.0000027059
146908023.9105791450 0.0000027449
148211846.7264167666 0.0000027099
146917818.5314800441 0.0000027091
148201581.2227281928 0.0000027146
146892290.1437113285 0.0000026939
148208650.6277439296 0.0000027017
146961127.3968447447 0.0000027108
146886020.0670201778 0.0000026979
148199249.7159179151 0.0000026876
146882716.7402248383 0.0000026909
148164882.0101256371 0.0000027271
148209366.3355979323 0.0000027139
146890986.2109228373 0.0000026546
146875050.0004991591 0.0000027115
148162762.6194358766 0.0000027361
148189253.5381400585 0.0000026919
148211396.6357775033 0.0000027023
146901928.5811244249 0.0000026962
148211608.5855114162 0.0000027025
146907398.6410629451 0.0000027327
148197722.5188832581 0.0000027079
148203653.8707523644 0.0000026849
148208430.2077147067 0.0000027050
146888521.7701466084 0.0000026881
146879477.5526884794 0.0000026999
148181446.3259185553 0.0000027085
146875968.7361330092 0.0000027055
146910117.9090533257 0.0000027082
146881653.0805965066 0.0000027034
146901546.2673698366 0.0000027111
148212757.4197327495 0.0000027078
146939721.2656019330 0.0000026840
146890996.6624585688 0.0000026982
148176467.2263470590 0.0000026965
148213414.4638345838 0.0000027069
146886313.5875231326 0.0000027134
146882886.3760100007 0.0000027001
146887070.2785645425 0.0000026923
146877831.5403753221 0.0000027119
146874575.1865175962 0.0000027018
148207748.7832164168 0.0000027022
146874923.9165627360 0.0000027007
146887090.9388304055 0.0000026964
148210099.3009730577 0.0000027036
146875122.6325607896 0.0000027018
148213425.9342828989 0.0000027051
146915083.1415958703 0.0000026888
148213710.4470368326 0.0000027037
146878854.1385078430 0.0000026934
148211709.6811777353 0.0000027007
148204454.8838846684 0.0000026830
146878843.3599905670 0.0000027058
146878119.6836801171 0.0000027018
146875187.8832442760 0.0000027036
148210830.6321447194 0.0000027058
146874615.8585173190 0.0000027012
146905120.2953925431 0.0000026995
148213346.0388024747 0.0000027024
146878696.9779799581 0.0000027018
146876631.6978166699 0.0000027017
146878861.9125630558 0.0000027092
148213591.4247170091 0.0000027005
146887378.7308782637 0.0000027041
146876644.4871783555 0.0000027036
148211969.0703643262 0.0000027049
146874683.2321876884 0.0000027018
148213814.7222256958 0.0000026940
146876674.8820714951 0.0000026974
146876864.5839235485 0.0000027109
148214082.1303599775 0.0000027022
146887640.5693725944 0.0000027072
148214412.1309562624 0.0000027121
148215501.1880909801 0.0000027069
148214836.0821636021 0.0000027031
146876207.9280192256 0.0000027003
146875284.2085049152 0.0000027030
146875790.9281736612 0.0000026973
146875028.1385321319 0.0000027026
146885235.9993018210 0.0000027030
146875573.5232733488 0.0000027023
146875190.2621188760 0.0000027004
148215122.7555396259 0.0000027032
146880309.0329530537 0.0000026988
146874593.0724679828 0.0000026978
146875829.9895358980 0.0000027017
148214847.6122381389 0.0000026997
146876005.7241045237 0.0000027017
146878767.2491267323 0.0000027011
146875822.6992665231 0.0000027019
146875670.4912776947 0.0000026994
146874867.9951534867 0.0000027014
146877522.8666103482 0.0000027033
148214827.9568247199 0.0000027019
148207219.5428578258 0.0000027051
146875791.9060458839 0.0000027018
146879518.7363981307 0.0000027020
146874796.5439494550 0.0000027011
146878704.9738154709 0.0000027014
146875751.3520005047 0.0000027019
146879642.0123537183 0.0000027029
146875687.9337218106 0.0000027016
146875411.7475604415 0.0000027035
146876158.5730069876 0.0000027017
146874761.7634223998 0.0000027036
146875163.3448142409 0.0000027010
146880529.9587510228 0.0000026999
146875867.6993386745 0.0000027020
146878161.8615480065 0.0000027017
146876422.4624109864 0.0000027015
146878122.1818702519 0.0000027017
146876348.7600733340 0.0000027018
146875949.1995983720 0.0000027019
146876878.4607417285 0.0000026999
146874698.7995055616 0.0000027018
148210306.0551660657 0.0000027025
146874775.9442217648 0.0000027018
146877610.0725579858 0.0000027007
146874644.7896470726 0.0000027021
146876530.9820059538 0.0000027020
146875698.5087501407 0.0000027017
146875495.8074270785 0.0000027020
146875847.5896753967 0.0000027020
146874822.9242185652 0.0000027026
146875727.1847435534 0.0000027014
148211436.7288527787 0.0000027032
146874619.0079880059 0.0000027020
146875441.8867034316 0.0000027011
146875086.3668825328 0.0000027021
146875633.0569985211 0.0000027004
146874994.4066349268 0.0000027016
146874673.0748470128 0.0000027024
146874894.9857425094 0.0000027017
148209238.4189454615 0.0000027027
146874556.1234048903 0.0000027020
146878125.7291735113 0.0000027025
146874682.6825429201 0.0000027022
146878173.5135015845 0.0000027019
146875680.5442633629 0.0000027017
146877080.0642838180 0.0000027026
146874753.3869333267 0.0000027016
146876034.9868859947 0.0000027004
146874884.1116679013 0.0000027025
148210515.2168878615 0.0000027032
146874728.7203944325 0.0000027015
146875673.2116751671 0.0000027015
146875710.1703528166 0.0000027012
148210744.8219210804 0.0000027039
146875539.7679114044 0.0000027010
146875698.1948196292 0.0000027021
146875352.8231111467 0.0000027022
146875760.3964389861 0.0000027019
146875100.1909545958 0.0000027021
146875951.5533825159 0.0000027019
146875364.2420573533 0.0000027011
146875954.3550522327 0.0000027021
146875001.9996742010 0.0000027025
146874785.2365004718 0.0000027021
146874889.3258391023 0.0000027020
146874923.5709146261 0.0000027020
146875226.4483137727 0.0000027022
146875260.8024626970 0.0000027020
146875076.0370723605 0.0000027024
146874997.5299344361 0.0000027018
148214480.6329985857 0.0000027023
146874606.1023613214 0.0000027019
146876255.7437277436 0.0000027017
146875969.6832963228 0.0000027020
146876240.2769244611 0.0000027017
146874719.8900891244 0.0000027018
148215215.2860649526 0.0000027020
146874576.8560442924 0.0000027018
146874691.7026572526 0.0000027023
146875958.1277426779 0.0000027018
146875818.4201437831 0.0000027025
146875965.5548830628 0.0000027019
146875303.0023272932 0.0000027026
146875985.2779871523 0.0000027020
146875053.2718144059 0.0000027021
146875869.2518666685 0.0000027019
146875865.3437683880 0.0000027016
146875883.3231258988 0.0000027020
146875293.0595769286 0.0000027026
146874939.7001896203 0.0000027020
146875487.5269210041 0.0000027017
146874711.6684438586 0.0000027019
148214949.6977195144 0.0000027021
146875603.9726305604 0.0000027020
146875991.6312032640 0.0000027020
146875752.1781268418 0.0000027019
146875606.6157041490 0.0000027020
146874669.9540388286 0.0000027018
146875636.6986158192 0.0000027020
146874548.1516937017 0.0000027020
148214843.6245171726 0.0000027022
146874611.7749107480 0.0000027018
146875932.8298580945 0.0000027017
146875219.2114006579 0.0000027018
146874573.7925100625 0.0000027019
146875742.9090658128 0.0000027020
146874553.8136903346 0.0000027021
146875540.8654318750 0.0000027019
146875766.1423608363 0.0000027020
146874684.6824591160 0.0000027022
146875832.5876088142 0.0000027019
146875882.4004008174 0.0000027021
92543203.0000000000 0.0000027021 1 0 0 0 0 0 0 0 0 0 0 0 0 0 0 