479385356.3347513080 0.0000009890
471002384.5711638331 0.0000003415
473435844.4972217679 0.0000000584
486092463.7759541273 0.0000000015
532825478.1198577285 0.0000000969
532776021.1746034622 0.0000000164
538527056.5762985945 0.0000000007
477570274.0449109674 0.0000012535
506731932.8581441045 0.0000000025
540067992.2216933966 0.0000000007
565201644.1127874851 0.0000004952
459584843.4169074297 0.0000000479
525066366.2941564322 0.0000000568
456047127.0320093632 0.0000004368
454058332.6590631604 0.0000018952
504693552.8084414005 0.0008397408
456431278.2193199992 0.0000009135
429119516.2033314109 0.0000032554
414933685.2161078453 0.0000043206
411131987.6909573674 0.0000046900
372920468.0680211782 0.0000006809
359403359.5162389874 0.0000004642
386287084.3640428782 0.0000022454
337851685.6681917906 0.0000002651
330055325.0693075657 0.0000000557
464063090.1674658656 0.0000011163
388965139.3877014518 0.0000000994
389429972.3837447166 0.0000010604
390911155.2839521766 0.0000022276
308063188.2085638642 0.0000028870
351669992.8780340552 0.0012791812
216262282.8057892919 0.0004450958
275531283.4530091286 0.0035609894
221182682.3563156426 0.0004136200
241848932.7575857937 0.0000660019
224153890.2059676945 0.0004041886
253401356.2329322398 0.0000003487
220449759.5341178179 0.0004985471
256098652.0422815084 0.0000121267
216130291.6872569323 0.0006185430
262439778.5433864594 0.0000560117
216586810.2826082408 0.0008312653
216549551.0138983727 0.0013243191
226116838.7574782372 0.0006396586
267062717.9935190082 0.0012652669
216777182.7894627452 0.0004109203
233239513.4290720224 0.0026885056
218393400.1746187508 0.0003608976
281992306.7402932644 0.0002471319
216350893.4468760788 0.0005950997
227768663.8031814992 0.0006871785
209551303.6562662721 0.0014447092
227247460.7808381319 0.0008022193
209310704.6620479226 0.0013200181
199033654.2884531021 0.0017974104
200848511.1232516468 0.0019652169
224230099.5237748623 0.0010447273
178058108.0906105340 0.0020609166
251120994.0155507326 0.0016883856
215524587.9148552418 0.0012118711
165421902.7112282813 0.0038940887
177184560.9337868690 0.0043737643
222272290.9577001035 0.0034972105
170132064.3426815271 0.0031532610
170249965.8295526803 0.0157803165
176103551.1074742973 0.0025039172
190857686.0903660059 0.0045466275
166481055.2736860514 0.0021885666
228238880.3569377363 0.0016614927
167836854.3414851129 0.0009896971
178215354.5574791133 0.0037290265
162084902.1572338343 0.0039426259
209686193.9923010767 0.0191662503
158775229.8744730055 0.0020162442
212214317.3805300891 0.0006796053
159168967.2864104509 0.0012748940
215470110.1400082111 0.0000379855
161171292.0200594068 0.0031717307
187831101.7442270219 0.0005221169
160752412.7674068213 0.0029410301
217192017.7829117477 0.0000182594
159129740.2616808414 0.0033869598
215282332.8384177387 0.0000545320
162219749.6861454248 0.0029490089
201454894.2496086955 0.0036872618
166062863.5940966606 0.0008030678
175417575.3940194845 0.0069041848
159285428.6064925194 0.0021463381
168925634.4516905546 0.0025745518
165953478.8247775137 0.0033108121
170615617.9654363394 0.0007523494
171440285.4781102538 0.0009651713
184183984.9729008973 0.0000017031
178877424.6453943551 0.0043852487
202761913.3275251687 0.0135160641
161814768.5018986464 0.0005670906
169276017.0397447944 0.0005435970
158453855.8898386061 0.0009663915
162515276.8303036690 0.0000017042
170488751.2946308255 0.0005874928
176459446.6298576891 0.0000002964
166066266.3849661052 0.0003715768
189036907.1209047139 0.0000008314
159905867.8618114293 0.0010717487
189718305.3852207661 0.0026514207
163000793.6267655790 0.0012726110
203820504.7024696469 0.0002227975
172100716.0948898196 0.0005707091
183775413.0041791797 0.0004674116
171069487.5500317216 0.0000009376
188746525.8999280632 0.0000000675
157999243.7294460833 0.0032136129
182610767.9669964612 0.0013384652
162426287.3911018968 0.0045875216
181531024.0675478280 0.0003824271
160821536.5916432440 0.0013253283
173953083.6750867069 0.0011966138
172516727.2184021473 0.0015005085
186933046.8373550177 0.0061647510
161358932.7041842341 0.0031421355
181648221.5842195153 0.0335941310
162503692.3144358099 0.0024818106
288899857.6209195852 0.0017434755
160971910.4421802461 0.0033963576
164776041.0354531109 0.0002006063
171942249.0011470020 0.0043772304
182801154.4073153436 0.0010189274
159183916.1893496215 0.0029798447
204336315.1746791601 0.0000249265
167465322.7559091449 0.0015545722
225764421.8681218624 0.0013349259
156365743.9097919166 0.0029731334
220000144.2492602170 0.0010795166
158471637.6758354604 0.0029291449
175226173.8227916062 0.0000244778
163443706.5050873458 0.0067495277
174195228.9609193802 0.0000295370
164728540.6259121597 0.0006256088
160823983.9937548935 0.0029385571
156959575.4843623340 0.0040515083
157455153.2217102349 0.0032934731
165060274.3954410255 0.0028066030
158685376.2762361169 0.0033848016
163084998.8216840327 0.0015645414
164249690.7497514486 0.0032310381
171555476.3035070598 0.0025374591
158721936.1140351593 0.0034966188
160268283.6680929959 0.0050313403
160527442.1404595971 0.0020009208
154849849.3084821701 0.0008366269
161176802.6509039402 0.0006436799
165607475.4656332135 0.0003484239
159503800.8530736864 0.0005249916
160712882.8891708553 0.0006399312
158915052.8395129740 0.0011360210
161108422.1656093597 0.0037532557
160570278.6660560668 0.0009875902
157584418.8993443549 0.0000202569
155338552.2213774025 0.0010604268
197706109.9321173131 0.0002682046
164879176.3526677489 0.0017475792
206306833.5488536954 0.0016311519
157539263.0386521816 0.0011598263
174287846.3326332867 0.0000130292
157260637.4636937380 0.0006360699
180028167.8309359550 0.0015988545
166775267.1202009022 0.0009551002
158361222.0642915368 0.0000274320
161256958.4118007123 0.0011364878
156190042.9812708497 0.0000203709
155107017.2821764052 0.0012258926
166833180.0678875446 0.0006390067
156288392.2682912350 0.0004418207
156008813.4366625845 0.0019959852
152156165.0486022830 0.0007432678
160492885.5864428282 0.0025147768
157855572.9622944593 0.0008317690
166927332.0977925956 0.0002229115
161936774.0727517605 0.0010289681
155305110.9426787794 0.0002685619
152906662.9140972495 0.0007350538
167572269.6708846092 0.0003896817
151516381.0950110555 0.0001343103
165099774.6486296058 0.0001977658
151205891.8004567921 0.0002793158
152530356.4369897544 0.0003122868
151890009.7456565201 0.0002187953
157840809.1321428716 0.0000168815
160424187.1496013403 0.0001514976
160079397.4510660768 0.0009299580
157111382.6658022404 0.0005524755
154894351.8017688096 0.0000964889
158144029.5143789351 0.0003265945
153292661.3160016835 0.0000120369
151343615.0193090439 0.0000106581
149503050.3006206751 0.0002172243
148000640.8700566888 0.0003019494
163112002.5874126554 0.0000145851
149830669.4273630977 0.0004318926
186038029.3457082212 0.0000000024
149385111.2433312535 0.0002537091
150567758.8327919841 0.0000936500
149356118.6559455991 0.0003287343
165965104.2802255154 0.0021835407
148034472.2486748695 0.0002396875
153664836.4848487973 0.0005468648
148244469.7398675084 0.0002064293
151863715.0285866857 0.0000029122
151511269.6638006270 0.0002176668
185144085.6317393184 0.0000001241
153886660.6658298969 0.0003584327
176758943.9010033011 0.0001160497
148536102.5633925200 0.0001830210
163854706.5422614515 0.0005291136
147821176.1648100615 0.0003675618
174625942.6376403570 0.0008515444
147729507.0970752835 0.0002767582
144988254.5243975520 0.0000315173
152660264.1469788253 0.0000307853
164094454.0099908412 0.0000000877
146398493.7774980962 0.0000001671
145351146.5161432922 0.0000110457
150802723.3901426494 0.0000304622
158005095.3236189187 0.0000090124
155635352.9999148548 0.0000717146
156881885.7187987566 0.0000908536
157304588.6408804953 0.0000304293
154423802.8884636760 0.0000613282
149428019.5498027503 0.0000176928
142874099.8910439312 0.0000350406
140315147.1911478043 0.0000018845
141576087.0914966762 0.0000000398
151327826.7287051678 0.0000170153
141866914.0850383937 0.0000042195
143033002.4593779445 0.0000164152
139158249.2951835692 0.0000027970
141187074.8116393685 0.0000218585
139954203.1047854722 0.0000001554
142973516.6945666075 0.0000008069
139192330.5902863741 0.0000011395
151495216.5697818398 0.0000305082
143624079.9554271698 0.0000000372
157698730.4494221210 0.0000393697
140337395.3082044423 0.0000025082
139730814.1457256079 0.0002836977
139982453.0811765194 0.0000051365
143186450.7557470798 0.0000081703
141186254.7322861850 0.0000007194
157658079.8087136149 0.0000077473
140426739.3563256264 0.0000000313
140952962.5828570127 0.0000067769
141921781.7628439069 0.0000044542
137177609.2573166788 0.0000114013
139633664.2009539604 0.0000062667
135198244.2951095402 0.0000000056
134610987.4863543212 0.0000001781
136141673.5150337219 0.0000012472
136951208.1608926356 0.0000000741
140256097.6418556571 0.0000069203
137883233.4464764297 0.0000001704
139446344.6670149863 0.0000002446
140437679.1646942794 0.0000011512
145315547.2506231666 0.0000005849
139695844.8753714263 0.0000035878
147402907.9126237035 0.0000079249
139233562.2593099773 0.0000005108
134351474.4033720493 0.0000011044
143296637.6101450026 0.0000002865
138838300.8367351890 0.0000259611
139266382.9803515375 0.0000089000
138407897.5931849480 0.0000197296
136140199.6017750502 0.0000068318
136530330.7163233161 0.0000254641
138934216.4417587817 0.0000004389
135888185.8151626289 0.0000503448
136990159.7376022935 0.0000129156
136654239.7533293366 0.0000044104
143637618.3907845914 0.0000006689
134926107.4934846163 0.0000297945
136254061.6107349396 0.0000003930
138091341.1178315282 0.0000818492
136316670.6753247380 0.0000012508
142420289.5676999390 0.0000019885
136710907.7299309671 0.0000028729
154783986.8243181109 0.0000042411
142203265.9431949556 0.0000052053
139052873.3235796988 0.0000690434
136296881.6964413524 0.0000005838
143970799.3741516769 0.0000586988
143800583.3205282092 0.0000000224
136096563.6324647665 0.0000334195
134841296.9410404265 0.0000032032
142583086.8826058209 0.0000069891
135091120.0371680856 0.0000006992
138732930.4356978238 0.0000001569
134168860.5650869161 0.0000093370
135506693.5099761486 0.0000051218
141282289.7460711896 0.0000071835
137731131.6101787984 0.0000290879
136924186.3261541128 0.0000008541
152039076.7240291238 0.0000109039
138173131.4562747478 0.0000079647
134542067.9770748913 0.0000119786
135090355.9510049522 0.0000097986
142102253.8751278520 0.0000421175
142037207.3331570923 0.0000072804
133809307.8953761309 0.0000099577
133817028.6472980827 0.0000209606
134075953.0632100999 0.0000095523
135880457.1726165116 0.0000208191
135250084.9878820181 0.0000059543
135861618.7283698022 0.0000069365
133602667.1302393377 0.0000052754
134494522.3797857761 0.0000004343
134189767.2531642020 0.0000079040
134597134.7202951312 0.0000001245
141930194.0020274520 0.0000042800
135044408.6813671589 0.0000135325
135154862.3710340261 0.0000088635
133199906.9983338267 0.0000028531
133882451.2733633518 0.0000007165
141279479.7268878222 0.0000007576
142725573.6884743869 0.0000036247
138317041.7930138409 0.0000020881
133575646.8931939155 0.0000020441
143835130.6711569726 0.0000003636
133578761.9271561354 0.0000020721
140430337.6611681879 0.0000008193
134074887.6413988769 0.0000065983
135273924.7179313004 0.0000071361
135984840.5212737322 0.0000009715
139396370.4866200984 0.0000224520
133983748.7700953782 0.0000016535
134204260.5130712092 0.0000182483
134251970.7236603200 0.0000018422
138826521.4745199680 0.0000125294
134238119.3548126221 0.0000051817
143928589.1006465554 0.0000031927
134137619.5835649371 0.0000031298
135096245.7855826020 0.0000025042
134031390.2663038224 0.0000019919
142041695.2465565801 0.0000004339
133361427.9949930906 0.0000009800
134177141.8430908471 0.0000218027
134115154.5814461261 0.0000027326
137026391.5461158156 0.0000154421
133566394.4321426153 0.0000009910
139812573.0718490183 0.0000008153
134102907.4674015343 0.0000025400
143858705.9153925180 0.0000063929
133498445.7953909487 0.0000015879
136521937.8796112835 0.0000001913
133411086.9561201781 0.0000016916
134733470.5023208857 0.0000007882
142412679.4194315076 0.0000032438
137619449.8863922358 0.0000006553
133426829.1059521735 0.0000031329
144392687.2267285287 0.0000127980
133356313.3342162073 0.0000028938
138856278.1577866077 0.0000002672
142506889.7599372864 0.0000026976
137451160.2769275904 0.0000111746
139331243.4472323656 0.0000043547
133238561.7902440876 0.0000025706
134173646.9060292840 0.0000054137
133552559.6211229563 0.0000031960
133166469.9864131957 0.0000017085
132967853.2750816196 0.0000023058
141992898.1763805747 0.0000019643
132646114.1681814641 0.0000024952
137702017.1234385073 0.0000017179
133249585.8220285475 0.0000017464
140212414.0636092722 0.0000048536
133136313.8143689632 0.0000030763
132457527.6034479886 0.0000000816
132343742.2803799510 0.0000001323
139824328.4651670456 0.0000000014
132832292.6987150013 0.0000000360
136422400.2114104033 0.0000020327
132289139.3261146992 0.0000002285
132970963.3305300921 0.0000001327
132391343.5109592974 0.0000002370
139897889.8305502236 0.0000004932
132194662.9358467907 0.0000000955
134197063.6422966272 0.0000009613
132777405.3665283024 0.0000001367
138743740.3931750953 0.0000000145
132500566.5326457471 0.0000000675
133293939.7460151613 0.0000000010
141626462.1003719568 0.0000002923
132960050.8217214048 0.0000000419
133005385.5161665380 0.0000000165
140528042.9929385185 0.0000003764
132466668.0690114647 0.0000002658
138166750.1155242622 0.0000000318
132353505.5212796926 0.0000001016
141209442.6147966981 0.0000000603
132510502.6803164184 0.0000001674
133200562.0826838017 0.0000008147
132210904.4714869708 0.0000000175
132958666.7725549340 0.0000009837
132832984.1656291485 0.0000000493
138842161.2414950430 0.0000000579
132773200.7090231776 0.0000001441
135168465.5799890161 0.0000010135
132885367.1208673567 0.0000000491
138791424.9006132483 0.0000000574
133086943.3870060891 0.0000001708
138806573.5611283183 0.0000000596
141450835.7140983343 0.0000000081
141072226.8735203445 0.0000005104
132719173.4372008443 0.0000001586
138081162.7762336135 0.0000001080
132484660.6478006989 0.0000000922
140910677.6500227153 0.0000005346
132114388.0331569314 0.0000001140
140709213.8169850707 0.0000005245
141275673.6161572039 0.0000002478
136888323.6024247110 0.0000000611
141050251.2310940325 0.0000003497
132147733.1711651683 0.0000001634
141025719.9371607006 0.0000000392
132165999.4346083403 0.0000001867
133564791.7731398195 0.0000005210
132236904.5114715397 0.0000000894
132512516.3315862417 0.0000000209
132118571.6873479038 0.0000001460
133156215.5908984393 0.0000002345
132031873.2154565305 0.0000002096
132234977.3972864747 0.0000000291
132106396.6453686953 0.0000003872
132373071.0263593346 0.0000005097
132520499.3246441931 0.0000002361
133545031.9549782127 0.0000000376
132196613.6961133033 0.0000001698
134943377.3652410209 0.0000003097
132354872.0175244808 0.0000001867
139676118.8529545963 0.0000000120
132377642.3090634048 0.0000003151
132445372.8957837075 0.0000005576
132496127.8246751428 0.0000001907
132172197.9300705791 0.0000005446
132897562.4383028597 0.0000004487
132026680.8863129914 0.0000003763
131987218.9273689985 0.0000003299
132530259.1198670566 0.0000005883
132008723.9474362433 0.0000002927
131740715.2493621707 0.0000003464
131657302.2141985744 0.0000003627
139423466.1472766697 0.0000002607
131647120.8470588773 0.0000003975
132868383.0039840490 0.0000004222
132091165.1909661293 0.0000003571
131623067.6114249080 0.0000002010
131646759.7299712747 0.0000002166
132387974.1762296855 0.0000001442
131608830.2519809157 0.0000001824
132187873.8345941901 0.0000002815
131695741.3540029377 0.0000002512
132333011.0570788383 0.0000003804
132035400.5673888773 0.0000002423
132080280.5368996561 0.0000001007
131622530.1413024962 0.0000001877
131734530.1860439181 0.0000003175
132036903.0829035193 0.0000001178
131870530.6838310510 0.0000001856
131562401.1609472185 0.0000002133
131960500.2131211758 0.0000000767
131606473.5139305443 0.0000001453
131842139.2896802425 0.0000003909
131703150.3449903280 0.0000002205
132058250.4055912793 0.0000001935
131494814.9248176366 0.0000002185
132020541.0462462306 0.0000001970
131623392.5986474454 0.0000002400
131586186.0406695157 0.0000004888
131496084.4250386208 0.0000002256
131908642.5645649731 0.0000000895
131625816.7256473154 0.0000002690
131458392.9817440659 0.0000003361
131637020.5650739372 0.0000002785
140312276.7129317820 0.0000002834
131586534.6410176307 0.0000002917
132768853.1792480499 0.0000004888
131490492.2845446765 0.0000003383
131725267.2392740697 0.0000003678
131459248.3614427596 0.0000003385
140452862.6087485850 0.0000005049
131449562.6618719101 0.0000003166
131773151.3496190757 0.0000001838
131414047.2696395814 0.0000002817
131786241.5826624483 0.0000001417
131466473.7137010247 0.0000003143
131818944.9930481315 0.0000001357
131454256.0337718576 0.0000003508
131799316.3449097574 0.0000001399
131440176.9260871112 0.0000003246
131764535.1404724568 0.0000001662
131407223.5969263464 0.0000003348
131794172.9014419019 0.0000001775
131470243.3330686986 0.0000003704
131906493.5012468845 0.0000001327
131513063.8902363330 0.0000002829
131911812.8814775199 0.0000001307
131663290.6760797054 0.0000002228
131418056.4409877211 0.0000002895
140402427.6621661782 0.0000004098
131451726.1755490601 0.0000003164
131881316.4793666005 0.0000004119
131431771.1902162433 0.0000003317
131898554.1565506756 0.0000003015
131550125.9614199996 0.0000003214
131485993.6120356321 0.0000003912
131404332.9476831257 0.0000003483
131542105.8484463543 0.0000004641
131547566.5467262119 0.0000003430
131628717.6884329617 0.0000002457
131447417.4910870194 0.0000003294
131608559.2516104430 0.0000002677
131403936.8173140287 0.0000003422
131450541.4002848268 0.0000002380
131383818.0462980270 0.0000003802
131671850.1386098415 0.0000004678
131381135.9242255241 0.0000004326
131403676.0196834803 0.0000003966
131406465.4824409932 0.0000004203
132028778.6608160138 0.0000004904
131372936.4822893888 0.0000004405
131902799.5924258828 0.0000005518
131450828.9068077058 0.0000004416
131487514.9192430228 0.0000002722
131360550.8765751868 0.0000004494
131537617.4447901547 0.0000003092
131354933.9574469924 0.0000004504
131733762.6211683303 0.0000003971
131370203.0210257918 0.0000004545
140269843.2421880662 0.0000004701
131483388.4382626861 0.0000004692
131775321.3116444200 0.0000003133
131405267.5559486747 0.0000003938
131254921.2848415971 0.0000004876
131365124.4594359398 0.0000004905
140332918.4518945515 0.0000004616
131356154.5878549814 0.0000005255
131995073.5378626734 0.0000005721
131386933.0148134083 0.0000004729
131740954.9150659591 0.0000005204
131323042.4291430861 0.0000004583
131339848.4492980242 0.0000005576
131297199.3888104111 0.0000004935
131483943.4965587407 0.0000003734
131293616.0182930976 0.0000004703
140383859.8963244557 0.0000005312
131272023.9755011499 0.0000005042
131852530.3937299401 0.0000004890
131280005.2857536972 0.0000004938
131383644.4823708981 0.0000005325
131278335.9728012830 0.0000004704
140280658.3836221993 0.0000005216
131270895.3904223591 0.0000005063
131549471.7181835175 0.0000003160
131279702.6823929995 0.0000004462
131557446.9069922566 0.0000004468
131256580.8612408042 0.0000004359
140297279.0209186673 0.0000004905
131387605.9466641396 0.0000004915
140554284.3259009421 0.0000004727
131288309.3142455369 0.0000004978
131228827.8111373633 0.0000005122
131233479.4771275073 0.0000005452
140147756.6156550944 0.0000004456
131331078.4600987881 0.0000004943
131654607.3798970431 0.0000006509
131348829.7122806311 0.0000004636
131263776.3568783551 0.0000005072
131300263.0877318829 0.0000006020
131221637.4369501919 0.0000005083
131665906.1132955253 0.0000005272
131237355.3483102620 0.0000004958
131207106.1811525226 0.0000004629
131239373.8890136033 0.0000004690
131265248.7104185373 0.0000005284
131225534.2038413286 0.0000004309
131255458.4657506049 0.0000004419
131215139.0928422213 0.0000004617
131216035.1808505952 0.0000004891
131223114.2891225517 0.0000004870
131348542.2399970889 0.0000005172
131303343.8644271493 0.0000004596
131360229.3013474792 0.0000004832
131235751.3555804193 0.0000004534
131280105.3352260888 0.0000004065
131240422.5528123975 0.0000004423
131285161.6742890924 0.0000004841
131302372.4781982899 0.0000004587
131278053.1092571765 0.0000004170
131220312.0046649724 0.0000004823
131364051.1271390021 0.0000004804
131203158.2584850937 0.0000004626
131416975.1705564409 0.0000004792
131244396.9004523307 0.0000004643
131161440.2099776715 0.0000005229
131188844.3480405957 0.0000005059
131323357.7945652455 0.0000006098
131321302.9685816169 0.0000005251
131172160.8855257481 0.0000004978
131222438.9809243232 0.0000005213
131192120.5281018019 0.0000005214
131180819.1202712357 0.0000005456
131264478.7424281389 0.0000005002
131182816.2400016934 0.0000005165
131153902.7930053473 0.0000005642
131254236.5486011505 0.0000005650
131287651.5462798923 0.0000005451
131289463.4245472699 0.0000005581
131225546.6147371829 0.0000006076
131174582.1880300045 0.0000005612
131557266.0251708776 0.0000005727
131164378.4597277194 0.0000005836
131549782.5968191177 0.0000005749
131153610.1831287891 0.0000005660
131229634.5479408652 0.0000005647
131153425.7218099236 0.0000005631
131367270.4878368378 0.0000005493
131168182.0749129504 0.0000005603
131298794.7922773659 0.0000005433
131143953.8194559366 0.0000005646
131256160.1469512135 0.0000006803
131153703.4839787632 0.0000005867
131266431.8318730891 0.0000005240
131125075.1944546103 0.0000005395
131224231.0503470600 0.0000005903
131169364.9787134677 0.0000005309
131223066.9998625666 0.0000004999
131133745.2742972970 0.0000005389
131159288.8315768540 0.0000004973
131127327.7867511511 0.0000005449
131195262.3302875906 0.0000005514
131258714.9503973275 0.0000005418
131128953.8890243620 0.0000004618
131134618.1729193032 0.0000005483
131185259.4703433365 0.0000005139
131129850.3476895094 0.0000005331
131528269.9243005663 0.0000005447
131144685.4818900824 0.0000005328
131220284.9886674732 0.0000005378
131128307.9345833659 0.0000005412
131473302.0868988633 0.0000005527
131159183.9739617556 0.0000005412
131366191.9747691900 0.0000005430
131181228.9278253913 0.0000005117
131127603.5379475802 0.0000005221
131152180.6509540379 0.0000005392
131120869.8608424067 0.0000005224
131182686.9413858354 0.0000004765
131124538.1687749177 0.0000005204
131133051.5311422050 0.0000005421
131126700.9129708856 0.0000005211
131277789.5579250902 0.0000005133
131138048.9064548463 0.0000005141
131124726.6937268078 0.0000004911
131277633.4030735195 0.0000005282
131276349.6754964590 0.0000005089
131126402.2568627149 0.0000005252
131132713.2647236139 0.0000004537
131129909.0068981349 0.0000005184
131252702.1248404980 0.0000005207
131285429.7199496627 0.0000005324
131126182.3228415102 0.0000005605
131138018.1780854464 0.0000005006
131123461.4830786288 0.0000005363
131133855.9324892312 0.0000005214
131215039.4136036485 0.0000005478
131286733.1009132713 0.0000005235
131172392.8128410578 0.0000005217
131174777.1199895591 0.0000005217
131139082.6203335375 0.0000005520
131122568.3329998851 0.0000005364
131287625.1728054881 0.0000005265
131279194.0669263899 0.0000005224
131262532.9164087325 0.0000005254
131132662.1643103659 0.0000005212
131180186.7770826072 0.0000005421
131156855.8377279937 0.0000005232
131168973.8627483398 0.0000005386
131284925.5476630330 0.0000005330
131194088.5170314759 0.0000005164
131287525.4727954715 0.0000005381
131129249.8347414732 0.0000005181
131143307.4645453840 0.0000005206
131123853.1685032696 0.0000005280
131141005.9086449891 0.0000005242
131124360.1511476934 0.0000005246
131130964.0819108784 0.0000005188
131120915.9473769367 0.0000005191
131142484.7004355192 0.0000005260
131121192.5744479895 0.0000005191
131288664.6731276959 0.0000005254
131277289.6152208000 0.0000005184
131131426.9025277495 0.0000005202
131270646.2837324739 0.0000005291
131122278.9669340402 0.0000005199
131148552.6562139690 0.0000005197
131122928.7386491895 0.0000005219
131263788.1507034451 0.0000005219
131123030.9513695389 0.0000005220
131132607.3685336560 0.0000005200
131128561.7406371683 0.0000005250
131271244.2681592703 0.0000005117
131120045.5090891421 0.0000005209
131123609.5343145281 0.0000005238
131121681.0914584696 0.0000005211
131140262.4271682054 0.0000005242
131129675.2896986604 0.0000005191
131138752.9651960880 0.0000005304
131124310.9324029982 0.0000005231
131118686.2712423801 0.0000005156
131119101.1976574510 0.0000005182
131139154.5588124990 0.0000005239
131120966.9155536443 0.0000005163
131160489.7905667871 0.0000005130
131127726.9153392315 0.0000005171
131134845.6252889782 0.0000005175
131119441.2093702257 0.0000005157
131141821.4194561690 0.0000005156
131121548.7456289232 0.0000005141
131128203.6139734387 0.0000005160
131121270.5501942337 0.0000005158
131127689.5787913203 0.0000004954
131120009.5612961948 0.0000005107
131272949.1146965921 0.0000005197
131125536.1329663396 0.0000005206
131277002.3386767507 0.0000005062
131127862.4653941989 0.0000005170
131132224.7256441265 0.0000005134
131119281.5842532516 0.0000005161
131122805.4751657248 0.0000005223
131119373.0239063203 0.0000005152
131122275.3368995041 0.0000005225
131118441.1217842698 0.0000005161
131122157.5803957433 0.0000005230
131128731.4415854216 0.0000005145
131124933.1450531036 0.0000005159
131119768.7341203541 0.0000005188
131117975.4613608271 0.0000005159
131132682.0988576412 0.0000005168
131127622.9085265398 0.0000005161
131129238.9887915850 0.0000005152
131118437.6784766018 0.0000005158
131126491.5381306112 0.0000005202
131117964.9623026252 0.0000005160
131126013.3370996714 0.0000005177
131125907.0581947267 0.0000005157
131127846.2232488096 0.0000005141
131116581.3107353747 0.0000005166
131120692.1958333403 0.0000005141
131124299.2784189731 0.0000005164
131123825.8532118052 0.0000005187
131126808.1194389015 0.0000005152
131129153.8952470720 0.0000005195
131124021.7932013720 0.0000005168
131125404.3507500291 0.0000005150
131117507.3030941635 0.0000005157
131127445.1016078591 0.0000005106
131124979.4359518290 0.0000005184
131132352.7430561483 0.0000005195
131125825.3352362067 0.0000005166
131123083.1059719473 0.0000005195
131122786.9895867258 0.0000005171
131126843.0631182343 0.0000005182
131126571.9673586488 0.0000005168
131274961.8761294484 0.0000005157
131119080.3747806996 0.0000005176
131122348.5015694797 0.0000005167
131124901.4484559000 0.0000005180
131123178.7677066773 0.0000005142
131118272.4822649658 0.0000005159
131120116.7953603864 0.0000005126
131117079.6820895523 0.0000005157
131115401.6930382699 0.0000005220
131117523.9110906273 0.0000005221
131130692.8220070750 0.0000005242
131115964.7979757190 0.0000005206
131272879.5352307707 0.0000005210
131120279.5204150230 0.0000005222
131123115.7305290252 0.0000005213
131125320.2062037438 0.0000005215
131124452.2036804855 0.0000005225
131115007.6784999371 0.0000005222
131120018.1324693859 0.0000005216
131123772.8052753806 0.0000005249
131126319.8364370167 0.0000005236
131115897.8590403646 0.0000005212
131115541.9219995588 0.0000005225
131117894.7238791883 0.0000005214
131116793.6412962675 0.0000005228
131124119.4090385437 0.0000005239
131115586.6956917644 0.0000005218
131121172.8212320954 0.0000005220
131114466.1010939181 0.0000005221
131114961.5754353404 0.0000005239
131115145.7962222397 0.0000005227
131123975.3430214673 0.0000005215
131115813.0683159828 0.0000005225
131123442.4489782155 0.0000005220
131114255.3274942636 0.0000005234
131124842.4642156661 0.0000005199
131114728.4143751711 0.0000005238
131118786.4258230180 0.0000005240
131115659.1834882796 0.0000005232
131118556.3481012732 0.0000005221
131114656.0688677132 0.0000005234
131116200.4270758927 0.0000005217
131114627.7245961875 0.0000005235
131120591.7003349811 0.0000005233
131124516.2492202818 0.0000005233
131124205.4243097603 0.0000005245
131116185.5252651870 0.0000005239
131122266.6243674457 0.0000005216
131114037.4374194741 0.0000005229
131121915.3230998665 0.0000005263
131123651.6347174048 0.0000005230
131118277.1652312875 0.0000005212
131124377.4554352015 0.0000005229
131122112.7824325264 0.0000005226
131115361.6176832020 0.0000005225
131114991.9896887839 0.0000005223
131114505.6391595751 0.0000005230
131116886.4943926632 0.0000005222
131124475.4579686373 0.0000005232
131120646.4531543255 0.0000005258
131123330.5397211909 0.0000005240
131120595.4299054742 0.0000005226
131123774.2834137529 0.0000005221
131114186.3599145710 0.0000005227
131122850.4369655401 0.0000005222
131124640.0503232926 0.0000005227
131114778.1539034992 0.0000005228
131114358.2810864002 0.0000005228
131124166.8003528118 0.0000005229
131114441.4971877187 0.0000005230
131118005.4135267884 0.0000005216
131124128.4435680211 0.0000005227
131114318.1153404564 0.0000005226
131114040.4077052772 0.0000005226
131124859.5648218393 0.0000005246
131124419.0396704823 0.0000005232
131121537.0894909501 0.0000005227
131114462.3427463174 0.0000005223
131123343.1353961229 0.0000005225
131114013.4363087118 0.0000005229
131115678.8871702850 0.0000005232
131123653.3431754410 0.0000005230
131118598.5746372342 0.0000005214
131114011.0960678756 0.0000005228
131121698.4184205085 0.0000005226
131124205.7679658085 0.0000005229
131116235.3618196845 0.0000005218
131115282.4262966961 0.0000005232
131115280.6296573281 0.0000005238
131124437.6276421994 0.0000005228
131115549.0558980256 0.0000005228
131124304.7841565907 0.0000005228
131123240.1864282042 0.0000005229
131114704.6410879791 0.0000005227
131124651.0686894059 0.0000005223
131114534.7831561267 0.0000005228
131116034.7260309309 0.0000005225
131114344.6785918772 0.0000005227
131114515.2842355371 0.0000005242
131115117.0872756243 0.0000005228
131124232.5659583211 0.0000005246
131124443.7077998817 0.0000005237
131114016.4243008941 0.0000005229
131114159.7724860758 0.0000005227
131124550.0825384110 0.0000005228
131124005.2893056571 0.0000005229
131114130.3698544055 0.0000005228
131114584.6864455044 0.0000005225
131114085.1302607059 0.0000005226
131113867.0208247006 0.0000005227
131124190.6684924513 0.0000005228
131115276.7916059643 0.0000005220
131113941.0790941715 0.0000005227
131113859.1827816665 0.0000005227
131114246.8244203925 0.0000005227
131124230.2855080515 0.0000005230
131124522.7642760724 0.0000005226
131113886.0547657013 0.0000005228
131124076.4332007766 0.0000005227
131122750.8866398185 0.0000005229
131113991.7114788145 0.0000005227
131114545.5546478629 0.0000005226
131114162.9148987085 0.0000005226
131114201.6896652281 0.0000005235
131124204.4649230987 0.0000005227
131113875.0145225972 0.0000005225
131113903.5235254019 0.0000005226
131114889.7274975479 0.0000005227
131124383.4618240297 0.0000005225
131113977.3532492965 0.0000005226
131114081.5597818792 0.0000005229
131115032.7110259533 0.0000005226
131113887.3523407131 0.0000005225
131116216.1649584919 0.0000005226
131113914.8509713709 0.0000005227
131123443.6628831774 0.0000005226
131124239.5029433817 0.0000005227
131123154.0140372068 0.0000005232
131114176.8521557897 0.0000005230
131114666.3675696850 0.0000005221
131113893.3940073103 0.0000005226
131114779.6282919496 0.0000005220
131113805.0207666755 0.0000005225
131123861.5012554526 0.0000005225
131124311.5838800222 0.0000005224
131116500.5024985522 0.0000005222
131114068.4938495457 0.0000005229
131114299.4064098299 0.0000005228
131124195.0168218315 0.0000005222
131115293.0597180128 0.0000005229
131114388.1492943466 0.0000005219
131113901.6345385015 0.0000005227
131113960.1907001436 0.0000005226
131114498.5605657250 0.0000005225
131114019.0655713379 0.0000005225
131114037.3734792173 0.0000005224
131113794.7391492724 0.0000005225
131114173.9359129667 0.0000005222
131113805.4887377024 0.0000005225
131114294.4143592864 0.0000005224
131124343.2489555478 0.0000005226
131114463.5012972057 0.0000005224
131113919.0323396325 0.0000005226
131114169.9353958964 0.0000005223
131113802.1098839939 0.0000005225
131124184.8326748908 0.0000005225
131113913.4051921219 0.0000005225
131123706.7763005942 0.0000005225
131124305.7728362978 0.0000005225
131114898.6123979688 0.0000005227
131124396.1181908250 0.0000005225
131113879.2472883612 0.0000005225
131113950.1561310440 0.0000005225
131124167.9807578921 0.0000005226
131113841.0124767423 0.0000005225
131114017.4466804564 0.0000005225
131113801.1490079165 0.0000005226
131124206.1379192919 0.0000005224
131124359.9943899363 0.0000005225
131113939.3285997808 0.0000005225
131124305.7382476181 0.0000005225
131114049.6757520437 0.0000005229
116000415.0000000000 0.0000005229 1 0 0 0 0 0 0 0 0 0 0 0 0 0 0 