250314937.9599153399 0.0000009890
238544704.9577224553 0.0000003415
236200329.1379797161 0.0000000584
262904043.7319382429 0.0000004382
251175124.4022319317 0.0000004277
298226430.0585137606 0.0000000088
271608016.2850221992 0.0000003092
238884571.1790919900 0.0000003715
259144945.1123646498 0.0000004108
287140248.8039402366 0.0000002743
265093850.2867832184 0.0000000849
228134312.1231112778 0.0000010006
259173355.6096796393 0.0000000841
222010776.0884306431 0.0000000742
228169635.0879131556 0.0000005737
254250742.6186334193 0.0000328628
254377466.8101029694 0.0000000793
222052390.3639575243 0.0000003910
205014394.8231170774 0.0000000933
209033408.4375487268 0.0000003929
196039478.6052381396 0.0000016395
193317049.6739341319 0.0000021013
206081142.8899441063 0.0000016014
182823209.0913741589 0.0000030829
180406673.5827706754 0.0000043146
211254851.4767371416 0.0000011870
221637317.8562107384 0.0000011529
223525559.1733841002 0.0000016245
205485830.2648521662 0.0000007460
219692517.5387457609 0.0000012205
202972482.1732217371 0.0019117342
135058746.9849241972 0.0000488323
127807338.3102140874 0.0000550936
129463701.5558872819 0.0000358485
141230056.6357330680 0.0004946173
131113013.9917127490 0.0000727792
140998818.3495992422 0.0000185652
136847094.1347317696 0.0000573420
132761408.1136580706 0.0009201844
130719454.0572405905 0.0001148097
135943055.5092299581 0.0012471669
128762979.0418378711 0.0001460823
147559786.4328716099 0.0002470225
127939941.5524514169 0.0000786503
162770929.4217784405 0.0002838019
128878947.5610915273 0.0000391151
124418564.5666902512 0.0000006313
130383607.5630064309 0.0000011806
149669217.2228508294 0.0000478708
120878033.5294638276 0.0000001219
120155967.1171535552 0.0000200802
134220235.4424627721 0.0000003358
176826688.5511300564 0.0000091718
127966725.9242304116 0.0000019549
123908743.3861435652 0.0000030782
123261438.3569998294 0.0000175398
125119939.6712496281 0.0000963292
120509021.8774028569 0.0000322384
142989901.5482489169 0.0004745606
123396760.9861903787 0.0000772046
155443545.6554587185 0.0000114446
128209276.1956147701 0.0000122896
139418323.6837604642 0.0001648189
131987204.7434321046 0.0000337329
175064450.3307137191 0.0003218995
119284281.7311923653 0.0000261023
116847408.2166337520 0.0000402092
163923267.3471336663 0.0000439136
139282463.8834378123 0.0001240575
124763544.2883004397 0.0000386794
133858945.7194066942 0.0000383859
162077379.1313680708 0.0000055269
104993666.2104892582 0.0021127369
101585871.8774219453 0.0016074540
114919076.5019758791 0.0020090175
99789783.0268090069 0.0012497233
150537079.7098107338 0.0013471055
102419539.6588553935 0.0002521766
112729063.2173714489 0.0008169518
147897001.9350379407 0.0021542967
124902197.4724001586 0.0002432107
103335929.5872882307 0.0018992906
113547356.8756799102 0.0002443195
103823620.0527546406 0.0005331650
124287018.2860368937 0.0017268020
100876282.0064576715 0.0015424623
112493630.2280348241 0.0000107601
100820564.5156843513 0.0009769079
126897011.7447959632 0.0010205607
106397060.0849501044 0.0003739680
99376633.6725543886 0.0000197422
97958192.3053791374 0.0000834386
107208367.7523251474 0.0030155838
99254043.0873243362 0.0001849597
153126542.8952232301 0.0032832242
144638597.2319386005 0.0001136181
118754238.7931373268 0.0000148780
103396677.9451335520 0.0000177365
136917421.0285634398 0.0014887562
106294242.7670023441 0.0000953435
101040501.7625630200 0.0015560739
99564295.0962806195 0.0000368877
105434497.7024295032 0.0000001606
93268870.6809889823 0.0002137104
102129068.3054546118 0.0012802515
95042960.2771349400 0.0000456661
97658065.2366332263 0.0000331693
94434526.7384406477 0.0001024603
93784956.6120993495 0.0006133518
97142889.7480720133 0.0002898053
122915416.3722843677 0.0000021784
98140664.7035706639 0.0002680609
98455822.4254251868 0.0009167424
92272574.3069332540 0.0000121704
122010253.9368525892 0.0004705439
97230397.0795522332 0.0000038361
99967466.2018561363 0.0000000111
97193923.8389661759 0.0000595598
108279467.9029956609 0.0000330860
97153129.9980506748 0.0001170305
117021552.7910848558 0.0000959240
97311689.4797387719 0.0000242638
119141029.4998523891 0.0004540383
89983327.2115066499 0.0000132363
111483134.2034132481 0.0000032818
89933387.1619468033 0.0000002167
103630777.3073994815 0.0008546742
92621952.8961506635 0.0000258729
90735002.6186777651 0.0003332015
89692254.5482270867 0.0000010286
96215521.6960618496 0.0007951860
89989445.6542448848 0.0000443190
154871977.0289129913 0.0000677248
85214893.1128892004 0.0000103760
132328697.6948913932 0.0000877168
88757880.2444516420 0.0000105656
113511002.1442563981 0.0000005479
86495253.4904545546 0.0002529349
113247321.3672006726 0.0008615126
90851888.9537463039 0.0000036923
91389800.2767663300 0.0005330188
87474790.9845435917 0.0000018825
99388590.1737242043 0.0005794393
86681681.1001766771 0.0000225825
114134390.1990315616 0.0010515481
92196138.8183682859 0.0003030772
113747368.1812678128 0.0009605627
87641920.1684994698 0.0000000132
125229213.5006542653 0.0000042068
90155559.6751982123 0.0000013839
113545830.8980546892 0.0012588249
89661702.4209024161 0.0000063245
114678251.9421449304 0.0000854757
89631506.6009115726 0.0000001756
115374590.2027286142 0.0000873218
83416150.6355574280 0.0000127001
98488130.6938754171 0.0005769561
95120884.4581438452 0.0000000019
90116167.9069741666 0.0016535500
91565087.1175687313 0.0000968594
87521941.0748725533 0.0000917370
82687531.5486537665 0.0000105950
137517536.6867482364 0.0004849374
86941150.1161184758 0.0000036906
126408323.1301477551 0.0000649863
91997053.6740411371 0.0000448820
81715122.2391344756 0.0000001406
83140805.6505649090 0.0000013478
114060540.6724134237 0.0000310273
99007814.9561395794 0.0000001071
113593810.6397026330 0.0000233555
82983012.4722422212 0.0000001965
116494770.8345208317 0.0000238873
94699962.8238952905 0.0000161296
84800195.1856610179 0.0000273712
95488062.4261953533 0.0000029017
82666051.4106166363 0.0000016507
83886422.9743126929 0.0000001378
84510024.7390293330 0.0000002031
98867997.3774392903 0.0000051089
82208964.0224370807 0.0000009530
84453032.7999253571 0.0000595100
84025974.0046368986 0.0000022784
84332719.4897539318 0.0000133291
80993454.5745780021 0.0000030652
81710009.7099559009 0.0000228467
83719107.1587448567 0.0000066900
101084970.5895670205 0.0001117155
83471398.6652078629 0.0000043292
92721099.6014136076 0.0000267118
85215964.4240472168 0.0000083921
80599413.4912237078 0.0000037260
79189082.1019288599 0.0000016298
81151405.3207442164 0.0000003638
78265566.5491355658 0.0000001137
80928777.8901883364 0.0000014782
78876118.5306735933 0.0000000577
83592080.3907589018 0.0000000857
82658735.8783949763 0.0000014177
79036568.2405532002 0.0000000042
83703181.0056188554 0.0000007282
80086544.8403450549 0.0000978277
85225308.5349664837 0.0000008483
84313617.9116433114 0.0000000008
80220423.1652644277 0.0000005087
81376436.4670126885 0.0000004366
82277173.4489255399 0.0000057042
96583664.3130883723 0.0000011061
80313786.3529190570 0.0000001631
95779963.3259747326 0.0000082058
77776038.5890432894 0.0000001836
105241867.2891383022 0.0000153716
82195548.8416605294 0.0000041621
88644964.6313616633 0.0000055688
79144860.7785362005 0.0000007435
86523787.4918618202 0.0000019725
81160526.9026395380 0.0000005614
80898178.5667326301 0.0001059036
81624648.6564006358 0.0000009977
100549060.7396633327 0.0000075089
81411357.4650534987 0.0000001065
78770103.7866843492 0.0000010175
79532197.0446540415 0.0000224650
82160136.6256873906 0.0002480471
84451747.1580169052 0.0000046551
79502612.9123588055 0.0000294434
78506398.9581218809 0.0000017299
85812243.6179454774 0.0000702712
79092469.1812034547 0.0000000566
79912277.0376875103 0.0000083868
83228312.9868199378 0.0000070764
86893615.5758382380 0.0000002212
85946024.0097415894 0.0000039272
95886963.8555635363 0.0000007031
77800660.2101321369 0.0000065367
110558011.9565926790 0.0000806930
79052213.4183920324 0.0000010516
109180488.2925654054 0.0000570131
82538694.9558973610 0.0000122855
77182311.0604680777 0.0000003052
88864779.0968139023 0.0000067784
80759958.6276226342 0.0000002542
79176607.8564228415 0.0000001576
77356183.3143324703 0.0000014516
82384400.6051684767 0.0000095058
76629240.1798549592 0.0000003756
80377533.6021953225 0.0000009478
77211730.9061265439 0.0000000015
78667112.2941626310 0.0000095467
78085100.2167145759 0.0000000600
76700486.6515545845 0.0000014041
77358306.6184604615 0.0000010239
79532056.5353349745 0.0000011589
82255784.8993949890 0.0000000514
78251332.8197434843 0.0000033467
78692196.5233467668 0.0000000225
82073827.1958863586 0.0000003616
79206195.5180818737 0.0000009467
79660842.9535181075 0.0000000982
83834507.1518406719 0.0000001123
79537098.7055632621 0.0000003526
79892005.2750458270 0.0000108433
80069355.3672147840 0.0000019344
79265144.4817993939 0.0000040182
76983746.9925710410 0.0000000032
78289008.2396326810 0.0000006545
79424282.4322903305 0.0000003883
84003559.0937161595 0.0000002960
76518228.8042034656 0.0000000166
79083164.5568376929 0.0000013718
77163592.8775013834 0.0000002074
79553555.4167815894 0.0000024877
78588587.4353733510 0.0000001977
78633881.7528069764 0.0000000335
77384494.5603792965 0.0000003594
78920149.2124006599 0.0000083620
79748144.2573084682 0.0000004968
78118103.2385097891 0.0000000023
79665057.7244638950 0.0000001172
85163857.9459953457 0.0000007667
78181734.3378449231 0.0000002302
77856032.4381549954 0.0000007957
76661352.7235795707 0.0000000132
79616595.5260300487 0.0000022601
79823090.0877343565 0.0000000001
79384709.8525505215 0.0000013790
78625199.4672032595 0.0000000154
79109450.7232083976 0.0000004263
78500145.2763913572 0.0000000054
78055921.5078819692 0.0000001502
79211568.1949190199 0.0000000075
79519276.1633369774 0.0000023395
77975704.4172431380 0.0000005800
78633037.2217140645 0.0000004408
78250322.1309026927 0.0000000001
86679495.5618195236 0.0000002182
76860658.4054186344 0.0000000077
78887822.7258668095 0.0000021418
79624097.8940499276 0.0000000041
78757044.0002024472 0.0000000355
79009357.0897732824 0.0000000046
78786991.5375627130 0.0000003495
79818096.4447121918 0.0000000378
78312656.8138785362 0.0000026522
79863766.6784133017 0.0000001458
77539674.5183549225 0.0000003452
79860499.2400697172 0.0000002790
79864793.2751597166 0.0000000146
79123043.4104598165 0.0000002828
77221485.2570091337 0.0000000066
76930423.5643725693 0.0000000964
79713844.0909127593 0.0000000211
79246526.2684683502 0.0000001476
76616451.9276758730 0.0000000001
78681803.8654082566 0.0000000095
76504899.1981236488 0.0000000107
79929265.2840705961 0.0000004768
76487326.2615781575 0.0000000355
77995393.6988139451 0.0000000214
79689124.8797249049 0.0000000395
76852014.7141091973 0.0000000003
76842030.8071599007 0.0000000694
78245330.2945591062 0.0000000046
76830858.9717614800 0.0000000854
79935248.0267047882 0.0000000157
79640487.6348767728 0.0000000740
79225312.1072068214 0.0000000000
79793221.5583948493 0.0000000537
79839876.4781996459 0.0000003517
76489768.0975362659 0.0000000041
77670127.9291463643 0.0000000226
76679632.2001941502 0.0000000000
77320012.2601956874 0.0000000481
76667738.5999512076 0.0000000217
76577392.9481254071 0.0000000320
76722668.2317689359 0.0000000396
77539406.4993143380 0.0000000786
79808179.3725112081 0.0000000456
79477115.0943399668 0.0000000845
79563479.9963390082 0.0000000125
76930219.2134666741 0.0000002674
79895637.5360723883 0.0000000179
78101502.6394945085 0.0000000123
79920771.0624842942 0.0000000082
77265884.7554856837 0.0000000149
79662451.9367310703 0.0000000365
76811431.7750156671 0.0000000271
76575211.1768349260 0.0000000310
78992551.7370549738 0.0000000134
76691479.9793364108 0.0000000141
77014619.0464628339 0.0000003389
76490572.0373436511 0.0000000105
79406485.4611814171 0.0000000011
79577066.0407709032 0.0000001511
76600780.7788006067 0.0000000278
79744898.9891515523 0.0000000591
79282976.2154567391 0.0000003566
79655296.9890431911 0.0000000772
76912999.2746319324 0.0000000019
76458792.9287237078 0.0000000203
78619737.3114127666 0.0000003250
79820874.0204938948 0.0000001091
77615098.0444968492 0.0000004800
76480262.5226816535 0.0000000006
77127847.3114050776 0.0000001213
79751272.4626195133 0.0000000412
77366594.4487827718 0.0000000951
76510899.6865902096 0.0000000059
79272290.2380985618 0.0000004181
79761613.6939609796 0.0000000110
79226745.5968821198 0.0000000260
76470403.5639484972 0.0000000291
79529764.0355826020 0.0000000029
77042937.2373361140 0.0000000269
76558628.4467674494 0.0000000144
79134954.3767626286 0.0000000531
79718215.8322114199 0.0000000222
76558517.7735562623 0.0000000036
79889256.3674040288 0.0000000122
79153638.8272886425 0.0000000206
76672079.0612324625 0.0000000218
76568375.0004488975 0.0000000010
79948570.8412799239 0.0000000339
79836681.2424065322 0.0000000251
76608494.9768145084 0.0000000328
76528058.9599867165 0.0000000208
76690135.3770204037 0.0000000226
79759094.8762973845 0.0000000235
76963753.3896497935 0.0000000089
79912893.0667723566 0.0000000172
76662039.2539404929 0.0000000263
79884121.3963016868 0.0000000156
76578698.7087381780 0.0000000104
76519780.4537985623 0.0000000184
76502628.9875596464 0.0000000058
79837434.9906047732 0.0000000257
76608975.7949869186 0.0000000016
76557979.1925569475 0.0000000174
76772771.6998762935 0.0000000607
79882344.8781887144 0.0000000252
76585068.9932855219 0.0000000039
76462123.1611149013 0.0000000183
76740763.8349496275 0.0000000262
79897956.5102448612 0.0000000132
76798890.9588000923 0.0000000232
79913183.2809984088 0.0000000207
79893051.9917901009 0.0000000536
79838259.2336831093 0.0000000271
79771966.2899100929 0.0000000256
76549175.7831192762 0.0000000237
76769115.0510011017 0.0000000012
79818141.6386702955 0.0000000180
79848912.6480797380 0.0000000118
76454672.4895371348 0.0000000177
79785650.9118909389 0.0000000245
77145419.5045305789 0.0000000001
76511886.4637735933 0.0000000639
79879205.6359908283 0.0000000189
76507357.5929293782 0.0000000305
76457412.9517047703 0.0000000166
76469236.2815661579 0.0000000274
76455828.5618069023 0.0000000163
76513495.8097252846 0.0000000266
79890859.9701077193 0.0000000189
76639677.1499470919 0.0000000115
76485539.2582474947 0.0000000137
79896707.2789215744 0.0000000077
76474437.3666465878 0.0000000200
76466124.3991724849 0.0000000264
76463003.6114570796 0.0000000190
79874671.4313014299 0.0000000195
76504649.1235648543 0.0000000168
76756131.5535701811 0.0000000051
76490185.1931862980 0.0000000108
79830354.3523379266 0.0000000319
79888424.6398408413 0.0000000178
76627647.4206157476 0.0000000133
76487142.8210435957 0.0000000155
79763266.7680212259 0.0000000235
76465303.3416960537 0.0000000131
79764366.1448094249 0.0000000233
76498664.4928400069 0.0000000162
79757345.8900024444 0.0000000256
76461994.5352531224 0.0000000203
79758655.5000929236 0.0000000248
76460334.0246943831 0.0000000168
79757306.0713654608 0.0000000265
79896949.5269099027 0.0000000166
79837696.9012462497 0.0000000157
79885873.5426314175 0.0000000219
76504566.1868530363 0.0000000098
79753144.9353471994 0.0000000400
76502755.3235956430 0.0000000104
79917481.2102114409 0.0000000213
76468137.8123144358 0.0000000090
79907256.8444018513 0.0000000171
76459310.1605746150 0.0000000199
76452556.4399830699 0.0000000184
76495561.2796843797 0.0000000110
79918126.7789742351 0.0000000184
76480290.4099704474 0.0000000139
76458904.2890084386 0.0000000180
76524828.7309052646 0.0000000260
79908565.5894867033 0.0000000177
79811594.3350583166 0.0000000174
76454865.4376271367 0.0000000178
76573322.9756025374 0.0000000162
79897167.4439269453 0.0000000191
76507352.4465092570 0.0000000202
79914083.4880844951 0.0000000187
76556364.0679989755 0.0000000163
79911853.0691319257 0.0000000184
79895848.6159762144 0.0000000194
79918028.2002593428 0.0000000181
76467288.7786644697 0.0000000243
76490837.9690664858 0.0000000160
79905641.2421760261 0.0000000223
79913424.5493328869 0.0000000171
79910934.8427171558 0.0000000183
79921658.8027205169 0.0000000191
76486976.0446899235 0.0000000130
76463619.1211811006 0.0000000180
76524572.9247063696 0.0000000180
79911324.0377410650 0.0000000179
76480424.3182700574 0.0000000189
76461912.8488029987 0.0000000188
79891423.6272860467 0.0000000144
76460136.6216835380 0.0000000188
76518300.6722572446 0.0000000192
76485459.4985406697 0.0000000188
79917752.4415397495 0.0000000189
76466926.9434889406 0.0000000153
79918056.5041973889 0.0000000178
79915825.0063013881 0.0000000269
76453382.1753482968 0.0000000183
76473393.5128175616 0.0000000195
76453206.1219958514 0.0000000186
79899501.7494742870 0.0000000168
79919995.1734151244 0.0000000194
76499363.7147060633 0.0000000176
76457194.6573123485 0.0000000187
79899064.4239498526 0.0000000254
76460478.3547178209 0.0000000190
79900763.9710788280 0.0000000127
76453692.5733637512 0.0000000183
76478494.8721584380 0.0000000165
76460612.4269081205 0.0000000179
76459137.3324294388 0.0000000162
79908831.3813083470 0.0000000183
76509658.1495395750 0.0000000167
76456919.2627327889 0.0000000187
79904454.8470966220 0.0000000180
79907582.9556956440 0.0000000178
76471573.2160895914 0.0000000193
79907304.9264122099 0.0000000187
76454360.8630624413 0.0000000161
76456897.8391726315 0.0000000182
79919433.4170671552 0.0000000183
76456018.6109202206 0.0000000175
76454419.2613260001 0.0000000178
76463102.8144393861 0.0000000192
76454660.8347218037 0.0000000180
76455929.0163763613 0.0000000191
79912805.6318386495 0.0000000186
76462164.3129641563 0.0000000200
79910844.8562873006 0.0000000182
76462943.8506280780 0.0000000170
76455312.1423248351 0.0000000180
76472852.9617376626 0.0000000186
76455219.1781465113 0.0000000192
76479260.1582949162 0.0000000185
76460518.4734883606 0.0000000181
79911465.9213505387 0.0000000172
76454328.2592614293 0.0000000179
76467332.4072605819 0.0000000191
79920092.2624404430 0.0000000186
76460007.9181285203 0.0000000180
79919141.5607323498 0.0000000193
79915029.8579913378 0.0000000152
76456806.7955112308 0.0000000183
79916752.1133902371 0.0000000230
79912853.8871021867 0.0000000183
76476078.1764328182 0.0000000173
76454914.1162976027 0.0000000178
79900897.7100239694 0.0000000188
79921072.0799856186 0.0000000189
76468653.2422283441 0.0000000160
76455792.8241700828 0.0000000188
79917750.9664850980 0.0000000185
76461362.1160127819 0.0000000188
79920562.8754470497 0.0000000186
76456660.5098653883 0.0000000160
79920437.8713947386 0.0000000183
76456713.2058687061 0.0000000188
76455617.0989044756 0.0000000184
79918793.7301899791 0.0000000188
79917847.8025708348 0.0000000185
76469909.1033067703 0.0000000177
79919938.3069871068 0.0000000185
76455793.8202206343 0.0000000182
76456079.0030853599 0.0000000183
76456644.7808483690 0.0000000181
76453897.6952300966 0.0000000183
79920001.1341512352 0.0000000183
79919884.5527927130 0.0000000185
79920075.6763453931 0.0000000186
79920822.9870241433 0.0000000188
79920376.4671081305 0.0000000185
79919680.7397853881 0.0000000180
76452604.6553487778 0.0000000184
76452734.5860999525 0.0000000185
79920209.6911079884 0.0000000184
76460481.0338032097 0.0000000185
76455105.8465949148 0.0000000184
76457192.0641656816 0.0000000180
79920017.4059990793 0.0000000184
76456213.6935296506 0.0000000184
76454105.1364158094 0.0000000184
76454378.6486982703 0.0000000173
76452834.6115647107 0.0000000183
76453906.6482349634 0.0000000187
76453229.0932947099 0.0000000183
76454703.9083359987 0.0000000186
76453426.4485911429 0.0000000184
79920595.2696994841 0.0000000179
76452805.6972601861 0.0000000185
79920416.6595532596 0.0000000187
79919453.3707542717 0.0000000184
76454590.4254671037 0.0000000182
79920021.9564442486 0.0000000184
79920534.5068586022 0.0000000183
79920209.4425784647 0.0000000184
79918243.1389107406 0.0000000181
76454159.9366648346 0.0000000183
76455749.9411114156 0.0000000187
79921011.6788717955 0.0000000184
79918156.0322857946 0.0000000186
76453256.3746584207 0.0000000185
79920354.7591909319 0.0000000185
79920057.3513289988 0.0000000185
79920771.7539863735 0.0000000183
79920594.8204247653 0.0000000186
79920403.5581516176 0.0000000184
76453378.8399191201 0.0000000184
76453041.0019536465 0.0000000184
76453158.4823475778 0.0000000186
76452528.0346169472 0.0000000184
76454402.0562608540 0.0000000185
79920688.4813758731 0.0000000183
79918689.3050772697 0.0000000187
76452762.2363228053 0.0000000184
76455007.1323037595 0.0000000183
79920409.8955510706 0.0000000183
76457243.0560087860 0.0000000185
79920170.7229103446 0.0000000184
76454499.6785970032 0.0000000182
79920506.8620349914 0.0000000185
76454729.1335307509 0.0000000181
76452558.3138316870 0.0000000184
79921300.7556092739 0.0000000183
79920778.0182372481 0.0000000185
79920561.1405223757 0.0000000181
79920766.3273439556 0.0000000184
76453373.6085665226 0.0000000183
79920789.7525797039 0.0000000184
79920322.0060904771 0.0000000183
76452544.4598565549 0.0000000186
76452967.2839987725 0.0000000186
76453006.4734756202 0.0000000184
76452806.6973020136 0.0000000184
79920516.1271121055 0.0000000184
76454047.4999435693 0.0000000184
76452759.3399361074 0.0000000184
76452875.4889623523 0.0000000185
76452577.3533765227 0.0000000184
76452990.7536954582 0.0000000183
76452797.0619267225 0.0000000184
79920733.4005582184 0.0000000184
76453116.9385898858 0.0000000184
79920563.8416131586 0.0000000185
76452651.2319354415 0.0000000184
76452861.8867623210 0.0000000183
76452789.4880717397 0.0000000184
76452555.0071434081 0.0000000185
67530098.0000000000 0.0000000185 1 0 0 0 0 0 0 0 0 0 0 0 0 0 0 