633004674.0973219872 0.0001202412
621018374.4687948227 0.0020538130
626143230.5887403488 0.0025061342
658134968.1155353785 0.0019234470
686369243.6920906305 0.0008981151
643796166.3067383766 0.0029114774
643160218.1677156687 0.0015763143
627621992.6598740816 0.0001609123
640446986.6014112234 0.0017512362
714260441.4230935574 0.0012179712
659383599.9314081669 0.0002049864
593180880.8394610882 0.0034154652
635739412.7570586205 0.0010058479
589931181.4086172581 0.0026203971
592697404.8905110359 0.0002264573
655085939.1397019625 0.0013967472
609897768.3274490833 0.0004006416
523077071.7106677890 0.0052920051
489439124.2777353525 0.0069619097
487104421.6645786166 0.0019791520
480658066.4146088362 0.0000759666
474819678.5483547449 0.0002263828
548247472.3168271780 0.0031366875
466274217.0025839806 0.0006041969
456962298.2933296561 0.0021519314
521256449.9707573652 0.0018866072
558782688.2052760124 0.0007805518
521708365.6836323738 0.0021704492
534586324.5793566108 0.0022893324
488364121.5018204451 0.0022132760
522473753.5274440646 0.0011470415
351814738.7369167209 0.0053598318
362993107.2893849015 0.0063348338
360306430.6126069427 0.0043938173
444413496.0310953259 0.0016458733
355169217.2553228140 0.0042095056
339118661.4070171118 0.0086856086
343801235.5248951912 0.0069544748
381493012.2218884230 0.0018739639
328036261.9146084785 0.0124053796
377003223.8679264188 0.0002876883
321960367.1932886243 0.0101809690
373590602.2314975858 0.0066591354
323265766.1155008674 0.0099106618
337546335.4499499798 0.0115121331
322155128.8109389544 0.0094857539
335321847.9336158633 0.0178142514
322270428.8907192349 0.0092422910
302684714.3174515367 0.0177800448
306374996.6448718905 0.0161194946
288620160.5674006939 0.0481202484
289814385.0188876390 0.0472373069
327482148.6237936020 0.0688048715
313508398.4546300173 0.0382314219
315026622.6225314140 0.0387047148
293377108.4742677212 0.0453048339
304181895.1486331820 0.0239237066
284430393.2887511849 0.0528677794
247501956.7751027346 0.0727834944
246243318.0551728308 0.0736427388
269475078.8204960823 0.0429064358
260536022.4357734621 0.0633354632
225690859.1644077599 0.0736028035
237569419.8505319953 0.0636575292
260454694.2249788046 0.0517868182
218864938.9787898660 0.0745761903
225223050.7485124767 0.0777484335
217598166.6439006329 0.0822281834
234261067.0021223426 0.0705718654
218441272.3557589054 0.0681003436
213091534.2044276893 0.0973034865
206275916.7328963876 0.1046686873
205221566.3276596069 0.1073213631
205645133.7846897542 0.1092892533
269708496.3167921901 0.0596415810
187096226.9342897236 0.1390650052
233614158.5773817003 0.0712994709
188339330.1178269684 0.1339766685
213222358.3487157524 0.0393594869
187501946.2005582452 0.1419202181
207051814.4881356657 0.1323974644
182564166.9532321692 0.1507783513
172351677.9624549448 0.1959608251
180597854.3559519053 0.1743610833
217586900.5820795000 0.1148954530
170536212.4247050881 0.2057797211
268443216.6136222482 0.1061813079
181748780.3118374050 0.1772967892
175502608.6952498555 0.2152171765
181505785.2269998789 0.1793670028
209319724.4133652449 0.1240103074
172454142.6452044845 0.2158663473
238630550.2298666835 0.1161051049
182460497.0716242194 0.1692241565
217457638.7507171333 0.1261113493
174291574.6625800431 0.2059569192
251646961.4536594152 0.0742291928
170608155.1171369255 0.2062044597
290869878.6685867906 0.0319902814
185279209.9595818520 0.1710700437
209536993.4017733634 0.1969157433
174406068.1483369768 0.1984395254
217643925.0165995955 0.1169470658
175505202.5004978776 0.1951962829
195134842.2901649475 0.1785730913
173972379.5596818030 0.1951109393
216103529.9642137289 0.1252782546
178072129.8522292376 0.1819159568
218527664.9550690949 0.0743492896
170313793.9052050412 0.2221849526
221000234.3579643965 0.1490591275
172361315.6413973272 0.2118510260
219287057.8964296281 0.1116714535
183859485.6931210756 0.1892643739
231959172.8400684297 0.1511913053
172424906.1826542318 0.2412620755
206070622.5460138619 0.1835418243
171486319.1491604447 0.2459634923
278162299.2344634533 0.0864206902
173356916.8320653737 0.2385863867
188691841.9395572543 0.1875666384
189870920.3560349643 0.1789274356
193672764.6511431336 0.1976768083
192494677.5310748816 0.1690970479
232366368.1065538228 0.1005273806
192131224.2732081711 0.1626170764
157936145.8186174929 0.2071508419
157678499.9668723941 0.2082668108
198683154.0190108418 0.1397375229
163332083.4868795872 0.2232677866
158539101.5450736582 0.1887614664
195607835.9828028679 0.1531189859
215306300.9116384387 0.0662193562
150765489.0839352608 0.2276311528
225516374.3086369336 0.1007321611
149447594.9988637269 0.2665195030
183683615.1436941326 0.1314117276
145195517.6518367827 0.2522919337
220941268.8769698143 0.0949005897
144745952.7688564956 0.2633635765
211132233.1205663979 0.1199779685
147726485.8220890760 0.2876540630
214029703.0055807531 0.0938659370
148229212.5445859134 0.2885050740
150094983.7348457575 0.2368908554
148414101.5161439776 0.2503434587
158900985.6189892590 0.2316786754
148586679.3684988022 0.2566684372
207947926.0808421075 0.1789003258
171178198.7952648103 0.2093790577
198549670.0552128851 0.1297001767
150077486.5365886390 0.2505731410
165979589.6281551123 0.1217423735
148880388.6947538555 0.2484166555
170350649.4644322991 0.1659289431
148523835.7559450269 0.2548745636
203539433.8468828797 0.0888048167
148072177.4041658640 0.2534165081
170546883.7700282037 0.1764581358
149435410.0087707341 0.2598466065
171908486.8997943103 0.1130109763
144555936.7385570109 0.2678413985
203068760.1254844069 0.1821125377
146419247.3084627390 0.2713644933
159929160.9756955504 0.2011719403
150635339.8900873959 0.2406553620
143964415.5223379433 0.2578126887
142076653.3892254829 0.2977003485
142450552.7584117055 0.2802429496
148748166.9253874123 0.2747307555
140660246.9349028766 0.2953750060
142216217.9815916419 0.2882179584
144946369.1615800560 0.3158179435
147668422.8637912273 0.2550291335
141565962.9487814903 0.2968563933
167876651.6364729404 0.1614483728
144594707.3122804761 0.2936921851
144874578.5069086850 0.2773609294
138794781.4424653053 0.2928338598
156480056.0454844832 0.2272689313
143944050.8513112366 0.2773280933
144580956.4274802804 0.2426682538
140550761.5398014486 0.2995889174
142804789.6532159448 0.2664236163
143048921.9852590263 0.2855356417
143680228.5146514773 0.2927663115
142270876.3636635244 0.2713920231
148576113.5021923184 0.3108229971
138704155.5414814055 0.3118275348
132405215.0863034576 0.3906946324
134629461.6602151692 0.3774945384
135634600.8906482458 0.4031303695
132224161.2862792611 0.3976661105
139262071.8774880767 0.3343308329
136889105.0403895378 0.3883268852
143545936.5463911891 0.2901607374
131138179.5748782456 0.4054877379
146194686.2399863005 0.2980570337
132501205.1732081473 0.4116631071
140476876.2403481901 0.3306020722
129625973.2105140537 0.4218857646
151432369.3545525670 0.3602978615
133823161.7954910696 0.4172954105
134485605.2878291011 0.3583949105
130507857.8043880016 0.4373196947
140352430.0948578715 0.3727639140
131024189.5136565119 0.4135590981
129668387.7227416784 0.4598513760
130190479.8830273896 0.4170118955
142353055.1421113610 0.4100345050
131939519.5025267750 0.4346812494
141171550.9440323114 0.3436949493
131560018.7598658353 0.4273947930
131795849.6562945843 0.3983255447
127935213.8899901807 0.4444891134
135963126.5722516179 0.3999123012
128041443.5707712919 0.4557468867
142578965.3509618342 0.4974799336
128097544.4271005839 0.4542818476
133350293.7414642721 0.5058256238
130542100.2881346941 0.4611100394
151892058.2267104089 0.3857856279
127666764.6708694696 0.4549602869
137273809.5414685905 0.4104793650
128724383.6617565155 0.4607175353
125435028.9774100929 0.4708944892
128318857.4195681214 0.4378364197
137202902.4180146158 0.3970879505
128178856.5891513526 0.4506426156
128539668.6954848468 0.4327521675
132592991.4762784690 0.3795630475
129974610.2364590168 0.4332674908
128244715.7505296618 0.4632539582
130781652.4040296674 0.4540633645
126564554.4177379012 0.4710294186
130508493.1774991900 0.4740203206
129094811.7622786164 0.4613499723
137647913.6645799577 0.4047767790
129539921.9333108813 0.4599483943
149730620.4645575583 0.4490983193
128726198.1743218899 0.4609990999
127264265.0928330868 0.5043867868
125246073.2855573595 0.4716819193
128006374.6147063226 0.4649062252
127381885.8309851885 0.4636970497
126161439.4994867295 0.4785822507
125636286.8963550627 0.4882182910
124417104.4901015460 0.5029353136
130167911.7338739038 0.5017328110
123855528.3335315734 0.5011481718
124390201.7288275063 0.5149688880
133584320.2499937117 0.5596249140
124794633.9685616940 0.4970968303
127242547.5274314582 0.4681087896
126257016.1179971099 0.5140433388
127762515.3372054100 0.4697584581
124083704.6603139639 0.5033451621
129337165.6312345117 0.4787073750
124752252.1332574785 0.5052693599
127521743.0614803433 0.4625622392
124694711.6864976287 0.5060928524
134233798.5491924286 0.4726945020
128767344.8305899203 0.4842230687
125403742.0616272837 0.4874413083
124168226.3618587106 0.4964374946
123838716.4537810981 0.4938505934
124873625.8689808398 0.4838005515
128054497.5591010600 0.5128074462
126297582.6711031199 0.4962840933
126678596.9938111752 0.4784622818
127545554.8017244190 0.5120805186
127306536.7127419710 0.4362802138
124652746.6987886876 0.4916191446
130458750.3455871195 0.4250453611
124220193.7469217628 0.4946997066
125631749.4715112299 0.4602535173
126676901.8269887567 0.4879158065
129620531.0003587008 0.4896255741
124039915.5065609515 0.4896633363
127667811.7009054124 0.4799338084
128579768.8578994721 0.4765481332
129356038.0602394193 0.5333129265
126607945.6482602209 0.4938442087
126625273.2198936343 0.4740007307
130817011.6430246085 0.5286121236
124081013.8670216799 0.4977803381
124103425.4947089255 0.4840062428
124943916.4077332020 0.4973171446
125691020.1655970067 0.4708311490
126898089.1078321487 0.4935082600
125382916.7260668427 0.4834366467
126968608.0755236894 0.4916632935
127256164.5189249665 0.4658958679
124247637.5501565784 0.4951286170
126974890.5673163235 0.4791191380
126650037.6805452257 0.4924812890
126015806.4944295585 0.5014458054
124054081.6579269022 0.4914681595
125401366.8246812969 0.4709777801
126320369.0622254908 0.4932255057
129147644.7680001259 0.5235342800
127168778.9851177633 0.4872517250
125369660.0970698744 0.4852435731
123982939.5026119351 0.4961736143
125903154.7009744942 0.4870536094
126728151.5476956367 0.4892742855
126863109.7810436934 0.4701459126
126757548.2931160182 0.4986344292
124926579.6978606880 0.4831277643
124948948.3002201468 0.4983271622
125507187.0755447000 0.4877432298
124049894.8715224415 0.4853328440
124589509.0322078913 0.4903870514
126624626.9307915270 0.4965828100
127392278.5482753664 0.4644131236
128730075.7504825443 0.4707469841
123876522.1149996817 0.4936541541
126998116.5259914249 0.4914897573
127215648.8595938981 0.5099119802
123890888.7760016918 0.4947803322
125512839.5248721242 0.4903704535
126949546.6100303531 0.4912792566
124572415.4886943698 0.4954159003
126791586.4776026011 0.4921612131
125726972.0031096786 0.4904569735
123868464.5833256543 0.4941160479
126847941.4855610430 0.4853051531
124183032.0465214550 0.4944968104
124841691.8326979131 0.4833583212
127200978.3992580026 0.4937215671
123891196.5492042452 0.4914894382
126811056.5586528629 0.4913038864
125585565.7279984504 0.4863286968
123815473.6647664011 0.4935084066
124894233.2919126898 0.4791250447
126954294.8155234307 0.4913913188
125214409.6719696373 0.4982839515
127021898.7587078214 0.4932716146
126235918.9777011275 0.4847989065
125339658.7664959729 0.5013098006
124068149.9414878637 0.4946333431
126015299.4175388962 0.4906527237
127032420.3396905661 0.4929485226
126859024.5951246321 0.4897108875
123922649.2204650342 0.4937645316
124567509.1742539108 0.4937057783
127138282.9935807735 0.4929934296
123835419.5909728706 0.4951642337
127026611.9556932151 0.4932806563
125560301.3521873951 0.5014964702
123851130.5104520470 0.4929121722
126504721.0322994441 0.4917269259
126971599.7927925736 0.4929256256
126890974.7551769167 0.4903241281
123915155.2293999940 0.4940525644
123907962.7014398724 0.4939009871
123833079.0573010594 0.4929341063
126944549.4505585879 0.4915598791
126848219.4527097940 0.4915027578
126467086.0849482864 0.4915722241
123868029.7161207050 0.4945944058
126303567.9581164420 0.4869330729
123810982.1158709079 0.4930398654
126479575.6276146621 0.4897039718
126980760.3276120573 0.4920701562
125267743.0095226616 0.4994278014
123796737.9228644073 0.4930485116
127186907.5183718652 0.4936613026
127186913.3489992023 0.4931738118
124087736.1737274379 0.5002498954
127215472.9139279276 0.4932018428
124680988.8721046299 0.4969680494
123829406.1729851663 0.4934754715
123950344.6327102333 0.4900822554
127210246.0822596401 0.4923331654
124040302.9293538332 0.4938813386
124035804.3421975374 0.4944653196
124872885.1708715111 0.5005166981
127227372.8266185969 0.4923637997
127105786.7946163714 0.4910009951
127068235.0290132463 0.4927593571
123867683.0815709084 0.4939270836
124079591.0946838409 0.4944540781
123850448.1765455753 0.4914136711
127173656.1022263467 0.4936237630
127083716.7782239914 0.4911817577
124069224.5707093328 0.4942755288
124614854.7549396306 0.5003991952
127326863.5348748267 0.4929791590
123773486.2273773402 0.4946602630
126632727.6300898492 0.4923793131
126295952.6827365160 0.5056745989
127252989.2750331163 0.4937814875
123784127.8672516495 0.4952253199
126578767.8522119224 0.4918834559
123786489.5982707441 0.4942308672
123782849.3723303080 0.4939829943
123852291.2765330672 0.4949196727
124059964.1527146697 0.4947092593
127086774.0802361220 0.4938731406
126848364.6371567249 0.4936039479
123800469.3805702031 0.4951719260
123789787.0592315942 0.4949794238
123883709.8940467536 0.4952159839
126772064.2524370402 0.4938177620
123792403.1641783863 0.4948079529
123771895.3947914243 0.4957268081
123820702.9413952678 0.4958481399
124408681.5285991728 0.5000229663
123827188.5238833874 0.4953401836
124093157.3953386396 0.4985349274
123759612.3158258647 0.4957341172
123771840.7553841621 0.4966357299
123855532.9702382833 0.4961355727
123763574.7517137975 0.4966735959
123750480.3740151972 0.4954059983
123989797.9529224038 0.4965258052
126986744.7203255147 0.4951467015
124003882.1435400099 0.4972971215
123813357.7210921198 0.4956495095
124711338.6768269092 0.5002256061
123738177.4261988550 0.4954303162
126686529.2250942737 0.4953646775
126904153.2271268666 0.4946259888
123974481.4740740359 0.4965553180
123774118.7374954224 0.4961055963
124581739.6464664042 0.5002166274
123739525.8905556202 0.4958257694
126922022.3564152122 0.4933194171
127037666.1377954632 0.4954039317
124014281.4857847542 0.4957736839
127031798.8009337485 0.4953550991
126824705.0443216711 0.4941567366
123738846.6208988130 0.4958985941
126915387.1917767674 0.4939641980
123743260.4428708404 0.4958773456
126768414.1833056211 0.4941548743
123757512.7800828516 0.4957649054
126698008.1049430966 0.4944263062
123752932.7287993580 0.4952404588
123729695.8326483667 0.4982620950
123695195.7417990714 0.4979820247
124277685.1805093884 0.5005867501
123751333.7854446173 0.4975128392
123819887.6796939671 0.4987144558
123738529.1158966124 0.4982164342
123694175.1184578687 0.4974726000
126869231.5185093731 0.4970375326
126927179.3090057224 0.4962142009
126933846.0958160013 0.4971394111
126588709.2281907350 0.4964088799
123736985.9244385511 0.4972927080
126686957.8918711245 0.4963468584
123752111.5544559360 0.4980845805
126687080.6292461008 0.4983435838
126862962.4086379260 0.4951903218
124135674.7493008375 0.4998370452
123706688.6610100269 0.4975331374
123759746.1832640618 0.4986754674
123715473.8625852913 0.4975565574
123767739.3230159283 0.4975484976
123712933.7105776072 0.4974074830
126856089.8795142174 0.4970785933
126955940.0556502789 0.4974265991
123994606.0385644734 0.4993224010
123723840.5836210996 0.4976609858
123697131.9265201688 0.4972408004
123713340.6428222805 0.4978922813
123695860.9218724221 0.4976250395
123693562.4041560888 0.4975243113
123750854.1624619961 0.4977765373
123699625.8536819965 0.4974792955
126793526.7766585350 0.4963143621
126954380.5260183662 0.4972518665
126918828.9761575311 0.4967837072
123685434.2095369399 0.4976689921
123822547.9912400991 0.4985590515
126972576.3391834646 0.4975557043
123740973.1931805313 0.4978315883
126933145.7588653713 0.4970865603
123756140.1744001210 0.4989348584
126879844.3670471609 0.4973075168
123724685.3767538369 0.4986040278
126944819.0493525863 0.4975858491
126931774.7816800922 0.4969861227
126959850.1091447026 0.4973679595
123941795.4761407524 0.4992885969
126959296.6480933726 0.4975104492
123788752.8925251961 0.4991755994
126929984.2785266042 0.4974361356
126897329.5794436783 0.4975783318
126962366.3218990564 0.4974175012
123866294.5050108880 0.4980697897
126901186.0865446925 0.4977457091
123684993.5297890306 0.4976173535
123721781.5126107633 0.4975045083
123694814.7410847694 0.4977679984
123695125.5352539271 0.4979133774
126957505.0452556163 0.4975445920
123676645.7580732852 0.4976865732
123768566.3237995654 0.4976834527
123727444.9688854516 0.4975629847
123682791.9193370789 0.4976975254
123725475.9431492686 0.4973915858
123741122.1904870421 0.4979727831
123754110.9512070864 0.4979598285
123703477.1189213693 0.4977968580
123850518.2084062994 0.4982917931
123742407.5245534629 0.4976053676
123704159.4649770707 0.4970949042
123763145.5625276566 0.4976579133
123731083.8561556637 0.4981683148
123713377.8138080388 0.4974242186
123756690.9740778655 0.4980144833
123739986.0267744064 0.4974411533
123785299.4057869315 0.4977786197
123772249.3152004331 0.4975977553
123740184.7366070002 0.4980564961
123687847.2602615505 0.4975520064
123782443.0622737557 0.4983866055
123748005.0734506249 0.4975805859
123723451.1649106443 0.4974288396
123695564.8392105401 0.4977520737
123752440.0806346536 0.4976490080
123753975.1638029665 0.4974698830
123748670.9670118392 0.4975348803
123754737.4534833282 0.4977353477
123750199.8992545009 0.4977933795
123756361.2754850984 0.4975675868
126930419.6478738338 0.4966691143
123693976.7627537102 0.4978588513
123680922.2464160025 0.4982284122
123699758.9652587026 0.4978976805
123750035.4193276614 0.4977385603
123705417.6559214443 0.4978335811
123921989.1079040766 0.4986942432
123739865.6403030753 0.4975604413
126874287.3732908517 0.4969917476
123693028.3875446916 0.4977236921
126971027.3014058769 0.4969990774
123745536.3301451504 0.4975847333
123739116.7307705879 0.4982571234
126971373.8228573203 0.4973252015
123700785.3182038963 0.4977090623
123766914.2915569097 0.4976665882
123712625.2616757601 0.4974137646
123687691.9747472256 0.4977080473
123788968.1824475527 0.4981735628
123678758.7205369622 0.4976935765
123764740.6536394507 0.4977710650
123684194.0464382023 0.4977157964
123679491.0222289562 0.4978259367
123762695.2979112417 0.4976528642
126971268.0460723937 0.4971856827
123703015.8079273999 0.4977780821
123699720.9349030107 0.4977183608
123759902.1321038604 0.4976508715
123775979.6806799918 0.4981278410
123762130.7708354592 0.4977737980
123678608.7640797347 0.4976694825
123761553.2934546024 0.4976916594
123675819.9346652925 0.4976923972
123679542.0798529834 0.4976144345
123767946.2405507118 0.4976536600
123751298.1088796556 0.4976378719
123677032.3008761555 0.4976973177
123698663.7963667512 0.4978988404
123767579.0359614491 0.4976822313
123683785.2782475650 0.4977881125
123676372.9643681645 0.4976935275
123690120.9100751728 0.4977446971
123681143.7788114101 0.4977100517
123701247.8793513775 0.4977648922
123686252.9081531763 0.4977142850
123725659.8364272565 0.4979942091
123767733.5367796123 0.4976727778
123725991.3381921202 0.4979210346
123677191.8862553984 0.4977001169
123769898.5697008520 0.4976934168
123767914.8883291483 0.4976572781
123769434.3145444095 0.4977036912
123677262.2036509365 0.4977403584
123679997.5442937315 0.4977134286
123768478.5374321491 0.4977022180
123767875.3936295062 0.4976818538
123745996.2439719588 0.4975760025
123769595.8317171782 0.4976863175
123680184.4868796766 0.4977579606
123677650.7030060589 0.4976917254
123769349.6252561659 0.4976979792
123676309.4372622073 0.4976990472
123768594.5589901209 0.4977131496
123769271.9181229621 0.4976771320
123764449.6002908200 0.4977273712
123679779.9444579631 0.4977127683
123683255.8263033181 0.4977007994
123680765.8067335784 0.4977150008
123687084.1351076216 0.4977097242
123681420.2078347802 0.4977070876
123677026.3195009828 0.4977104077
123685389.3758838177 0.4977446330
123677827.2168389857 0.4977307215
123769394.4040490240 0.4976929619
123678573.8081580549 0.4976485615
123763504.0567362309 0.4976602908
123687846.4779837132 0.4977354975
123766250.8920548111 0.4976798700
123753639.0996640623 0.4975814098
123683123.4738671333 0.4977137353
123767475.7983407676 0.4976795150
123766219.6352507770 0.4976731851
123683030.4386664927 0.4977680334
123757030.2115939856 0.4976200062
123678214.8823385835 0.4977308340
123770338.4728485942 0.4976889929
123677637.1895811111 0.4977276859
123676054.6626498401 0.4977032184
123677431.8654865623 0.4976937669
123675751.1923618764 0.4976928976
123760929.5440434515 0.4976565694
123770131.0010250360 0.4976933189
123676610.3433292657 0.4977079689
123769749.2620495111 0.4976902751
123683189.6440279335 0.4977044158
123768685.5485175103 0.4976826043
123685871.4413948059 0.4977466881
123769821.9841303825 0.4976797980
123769505.0513433367 0.4976893405
123769251.9807517380 0.4976826536
123767513.8446023017 0.4976648931
123677652.5250335634 0.4977076776
123677655.7582392842 0.4977040405
123677259.8003728241 0.4976972303
123680139.9673778415 0.4977333071
123767725.6812593490 0.4976777187
123681995.1237009764 0.4977400501
123770438.4517829567 0.4976838775
123675604.7684015334 0.4976991292
123676080.9002558142 0.4977060014
123769341.3627259582 0.4976935047
123769227.6710374206 0.4976906196
123675831.2707795948 0.4976984025
123680387.5584310889 0.4977165856
123769758.2953304648 0.4976952659
123678556.7822034657 0.4977164193
123769794.4402898550 0.4976980444
123769449.1283303499 0.4976952510
123770219.2135234028 0.4976986615
123680447.7033296674 0.4977110843
123770698.0008859485 0.4976951890
123680967.8543590158 0.4977349357
123675615.0011351705 0.4976993647
123675947.0634997189 0.4976900143
123770151.3026840538 0.4976977191
123770577.9308007360 0.4976905856
123769868.5032395273 0.4976992701
123677691.2853769809 0.4977092137
123676168.0639848113 0.4976996312
123675628.5321854055 0.4977094629
123769819.6312434375 0.4976955943
123770112.1209268719 0.4977072336
123770457.3254950345 0.4977033392
123678493.2054890543 0.4977006410
123769969.5209479630 0.4976950725
123768077.3480099887 0.4976987458
123769146.3584170491 0.4976941822
123675667.4301197678 0.4976967396
123676333.4761730880 0.4976979232
123770502.3252089769 0.4976986962
123676160.9904122502 0.4977016623
123770285.4427367300 0.4976970700
123677409.5664182752 0.4977079325
123675851.7328436226 0.4977027911
123676186.2743453234 0.4977034304
123770554.0403408855 0.4976993399
123769088.8362021893 0.4976896742
123769523.8391075581 0.4976934205
123677946.6781427413 0.4977110556
123770445.2612293065 0.4977011750
123676638.0379054248 0.4977035699
123770291.6561565697 0.4976976633
123678799.8918410689 0.4977123410
123769974.2890566289 0.4976973345
123676166.2558714747 0.4976998078
123675826.4817210436 0.4976991352
123676108.6588125676 0.4977065828
123770561.4735561609 0.4976977084
123677360.1599490792 0.4977079834
123770291.0006116480 0.4976967465
123770249.8096676171 0.4977016505
123770491.2824420631 0.4976995540
123676347.0834875405 0.4976997841
123770405.4039505422 0.4976977035
123770600.0754377395 0.4976969454
123676165.2798980772 0.4977045820
123675693.5622455329 0.4977004513
123675669.1567857862 0.4976986440
123770465.4815236777 0.4976976946
123675926.2989712805 0.4977009076
123675626.8187558502 0.4976992745
123770025.8916625828 0.4976958330
123770385.3010969907 0.4976983778
123675994.7100570947 0.4977035293
123770402.6317349672 0.4976993252
123770417.6672507823 0.4976999350
123770587.4388044775 0.4976982135
123770385.5720080286 0.4977003312
123675633.8171358109 0.4976991640
123677920.2940943837 0.4977081092
123769942.0873925090 0.4976969455
123675949.3925558031 0.4976963516
123675579.5075547397 0.4976989138
123676073.5967013091 0.4977022160
123770441.9474186748 0.4976987338
123676588.7213937193 0.4977043087
123675638.0301562846 0.4976990386
123675948.0364377499 0.4977022194
123770521.9034422338 0.4976984363
123676130.4957759976 0.4977010456
123675589.4998614341 0.4976990846
123676347.8645995408 0.4976991106
123770515.0233554095 0.4976992582
123676323.6400229633 0.4977003035
123675776.8887169510 0.4976999089
123770093.2610400617 0.4976956384
123770572.4158670455 0.4976987921
123770242.3538574129 0.4976970196
121815213.0000000000 0.4976970196 0 0 0 0 0 0 0 0 0 0 1 0 0 0 0 