604322773.1694447994 0.0000009890
581055488.7355732918 0.0000003415
587353758.9713903666 0.0000000584
610446578.1005163193 0.0000000015
582157399.0662543774 0.0000000969
598349268.9167495966 0.0000000164
596534538.4758664370 0.0000000007
583097688.7668014765 0.0000012535
607982727.0507633686 0.0000000025
701095765.0721437931 0.0000000007
572378656.0530872345 0.0000004952
569737589.0158950090 0.0000001405
636615549.1305154562 0.0000001592
568105765.6472506523 0.0000006326
565574422.2605760098 0.0000007772
579347952.0784608126 0.0003443569
599538707.9971120358 0.0000001712
497931863.2572738528 0.0000015072
463279472.3079338670 0.0000019870
461897536.8367251754 0.0000008581
449178201.9096218944 0.0000003297
442962517.1870952249 0.0000005395
457904179.2031848431 0.0000017971
429507151.2810658216 0.0000009868
421759112.3070552349 0.0000021244
420617558.2808575034 0.0000112731
435795991.9008710384 0.0000028839
486475651.3592199087 0.0000035690
461305454.8465557098 0.0000012693
415878007.8474724889 0.0000173365
455546659.0634389520 0.0076815305
403686339.4585345984 0.0011306263
412333761.6812665462 0.0008220024
440155107.4643253088 0.0031349327
404996539.0542744398 0.0011421576
440984884.0570310950 0.0013612577
404006604.9375130534 0.0010852882
412825793.0898788571 0.0019317522
398792015.1686988473 0.0009159120
450460765.9653876424 0.0011097127
384455508.5315541625 0.0008577074
380216671.6966789365 0.0000002247
380084043.7844284177 0.0000000387
448733505.4995510578 0.0000363544
380391462.1080972552 0.0000001337
399137285.3788529038 0.0000393079
377948087.4405117631 0.0000000972
407412095.9992687106 0.0000194774
374065116.0289564133 0.0000001135
350295588.0324040055 0.0000430966
386526838.2769862413 0.0000002624
379128823.0189499855 0.0000280525
366153742.0569415689 0.0000959872
368740825.8748887777 0.0009374051
352088193.5292236805 0.0000599520
337889991.7079920173 0.0000104983
333662688.1065875292 0.0000577712
332663698.8013126850 0.0007566769
319357303.2389059663 0.0007503811
318430260.3532125354 0.0003170713
317439028.9209905267 0.0026741760
337687843.8783231974 0.0029572000
316211699.2867305875 0.0026324007
355928827.0392749310 0.0002464627
332863073.6180813909 0.0006766255
279131647.1794920564 0.0006247624
285800770.8719903827 0.0008204880
253036268.9462002516 0.0001307413
247221716.5402403176 0.0001400357
290282636.9360654354 0.0000089772
252240397.4216371179 0.0003001607
270397447.0343106985 0.0000154262
247675336.6814987361 0.0001552740
278615909.5856216550 0.0008914342
251246548.7814474404 0.0002978242
276484092.8965990543 0.0069330813
241897432.2678023279 0.0001662325
348610383.9237235188 0.0000111891
251276627.1313827634 0.0002433558
250443317.2572041154 0.0006504853
247822480.1105992496 0.0001124265
251363003.2801757455 0.0019070475
245101475.9220731258 0.0001766437
212146846.1314218044 0.0000983794
209566435.1616156101 0.0001371058
295154929.8900951743 0.0000151282
228928472.7972512543 0.0001781892
227473492.5912218988 0.0000935727
210161813.2501814365 0.0003635017
243708099.8009498417 0.0000322748
215280269.5676527023 0.0006213616
256900360.5014954805 0.0121094431
212630208.0643720031 0.0000098490
260740282.8258520365 0.0005157089
209941036.2113687396 0.0000778138
247356610.7086981535 0.0000004148
217750227.5696381330 0.0002474660
254532984.5967679024 0.0003059957
216188811.1853353977 0.0001911129
257538488.0752011538 0.0000600492
209036235.0289035738 0.0000633919
238673442.2613101900 0.0000039971
213543274.0759763122 0.0000017750
282355976.6293658018 0.0002381117
207159041.6170050502 0.0000052097
230254933.7327442467 0.0002426592
203462222.2338183820 0.0000044583
244894274.7842776179 0.0001100093
198128654.3443525434 0.0000533617
229052804.9571868181 0.0000305750
205035012.3550857306 0.0004749223
209852484.6700425744 0.0000685332
213346031.5857940614 0.0001189358
249913472.3740854859 0.0018612965
210058052.0962388217 0.0001183895
241185041.0942646265 0.0000230151
190546015.1526984870 0.0001498770
239921267.6401352286 0.0060224499
204311270.1125173867 0.0000774588
233116669.6386113465 0.0012334047
204254168.5039185286 0.0000087397
195355188.9528470039 0.0000915774
185952680.4926039279 0.0001276988
230806274.9084440470 0.0000051494
179694221.3747642934 0.0003915913
194930205.1131404340 0.0006788501
179481736.6952818632 0.0005857113
224824512.6625257730 0.0000000161
197449290.0363088250 0.0005350851
202818130.3480605185 0.0000701599
185150385.2153138518 0.0007784504
217076945.9063492119 0.0005103545
179036854.8827278018 0.0001915134
207593860.2521452904 0.0096795714
171467815.0275853276 0.0000956861
225397998.9138025641 0.0000069253
168274240.8493049443 0.0002395463
175197402.5763296485 0.0086601322
168428347.2602072060 0.0000593553
222996784.4948499501 0.0001527166
167994228.9540677071 0.0002939761
257109121.3261286318 0.0142031073
169476083.5072315335 0.0000591011
240336982.5462171435 0.0001204650
185994739.1328988671 0.0000169145
168180986.9701593518 0.0003814491
170564107.8041318059 0.0000016304
169209011.3342036605 0.0004649509
169878508.4116690755 0.0000112885
167416247.1110076606 0.0003776697
191560179.6170055568 0.0007428814
168035780.2704417408 0.0004292751
163579713.9271609783 0.0002268362
164532502.0657075047 0.0001010039
172366370.7398566902 0.0000558587
159946853.2486781776 0.0001598125
188028822.0922646224 0.0003409387
163053305.0371758938 0.0000456105
173931039.6301678419 0.0004693624
162127062.5794091523 0.0002615435
161844977.6812502444 0.0000479919
163282227.3723085225 0.0000080464
179387662.2911656201 0.0000081218
166961315.1822773218 0.0002058947
164390688.6617935896 0.0019436020
159305880.1181177199 0.0001157426
183959039.9896759391 0.0001207007
162278654.5152383447 0.0000105147
155273201.0095845163 0.0000003038
159911846.4023047686 0.0000055780
145819767.1823267937 0.0000051097
146781544.3326530755 0.0000213540
152868004.1131468117 0.0001319936
143997786.1826111972 0.0000000614
152237131.9426946640 0.0000031672
142825469.3454479277 0.0000005197
140504531.6504304409 0.0000147488
156747498.2489152253 0.0000143444
130830270.5996907502 0.0000378587
132871294.3373669684 0.0002341417
130622403.6193932295 0.0000013963
132883576.4629710764 0.0000004208
147373468.5406277478 0.0000115822
130377470.8905889541 0.0000365507
143039606.3603593409 0.0000108142
132548725.1465441883 0.0000540721
145051079.1462841034 0.0006387490
136257748.8671516180 0.0000054683
144790231.8134124875 0.0000069030
132855864.0005720258 0.0000182245
133866377.8612442315 0.0000650503
131561557.8303078860 0.0000086937
143549612.2877241075 0.0004545922
134518857.9570586681 0.0000502361
149417293.6396887302 0.0000074776
129846170.7152396590 0.0000730893
132085066.0459536165 0.0000252608
131327903.0458931029 0.0000002716
153920283.2279596627 0.0066378387
132870388.9227112085 0.0000017358
144432761.5210690200 0.0000266538
132744801.7200593054 0.0001289898
150053298.9691637754 0.0000053931
128494462.7932067662 0.0001033417
129551257.0818168670 0.0000062826
129163165.7748587430 0.0000817614
133663711.5902630240 0.0000809437
129262970.0104823261 0.0000403317
140887836.9446546137 0.0000340702
130475121.4822545499 0.0001203221
154404822.9964557588 0.0005598617
129897105.0503742695 0.0002673892
131390249.2876601815 0.0000024359
129941337.0450626016 0.0000234681
134928780.4156157076 0.0000762362
130455908.1671136916 0.0004014296
135201421.8062234521 0.0002488644
128607606.8787008077 0.0000809947
137156480.5441934466 0.0007023551
129579118.9201021343 0.0000264491
130998438.4264334887 0.0004574598
129270574.4931330085 0.0000395901
141361559.0852451324 0.0005037789
128615419.0723755211 0.0001171906
138445013.7947318256 0.0004165033
128930030.8019732386 0.0001511447
137613208.1905500293 0.0001216500
129566606.7932727635 0.0000891122
144298232.4045833051 0.0030033404
129374049.4319574684 0.0010064924
128991577.4122434705 0.0000477492
128696844.6028570831 0.0000763586
128600602.3443388343 0.0001022074
130803283.3063290566 0.0000749287
128612577.7407324165 0.0001063214
130042858.1042397618 0.0000163443
128852594.4897283912 0.0000866467
129614816.0221684873 0.0000043674
128798215.4262320250 0.0001362074
128939826.4437592477 0.0000085418
128849321.9001455456 0.0001024685
133830364.0752477050 0.0001298627
128691712.9005530328 0.0000539153
128197923.6650855243 0.0000767882
129135232.1146536767 0.0000068726
128646619.5984706879 0.0001506041
127912172.0510271341 0.0000201594
127806835.8123295605 0.0000363600
128159053.3113255650 0.0000589779
127606434.3628344387 0.0000351417
128696147.6328736544 0.0001265424
128078313.9929804057 0.0000387533
127239639.4136072397 0.0000008482
127636945.7071650177 0.0000008832
127500134.8369706720 0.0000106003
127720665.3355502039 0.0000004523
127362707.1397861540 0.0000165196
127369983.5930206180 0.0000034829
127460281.6212519556 0.0000048178
127519124.4611572027 0.0000007332
127771452.5877240598 0.0000085529
127217697.6342392862 0.0000017478
127308601.8640239388 0.0000534884
127653455.6411184967 0.0000006350
127559817.7764547020 0.0000262518
127520148.0059766322 0.0000045851
128170402.1284532696 0.0000002194
127274040.3266098946 0.0000048833
127756694.5546771437 0.0000110024
127400308.1987556517 0.0000019935
127705446.8150178790 0.0000063258
127064551.4320648462 0.0000004079
126372514.3808708191 0.0000262455
126878262.6632998586 0.0000226632
126067562.0278951824 0.0000855831
126407500.9213635623 0.0001443148
127056338.1365875155 0.0002627993
126387366.7610991895 0.0001156489
125973912.1702833772 0.0000247989
125406709.2540250123 0.0000244558
126200699.8804862499 0.0000006079
125837755.8101157695 0.0000176953
125710942.7990049273 0.0000071446
125675349.5970635265 0.0000294084
126344051.1105623394 0.0000022531
125752709.3725527376 0.0000255840
127846960.8280546963 0.0000149278
125559794.8184550703 0.0000265295
125338840.3462860435 0.0000038347
125429312.5900463164 0.0000043499
125622322.9746445566 0.0000002502
125554649.0410566181 0.0000028817
125618177.7616735846 0.0000007513
126079290.0498906374 0.0000059970
126819405.5278732628 0.0000010340
125294407.8106495887 0.0000019736
125145666.0674433261 0.0000161749
124999096.2027409375 0.0000149074
125927248.9791846126 0.0000031206
125144239.5436587483 0.0000207755
125027274.7510528117 0.0000722097
125070620.1569814533 0.0000209949
125066159.1061334163 0.0000205761
125326481.8143003285 0.0000101610
124922249.9214289039 0.0000232213
125379531.0383735299 0.0000266307
124997092.2613455653 0.0000012945
125191878.3465173692 0.0000325196
124993829.3595413566 0.0000298112
124907658.5998916328 0.0000290222
125026818.0122377872 0.0000412736
124961880.1673454940 0.0000299577
125318566.3680004478 0.0000384796
125780779.0944444090 0.0000265579
125005349.8293886036 0.0000248506
124920533.5783859044 0.0000302407
125341072.4719730467 0.0000672040
125197914.4915302545 0.0000227365
125009431.9838269353 0.0001250631
125063344.2007116973 0.0000235215
125652578.0688443929 0.0000196702
125242447.0029800981 0.0000309200
126038253.0079605281 0.0000114791
125153479.1594567746 0.0000247556
126544304.8783707619 0.0000660239
125115304.4417069256 0.0000231927
125457699.9722791314 0.0000102357
125028733.4550492167 0.0000213976
125129682.2311014384 0.0000225829
125258899.1227853596 0.0000369535
125283797.4670092762 0.0000148167
125349176.3890778422 0.0000272873
126199529.5228032619 0.0000051221
125058988.9166557044 0.0000246832
125707215.7736352533 0.0000975706
125364703.2476299554 0.0000233576
124968140.0504635572 0.0000061299
124933061.6677175164 0.0000121745
125338520.0491514206 0.0000095506
125002409.5612299442 0.0000480354
125078800.6425523758 0.0001048436
125140893.0894965529 0.0000573389
125285313.9089606851 0.0000624412
125373711.1239299029 0.0000160685
125392114.7758638114 0.0000336590
125327008.4288404733 0.0000495748
125328957.8820739388 0.0000264085
125516596.7105000466 0.0000294122
125160427.3527851105 0.0000268593
125405259.6788615584 0.0000138930
125173680.8083850145 0.0000392463
125505536.9750116169 0.0000407033
124999246.8897716701 0.0000328532
125374312.8033262044 0.0000313694
125160572.8393719643 0.0000250478
124937805.0898381621 0.0000287344
125302836.8766763508 0.0000261617
124902581.8700087965 0.0000283218
125505874.4848155677 0.0000210923
125324691.6168234497 0.0000276129
124955738.6716807932 0.0000245592
125331926.0131315738 0.0000272240
125169494.9958508909 0.0000196306
124985484.6080377400 0.0000254682
125163617.3545671254 0.0000390399
125308417.7031640559 0.0000280314
125320053.9501704872 0.0000283958
124893490.4695871025 0.0000251094
124948888.6549823731 0.0000304151
124929861.0209356099 0.0000249558
124976723.4853946865 0.0000158465
124888561.5592289418 0.0000255208
125082434.5485815108 0.0000271641
124886798.1588252336 0.0000238071
125195184.0630030632 0.0000254847
125201047.0608288348 0.0000246159
124958049.4903523326 0.0000269262
124955938.7776183784 0.0000265746
124962958.2514055371 0.0000242094
124978988.4777210057 0.0000215615
125110404.6760973930 0.0000174935
124995398.6075649709 0.0000272293
125681100.1127713025 0.0000290337
124879705.5152798593 0.0000245045
125639178.9581777006 0.0000270968
125200998.3970879018 0.0000208755
125484032.9723972082 0.0000284098
125082437.5823239684 0.0000235263
124864094.0994601250 0.0000238134
125303946.5870639682 0.0000245288
124851956.3402952403 0.0000237124
124953810.0920423567 0.0000259543
124920922.9529055059 0.0000225390
125076402.3766649365 0.0000211940
125261681.3336621225 0.0000241521
124868522.6897191256 0.0000175560
124889827.4359050989 0.0000236046
125153925.8637921661 0.0000222314
125251624.5062443614 0.0000242583
124925487.8957264274 0.0000229098
124888229.9927056879 0.0000247988
125182776.2553404719 0.0000265743
125274161.9231435061 0.0000247743
124924259.4643218517 0.0000218391
124846625.2565163672 0.0000238521
124897637.4231956899 0.0000214213
124851643.6219348311 0.0000234172
125060864.1887674183 0.0000225556
124869272.9121466875 0.0000241856
125177494.4673499316 0.0000234067
125170613.0846098363 0.0000245233
125211298.4784643799 0.0000227059
125275836.2982339412 0.0000234395
124947486.3953958899 0.0000260723
124875034.1141126454 0.0000237549
125268438.0101975352 0.0000253980
125266121.8146205544 0.0000238289
124988961.2686121017 0.0000271511
125244550.4357335418 0.0000243352
125218799.9401930124 0.0000267905
125245827.2938254923 0.0000236345
125260597.8679294139 0.0000243608
124916754.0238833576 0.0000204329
124843938.8517525643 0.0000241316
124865389.3093725145 0.0000241624
125275843.6051265448 0.0000238914
124884709.7336130887 0.0000235240
124843690.2974741459 0.0000233033
124981911.6090881974 0.0000223949
124856624.8635187745 0.0000239150
125227401.1790522188 0.0000236350
125282569.6884022206 0.0000229392
124885982.8497006893 0.0000239102
124853232.0024438798 0.0000229965
124916483.9812291861 0.0000233727
124885400.2469397783 0.0000233525
124879077.0594518483 0.0000229486
125259362.5890028030 0.0000235535
124916339.9499169290 0.0000193382
125262504.0238896906 0.0000240966
124886539.9894580394 0.0000222850
125263147.1717032194 0.0000227911
124885110.3040788472 0.0000234673
124858633.1908167452 0.0000226136
125276104.6390585899 0.0000260251
125248323.6305180192 0.0000221694
125273284.2871072292 0.0000233430
125276934.4827791154 0.0000232851
124849673.0273220688 0.0000229542
125264645.2968186885 0.0000220009
124863784.1311897635 0.0000230576
125241706.2538972646 0.0000243431
124851881.8309283406 0.0000233654
124846753.0950188637 0.0000230064
124846074.9634090513 0.0000232053
124887733.9386036843 0.0000237773
124854794.8272357583 0.0000229859
125246729.6794670820 0.0000233226
124845497.6211147457 0.0000233289
124855673.2060393691 0.0000235014
124847503.0016422719 0.0000232189
124916124.5593089759 0.0000230678
125271722.6342366338 0.0000236249
124898887.6643096060 0.0000219800
124856382.8502659798 0.0000231444
124852362.7440766394 0.0000228504
124850803.1729432791 0.0000229873
124865881.5854103714 0.0000237269
125273795.3313657790 0.0000237687
124864517.4292620569 0.0000224187
124846100.7586037219 0.0000234353
124872796.9429441541 0.0000224563
124839806.9736433774 0.0000234977
124843185.1332940459 0.0000256079
125256831.2423810363 0.0000236657
124934411.0844335407 0.0000227006
125268389.7464317977 0.0000236845
124838124.8000369370 0.0000239425
125253954.4549852908 0.0000239262
124841599.2779311091 0.0000231068
124844651.6003059447 0.0000244280
125251123.6059314758 0.0000230875
124855808.9612842649 0.0000239365
124878224.9376896620 0.0000241395
124845033.5262107104 0.0000243235
124860803.0417720228 0.0000239766
124850123.4331770688 0.0000239176
125213579.8104062378 0.0000252748
125257904.7504475713 0.0000236856
125256392.6608487517 0.0000253223
125262862.4702596962 0.0000237725
125245403.4681672305 0.0000240036
125255455.5379488319 0.0000229448
125259406.3073704839 0.0000234401
125263276.1142102927 0.0000238255
124841925.2818470001 0.0000245693
124840514.0368699431 0.0000239354
125250913.1227701306 0.0000242530
124842860.1362455487 0.0000238434
124842811.9119499326 0.0000234883
124842111.1658492833 0.0000238266
125256340.3517247438 0.0000244722
124845108.3621046394 0.0000241259
124870285.8549991399 0.0000237790
125260577.9313302338 0.0000241159
124840225.0980347246 0.0000234917
124844935.0969289243 0.0000239641
125243684.0610855520 0.0000248744
125258311.9959765226 0.0000238843
124846761.3267400265 0.0000236285
125254454.7693413496 0.0000240912
124868661.8387838751 0.0000237151
125260887.6324535608 0.0000239275
124859754.8626435101 0.0000234616
125260487.1096202433 0.0000240291
124849831.7782658190 0.0000234689
124839902.9209973067 0.0000240000
124862039.5903632343 0.0000235004
124838716.1444324553 0.0000239617
124861339.5384798795 0.0000241907
124843687.8661372066 0.0000238781
125258777.7385927439 0.0000235895
125259028.5435708463 0.0000239530
124850404.5391367972 0.0000237330
125265526.8451948613 0.0000239053
124837419.8095139414 0.0000239531
124839798.9028004408 0.0000240870
124840887.1535043269 0.0000236485
124835812.5923663080 0.0000239987
125244504.3533937186 0.0000240027
124834386.5565312654 0.0000239052
125235023.6816269606 0.0000248601
125240729.6839054376 0.0000240778
124892241.1860996783 0.0000235203
125246239.6492039859 0.0000240593
124843643.2896842808 0.0000231950
124838876.8250071853 0.0000240601
124839795.6334920824 0.0000235912
125244330.9763004482 0.0000239429
124839495.1547759026 0.0000238203
125247211.2185662836 0.0000239617
124846014.8664296418 0.0000237096
124836107.2304552197 0.0000240205
125234384.3999310881 0.0000236821
125246850.7148523182 0.0000238686
124833570.8678045422 0.0000239206
124838143.1373492777 0.0000238546
124831317.0100693256 0.0000239654
124833406.7212542593 0.0000242786
125246500.4104160517 0.0000239540
124834060.4999912232 0.0000235706
124833970.6144241691 0.0000238958
124835024.4668637067 0.0000242318
124832612.8384075463 0.0000239316
124835606.8915552795 0.0000239562
124834547.2647594064 0.0000238900
124844639.7504491061 0.0000241455
124832043.6278529167 0.0000240563
124842660.2471328229 0.0000239414
124832831.5445598811 0.0000239567
125240412.6098956168 0.0000239758
125244940.3625964224 0.0000239747
124833599.7039517164 0.0000240462
125246745.7905593812 0.0000239439
125247281.9578313679 0.0000244442
124830214.9252070189 0.0000239404
124832919.7263956368 0.0000240411
125248672.4601549804 0.0000239083
124862547.4471780956 0.0000236658
125248528.2604075670 0.0000240140
124828474.0201174319 0.0000241103
124830981.8210441619 0.0000241386
124836634.5142045617 0.0000238696
125244148.8418568671 0.0000241046
124834234.8979407847 0.0000242973
124828512.8891129196 0.0000240834
124830040.5188352615 0.0000245974
124828984.5392178893 0.0000241130
124846401.3432201743 0.0000239417
125246540.4314582050 0.0000240236
124844906.5731946975 0.0000241744
125245099.3624560833 0.0000241148
124834284.7155120373 0.0000242861
124828809.5788324326 0.0000241288
124826438.8750191778 0.0000240495
125242301.9288655072 0.0000240910
124829903.7192821354 0.0000242251
124827388.4778125584 0.0000240354
124841133.8769966960 0.0000237824
124831712.6741635203 0.0000240156
124830254.1828977466 0.0000239635
125244499.7726171762 0.0000240665
125239327.5714751184 0.0000241197
124827519.5474640578 0.0000240095
124834169.0456165224 0.0000240484
124828236.2881720960 0.0000239125
125238741.3405402154 0.0000239718
124826475.1661135405 0.0000240552
125249543.4112253040 0.0000240681
125243534.8337051421 0.0000240880
124829187.5843568444 0.0000240674
125239061.7829056531 0.0000241061
124855089.0243947208 0.0000238063
125245010.2229984701 0.0000240595
125236639.7322252393 0.0000241464
125245055.7104879767 0.0000240566
125244439.7015866786 0.0000240470
124828508.1827987731 0.0000240595
125244216.7337629348 0.0000239744
125243900.1965903044 0.0000241575
125243934.7729186416 0.0000240303
124827617.2719515711 0.0000240568
124826687.1737741083 0.0000240419
124827567.2693404406 0.0000239726
124826283.6553937942 0.0000240609
125240372.8847201318 0.0000242370
124826281.5445931554 0.0000240584
124827073.4679933339 0.0000241376
124827245.4086997360 0.0000240540
124834351.4093793184 0.0000241125
124827452.9376653582 0.0000240927
125238749.1912803799 0.0000242508
125243110.7126097828 0.0000240626
125246406.8654064536 0.0000238976
125244287.4803841263 0.0000240444
124829507.2118292302 0.0000241241
124826514.1263108701 0.0000240692
124831908.3020763248 0.0000240279
125244051.0777578950 0.0000240353
124829793.5940687656 0.0000239554
124827594.9098363966 0.0000240596
124830537.0818768144 0.0000240217
124827400.7724762410 0.0000240976
124827865.2903781533 0.0000240765
125243651.7897238433 0.0000240564
125243084.7532905191 0.0000239313
125243857.1897455007 0.0000240599
124830389.7787811309 0.0000241842
125244569.1717540324 0.0000240404
125245044.4264157116 0.0000240633
125244498.9229267836 0.0000240620
124825526.7376401424 0.0000240938
125239247.1392222494 0.0000241231
124830223.7065347135 0.0000240284
124825555.6687150300 0.0000240721
125240748.1112586260 0.0000240183
125242554.3343279809 0.0000241186
124842375.2497630715 0.0000240515
124826517.6198275536 0.0000240653
125238411.3145175129 0.0000242678
124825478.6672040969 0.0000241323
125240933.0939719081 0.0000242535
125240154.5425699353 0.0000241190
124828479.4118979573 0.0000241091
124825444.2435451448 0.0000241329
124827607.8011883497 0.0000241301
125241688.7528103143 0.0000241285
125242226.1355673969 0.0000240130
124825532.2461272329 0.0000240739
124828246.7562810928 0.0000241891
124825859.8387749940 0.0000240962
125241668.6665898860 0.0000241425
125239843.1288762838 0.0000241452
124826875.7679022998 0.0000241122
124825738.4499045461 0.0000241326
125241970.8260995001 0.0000240527
124828527.5509902835 0.0000241110
125238540.0395528078 0.0000242386
125241230.9951832891 0.0000241770
124828571.4246027321 0.0000239255
124825608.0511959046 0.0000240840
124827017.5912955552 0.0000241855
124825370.6266420782 0.0000240981
124826808.8763027638 0.0000241694
125240252.3338477463 0.0000240727
124834582.2849165946 0.0000239148
124826519.7330798954 0.0000239866
124825256.2935573757 0.0000241079
124826844.8383479714 0.0000240541
124825169.9491820484 0.0000240966
124827118.4106230736 0.0000241374
124825906.7666213810 0.0000240954
124826151.5475325435 0.0000240261
125241048.5086560696 0.0000240993
125241677.2407779992 0.0000241074
125240723.3079980910 0.0000241063
124825584.7076637298 0.0000241180
125239975.6456484348 0.0000241036
124830261.0011576414 0.0000240932
125240196.2761335671 0.0000240877
124827683.3930855989 0.0000241025
125241402.9964130819 0.0000241080
124826328.6366128922 0.0000239882
124826223.1519279927 0.0000240743
124827382.8971622288 0.0000240767
124825234.0072816163 0.0000241104
125237962.8585053086 0.0000240998
124826889.7664953470 0.0000240632
124827442.2376698256 0.0000240921
124825412.8397434354 0.0000241007
124826334.6557036340 0.0000241246
125241360.5647656471 0.0000241075
124826916.7127743512 0.0000241179
125240891.9511697292 0.0000241195
124826780.7645192742 0.0000240081
125240976.1913568228 0.0000240952
125239081.7541306019 0.0000241325
125241068.8313826323 0.0000240947
124825764.8397613317 0.0000241477
124825303.9890280068 0.0000240831
124826539.0227940083 0.0000240933
125241165.5150251985 0.0000240947
124825839.5253203362 0.0000241122
124825629.4178494364 0.0000240488
124825400.1733572036 0.0000240727
124825160.7535351813 0.0000241025
124825506.3127977252 0.0000241124
125240982.2773289829 0.0000240991
124826400.6687514931 0.0000240668
124825239.7121097744 0.0000240994
124825575.0036598295 0.0000241409
125241036.6767480075 0.0000241116
124826234.6357062459 0.0000240947
124825148.3126391023 0.0000240975
124824915.1780532748 0.0000240681
124825294.2029903084 0.0000240631
125240675.9571606219 0.0000240523
124825608.8204403967 0.0000240659
124826090.1801957637 0.0000240885
124825111.9877829850 0.0000240748
124826231.2951569855 0.0000240388
124825108.8430843055 0.0000240810
125240298.2263275981 0.0000241052
125240664.5233243257 0.0000240668
124824879.4906963408 0.0000241005
124825223.9650345594 0.0000241006
124825635.6933862418 0.0000241163
124825140.6738616079 0.0000241041
124825402.3146732301 0.0000241070
124825834.1687807143 0.0000240964
124826535.7087071389 0.0000240598
124824805.4161591679 0.0000240932
124827171.4199167788 0.0000240746
124824948.8453750312 0.0000240982
124825691.2630667835 0.0000241420
124824839.1087730974 0.0000240954
124825511.0618371218 0.0000241035
125240482.9473094344 0.0000240892
124825167.2497001588 0.0000240997
124825086.6926962137 0.0000240932
124825205.1067597121 0.0000240540
125239882.0852072686 0.0000241013
124827666.1604226977 0.0000240787
125240207.0209486485 0.0000240942
124825029.6348253042 0.0000240870
124824854.3815739602 0.0000240936
125235144.3966705799 0.0000241325
125240481.6754866540 0.0000240939
124825634.6872214228 0.0000240546
124824735.5394320935 0.0000240945
124826089.5875850618 0.0000240538
125240219.8326304555 0.0000241003
124825877.5086138099 0.0000241028
124825874.7281971872 0.0000241041
125240409.5426494181 0.0000240896
124825049.3121435940 0.0000241003
124824729.2278438359 0.0000240961
124824885.5462352335 0.0000241104
124824729.1231514961 0.0000240920
124824856.3479254693 0.0000240945
125240431.8522748649 0.0000240952
124824837.4242669046 0.0000240956
124824748.8745980859 0.0000240843
124824796.5691166520 0.0000240897
124824786.5613010079 0.0000240919
124824809.2554780245 0.0000240820
125240365.5087128431 0.0000240964
125240266.5544141978 0.0000241161
124824802.4395431727 0.0000240903
124824836.7302092761 0.0000240921
124824816.2688376904 0.0000240887
124824948.8141718805 0.0000240814
124824780.7600535750 0.0000240856
124824860.6764120013 0.0000240770
124824741.2296753228 0.0000240995
125238888.8352125436 0.0000241048
125240312.9445047975 0.0000240914
124825623.9247035235 0.0000240650
125240103.1791259348 0.0000240960
124825631.2936998606 0.0000240852
124824822.4329456240 0.0000240881
124824893.1569378525 0.0000240945
125240401.3387271613 0.0000240972
124825490.9779347032 0.0000240838
124824879.0280313790 0.0000240914
124825193.7000017464 0.0000240824
125240238.4750261605 0.0000240855
124825583.6631666571 0.0000240985
124824804.6049570143 0.0000240896
124825108.5168881863 0.0000241004
124824742.6004456580 0.0000240930
125239901.9348563403 0.0000240811
124824789.2240246981 0.0000240907
124825885.0459705293 0.0000240755
124824760.3878675550 0.0000240989
124825888.3674352318 0.0000240746
125240307.2270513922 0.0000240922
124825422.3580498844 0.0000240851
125240367.9615314007 0.0000240941
124825525.2056278884 0.0000240838
124825398.0942518860 0.0000240780
109010397.0000000000 0.0000240780 1 0 0 0 0 0 0 0 0 0 0 0 0 0 0 