469365736.9181067944 0.0000009890
456667538.7170526981 0.0000003415
462468195.6854169965 0.0000000584
460094999.3959211707 0.0000000015
482145493.7058905363 0.0000000969
525434198.4190415144 0.0000000164
513216403.4702832103 0.0000000007
458710591.8053436279 0.0000012535
464379192.1678526402 0.0000000025
449622316.2273434401 0.0000000007
531016325.1056862473 0.0000000788
444640110.9561865926 0.0000003319
465044435.8181294203 0.0000000129
443706454.2589949965 0.0000000009
443626798.0743637085 0.0000004225
518029574.5266491175 0.0001871994
480858290.9465087056 0.0000004012
366721227.9290614128 0.0000006170
359012818.2114855647 0.0000008268
358514058.2949796915 0.0000020890
334112776.7089731693 0.0000019659
324310045.9897847176 0.0000019511
363232165.2318430543 0.0000001279
314259334.7800592184 0.0000021260
314317118.4617335796 0.0000011629
405646185.6351035237 0.0000000122
334778375.3547158837 0.0000003821
343367973.3960972428 0.0000000750
355635966.8679912090 0.0000001383
316510893.9835754633 0.0000009049
375966260.2179732323 0.0009420184
303408403.9533023834 0.0026741227
299323611.1036556363 0.0026385018
328699903.9747854471 0.0041689325
299692103.2026555538 0.0026032288
351107213.1312310100 0.0002241231
316508364.9186844230 0.0022783839
322596927.1329865456 0.0012068102
294506368.3559596539 0.0028994754
329675778.5836532712 0.0010243922
300178819.3820644021 0.0011900605
364981860.6280568838 0.0046883515
295139902.3102452755 0.0028420441
306543796.8386310935 0.0012680484
294698684.6609053612 0.0028815105
257276735.1730759442 0.0000904224
257247760.6794900894 0.0000917504
293740471.7757746577 0.0000103746
256353567.9756102264 0.0000923826
228751693.8883305192 0.0000002121
238452870.0775370598 0.0000001742
242615039.8548768461 0.0000014093
234177451.3033870161 0.0000001951
230906598.2424184084 0.0002002448
231396390.2090001702 0.0000577927
247045655.6521433890 0.0120862325
233593241.2294957340 0.0000001886
248586177.2342835069 0.0000279332
234219958.1328400373 0.0000001712
223626325.5021558106 0.0000093728
227331656.4294400513 0.0000058632
201006454.9542104006 0.0004072205
198592499.9000605643 0.0003261068
253308100.7897547781 0.0002667225
198399441.2790688872 0.0008198944
193594148.4384227097 0.0029762883
200186121.9753892124 0.0061627355
197338044.0641353130 0.0001269873
206910956.0583551228 0.0038464271
197521965.8790742755 0.0014947771
198254157.0759598017 0.0020357371
213963341.4101251066 0.0001447276
202934168.5999857783 0.0028241497
255180137.0039564669 0.0006368742
199981762.6736488342 0.0026774085
223076395.2760807872 0.0021914292
191087715.9455242157 0.0009123600
231868894.8393293619 0.0046673139
187527179.5563663542 0.0012546851
194017972.6511760056 0.0018731048
188637797.1171495616 0.0033262293
179277860.8321600258 0.0102458092
166896518.0995008647 0.0107739830
204215340.9332469106 0.0030516469
158109102.4090593159 0.0103968421
191090531.0422130227 0.0054308460
155261399.3966974020 0.0102799905
165821339.9190833569 0.0044674231
155970172.4055498540 0.0089874947
206463190.3784361780 0.0074191504
157473498.2299079597 0.0074259640
174338924.0596097112 0.0318796361
172271501.1610480249 0.0081147646
192787561.1048346460 0.0089662369
156749046.8711421788 0.0071211044
188320020.0076667964 0.0075615488
166845861.0191195607 0.0054670403
191852617.5188377202 0.0125134191
155429740.4620616138 0.0125392436
184672872.4765334427 0.0198563812
160693965.3155703843 0.0139841274
188507554.8671877384 0.0040911596
157407794.5199380517 0.0108329195
167633681.9233399332 0.0006448658
155832108.3338957429 0.0073834768
157149083.4149925709 0.0007595791
158670764.0932299197 0.0138704946
207228018.5186733305 0.0138497858
161685400.3778222203 0.0095154753
178032343.5756765008 0.0056335761
154968431.9907895327 0.0057832529
179768740.4850310981 0.0030959638
169947453.7360750735 0.0066701211
160594494.9081223607 0.0000061402
156785838.3692461848 0.0030405531
186498668.2929877341 0.0004583274
159538589.9620705843 0.0022254558
167073888.2304694951 0.0004757292
159063524.7557220459 0.0065557907
153791680.5467104614 0.0000399944
168460398.5294280946 0.0000748685
175034407.0422730446 0.0007428048
160038897.5517399013 0.0000047745
158292944.3508731127 0.0016727603
155378410.2387253940 0.0014228274
178975566.1504111886 0.0005531602
156760980.1171151996 0.0001894793
186431735.4108509719 0.0017560310
152283801.6580539644 0.0000565811
181930429.7940333486 0.0008716337
149494561.6964636445 0.0002088675
179837733.7100636065 0.0004394433
158666716.2159340680 0.0000781078
164949641.7539324760 0.0006513353
161470303.0161853135 0.0008846705
211219068.8018904328 0.0005104299
154273451.0162111521 0.0000828030
182984351.4394936264 0.0008548974
166048008.7708308101 0.0000777711
176284219.6791391671 0.0108727706
152626391.5872528255 0.0002082663
209155633.8059711754 0.0002598478
159763644.6480174661 0.0007970092
160747611.8202652633 0.0160624360
165922318.5048849285 0.0001660197
193115511.9077850282 0.0033606894
148686873.9422258735 0.0001482425
167627202.2495795488 0.0000735192
159728308.4700130820 0.0000010597
166297005.8882019818 0.0006252547
165476079.6222020686 0.0004835875
150456554.7342759073 0.0000430984
157206855.8336659372 0.0006095688
159524779.5458970070 0.0003201072
156424015.9738557041 0.0029992945
159471498.8258081675 0.0005870857
142594720.5710860789 0.0051446227
146199755.9034328461 0.0045735959
143819226.1294539273 0.0016636733
147741450.0133187175 0.0059355490
143174487.6248592436 0.0069595569
140553361.0283929110 0.0062560320
152701410.3970964849 0.0059913127
144835455.9539804459 0.0043967981
146262409.0309248865 0.0137285130
145919521.9629593790 0.0060423719
145848667.3988251686 0.0024737611
146547790.4339626133 0.0062922741
148830498.5624475479 0.0175086056
140678226.3193328977 0.0043539131
139615072.1800450087 0.0068042016
139408970.3509205282 0.0110241377
162447298.5387157500 0.0004302252
138307842.1409340203 0.0136744229
150860812.9699356258 0.0038197467
136434417.1770316958 0.0153104933
132481977.7421955019 0.0221661220
133949968.5425312370 0.0224921901
150446712.9249981046 0.0394302894
132928796.2065527439 0.0225931160
132556111.8722040653 0.0486618141
133119414.3731703907 0.0332834824
132508503.5495956838 0.0401463551
133705308.0095509589 0.0239089223
141311567.1349939406 0.0062546729
132985697.1216917485 0.0212730409
143985645.8323116899 0.0277086305
135592392.2417828739 0.0228024388
140392955.4517227709 0.0499248458
133335624.9735953063 0.0225495761
150080027.3613348305 0.0275590057
132712207.8497230858 0.0273671045
138454141.8099189699 0.0240654262
132490641.0448466837 0.0214402949
142660540.3339851797 0.0010673894
133117951.5511111170 0.0249684043
133643770.3150245994 0.0127247209
135031519.1836701035 0.0216537541
127039531.0007154644 0.0221657096
129495454.1861054897 0.0189507200
151201759.4416472018 0.0290709141
151523946.8622581065 0.0184912356
127955198.7946833372 0.0264805970
129582374.1378016472 0.0227687850
124779186.0237259865 0.0081299873
154517232.0718671381 0.0089041659
124483602.9302271754 0.0135115835
125782120.2675989419 0.0109083982
129858155.3019240797 0.0178138417
124950574.0586476326 0.0136812396
156389584.4062409103 0.0133065034
124792633.2269370407 0.0125809419
123482978.6129703075 0.0160361451
124075350.4355930239 0.0146068494
124580211.1962079853 0.0061536413
124050740.8994598985 0.0167001751
129548127.1059986502 0.0071710486
123315250.4923584163 0.0145164642
138106718.4902945757 0.0217603427
131724447.4254464656 0.0194979242
132705213.8951795250 0.0007344825
119946145.2790970355 0.0126738146
144862586.1774918437 0.0159070479
118881120.5206773281 0.0147920039
119698015.5441210866 0.0097995024
126895804.5230073333 0.0142058350
125392363.6632836461 0.0091947894
119904899.7081891298 0.0157692683
120752075.1161813438 0.0249444217
117773802.0322139114 0.0180983111
119798654.2544479519 0.0005487607
127287016.3038292676 0.0156143638
126546865.2320223004 0.0253967290
124491050.8981121927 0.0202280442
122961960.3624004573 0.0173923671
117887007.7483166754 0.0148986544
127683255.2852492779 0.0159535527
118834906.6993584782 0.0187557731
115689903.6498273611 0.0128544540
120936221.1155377328 0.0149228897
120180031.6345007569 0.0062519322
115363729.2496841103 0.0131081345
123330689.9930199087 0.0031392426
116580845.0891014934 0.0135268172
116330206.1742048115 0.0054296417
117753744.7307111174 0.0103797789
126727762.4512608349 0.0142909669
120124128.5520683527 0.0105322249
118045721.1778916270 0.0291029538
117037929.2171329409 0.0110691858
118722103.0866626650 0.0010189092
117059808.5686188340 0.0166283550
114250253.8675665855 0.0044209029
117552386.9960935414 0.0043787607
120067351.0106252134 0.0003798769
115919759.9887860715 0.0041751165
118439402.8178841025 0.0072631857
115097466.7480270863 0.0037661435
115994811.0350106210 0.0008122718
119191749.7625565082 0.0026200283
126038950.1405724287 0.0127796411
120030964.3510512859 0.0045486281
115467059.0648568422 0.0048538722
116369546.2760329992 0.0049259877
114021666.2239857167 0.0016232655
114291972.9151172936 0.0008688916
115677450.1745880991 0.0006043285
114251735.8520749360 0.0007990003
122445507.9854915738 0.0014394991
113518434.1688854545 0.0032897829
118799361.6528614759 0.0044750432
116104496.0395040959 0.0032161355
114738992.6182231456 0.0016762124
119083618.2932462990 0.0044234147
115306961.7082690746 0.0008746494
113145683.8771287054 0.0031122633
118129880.1812747270 0.0003362325
119076133.8092397600 0.0042226003
113605107.5450137258 0.0000888553
115664024.4751656502 0.0027141887
116331529.7505529076 0.0037277171
121770534.9540091455 0.0043540310
115016534.6883870363 0.0005570066
123744448.6997310072 0.0026357455
124367527.3126788586 0.0016364849
125297101.9190288931 0.0032337920
117939424.1910887957 0.0073004959
113577566.7382134944 0.0033507442
120036126.4281629026 0.0008453244
118450765.7180230319 0.0031348033
117869943.7547396123 0.0021077466
112792494.0085760802 0.0029196407
121035851.4610434622 0.0038030896
123207804.1245189905 0.0045521170
138011148.5616255701 0.0001116144
121798539.6202895343 0.0035485342
115553284.4836388975 0.0053310014
114428390.1881272793 0.0018533084
124661571.2515220344 0.0023857776
116123064.4438299835 0.0030818807
123009770.9239618182 0.0028310813
115211278.4253840894 0.0009353315
127837206.5810783058 0.0025802231
123038511.2830099463 0.0057893915
125117479.5202874988 0.0029367733
112394597.5102399290 0.0059934301
125942786.6510914415 0.0057459709
113329157.8086465001 0.0066452632
126261771.6180497706 0.0065015876
112346886.0040594637 0.0051462141
112934201.9971232563 0.0053273605
115838698.6536905766 0.0058456635
113532256.6871163100 0.0061693631
113828744.0666072667 0.0029438180
115558320.8630727530 0.0052041406
113065447.2411556244 0.0032343234
113062578.3089331836 0.0050248376
115712819.3838078678 0.0015972605
114863099.7888233364 0.0043782444
114124150.6323308498 0.0063591834
112772078.7480856776 0.0059608023
113430690.8393199146 0.0048202733
114549656.7287093997 0.0048939036
113853454.1167248189 0.0035270914
114934312.8115016371 0.0045755883
113857826.2076343745 0.0025700335
114988604.1607875973 0.0062849034
119769419.4799983352 0.0103151713
112512642.2042156905 0.0050723169
115779770.8620512933 0.0036845046
112346045.3730003089 0.0059415928
114229122.5272918791 0.0065007221
113685430.4562107325 0.0058971763
113289772.9696546644 0.0120572026
122859385.5237224698 0.0056931042
119368595.0303498954 0.0055478720
112729888.8797852099 0.0051964247
119898492.4346874505 0.0049363281
114970950.8245939016 0.0059371742
119592798.9634410739 0.0049374162
112698188.1383174658 0.0051056704
113101360.8491196930 0.0044688770
123627851.4353404641 0.0054965098
112381487.7952473313 0.0045671631
122152629.0321993530 0.0072028754
115382147.1150879711 0.0037384411
114415413.8123025447 0.0054376978
114752826.5145469457 0.0058460830
113802378.5661550164 0.0064660112
117360144.2384634018 0.0050483051
122634815.5770559758 0.0069617584
112637281.4755888134 0.0041769598
112316253.9599706829 0.0048281907
123419420.1453653723 0.0028551990
123372078.2516238689 0.0059694879
113271814.5682495683 0.0018604684
113947631.8169491738 0.0046884775
114519908.0371576995 0.0050506613
122140918.5627550781 0.0055414798
121871620.9631308466 0.0038978666
123068591.0034086555 0.0048531059
118844252.7511489242 0.0085233606
113338853.7342735529 0.0050364071
118062177.6713805199 0.0033220490
114174419.1267345399 0.0043092927
112882499.0258030146 0.0063521463
119813225.6163774431 0.0053798272
113517554.0852343142 0.0020620510
123859080.6688682288 0.0040739260
117707199.0519344807 0.0063727845
121743881.7797599286 0.0041161378
113056325.8422092348 0.0046401277
113827403.4911173582 0.0037435201
112948355.7906519920 0.0050152957
113370602.6496770382 0.0032577946
113109697.9016581625 0.0049557211
113403523.9515295327 0.0055587511
113247210.8182780296 0.0046272190
119939196.1903500855 0.0053694957
112496027.7071864456 0.0049964794
120467905.2821601033 0.0048296870
112811532.4798156023 0.0046147595
112964241.8311460763 0.0072234433
123260845.1903797984 0.0049061720
114315771.3562610894 0.0033228721
112531428.7625022382 0.0046995478
113239651.9629462510 0.0029021548
112631118.8553286046 0.0052367551
112278236.7337933183 0.0055715379
112443287.6709539890 0.0057491022
115657287.4525483102 0.0059372517
112191249.0565656275 0.0061091850
112240043.7714586109 0.0071723461
112158621.7094477117 0.0060647764
113209063.5262702852 0.0065877475
113018256.9404674321 0.0062312831
113187351.3718592674 0.0050735767
112819164.1891024262 0.0053564177
113384645.2427597493 0.0093349162
112210997.9565539211 0.0062809546
112930254.0876016468 0.0064332373
113098270.5672412813 0.0063134243
112713491.0943938941 0.0066746132
113370282.6289807111 0.0065827189
115253079.2565347701 0.0047008559
113243245.1671162546 0.0059516854
112299374.4560393989 0.0067020450
112273748.1063272059 0.0055710925
114302256.8043045402 0.0054171873
114810854.8350305855 0.0060605598
112511723.8167494535 0.0069495662
113644371.7786841691 0.0057588118
115328471.2930305004 0.0039017244
113106050.4195147008 0.0057377094
112875700.4866239130 0.0058206631
112404739.2102355510 0.0062956984
122464044.2586934268 0.0062966430
112247470.6850175709 0.0060549535
113364692.3187285662 0.0040712085
112598251.6421874464 0.0069843952
114107904.0987944752 0.0058650864
112287776.4110910445 0.0062593970
112804944.8175629228 0.0080484714
112130515.6587435603 0.0070109528
114297880.6831253022 0.0070398285
114887575.1060524881 0.0069652539
114724922.8384594917 0.0095765149
113013478.9624872804 0.0067095410
115143339.4655199498 0.0083117091
112084330.2540171593 0.0069009349
112307517.7343978584 0.0058132581
113040728.7538086772 0.0072419847
112640819.8333650976 0.0054816660
112580146.5897662193 0.0068195758
116037755.0468412191 0.0075037511
112469103.8192672133 0.0058359783
112198398.3827869147 0.0064272076
114663083.1472231448 0.0064470963
113906412.7792359591 0.0078897957
112275139.9644024223 0.0060886758
113051306.4581360668 0.0063192975
112464975.6501433700 0.0063491105
112749561.9774102271 0.0056125642
112868789.7153504491 0.0065768730
112386801.9661605805 0.0071784040
115363065.9368063062 0.0066378735
120758287.7670709044 0.0066398638
114742012.0221278965 0.0065910091
113846826.3634512424 0.0053129936
114553656.7513490170 0.0070905969
113247157.9455631226 0.0064883687
112317120.5682871640 0.0055071868
112462917.1388632655 0.0070892215
115450470.3769418299 0.0067635394
112154330.8135498315 0.0068965896
112990679.9557277709 0.0070572683
112553647.4575366378 0.0069183004
112546769.2795386165 0.0057369385
112408833.8230801374 0.0068337194
112363114.5548613220 0.0065116132
112171986.6108409315 0.0068510794
113133725.0738809556 0.0073159199
114740220.2694791108 0.0067095168
113790850.0629183948 0.0082899274
115229441.7353046983 0.0067484373
112119767.0879694670 0.0078500913
112196580.9895534813 0.0069086026
115710586.3803103417 0.0060088464
112505203.0127436519 0.0070356335
112577428.0710698068 0.0065258134
115215115.8744334579 0.0068663846
112082497.7344072312 0.0071726875
112303192.7732921541 0.0072430044
112252486.4016281813 0.0076246484
113552090.0155883133 0.0075639136
114123273.5743756592 0.0080565180
113380975.9604885876 0.0072945928
112193783.3873998970 0.0081844166
112225858.7385100722 0.0069093058
113410977.8553967774 0.0064841510
112491645.8138487488 0.0069505798
113968106.4655598402 0.0057005253
113730522.3599730730 0.0071546873
112930073.2593398243 0.0064291608
112122658.2855044156 0.0071450065
111993282.2164658904 0.0079166268
112931478.2679220736 0.0084535029
112581364.7192390114 0.0072295140
112112713.4449988008 0.0082422276
113406863.0309208483 0.0078044407
112085445.6779965758 0.0079415867
112369519.0588104278 0.0076661328
112014506.2950571030 0.0079445215
112449467.9021298736 0.0079604864
112834816.0537841767 0.0075276208
113200304.7191690058 0.0091403124
113394443.3100943565 0.0080201279
112338411.5934182107 0.0071734718
111998633.4869675487 0.0084209007
112929734.2384324074 0.0085242099
113244819.1077941358 0.0082352031
113235663.5184136331 0.0074158492
112185328.7968377918 0.0076229414
114781562.6419231743 0.0086763633
112501231.2149507105 0.0076937758
113807273.3389701396 0.0078926467
112031613.7958276272 0.0085083455
114008663.0527611673 0.0078954862
112170169.4899867326 0.0074058754
114614631.2869393229 0.0080458145
113434478.2326888442 0.0080957014
112208323.8647499382 0.0072449125
112274718.7438482344 0.0075442213
113130254.8221915811 0.0080304480
112098553.7747865468 0.0080011208
113192405.7928538322 0.0074004741
113145973.5607795417 0.0079024069
112511868.3814804554 0.0069563571
112436440.6881831884 0.0079803754
114468437.7636060268 0.0078474116
112316097.7322920561 0.0078900969
113472830.3715922832 0.0079809816
112336473.2007383555 0.0077623651
113413044.3583213538 0.0080204261
112300579.2780075967 0.0073126130
112016218.9229352176 0.0079063223
112240780.5539160818 0.0075361949
112151806.7434529364 0.0077670126
112094560.6135858595 0.0077184276
112031494.9582702816 0.0077959130
112446412.3105425090 0.0079095415
112041591.5400577635 0.0079158999
112327834.3096868247 0.0080542576
112019179.4488611668 0.0079433510
112123906.4437736571 0.0074088390
113099779.6589720994 0.0080196471
112310851.8453661501 0.0075411780
111981621.9205289334 0.0079509891
112343291.7995001078 0.0082440347
113246880.7488192171 0.0081123566
112928063.7469693273 0.0074521910
112354668.5101518631 0.0077985569
112028997.8426655084 0.0079103612
113045300.3781573474 0.0082207312
113424835.4286384881 0.0080246799
112056085.0068896413 0.0078833209
113356792.2759171873 0.0080170340
112147380.8541575074 0.0077440089
112042056.0216630399 0.0079228195
112225893.9465778619 0.0081664574
112057118.0324055403 0.0078463346
112289103.8682489246 0.0076661964
113556551.8640894890 0.0079187664
113517621.1324222982 0.0080041745
112010634.4136998653 0.0078770666
112085965.5053042620 0.0080125238
113099901.5608238876 0.0080543232
113460319.6063884050 0.0079665004
112135476.2685776204 0.0079159524
113523517.1289318949 0.0079829691
112095735.4003865123 0.0079057753
113505819.0056177378 0.0079418631
113367985.0344427526 0.0079063032
113491337.0128499717 0.0079444237
112047020.6781052351 0.0077873253
111994433.8109761178 0.0079317854
112167115.4637343436 0.0080637529
111980703.2695064098 0.0080208484
112019453.0669566542 0.0079685728
112021153.4329563677 0.0079599645
112012013.0177098364 0.0080288048
112042017.2468755543 0.0080054809
112284217.3311192840 0.0079367967
113479223.4578890651 0.0080887284
111996043.4488736689 0.0079809923
113476514.3911769539 0.0080212740
112109363.1578882933 0.0079931629
113498379.6797798425 0.0080160568
111995321.7852233648 0.0081671869
113488230.7322479934 0.0080295588
111990644.8128741980 0.0081062915
113477718.2623508424 0.0080286991
113416606.4457706213 0.0080763875
113500731.6202980876 0.0080526440
112100683.7936108559 0.0078872553
113493689.8372226208 0.0080243436
113518073.0776278824 0.0080776560
111995543.9138150513 0.0080113163
112021402.2611379176 0.0079814545
113427852.3432594389 0.0080492899
112051981.3149182349 0.0079742606
111987451.1286858022 0.0080160016
113298594.5546688884 0.0081156417
112024446.8682568520 0.0079818014
113491755.0734025538 0.0080299011
112013648.9806648493 0.0080327931
111997564.4611980170 0.0080190529
112042037.3709199727 0.0079608104
111992780.0065913349 0.0080365049
113465568.6175475121 0.0080300385
113495973.0532954484 0.0079995950
112047681.7405360937 0.0080439167
113493530.6925794929 0.0080246654
112027213.9787492901 0.0080526834
113503504.8804333210 0.0080250818
111979528.4895535856 0.0080889587
111970463.2826855481 0.0080883231
112008891.3999269009 0.0081013283
113511601.2267531455 0.0081042767
113493275.8274082541 0.0081377906
113492096.5643649846 0.0080928385
111990093.8512662649 0.0080086640
111989468.4970887303 0.0080846151
112022616.7788793296 0.0080440130
111976504.3554498851 0.0080867131
113454383.3953208923 0.0080080810
111997834.0099445432 0.0080865740
112107094.0891422033 0.0080485163
111975607.3873034418 0.0080768574
112026181.4042595476 0.0080778402
113497400.1562673151 0.0080829176
112064567.0941670984 0.0080946258
113459794.4867331684 0.0081023548
112035203.3612232506 0.0080020197
113495879.5737174451 0.0080871027
112006502.9970587045 0.0080570311
113496643.4052963406 0.0080742728
113512315.3339757174 0.0080306127
113482124.0991463512 0.0080908902
112003095.7879818529 0.0081209633
111971172.0268834084 0.0080769009
113454973.2410621792 0.0080778598
113479982.7107258141 0.0081122438
112064438.7481420189 0.0080550275
113501459.6473196000 0.0080921185
111978285.3746575713 0.0080792506
111977217.5655650198 0.0080900634
111972011.4511005431 0.0081175733
113481930.7704342604 0.0080976894
112045562.2403369248 0.0080803686
113408279.8367508650 0.0081827112
113465192.7461394370 0.0081354438
111971582.8551066667 0.0080764794
111983619.7990320176 0.0080627846
113510469.0248661637 0.0081009938
112024684.9467510730 0.0080777511
113511599.2289996147 0.0080874012
112015124.1406674236 0.0080530230
111975651.8566946238 0.0080828700
111986388.3647751361 0.0080649699
111969683.9827048033 0.0080946460
112000634.5199410915 0.0080769842
113499848.7981362343 0.0081142209
111990311.6270860583 0.0080588111
111971621.1221903563 0.0080851858
112024221.4593556225 0.0080332729
113512277.1785379052 0.0080999594
111991050.6930960268 0.0080464480
113502303.3350673467 0.0080970771
111987994.4525237232 0.0080943973
111971757.7219573110 0.0080769788
113424309.3611996174 0.0080957145
111972501.9475385696 0.0081007241
111985070.4525200427 0.0080928311
113503800.8559469581 0.0080977424
111999169.4416472614 0.0080867870
111974572.9773402661 0.0080796499
111995741.2682901323 0.0080910511
113503663.9438615888 0.0081135975
111983427.7193564177 0.0080369143
111993197.7673032135 0.0081042995
111977917.4248869270 0.0081048140
113502817.1983543187 0.0080940715
112003168.8087631911 0.0080834763
113514574.0979162604 0.0080945579
111979192.7382766902 0.0081162176
113512665.3615061641 0.0080932185
113507130.4714040756 0.0081034900
113507719.6943576336 0.0080942356
111970184.1180825680 0.0081045654
111970319.4895558953 0.0080958623
113502158.8472675979 0.0081008055
113509181.7711910009 0.0080948390
111987846.3877836168 0.0080884719
111973470.5420952737 0.0080918711
111990118.0390631109 0.0080883408
111975109.5211166590 0.0080875575
111979026.2717043906 0.0080857083
113512456.6687084436 0.0081033526
113508895.6021731645 0.0080810983
111971503.7405976057 0.0080928470
111977706.0089224428 0.0080757939
111972978.2186712772 0.0080870182
113486324.7905706167 0.0081151882
113513923.5609608889 0.0080942684
111975955.2131479383 0.0080890913
111970524.4511277229 0.0080967700
111984343.5187430382 0.0080841858
113510284.7287500203 0.0081011653
111989500.4009006172 0.0080670561
111975690.1340259165 0.0080869354
111968833.4920492172 0.0081071607
113497809.8246670961 0.0081084778
111992570.5278162509 0.0080878640
111973252.7484193891 0.0081046117
111983762.6605029553 0.0081129381
111973151.6669999212 0.0081081700
111974299.1509075910 0.0081117197
111968949.1581202596 0.0081075856
111969798.0341818184 0.0081058667
111969744.7198679745 0.0081097174
113375373.3773214221 0.0081399692
113509786.5095520765 0.0081112923
111989148.3319850415 0.0080886214
111969657.6813180447 0.0081063277
112016807.1425957233 0.0080951068
111978521.5138685852 0.0081037310
111969696.7946890295 0.0081071935
111977093.5721545070 0.0080933002
113510266.5151928514 0.0081043292
111973603.7118813396 0.0081175095
111968876.4466946721 0.0081053203
111970826.9528814852 0.0081009996
111969720.5063878596 0.0081047733
111969780.0500207096 0.0081207902
111969113.5470365584 0.0081068722
111969228.2341126353 0.0081088780
111968741.0497435033 0.0081071992
113512549.6077883989 0.0081019890
113509496.8821120709 0.0081097251
111970236.2699231952 0.0080987125
111968820.9441868961 0.0081058646
111969318.6288714558 0.0081071088
111969450.6046472639 0.0081057171
111969564.2782896310 0.0081034235
111969340.9767616987 0.0081084817
111972874.8000409752 0.0081013244
111968837.4039819539 0.0081075847
111982210.5369302630 0.0081098694
113508874.0086177886 0.0081063524
113504677.2441133112 0.0081140644
113510885.7145500928 0.0081086300
113496291.5604137778 0.0081050570
113508946.5731748939 0.0081084649
113507859.1598926485 0.0081073758
113482661.2829058319 0.0081159481
111980119.8551589102 0.0081021805
113510857.2346997410 0.0081072050
111969410.7187936157 0.0081059908
113508854.2317232639 0.0081077858
111969992.4615707099 0.0081016140
111969150.8152321875 0.0081074724
111969537.6301767826 0.0081077883
111969234.1504242867 0.0081078459
113502145.8499796242 0.0081093906
113510634.9434268624 0.0081088051
113511476.1214940399 0.0081050142
111968884.5265533626 0.0081074750
111974280.3832485378 0.0080984922
113509196.4882955551 0.0081085631
111974179.9217628688 0.0081077382
111968776.7652634680 0.0081076238
113508182.9307134449 0.0081071950
111969122.0144371837 0.0081064669
111973199.1048807353 0.0081076394
113509835.0485722870 0.0081063333
113507950.1711485088 0.0081110979
113510556.3138038665 0.0081067659
113507810.7786474973 0.0081072704
113510350.0917836130 0.0081081188
111972140.8397694379 0.0081051514
111972728.9523883164 0.0081078111
113511317.7881268263 0.0081069016
111968752.6653521508 0.0081062078
111970665.9924296290 0.0081074149
113510050.8518947661 0.0081073134
111972113.9039091021 0.0081032228
111968700.7443166822 0.0081076734
111970029.6196672171 0.0081078614
111968847.2122083157 0.0081073702
111970521.0811013132 0.0081074943
111968999.9426138252 0.0081076724
111971039.2939515561 0.0081082260
111969813.3357383758 0.0081078081
113509793.2278219610 0.0081069267
111969117.8995283246 0.0081069009
111968884.8057701588 0.0081081890
113510421.5580717474 0.0081075423
111970229.0129982084 0.0081061475
111969353.6916348636 0.0081073249
113510080.3812133372 0.0081088156
111968690.7350715548 0.0081079687
111969275.8536579907 0.0081086625
113509871.0164679289 0.0081078252
113502397.0745523870 0.0081116416
111969220.4786189049 0.0081079183
111971514.6106781363 0.0081066240
113510260.7144388855 0.0081083102
111973288.8613914996 0.0081049800
111968913.0131195486 0.0081081821
111970426.8198448867 0.0081087895
111968815.2345401347 0.0081078504
111969266.5405778140 0.0081062299
113510633.9194820523 0.0081079209
111970576.9158533365 0.0081075712
113511350.9384653419 0.0081076635
111970054.0400290489 0.0081077070
111968664.2352725714 0.0081070168
113511618.7311288416 0.0081058953
113510248.3626709878 0.0081075772
111971162.4360983074 0.0081048936
111969176.3299061358 0.0081074546
111969590.0052069873 0.0081072332
111968630.8342296481 0.0081068816
111969046.0200105906 0.0081075831
111968674.9412119240 0.0081068591
111969227.9291034639 0.0081069166
111968764.6824044287 0.0081067049
111969821.3502807021 0.0081060363
111968806.3636325449 0.0081069365
111968733.4224623144 0.0081069762
111968746.2625035197 0.0081067481
111969785.9380878061 0.0081060861
111968765.9343187809 0.0081070332
111969523.5731111169 0.0081061367
113511223.6711268723 0.0081070862
111970166.2413082421 0.0081053130
113510365.7611974180 0.0081072536
111970579.1013292819 0.0081060504
113511436.5948326141 0.0081069163
111969114.2140433192 0.0081062425
111969029.0080517977 0.0081067293
113508037.1921908110 0.0081089411
113511303.9105503708 0.0081068765
111969434.3716869503 0.0081066544
113511004.4465481937 0.0081068808
111969929.9643734097 0.0081064837
113511052.8343054950 0.0081071418
111969523.0688897520 0.0081056081
111969315.1482360661 0.0081060094
111968634.8553241789 0.0081069179
113507355.7057614923 0.0081079056
113511572.2459563911 0.0081069498
111969027.0791720152 0.0081067934
111968678.6108604968 0.0081067800
111968859.7886551470 0.0081067689
113511651.1214711070 0.0081067785
111968780.6309200972 0.0081064229
113511514.9068074673 0.0081070187
111968693.4326596856 0.0081076110
111968629.2472732812 0.0081069272
111968973.9408748746 0.0081069314
113511383.2641811073 0.0081069231
111968766.7079318911 0.0081064293
113511451.3420077115 0.0081072378
111968659.8888800144 0.0081064566
111968630.6648690104 0.0081068976
111968913.8442380577 0.0081068401
111968640.9782127291 0.0081069345
111968891.0423079878 0.0081076290
111968608.8651354164 0.0081070941
111969146.6587357968 0.0081066667
111968608.4440184683 0.0081070046
111968810.0384321809 0.0081070826
111968692.1105934680 0.0081069802
111968921.5275794715 0.0081068762
113511494.9240865111 0.0081069524
111969284.9323474765 0.0081071301
113511438.9648221731 0.0081070332
111969019.4015917331 0.0081069608
113511481.4782078415 0.0081069185
111969026.9903264195 0.0081068486
113511568.5206800252 0.0081071124
111969104.1259237528 0.0081062726
111968712.0793562084 0.0081069799
111970174.2078806907 0.0081061537
111968844.0299035013 0.0081068065
113511482.4943677038 0.0081070217
111968718.7342645824 0.0081069938
113511509.4461183995 0.0081070389
111968660.0082698613 0.0081071127
111968605.3583968878 0.0081071025
111968655.9456679970 0.0081070225
111968610.8092671037 0.0081071270
113511001.8181357533 0.0081072286
111968655.6716560721 0.0081071130
111968637.7645984441 0.0081068205
111968662.8333565742 0.0081071950
111968792.0807616562 0.0081068561
113511455.2472523302 0.0081071544
111968714.7279952615 0.0081067879
111968653.9196134657 0.0081070992
111968850.4194349647 0.0081072156
113511423.8516680449 0.0081070244
111968871.1519297063 0.0081073589
113511530.8631936461 0.0081070950
111968659.8986902386 0.0081070037
111968646.0079016089 0.0081070965
111968821.7033585906 0.0081070984
113511334.7333270311 0.0081071585
111968876.4183635712 0.0081070326
111968750.8792415559 0.0081070288
111968967.9174938947 0.0081068263
113511526.3199566007 0.0081071086
113510809.8562149704 0.0081073212
111968742.6405931562 0.0081069673
111969083.5407533944 0.0081068308
84769100.0000000000 0.0081068308 1 0 0 0 0 0 0 0 0 0 0 0 0 0 0 