591614623.0469813347 0.0000009890
561521997.8453456163 0.0000003415
567574975.8688701391 0.0000000584
582232045.9373009205 0.0000000015
591485956.4601550102 0.0000000969
562742555.6492033005 0.0000000164
604112651.2564206123 0.0000000007
566759541.0799299479 0.0000012535
593760457.1808217764 0.0000000025
601960219.2986254692 0.0000000007
577853540.0438871384 0.0000004952
557235183.9190300703 0.0000000479
641819961.2312164307 0.0000000568
558253396.1045843363 0.0000004368
561215709.1864761114 0.0000006892
586061449.7160295248 0.0000212022
624680557.8159891367 0.0000001082
488262955.0204433799 0.0000002134
472566788.7134678364 0.0000002711
472953768.6494560838 0.0000005964
468041002.9175316691 0.0000028211
460937931.6814323664 0.0000036647
477234501.3354580402 0.0000031593
439507823.2755057216 0.0000054499
431831776.8077825308 0.0000078661
462465327.4911531806 0.0000023057
439684134.8409021497 0.0000021304
526322535.7188069820 0.0000031184
443213728.0037791729 0.0000000095
434068961.7247478366 0.0000023936
464589411.3104629517 0.0034853298
387118209.7145813107 0.0003381130
448059613.0446850657 0.0000002703
386449058.7618387341 0.0003299337
432664252.7964041233 0.0009550274
386646687.1103218794 0.0003758842
471747735.0682708621 0.0007640148
396338572.2518700957 0.0001547907
433816258.5900655985 0.0000046043
408770080.7898779511 0.0001939132
403975326.2738454342 0.0004848526
386167256.0412190557 0.0002413798
388270144.2215516567 0.0011560953
396962393.0897931457 0.0006013825
469296987.6166608334 0.0000360974
390575847.2960854769 0.0005584632
358425795.6240566373 0.0004628907
357774766.0771134496 0.0006657539
389683979.8553447723 0.0000691127
362658385.4115301967 0.0006954140
361075416.7695202827 0.0005707011
357363201.1281352639 0.0007319534
380370519.4937828779 0.0011479535
353587600.8585303426 0.0007492018
334581362.5667232871 0.0008412736
355323607.1591929793 0.0032210259
314883745.1445436478 0.0000927620
315178311.8117390871 0.0000387257
334562766.5579453111 0.0000028540
302014323.6298632622 0.0001131312
378756115.2184193134 0.0001933133
313564574.0532941222 0.0000923938
348146090.8084107637 0.0013030667
302334666.2110551000 0.0001223706
285877880.1011878252 0.0000738823
300440889.9311650395 0.0000698125
291060463.1037858725 0.0008477138
291164176.0020188093 0.0001051347
322013936.5598670244 0.0002491624
282446239.3678440452 0.0001079919
322015315.0572339892 0.0013638599
281903621.6957954168 0.0000981739
365827232.0337035060 0.0006136597
284626819.1627715826 0.0000683369
303291677.9225148559 0.0103604126
287762396.8602964282 0.0001077251
254912574.7196364999 0.0001529035
254837767.1213344336 0.0001805107
297114992.3691361547 0.0007862482
276300251.6459993720 0.0000594669
256970633.3821794689 0.0008646514
254876510.8830889761 0.0000000232
381079259.1456839442 0.0000181534
255868770.1147355437 0.0001613518
336318260.6908344030 0.0001395403
256179021.4280403852 0.0006306565
262150090.5291079581 0.0019402573
255940215.4723604321 0.0001730626
288578766.9913201332 0.0000082800
258511671.1398226917 0.0003172457
278368716.8739984035 0.0016848658
252593762.4421972632 0.0003782979
242885602.8875069916 0.0008076939
242312661.8870591223 0.0003201502
294554257.3905798793 0.0004794397
245823231.1176501513 0.0000941979
273668411.1815578938 0.0000318974
240411233.2017355263 0.0002090468
312582383.5038341880 0.0000159609
247764208.1578019559 0.0001170950
307447069.8334799409 0.0002223723
251839799.6070510149 0.0001959568
330968418.6518005729 0.0000284306
255592050.5944983959 0.0000556743
298471739.9267424345 0.0002646945
258909203.2469941974 0.0005324877
365336363.5714741349 0.0000001208
231302650.8198771179 0.0002996464
252012459.4517736435 0.0001062022
243168048.7586868703 0.0011567507
268871104.6370877028 0.0017925086
248194931.1430824101 0.0003102742
206357800.8650758266 0.0008394510
195455285.9741653502 0.0002453055
232283612.2804669142 0.0000023261
201213152.2555978000 0.0002889765
259530700.8183349073 0.0087914534
193199456.0068829358 0.0003264054
244325757.2011650801 0.0000179416
194950960.9372618794 0.0003176111
236725469.8578104377 0.0006348791
196419503.9686023891 0.0000617967
213471144.7439863980 0.0000039916
207051137.4153394103 0.0000523895
231694924.7104864717 0.0000008833
188050259.1986410916 0.0001651255
254787531.2061341405 0.0000837788
188925315.1090221107 0.0001852322
227862892.8522893488 0.0010703054
194458212.1398699284 0.0001790038
250843015.1507667005 0.0000687008
190215446.8139920235 0.0004172191
220093260.8780517578 0.0003310827
192075425.4785051942 0.0000451922
196061400.0760703683 0.0000702609
208334080.5668784380 0.0001528503
190423226.8544855714 0.0003245340
217000573.3429349363 0.0017300869
197744716.7540791631 0.0001860329
182302793.7354059517 0.0000028830
180672884.9585763216 0.0000033224
195451736.3595445454 0.0000103485
180328155.3484113216 0.0000065369
180688857.8557394147 0.0003062676
181294849.8978926837 0.0000027257
182916634.3576475084 0.0004536912
183136137.1402698159 0.0000154416
204436021.7302605510 0.0000321182
182022246.7819577157 0.0000203667
193833296.9126082361 0.0001062914
182634806.4562579691 0.0000011467
200653740.6864489615 0.0000002231
181527366.9283406734 0.0000267127
191982094.5374102592 0.0000249101
179021247.8237511516 0.0000064660
186912058.1576679349 0.0000836009
182878448.9525489211 0.0000047748
181223159.7996603251 0.0020784481
182528265.5686279833 0.0000195343
186862715.8791518807 0.0000834162
178863504.0103532374 0.0000033946
167968239.1300672889 0.0000001493
168205591.6343217194 0.0000000858
178742908.8286860287 0.0000204171
174526527.1497235596 0.0000000340
170941396.8615492284 0.0000093902
171642542.8218985498 0.0000000016
180839943.7551918924 0.0000064334
172800427.5721985698 0.0000010947
168941093.6048181057 0.0000039138
171362092.9716392457 0.0000010559
171458304.1005771756 0.0000363460
173903747.5089207888 0.0000021903
175125697.6991908550 0.0000957355
167412630.7048475146 0.0000002260
177014834.7547383308 0.0000728769
174391582.1194420159 0.0000000157
173185623.6231836975 0.0000000617
168884520.1937014163 0.0000126971
173042642.4397713542 0.0000517230
167474082.1079470813 0.0000047435
173529882.7155210078 0.0000009432
168739686.7465188801 0.0000053387
169995330.5681063235 0.0000000025
175281888.7560609579 0.0000002642
174337195.6768385768 0.0000119578
168573710.0115564466 0.0000000880
172107968.6827785969 0.0000745019
167363098.9475824833 0.0000000017
180335979.5915111899 0.0001108732
171721425.0818954706 0.0000003573
170911291.4412025213 0.0005148616
174843258.7189100087 0.0000043470
171418210.1085725427 0.0000025616
170143767.3322067857 0.0000031279
176734232.4054391384 0.0000000852
167558826.3253617585 0.0000000766
179605606.3913835883 0.0002791156
173807377.4989756942 0.0000032184
169541778.6922098398 0.0000023320
167298909.5853306651 0.0000036006
176346182.9762734771 0.0000835266
167957972.7059095502 0.0000070933
171779515.8559089303 0.0000366713
167813176.6581068635 0.0000032920
166666793.8162196577 0.0004360625
166348749.3148412406 0.0001095102
168417569.4625117481 0.0000000251
167702170.7291889787 0.0000432869
180507521.9665359557 0.0000690578
166897577.6981903613 0.0000121212
168885195.4116105139 0.0000399127
166802180.4436874986 0.0001108255
174126434.7122623920 0.0002292488
167107314.3992407322 0.0001095230
169794298.6438406110 0.0001974229
166168314.8322311342 0.0001003912
179406204.4249044359 0.0000322845
167790663.2581956387 0.0001119272
170913063.7795042098 0.0000455959
165578268.7060707510 0.0000639370
172314791.1129798293 0.0001180408
165673636.8899860382 0.0000133740
167333576.4290936887 0.0000023848
168009080.7438917756 0.0000353318
165500426.5672928989 0.0000887988
181718050.4615546763 0.0000288711
166149073.1766118705 0.0001441687
178374003.5602187514 0.0000390870
165470184.1334261298 0.0001061419
167025855.8379075825 0.0000484721
166354906.3301237226 0.0001496145
165797599.0199753046 0.0000934204
166142692.3951901793 0.0000413932
167602847.2149777114 0.0000202197
166496394.1730703115 0.0001190556
169887104.5832862854 0.0004588087
166816563.0255960226 0.0000700097
166814790.7289871275 0.0001309737
166079310.2329623401 0.0001187239
168708801.6397354305 0.0002040962
166612184.3727321923 0.0000448542
169680698.7135453820 0.0000628013
166732224.2456294000 0.0001443665
165690691.8873607814 0.0002004631
166438254.7216839194 0.0001284730
166588709.4405526817 0.0000931257
166518699.2833164334 0.0001452981
168557546.9391678870 0.0001006284
165722405.2918150723 0.0000745682
176992533.7872038484 0.0001997772
165999467.0523663461 0.0000901015
166410116.9713647068 0.0000176497
166173799.2744078040 0.0001295882
166832829.1072560847 0.0000788855
167005201.4935066402 0.0000565425
165992031.1487676501 0.0000069177
166195764.4272836149 0.0000506951
167992989.0870008469 0.0000357613
165574390.7874695957 0.0001167498
166316143.5460691452 0.0000431897
166927779.5024849176 0.0000955669
168698075.8847627938 0.0001581194
166614209.4084914327 0.0002562132
165913038.9546998441 0.0000001813
166269926.1037681103 0.0001420598
177729205.7634047568 0.0001014752
179180402.8024318814 0.0000420096
166415470.0285410881 0.0000884952
166313197.9590344131 0.0000775179
165883643.1735548973 0.0000595578
165454753.2185005248 0.0001090744
166506569.6299242079 0.0001062242
168237945.9066061974 0.0001129326
166627226.3273990154 0.0001011016
168002319.7508105934 0.0001097405
166813443.7399897277 0.0001251623
168213663.6063893735 0.0001031361
165918904.0146915913 0.0000666325
165808992.6189203262 0.0001253328
166723986.7015146613 0.0000963713
165474135.6587091386 0.0001010644
167121358.5381546021 0.0000886463
165478002.6732182801 0.0001037193
165601609.4882561564 0.0000806844
167993899.4182513952 0.0001137054
167547033.2915943563 0.0001017326
167615507.1040318310 0.0001177808
165743605.9140340090 0.0001548583
167619146.9226282239 0.0001116276
168145559.6073740721 0.0001219648
168044351.2765054107 0.0001191842
167762094.7471530735 0.0001673576
165754632.2236887515 0.0001117217
166496978.9100360274 0.0000992813
165546610.1640851796 0.0000928174
166427183.1034007072 0.0000695033
167981892.1026934087 0.0001128651
166548328.4416197538 0.0001281046
167977548.7774807513 0.0001095072
167243482.3120314777 0.0000553328
165717249.6331361830 0.0001132950
167456626.7115406096 0.0001648141
168361098.7582584321 0.0001128474
166764316.5719585717 0.0000872537
165583197.9089565277 0.0001035904
166878382.5082302094 0.0000653563
165586221.0171131492 0.0001102205
166267893.0233499110 0.0001120888
167705656.9827113152 0.0001483914
165540361.2773185372 0.0001083423
168236471.2614311874 0.0001135777
165476673.8258503675 0.0001031191
165576966.3244119883 0.0001203024
167903341.8945412636 0.0001095204
166047734.3619113266 0.0000844100
165452618.0196895003 0.0001105325
166260103.4877134264 0.0001352008
167970492.7744467556 0.0001135258
166151994.0051991940 0.0000874587
165780338.4426912069 0.0001111116
167838296.8568452001 0.0001075393
165537923.8260222077 0.0001111024
168104412.6204606295 0.0001118143
165712058.6445408762 0.0001024223
165390606.8063685596 0.0001067752
165648804.8253660500 0.0001127913
165429975.4044405520 0.0001072961
165669002.8753513694 0.0001091945
165509760.6731442213 0.0001080813
165457185.7048754394 0.0000951951
165614452.3727054596 0.0001056044
165698870.8833174109 0.0000923921
165513463.2330704033 0.0001077834
168153524.0483953655 0.0000998003
165465402.5144315362 0.0001040607
165508363.3837724328 0.0001100382
165472401.4082298279 0.0001081576
166109513.0592804253 0.0000918047
165438545.8131975830 0.0001081015
168061427.8014867008 0.0001117048
165489710.3775520325 0.0001122128
167947610.2759428322 0.0001125017
165419366.7883182466 0.0001031158
168206080.1531258821 0.0001180536
165469988.4287654161 0.0001079862
165567804.7015829086 0.0001164782
165532645.2820819914 0.0001025650
168022781.9094878137 0.0001081356
168160790.8761767447 0.0001063844
165645433.8464097083 0.0001159847
165494799.1019037068 0.0001069159
167888270.9724940956 0.0001022434
165417067.7784887850 0.0001075778
165420089.6134193242 0.0000960773
165412101.3794765174 0.0001057278
165411068.5536036491 0.0001113201
165515254.2496637404 0.0001054445
167945274.7240689397 0.0000981405
165484392.1419478953 0.0001056753
167902123.1349478960 0.0001228221
165396741.8203289509 0.0001046333
167994699.8633134663 0.0001124963
165487382.1124329269 0.0001086682
166114201.8520202041 0.0000981022
165381889.7762684524 0.0001066014
167963231.2182444930 0.0001126817
165435692.2118576467 0.0001024768
166165941.5913808942 0.0000950852
165494265.2475591600 0.0001120486
168062756.1346419752 0.0001088624
168186610.8228132129 0.0001077661
165377765.0753668845 0.0001052178
168117899.1904528141 0.0001121872
165512174.7353567779 0.0001052355
165440818.3030742705 0.0000994528
165392844.0824985504 0.0001055380
165714081.8936009407 0.0001002214
165406538.3483657539 0.0001039824
165548288.3357337713 0.0001044615
165465628.3552266955 0.0001043175
165495342.5310224295 0.0001065672
165378109.1281712651 0.0001047634
165497569.9925467968 0.0001043174
165508606.0597916543 0.0001067256
165431155.1604112089 0.0001093315
165482610.8778533936 0.0001047347
165352084.1678356528 0.0001007192
165480639.2875233293 0.0000998352
165680285.9603982866 0.0000917246
165461170.1442736685 0.0001007800
165520450.2877230346 0.0001075449
165393974.2352043092 0.0000992620
165686975.3657184541 0.0000968163
165456694.6890469790 0.0001022271
165391110.1047137678 0.0000988038
165386030.4937051833 0.0000990632
167855825.3453700542 0.0001098210
165406622.3767382503 0.0001000227
165574651.2987929285 0.0000957075
165393980.2359566391 0.0001008255
165374238.5317672193 0.0000982536
165409212.0273091495 0.0001020228
165421390.1007622778 0.0000999033
165395892.3380716443 0.0001007601
165360915.0692704916 0.0001010415
165344597.5893358588 0.0001000209
165431087.4491234124 0.0000974028
165387487.1053487360 0.0001000540
165770236.0917972028 0.0000943410
165388637.2735595703 0.0001002410
165376292.4906599224 0.0000967782
165396622.2761352360 0.0000992708
165464639.5266922712 0.0000969259
165364012.3626298606 0.0000990671
165395911.6930924356 0.0001014565
165450501.8111025989 0.0001016898
165359020.1267324686 0.0001050307
165382043.5161132514 0.0001003853
165346819.9891270697 0.0000963307
165465920.5829704106 0.0000996115
167929540.4749379456 0.0001097585
165372665.9716032743 0.0000974991
168041816.3698039353 0.0000976905
165403427.3507971764 0.0001070321
165444375.8939742744 0.0001034841
165357766.7758063376 0.0001000256
165568848.9653641582 0.0000978277
165478912.8211324215 0.0000995895
165399998.7802632451 0.0000994240
165375842.1778869927 0.0001003074
165460947.9364608824 0.0000962416
165348860.6434247196 0.0000994605
165387031.3126192689 0.0000985491
165479424.9080446661 0.0001013073
165362629.5737280250 0.0001001933
165352350.9080139101 0.0001007780
165418259.1467728913 0.0001004980
165344567.1486452222 0.0000995147
165526858.4194011688 0.0000974177
165370827.2223981023 0.0000996457
165423488.7839281559 0.0001030946
165351498.1783342063 0.0000994151
165468785.0123466253 0.0000991472
165463042.5424601734 0.0000992259
165376199.9066361487 0.0001013126
165367627.3347582519 0.0000994827
168064111.0247022808 0.0000985554
165451624.7792845368 0.0000981078
165344732.6237331629 0.0000993728
165351031.1311657429 0.0000989209
165479285.6276278794 0.0000993223
165351223.7372874022 0.0000993186
165474346.4692989290 0.0000991840
165473291.5229933560 0.0000993015
165347856.2509660423 0.0000993676
165345892.0054387450 0.0000993284
165470261.0027642250 0.0000996027
165356628.7620408535 0.0001002673
165350362.2890893817 0.0000989533
165474173.2272048891 0.0001008794
165355254.7948291302 0.0000994777
165434308.6981610954 0.0000983791
165470393.3867464960 0.0001001224
165349669.5243854225 0.0001005362
165478018.0036837161 0.0000994906
165480194.6510020494 0.0001000735
165352826.3246328533 0.0000996312
165468486.8925867379 0.0000981836
165362210.6774114966 0.0000993033
165436508.7254310548 0.0001016121
165361128.8461131454 0.0000995043
165461471.0975070894 0.0000989911
165473184.4108298421 0.0000993893
165473570.8586700261 0.0001001929
165467258.3701500595 0.0000997127
165434835.6518143713 0.0000995004
165470914.4858780801 0.0001001000
165410062.1001977026 0.0000991113
165359365.6910209656 0.0001004773
165343695.5040972233 0.0000994856
165456297.2920857966 0.0001000937
165345038.0181332827 0.0000997087
165355929.6221888959 0.0000987769
165478003.8021870852 0.0000994843
165358407.7735844851 0.0000994395
165360089.8164337277 0.0000990900
165360552.2760802507 0.0000991305
165342497.3399810493 0.0000996982
165356981.8773313761 0.0000993730
165467602.4892842174 0.0000996613
165381027.6182796955 0.0000998999
165347535.7672321200 0.0000996214
165347901.9706092775 0.0000992526
165477123.2237305045 0.0000998037
165350103.3315495253 0.0000990170
165343175.5322278440 0.0000997084
165473259.2282817066 0.0000999854
165476164.0107715428 0.0000996229
165467717.4302228987 0.0000990712
165469298.5812614262 0.0000998368
165375346.5971236527 0.0000994754
165478252.5362273753 0.0000996457
165352135.7078534961 0.0001000537
165342481.7981460690 0.0000997487
165348887.4623191059 0.0000995001
165345743.9336536229 0.0000996890
165475204.1341563761 0.0001004139
165473537.4272533059 0.0000997306
165400733.5652533472 0.0000992065
165341742.4675008655 0.0000999957
165351796.0197346509 0.0000992198
165476429.2563430667 0.0000999438
165379920.3538137972 0.0000999430
165341256.0078692734 0.0001000660
165344709.0962280035 0.0000998419
165341268.2444664240 0.0001002286
165378696.8755080402 0.0000995532
165343382.5427125394 0.0001003202
165341277.6619179845 0.0001000615
165466637.4864404202 0.0001000175
165344546.8934275508 0.0001001216
165346561.9489140213 0.0000999011
165342035.6170374155 0.0001001012
165340365.2678504884 0.0000998825
165340579.0900396705 0.0000998315
165475767.2705553472 0.0000999815
165475200.3632936180 0.0000998622
165346761.5937668383 0.0000998868
165342627.1698350906 0.0000998321
165473431.9911059141 0.0001001729
165473847.5777317584 0.0000999908
165357794.5844544768 0.0000997358
165475110.8017682433 0.0000998253
165468086.4701874852 0.0001000264
165474453.2045814395 0.0000998290
165472138.2766791582 0.0000995381
165343378.5704460442 0.0000999465
165353042.5161674917 0.0000997739
165474259.2985488176 0.0000998795
165354939.3755679727 0.0000999842
165343023.8731373549 0.0000998522
165342775.0265608728 0.0000996618
165476776.3802943528 0.0000998522
165354316.7151777744 0.0000998611
165473755.6979470849 0.0000998719
165350269.2333981693 0.0001002253
165472701.9427871108 0.0000998938
165350226.9727363288 0.0000995402
165474917.5510629416 0.0000999017
165476666.0055045784 0.0000999400
165475586.7050649822 0.0000999838
165354322.6985073686 0.0000995367
165341225.2576971650 0.0000999183
165352961.9669490755 0.0000994955
165342075.4813402295 0.0000998474
165465006.4098371863 0.0000998510
165474315.8283672631 0.0000998920
165344639.4100661576 0.0000999247
165341156.9396391511 0.0000999686
165464136.4659170210 0.0001000545
165472316.6059133112 0.0000997813
165341680.1083904207 0.0001000118
165467810.4967139661 0.0000997953
165340961.2622867823 0.0000999020
165349998.4808941185 0.0000998185
165476485.7193155587 0.0000998320
165348045.1855076253 0.0000995345
165341158.5980765820 0.0000999131
165345014.5752745867 0.0000998938
165341137.1167039871 0.0000998658
165344167.2205348909 0.0000999367
165342045.6581672430 0.0000999057
165469706.8189603388 0.0000999397
165342047.7140498161 0.0000998848
165341643.9004068375 0.0000996474
165340353.2160831392 0.0000999069
165344123.1876733005 0.0000998894
165341088.6066988111 0.0000999074
165351676.5156438649 0.0000999031
165476223.5367895663 0.0000999271
165346298.8501480520 0.0000998578
165476200.8795958459 0.0000999459
165342574.5481032729 0.0000998825
165341577.6601837575 0.0000997887
165341060.8047271073 0.0000998941
165344560.2068183422 0.0000998167
165341343.8533490300 0.0000999110
165343170.9756811559 0.0001000159
165340898.1686395407 0.0000999188
165340982.0012360513 0.0000999137
165341121.2472729981 0.0000998913
165342107.1363092661 0.0000998940
165341130.8143141866 0.0000999103
165340504.8818933070 0.0000999433
165340715.0359807014 0.0000999064
165475198.4418199956 0.0000999141
165340418.9386759400 0.0000998800
165341288.1492763162 0.0000999271
165476095.0805286765 0.0000999017
165343176.0211614668 0.0000999242
165341640.2576879561 0.0000999081
165341072.2207936943 0.0000999162
165341045.9176409841 0.0000998623
165466648.8104887009 0.0001000194
165341151.7526959777 0.0000998779
165342362.8631259799 0.0000997973
165341667.4241235256 0.0000998983
165343293.2264184952 0.0000998858
165341990.3900434077 0.0000998886
165340442.8770364523 0.0000999518
165340684.1193089783 0.0000998981
165464759.1784239709 0.0001000245
165341269.3110039830 0.0000999192
165345973.1559671462 0.0000999109
165340540.7591685057 0.0000998882
165345376.1511071920 0.0000998591
165341276.9392233789 0.0000999086
165465911.1800445020 0.0001000285
165340604.6870470941 0.0000999293
165340055.9861328006 0.0000998474
165340738.9149832726 0.0000998353
165341423.8498788774 0.0000998803
165340977.4405739307 0.0000998505
165345187.5296024680 0.0000997410
165340691.0917736590 0.0000998666
165466252.9379640222 0.0000999327
165340684.9315619767 0.0000998648
165343957.8322206736 0.0000998406
165340920.6838206649 0.0000998531
165344853.2539760470 0.0000998382
165340458.9983813465 0.0000998503
165466685.8826303482 0.0000999386
165341358.5817834139 0.0000998428
165342335.4888489544 0.0000997694
165341156.8171830773 0.0000998517
165342354.5023587346 0.0000998130
165340814.6181370616 0.0000998476
165466413.5239927769 0.0000999137
165340600.8878653944 0.0000998558
165342770.2466092110 0.0000998196
165340973.0957302749 0.0000998843
165342285.8952308893 0.0000999224
165340537.4066327810 0.0000998145
165465882.9638141394 0.0000999073
165340466.6298389137 0.0000998260
165466759.5940913558 0.0000999367
165340925.2776787877 0.0000998750
165466337.5673678815 0.0000998735
165341942.3238705099 0.0000999343
131359590.0000000000 0.0000999343 1 0 0 0 0 0 0 0 0 0 0 0 0 0 0 