484495549.8089861870 0.0000009890
472468088.4704397321 0.0000003415
477319504.1783343554 0.0000000584
517033826.3668001294 0.0000000015
544490195.3956142664 0.0000000969
525707802.3721504211 0.0000000164
523765523.2124964595 0.0000000007
481229948.2886201739 0.0000012535
490725966.1438078284 0.0000000025
554022955.0534814596 0.0000000007
503158201.2006963491 0.0000004952
462851385.5020485520 0.0000000479
555053301.7107250690 0.0000000568
460502664.9925456047 0.0000004368
458519645.0582705736 0.0000018952
430426506.3822751641 0.0008397408
468031531.2041205168 0.0004047672
397320029.2646033168 0.0014424082
368177512.2863128781 0.0019143838
374382295.1959753036 0.0020780495
345236577.8930691481 0.0021547335
334760783.5750764012 0.0021792724
372662764.5088140368 0.0000612646
330038290.4463738799 0.0024346581
325273568.7105578184 0.0015021235
355883110.8215603232 0.0000017383
374531769.8939669132 0.0002417437
400271092.6164749861 0.0000105298
328299495.3925153017 0.0002638728
307187574.4986869097 0.0003593511
318494535.3515949845 0.0007677991
245906997.8005730510 0.0110111781
264723982.3696679175 0.0073144374
254075713.6903968751 0.0140532194
280179620.5733882189 0.0153934263
245306957.6226372421 0.0104406141
247502482.2132129669 0.0044241866
246529605.9933948219 0.0108345702
276560412.2434369922 0.0018138132
239274016.0961920917 0.0134263089
290777146.9174950719 0.0000134438
238670578.8024230897 0.0125143567
238315231.5203898847 0.0230689222
240375041.1012132168 0.0225975810
296376001.6256755590 0.0088819485
238555110.4364461303 0.0227359299
208941538.1936523616 0.0120050205
214065539.2880429626 0.0082972155
226548764.9662947655 0.0003348458
210242042.8696376085 0.0109773636
199337784.0539613962 0.0174362517
195131520.7003385723 0.0184986009
197770472.8585110903 0.0092897979
186428411.5357424915 0.0208283691
177526584.1090381742 0.0370687145
178304012.4022924006 0.0343566054
188847504.7353717983 0.0276077208
211649979.7632772028 0.0287585288
202580883.9141946435 0.0226871251
177425610.7709456682 0.0377228154
176854632.3160735965 0.0144165988
182335450.4406787753 0.0244773502
202930892.3245706260 0.0177688539
186130538.3416463137 0.0130355440
201814566.6524642408 0.0148556128
202396519.0577881038 0.0117398092
203882967.9193105102 0.0169586204
198011689.9158604443 0.0115961218
214231986.3430246115 0.0103455776
196500002.1123557985 0.0125131223
194468572.3406835198 0.0066322853
216184462.1420647800 0.0111386909
213827977.7068131268 0.0092663357
185989928.7106575966 0.0135704087
248077707.9137597978 0.0049304537
197138112.0221523643 0.0115619578
153062271.1936916709 0.0000011089
158991844.3937871456 0.0000275995
169588278.1646616161 0.0000780723
156900941.8177786767 0.0000011558
241303076.7393410504 0.0014559547
155263180.6375420094 0.0000009135
201275961.9016453028 0.0000234944
158740060.2630614340 0.0000106761
183068298.7864762247 0.0001160398
158071047.4995318055 0.0000274611
159301171.7229623497 0.0004380815
157751624.9941641986 0.0000033195
193966335.3595047891 0.0002039165
157647465.4393607080 0.0000823767
259533415.2090707719 0.0000000276
153995874.0682070255 0.0000385344
168401840.1333817542 0.0000420143
158056942.8514140248 0.0000188586
197074122.5163552165 0.0000019037
148967555.9547568858 0.0000678847
195796458.9331460893 0.0000162813
156615917.6975968778 0.0000264259
191846398.7881301343 0.0000032948
152366137.1621258259 0.0000050231
161257191.0872856677 0.0108763704
151871884.0986571312 0.0000499522
163116744.2259326279 0.0000253959
157089160.4381834865 0.0001909081
222815845.0599408448 0.0000240255
159740920.0187353790 0.0001796863
206038739.8307444751 0.0000139557
153562027.1683393121 0.0002254648
156178804.9548169374 0.0004325587
148926046.4017956853 0.0001619416
167064875.2841294706 0.0000702905
165620823.1254253685 0.0001706354
224661097.2599059343 0.0001447201
153121907.2801874876 0.0001595366
243504107.6801371872 0.0002587182
158953384.8936119974 0.0002663673
156893719.5011052191 0.0003766692
143691894.9581874013 0.0002147240
155111821.2929452658 0.0001383006
145020769.9427985549 0.0001279025
155781049.5241042078 0.0000047974
150176288.5854421258 0.0035501730
142223953.4459051788 0.0000371470
150806876.1156872213 0.0002779985
142157300.7259130180 0.0000400152
155678782.1431085467 0.0000084028
155938711.1799386144 0.0012071764
151838301.0221269429 0.0002454752
155121178.3783523440 0.0000991252
153070815.6384090781 0.0013513486
148903671.3784582615 0.0000278533
152997780.0360290110 0.0000407590
150558731.9713362455 0.0000733281
139155427.4834286869 0.0000214919
134648491.0514322221 0.0000337616
147847612.0480960608 0.0009015171
134806154.0769111514 0.0001196894
145340618.4755007923 0.0012252838
153901294.5931500196 0.0000615714
173249315.2942199707 0.0013267007
135516912.8040467203 0.0000098243
143238617.2454851866 0.0004453803
158293703.1627239287 0.0000282504
162410226.6996062994 0.0000145614
135035178.8721584380 0.0000079157
147558824.6199360788 0.0000163954
158301745.0568555892 0.0000993512
148064741.4118573070 0.0001350336
158174539.8650346100 0.0000539057
149388267.9113895297 0.0006657025
137104522.3956303596 0.0001243065
151770242.8055211306 0.0002262667
150678279.5651240349 0.0001284616
132294355.1194723994 0.0007488596
138095425.2429452240 0.0006267706
141348313.0839300454 0.0000467507
131583781.3594483584 0.0002207161
127250754.8369204849 0.0137478880
132442280.1774970293 0.0128519450
133301733.7149891257 0.0042763925
134755835.5218372047 0.0120136901
133104155.0366806388 0.0061750192
127156669.8453340530 0.0119567692
135867878.6779190600 0.0080424040
126396328.0430405885 0.0125588873
133461431.3084059805 0.0099880573
126811779.3565839827 0.0140658686
127557943.9428392947 0.0240453111
126868098.2183063328 0.0117880818
130213786.3706853837 0.0023223349
126827103.4042655975 0.0110870916
156260560.8192175329 0.0329012212
126625481.2301413119 0.0123806687
128457234.9252841771 0.0005934787
126520255.1669739783 0.0127944063
146013623.0254060030 0.0111274034
128879161.0537631065 0.0095280717
132765537.7290558815 0.0263521944
127636512.7640156150 0.0125611673
138223543.4857801199 0.0133475009
127877479.6866194457 0.0114115216
149147343.6611277461 0.0125425227
126805365.3184229285 0.0100220218
128484241.0029480308 0.0049287224
127617609.2501953244 0.0142309645
129531265.4097053558 0.0034255088
126298095.4062966108 0.0113564587
128634905.7304153442 0.0042352756
127288427.6397873461 0.0106264864
129238282.4704022706 0.0070470140
127936202.8745935410 0.0091159962
145328996.2911526561 0.0167030414
127193516.2723601013 0.0110166770
136255565.4820655286 0.0040380043
126460389.4727713019 0.0126714451
128730298.4015704542 0.0290608275
127893016.8634764105 0.0128557838
133453188.9477742016 0.0008938429
127800313.3429538757 0.0127099040
130045076.7590024918 0.0312205533
128867131.6748897284 0.0121176598
132090427.2172134817 0.0114605617
126490336.8102813065 0.0136922878
128418554.0432587713 0.0373360857
128476305.3022930771 0.0111306292
128143002.1641930044 0.0055257024
127645787.8211933970 0.0127150014
154828377.1357068419 0.0060815163
127630740.1022589207 0.0163369256
131416443.8623830229 0.0333320293
128567963.2280809581 0.0118860520
128076930.2443832457 0.0376905790
130946999.2607465982 0.0087260259
126075126.5845419914 0.0232313452
125823900.6376924366 0.0227864203
131715585.0887640417 0.0233117468
126623474.8027297407 0.0227304854
132626135.1721861809 0.0167162097
133948024.1964234561 0.0253051317
128926421.6519474238 0.0165384146
126186212.5647526979 0.0227590872
126678656.5212852061 0.0222851106
126250466.6234100163 0.0165834208
129827356.9438740313 0.0214915140
126936358.7453793883 0.0240527483
131974321.5392187685 0.0128048177
125742672.2201789469 0.0212344533
127215586.2879714072 0.0205822076
125981590.5566085577 0.0199647223
129565989.1196579188 0.0162930528
125761352.3996198028 0.0214634672
126621333.8985088021 0.0144625145
125778211.4147007167 0.0220069033
125749541.1086510122 0.0319557827
125844574.9587210268 0.0173192879
126918826.5463171005 0.0181539171
126060421.0547173917 0.0217440475
131487505.4446029514 0.0189920928
126833727.7112841755 0.0198963294
130837961.4621953219 0.0355432159
126280922.4824046642 0.0235555591
132731919.1790600419 0.0340224005
125956796.2834432870 0.0192196650
130877947.0215621889 0.0175470901
135041410.7333357930 0.0193572401
125685801.0089659095 0.0209155714
126206985.9979698807 0.0225305043
127098693.5459535718 0.0215704149
126883788.2326111197 0.0192891987
126008040.8910619020 0.0194192278
125662812.2300464511 0.0225954688
126053182.3436869383 0.0226540679
135141213.0059045553 0.0232201292
126073307.1331755817 0.0221391485
129602462.9061384946 0.0188662729
126586065.2667097747 0.0227463367
126758101.1245471835 0.0232377585
125801723.1441613287 0.0225595478
125939859.0049366653 0.0229150672
126147894.0192483366 0.0234428860
127200441.9800553322 0.0212156097
126443067.5833398849 0.0226706804
132047092.8151302636 0.0297327562
125813248.5438624173 0.0243208074
136018423.2053042650 0.0198127835
126197999.0857958943 0.0233063556
126252586.5060758740 0.0207996499
126035564.7175546736 0.0217608329
126037642.5987558365 0.0222567004
125655478.2254451066 0.0228314406
126766752.9674918503 0.0187677378
126669262.3724205196 0.0238536766
125766583.9028906673 0.0247535710
126295166.8420865834 0.0240209008
126186599.1510611176 0.0194710555
126964427.8697178960 0.0220834653
125715945.6457080692 0.0219782604
125974809.4428043365 0.0210047077
126488937.1775578558 0.0227485616
137327121.4232697487 0.0260561365
125789479.1278560460 0.0221040568
126217588.1105037928 0.0199400993
126434945.3381085545 0.0240256519
126124731.0159591585 0.0210442576
126936359.1172108203 0.0219196400
125766116.1289617866 0.0218884374
126353075.8739804775 0.0233024842
126676628.7908595800 0.0239583857
125921059.8771913797 0.0229073000
126505011.9773238897 0.0238861792
126367094.3899897188 0.0230076978
126516267.2647031248 0.0232067887
127042994.4734010547 0.0223695560
125690339.8953854740 0.0227307981
125960016.7208983451 0.0228299784
125775626.1919252872 0.0228434040
126308672.0558680743 0.0221782645
126482125.1523847282 0.0238370859
125638391.5176662207 0.0232581167
126389599.2712220252 0.0201070513
126752170.0409121364 0.0236692837
126736221.2294586450 0.0204651523
125976838.3101616055 0.0234016037
138238835.0573908389 0.0244177459
126678834.4615047127 0.0246136112
126739649.7697875947 0.0231537308
126440086.6822981983 0.0224966630
125804772.9588079602 0.0231911717
126448471.6501224190 0.0238002734
126845197.9116380960 0.0235021778
125749475.0523064286 0.0231899550
125991509.8612238020 0.0226068686
125743960.1514001638 0.0233964318
125793856.5079452544 0.0225813987
125765179.7120963633 0.0232295944
125642778.4742310345 0.0229021743
126985425.3881531060 0.0232714363
126606755.9129948169 0.0233318815
125622320.3140612841 0.0234660877
126871082.4818397611 0.0234376433
126751712.4932291359 0.0235841168
126866610.9764526039 0.0238001362
125694079.3005264848 0.0234470077
126203609.3766704500 0.0228839021
125614550.0557330251 0.0233768409
125975242.1439318210 0.0233539604
125645144.2947618961 0.0234364628
125941282.3022797257 0.0239886784
125760454.5709105730 0.0233399708
125690021.5769194216 0.0233996406
125672017.0531496704 0.0232835941
125893636.4861302227 0.0240165362
125706888.3801027089 0.0232005752
125814599.1008773446 0.0229476749
126868949.8024519086 0.0236147608
126367258.8240783662 0.0226893282
125772716.0469396859 0.0231944844
126725946.1935302168 0.0239132894
126839049.2644917816 0.0235011741
126718338.5674407780 0.0233983283
126874509.8447557986 0.0235771292
125988469.2682233751 0.0230693229
125583106.1128274649 0.0236433124
125879451.9958226234 0.0232147534
125665537.9189718366 0.0236288169
126368760.7818282396 0.0234229363
125656215.9530141503 0.0235012062
125590146.9843976200 0.0236223743
125684713.0828568339 0.0236248325
126108178.4484255314 0.0241046559
125656892.3891936392 0.0235879733
126251636.0341052413 0.0239176721
125748255.9193709344 0.0235960621
125594914.7007491291 0.0236552478
125649522.1028098762 0.0236816328
125615113.9123477638 0.0236389970
125673883.1139675230 0.0239225111
125623920.7014654130 0.0236318478
125833716.3784682006 0.0233999073
125617364.2532019764 0.0236976440
125683454.0115927011 0.0237382612
125714052.4271585792 0.0236349847
126871435.4433615208 0.0235817543
125626247.5548510700 0.0236310827
126892788.7636541724 0.0236572386
125693407.4924480617 0.0237408096
126870009.0217354149 0.0239372001
125618432.7765509486 0.0235817274
125733249.9741899967 0.0238029825
125609136.7798277438 0.0237265145
126032550.2643765509 0.0236415920
125597828.4137174040 0.0235864050
126009742.3312033713 0.0235349095
125694578.1864124537 0.0235067103
125759653.4393422008 0.0236824498
125672759.9194388539 0.0238175284
126647376.4590424895 0.0237271295
125592503.5095686615 0.0235574417
125741594.9447143525 0.0236995099
125605199.2821926475 0.0234846874
125888875.5965179950 0.0238263908
125592819.0661484152 0.0236525691
126828624.1174162328 0.0236029127
125671588.8108223230 0.0236946838
125688980.1765099466 0.0237122597
125720656.3929156065 0.0236401616
126059063.0978086293 0.0232104167
125659934.5906567872 0.0235447608
125638749.5152641237 0.0237682823
125704836.8039685786 0.0237061372
125619070.3807879388 0.0236370008
125808208.7504861355 0.0236036890
125635318.6868006289 0.0236632788
125591900.7617591321 0.0236434137
125656682.9351963997 0.0237105399
125615123.2223272771 0.0236366585
125677088.2625057846 0.0236704233
125614044.1212157607 0.0236465323
125594350.5322480351 0.0236170212
125587243.2285416573 0.0236280524
125705277.4390598536 0.0236447036
125613188.0029491931 0.0236506446
125672826.9713715017 0.0236090077
125590151.0913770795 0.0236409738
125587141.4712944925 0.0236954592
125597627.7878001630 0.0236746699
125711991.7330281138 0.0236124329
125601358.1877605617 0.0236575120
125612356.4367925674 0.0236522180
125590869.7069320828 0.0236569515
125593553.6080003977 0.0235870216
125580728.7402443886 0.0236619710
125623215.1889160872 0.0236093034
125628178.3413161933 0.0236396183
125675209.0240922123 0.0237472473
125617824.1753933579 0.0236609694
125584577.5009745955 0.0236482467
125582346.2003559470 0.0236993451
125621363.9945988506 0.0237056337
125592013.9942857474 0.0236643149
125622127.5912833214 0.0235660591
125602004.7665370554 0.0236653293
125582882.9990683794 0.0237255867
125591433.3421987593 0.0236737177
125686271.6579451710 0.0235682159
125587696.3377105445 0.0236664708
125582606.9496334493 0.0236708853
125689129.5842548013 0.0236996618
125719688.0244335234 0.0237089919
125615882.5743851662 0.0236573482
125586869.4673152566 0.0236759171
125584373.3060060889 0.0236697878
125621763.7093864083 0.0236426480
125619743.8005516082 0.0236635962
125633505.5816554874 0.0236770970
125613954.3354817778 0.0236663461
125610971.3336367011 0.0236491083
125591102.2866505682 0.0236690645
125615126.8289149106 0.0236190184
125583897.7229888439 0.0236621326
125596027.7495905310 0.0236733260
125585139.3392401189 0.0236652618
125585544.7340079397 0.0236812189
125612456.7984111160 0.0236615207
125622324.2425206602 0.0236144018
125584565.7769982815 0.0236579147
125593994.9185861796 0.0237310420
125586607.0092728585 0.0236625506
125681414.6521612853 0.0236847562
125586207.4792348742 0.0236523470
125598027.5692149252 0.0236575434
125614815.8190031052 0.0236478822
125629739.1477544904 0.0236513284
125619733.2051668018 0.0236623655
125584410.3133347780 0.0236606813
125587744.0769357681 0.0236843348
125579989.1108419299 0.0236598328
125620463.6770176739 0.0236569562
125582359.6557677984 0.0236549879
125608186.3130882680 0.0236713904
125584193.5795534253 0.0236568413
125601066.7061253488 0.0236609613
125618189.4296619743 0.0236541962
125618478.5922674686 0.0236612961
125587806.4592513144 0.0236608609
125581767.1577755213 0.0236596208
125579975.7164463997 0.0236605782
125582726.8615546525 0.0236561610
125582933.9283192754 0.0236579709
125579289.8221517503 0.0236641510
125581724.4358849525 0.0236597186
125616126.0373424143 0.0236624638
125603606.3304966241 0.0236683460
125619847.7700259984 0.0236659696
125581883.5450014472 0.0236691044
125614951.2871145010 0.0236700628
125593870.3076020181 0.0236574267
125619423.3431532383 0.0236637408
125588755.9339521825 0.0236601935
125618100.8958664089 0.0236660131
125583676.1029777080 0.0236612022
125581171.6258838326 0.0236631690
125591404.0771083832 0.0236601420
125579274.3001759946 0.0236679772
125617783.7475101203 0.0236666005
125618274.3637807965 0.0236721048
125590202.8602505624 0.0236664544
125619200.2565089017 0.0236677096
125590529.4068409950 0.0236614489
125618173.6301250309 0.0236682319
125588674.5977919400 0.0236616607
125619008.0244095027 0.0236685916
125580760.0521327108 0.0236672148
125618207.5689388663 0.0236667663
125583146.1253167391 0.0236661626
125580563.5329523683 0.0236649302
125586117.0953920484 0.0236687277
125580981.6571217924 0.0236655798
125580837.3010799587 0.0236756901
125619801.2993676513 0.0236666430
125619192.3628508598 0.0236639987
125618319.8972523212 0.0236668833
125617337.1908597052 0.0236613856
125581002.3100617379 0.0236659357
125593820.5696877986 0.0236653112
125618711.2776159942 0.0236678567
125582625.8587759882 0.0236747026
125579952.6747373343 0.0236686246
125581856.0479788631 0.0236691171
125579180.4348399043 0.0236659419
125617149.0119049400 0.0236648838
125579595.9687020928 0.0236652059
125589592.5967958719 0.0236522459
125619126.7526911646 0.0236667419
125587602.0345982462 0.0236633167
125619757.0456532389 0.0236677093
125587922.4731248170 0.0236588801
125618133.9218002558 0.0236668958
125581708.5189698786 0.0236639576
125581107.3417955786 0.0236669480
125579301.1870336831 0.0236780431
125580000.6044330746 0.0236667057
125617869.0354629457 0.0236774193
125579341.8654453158 0.0236668199
125617275.5268510133 0.0236834727
125579628.1518430412 0.0236653756
125612022.5731116086 0.0236613183
125579293.5489335805 0.0236639404
125611981.8639445603 0.0236623508
125619171.3396143168 0.0236669239
125614092.6838219464 0.0236595018
125617886.5417413265 0.0236668447
125579426.0106348693 0.0236648553
125619578.4630207866 0.0236661569
125619849.7341308296 0.0236660875
125616341.8594136834 0.0236663907
125619722.8800179809 0.0236662263
125588632.7622929066 0.0236602712
125579358.6152944863 0.0236654123
125616730.1438668221 0.0236658086
125579643.5689795911 0.0236656291
125620596.1947474629 0.0236634274
125579156.9196809977 0.0236664245
125586056.1682302058 0.0236653391
125620162.1887525618 0.0236656137
125582522.0763628632 0.0236691592
125619199.1323880106 0.0236684078
125583892.8582643420 0.0236664739
125579257.9755227417 0.0236663936
125584701.1525616497 0.0236643638
125580898.5360388309 0.0236640686
125582814.0352983773 0.0236627417
125619479.5069337934 0.0236670764
125582706.8095893115 0.0236706714
125579706.1429930478 0.0236654890
125580424.8233816028 0.0236658687
125580421.4684792906 0.0236648278
125579995.0588082671 0.0236685033
125619118.3913530260 0.0236659055
125579102.8538078070 0.0236697938
125579687.7345197648 0.0236694936
125619648.5089310259 0.0236711121
125618506.5318871588 0.0236702098
125581560.6643051654 0.0236641958
125619740.2829368860 0.0236690678
125579732.1692150831 0.0236789740
125579363.9294263870 0.0236709728
125579134.3386369348 0.0236706376
125618880.4395497888 0.0236699368
125589793.7866611183 0.0236640977
125619417.7757574469 0.0236698230
125583947.4097081721 0.0236664853
125579181.5864689201 0.0236699427
125619024.9481162727 0.0236703417
125580092.7659322023 0.0236691047
125617776.4984580576 0.0236695047
125582174.3912593871 0.0236679973
125618539.1132917404 0.0236701383
125580270.0679195225 0.0236694476
125618946.9075315148 0.0236675527
125619792.7140312344 0.0236712201
125619602.2533305138 0.0236698676
125580932.8370881081 0.0236689930
125578861.0134616196 0.0236698137
125580135.2516003996 0.0236702988
125579540.0056561977 0.0236701139
125579585.2234452367 0.0236696468
125619764.2015390843 0.0236698771
125619147.6779390126 0.0236698407
125619991.2555125654 0.0236697061
125580826.3056160957 0.0236720503
125578868.4704477340 0.0236697097
125579629.1910689026 0.0236713506
125619846.4063839316 0.0236694304
125582266.1417506039 0.0236696165
125619567.9996137917 0.0236698522
125579764.0000665039 0.0236697625
125619624.5882307738 0.0236703384
125579353.7916159332 0.0236685089
125619641.1551521271 0.0236700276
125617853.5644450039 0.0236717250
125619838.4493848234 0.0236699277
125619780.3478500694 0.0236700102
125578934.0391344577 0.0236690613
125579025.1600130349 0.0236687730
125619835.4176754355 0.0236697874
125579064.2807102650 0.0236691464
125619348.2978526503 0.0236693930
125580119.9061050713 0.0236709827
125619557.5179977268 0.0236703533
125619455.8600769937 0.0236674328
125619126.4142064154 0.0236701923
125620071.1774333417 0.0236699749
125581464.4176878482 0.0236683176
125578897.6287941933 0.0236700426
125580074.2388556749 0.0236688298
125578863.7767000943 0.0236701916
125620051.0080984384 0.0236686791
125620025.9445041716 0.0236697077
125618588.2333869636 0.0236704204
125620038.6908931434 0.0236700261
125579062.1225207299 0.0236688477
125620013.8954618424 0.0236696553
125579375.4067969471 0.0236700796
125619902.3440657407 0.0236698254
125578907.3615743071 0.0236700893
125620065.7489060313 0.0236696792
125579650.6368574500 0.0236708854
125619986.4867362976 0.0236697569
125579228.1995185763 0.0236700428
125578854.7703672498 0.0236700418
125579379.9775604308 0.0236710245
125619692.9263039678 0.0236700168
125579639.6442888975 0.0236718289
125579093.6301727891 0.0236693910
125578859.3236639351 0.0236699834
125579310.1913128942 0.0236698127
125620042.8418544382 0.0236699795
125619721.3536904901 0.0236695567
125578894.1704500616 0.0236701791
125579257.2634831518 0.0236702107
125579001.7213222533 0.0236700084
125578995.5751652569 0.0236698688
125579099.3991097361 0.0236698794
125619995.5590321571 0.0236697872
125619864.2763808519 0.0236702121
125579460.5056366771 0.0236695761
125578876.0873520672 0.0236699940
125578837.4466438890 0.0236703014
125578916.9702185243 0.0236702488
125579071.7220966369 0.0236704632
125578911.5273280889 0.0236703186
125579179.0084536076 0.0236703607
125578912.9618042260 0.0236703243
125579127.3796905130 0.0236705219
125619987.2214750201 0.0236704083
125579006.6043235213 0.0236697305
125619911.1875760853 0.0236703295
125579309.9484287053 0.0236707195
125578969.6247901171 0.0236705716
125578867.7054724544 0.0236699271
125579080.3634488136 0.0236699458
125580253.5154412389 0.0236696321
125619979.0144081712 0.0236704326
125579267.4962898642 0.0236701912
125620040.0206133574 0.0236702504
125620041.3707383126 0.0236703248
125620000.3223666400 0.0236702530
125579479.7947300524 0.0236701531
125619898.9721072018 0.0236702156
125579005.0827883631 0.0236707949
125578827.7533702701 0.0236703431
125619762.5505542606 0.0236702203
125620016.7739564627 0.0236703386
125580088.8528745621 0.0236703112
125578840.4387138635 0.0236703083
125579420.1628083289 0.0236699749
125578940.1388041228 0.0236702862
125579170.7776062340 0.0236704160
125619945.5433917493 0.0236706557
125579232.1685539931 0.0236695231
104941552.0000000000 0.0236695231 1 0 0 0 0 0 0 0 0 0 0 0 0 0 0 