872988893.7647947073 0.0000009890
844233423.7761452198 0.0000003415
853095060.2678902149 0.0000000584
904407289.7889503241 0.0000000015
906261782.2017273903 0.0000000969
975149402.1610962152 0.0000000164
943318874.0534795523 0.0000000007
850537786.2382439375 0.0000012535
938505490.1790102720 0.0000000025
913749516.9169589281 0.0000000007
944268082.6840316057 0.0000004952
805594339.0410488844 0.0000000479
929757282.6171268225 0.0000000568
799362880.0790195465 0.0000004368
812760626.8171105385 0.0000018952
902886842.2844371796 0.0001935371
855689451.5079880953 0.0000006503
702427301.9767463207 0.0000005469
647259704.6632279158 0.0000007400
654710388.4190165997 0.0000034095
629087996.5951268673 0.0000063798
598649388.7162868977 0.0000073057
641176184.7643085718 0.0000011308
557354232.6952906847 0.0000094971
550946312.7178758383 0.0000097491
678630090.9221589565 0.0000011239
664227160.2238366604 0.0000022330
667613275.1764221191 0.0000018713
603493702.5635430813 0.0000001892
583234481.5060544014 0.0000009687
631478871.7024823427 0.0043196814
486729918.7846437693 0.0023205711
479628156.8880815506 0.0063896959
482765290.6162857413 0.0060309885
557415067.5453917980 0.0077365224
472013030.2413940430 0.0067078207
533124879.9817988276 0.0086340331
507718273.1821013689 0.0046648233
552687014.7372881174 0.0048869057
496706654.5230641961 0.0050747924
488507486.3872026801 0.0050540740
471434852.0971776843 0.0064049864
566791576.7648544312 0.0062561639
475251940.8513739705 0.0059240452
422751145.2674825191 0.0009158419
425389582.5158883929 0.0008879094
433218171.3933739662 0.0006830197
428973939.0779625773 0.0009204867
410871149.9907620549 0.0007472505
414335699.2837352157 0.0006680662
386779453.1736195683 0.0008132432
378262481.5750051141 0.0008268131
411652355.2915798426 0.0000003955
383150361.7824233770 0.0008311649
318850176.6735266447 0.0011587001
325859312.0034893155 0.0011545705
312335955.9060059786 0.0002865940
323719841.0771808624 0.0000451979
398206751.8721507192 0.0202455584
310320385.6731199622 0.0002925837
426440659.2254937887 0.0000113119
337254698.7376493216 0.0002233605
290131164.6468561888 0.0006225766
301438201.8357522488 0.0005390557
293969941.3932952881 0.0156005264
304016773.9033318758 0.0004298162
279729155.2445320487 0.0022268504
292748189.8758999109 0.0032302119
420081314.4043111801 0.0228360272
275766297.1623249650 0.0035377146
410663879.0228276253 0.0012762026
289015358.7264395356 0.0049576970
336646919.2337772846 0.0016829686
295835559.5025921464 0.0030209533
236345436.4620810151 0.0000276495
247515360.2763812840 0.0000134846
384021426.9120423198 0.0014083814
247415652.2851506472 0.0000037044
295663564.9631854892 0.0001119477
247671781.2153109312 0.0000073277
383656224.9024477005 0.0000036838
240686051.9379600883 0.0000000096
254400550.3430815935 0.0000050568
226641323.2808085382 0.0000859377
249968585.1551696062 0.0000002145
224627763.5135850608 0.0000505804
243540341.6098301709 0.0000074674
218853328.2616049945 0.0000290109
305282803.2253510952 0.0019378446
222676908.3814501464 0.0003160067
261294898.9984991848 0.0011424527
222110797.6008955240 0.0000438852
241986816.3425890207 0.0000000520
232584186.6770010889 0.0003086497
246255742.9946515858 0.0000961332
226183677.3757695258 0.0000168183
243345293.7791269720 0.0000051557
224230314.5989988148 0.0000120700
261467398.2890302539 0.0000874841
229331067.2225588858 0.0000297715
243216809.0057294369 0.0000016667
230885799.6396810710 0.0001591738
240808953.3512460291 0.0003203576
223558594.9012489021 0.0000763632
241454360.7734524608 0.0000007342
232429417.8750307560 0.0000149227
267773425.8635888398 0.0000838699
233225976.5786347091 0.0000014731
244091531.9646339715 0.0000843966
222002074.4351391196 0.0000182840
244999510.4348490536 0.0000013996
235994539.7078361213 0.0000110112
223158633.0163933039 0.0006881228
237894999.3691552281 0.0001986414
327038950.6287803650 0.0000031940
227618843.3120602071 0.0000000978
278762075.5189837813 0.0000103232
221891392.5607681572 0.0000082228
332996530.6441114545 0.0026627756
222244250.0833479166 0.0000030385
219662624.0758662820 0.0267305523
215804468.4459138215 0.0001111886
344786943.2612980604 0.0000940158
227379824.3867771924 0.0002241783
234618925.2143139243 0.0006018696
219636183.2426307499 0.0000724765
298335508.5477330089 0.0000000794
231868162.7680816650 0.0003988826
218460669.1412271261 0.0001368132
216977711.0351916850 0.0000664902
216886265.9009481966 0.0003220885
238289225.9923582375 0.0001848233
216947497.5245268643 0.0000285326
252350931.5759411752 0.0000017054
216766746.1319936514 0.0000594007
224408339.1623260081 0.0000977637
222284140.5286579430 0.0001444137
224796970.7404631078 0.0000248700
225081064.2042708993 0.0001804108
216433843.9951971173 0.0000522359
221161761.6936767995 0.0000465395
224642663.1391501427 0.0005288393
223339926.4518283308 0.0001549407
241751374.9341271818 0.0000799930
220578231.5686614215 0.0006358781
252239643.6385425329 0.0000074145
215381150.5255657434 0.0000410659
228482759.6533644497 0.0000015732
219459717.1546846628 0.0000378312
218813424.2347960472 0.0000709641
227341506.5010790825 0.0000024090
228220084.8152420521 0.0000049252
217333853.2350018620 0.0000182211
226349411.2725054920 0.0003875984
218665192.9579097331 0.0000627077
228612426.0709197819 0.0000775522
219410745.4882140160 0.0000186525
249105986.8566148877 0.0000019813
223150355.8519771695 0.0000057818
215444606.4459232390 0.0000413862
220785766.9028788209 0.0000001830
214896737.2494177818 0.0000632414
223239560.0329496562 0.0001077360
215903123.9384054840 0.0000622863
220524868.4489249289 0.0000810900
219809607.7508782446 0.0000843626
217803249.1288468540 0.0002547230
220801979.5213075578 0.0000280839
220212947.0813396275 0.0000270566
218502550.3637666106 0.0000627506
223153773.9503639936 0.0002415510
223075889.0626119077 0.0000744088
216068686.1510915458 0.0000652351
215840817.3021894395 0.0000211946
216129711.5151327550 0.0000540555
216335140.3911249936 0.0001012754
216722152.5967760384 0.0000674846
217696911.7751892507 0.0000711312
223067429.0989262760 0.0000737205
217430007.1211284995 0.0000250518
215376745.4201546907 0.0000578966
221897182.7060557306 0.0001093401
215964750.7974401116 0.0000590816
218679879.3551200926 0.0000553849
215031233.6328588426 0.0000684467
222978634.9584849477 0.0000600794
215646403.9036835730 0.0000557708
219042912.8486738503 0.0000525821
215689792.7543331087 0.0000637821
216476610.9594013393 0.0001737495
215056997.0845836103 0.0000616277
220097651.7850699127 0.0000378859
215560317.3776658177 0.0000715709
222090085.6958684325 0.0000810002
216762896.8794627786 0.0000711104
222386461.9354667664 0.0000777970
216123192.6536318064 0.0000630624
216659194.1098627746 0.0001314472
215865928.8362022340 0.0000603122
218121948.8873688877 0.0000217258
222880466.0555360317 0.0000557135
218361184.4956320226 0.0000492506
217605685.0056115985 0.0000676363
218473383.2422096431 0.0000428148
215427655.4778214991 0.0000790340
218596548.1335635185 0.0002602937
223821227.4222130179 0.0000620089
220629594.2048346400 0.0000518086
215437191.8530371785 0.0000495136
220111201.8353902698 0.0000106538
215235528.8635340035 0.0000542339
218886945.4247342348 0.0000379780
215440172.6414512098 0.0000764190
217256205.9581508636 0.0000226390
216323830.8480976224 0.0000743177
220050533.7054177523 0.0000573565
223989762.3967987895 0.0000489803
218144960.2662681043 0.0001288737
222950725.2719981670 0.0000587466
216093634.7535419166 0.0000809831
215935932.8555913866 0.0000485451
215784317.4045485556 0.0000515243
215086391.0357567966 0.0000608859
223167009.4735047221 0.0000681410
216028994.9269276857 0.0000664263
216373438.4303794801 0.0000487797
216586492.1888478994 0.0000665009
217819264.1149246097 0.0000553195
215136178.7684590518 0.0000629137
215089575.1080894470 0.0000650973
216162705.0354954004 0.0000601760
215231868.1526339650 0.0000643575
216269388.8433920443 0.0000624835
215109850.5333201289 0.0000522661
215948113.8803058565 0.0000565046
218019747.0932356715 0.0000719983
216400492.2027025223 0.0000604355
215907824.0516124666 0.0000858258
216408069.6039698124 0.0000612534
217758903.7666236460 0.0000782669
215984009.9316556156 0.0000584210
216395008.6067603528 0.0000645796
216026193.9230508804 0.0000638102
215740655.3726552725 0.0000546100
216173206.7895292044 0.0000620735
216866593.0342602432 0.0000630471
216492791.6998839080 0.0000615479
215636979.9251986146 0.0000770718
214667017.0229806900 0.0000569444
215519378.3548749387 0.0000723141
216229199.9344080091 0.0000615602
215030643.7810963094 0.0000397160
216203629.8937456608 0.0000606353
215151576.6598447561 0.0000446805
214887851.4359071553 0.0000571834
214612189.2882712185 0.0000611365
214917281.4107619524 0.0000602728
223166762.5818734169 0.0000596204
215374927.9757230878 0.0000647593
214834786.8864130080 0.0000646800
214863117.5939750969 0.0000653251
216844236.2295409441 0.0000609596
215411865.6695682704 0.0000617190
222771849.1282191277 0.0000529161
215988136.0641928315 0.0000591557
215851319.8605284691 0.0000573021
214312002.3207955062 0.0000561396
219207062.6140289009 0.0000604085
214515117.2594017386 0.0000595107
214977291.6363074481 0.0000518125
214388889.4665479362 0.0000534063
215580588.7681062818 0.0000516708
214403762.5005857944 0.0000616240
215274860.4344120026 0.0000469010
214559001.7383876443 0.0000532249
221448363.9388080537 0.0000587718
214441084.5547454953 0.0000615298
221439808.4289926887 0.0000579201
215923316.6548748016 0.0000466993
221623291.0148980021 0.0000648655
223212879.0019400418 0.0000605319
215848255.8941642344 0.0000553317
215448155.5385501981 0.0000574118
215835054.7851595879 0.0000552408
215347854.5716053545 0.0000538788
215944675.0455261171 0.0000550221
215251601.6199476719 0.0000549253
214578795.5242269933 0.0000576544
215994255.7043774724 0.0000598867
214612875.5338773131 0.0000562676
214771326.9806328714 0.0000664147
215923610.6362636089 0.0000563581
214460459.0532009006 0.0000460221
215930174.0060956180 0.0000561538
214723446.9764008820 0.0000573743
215960912.1941671669 0.0000563640
214547261.9357720912 0.0000614756
214328394.9710634053 0.0000570886
216129530.0758518875 0.0000558583
215816500.8441947103 0.0000581264
215322997.7738898098 0.0000549611
214600611.0788147151 0.0000554269
216219613.6659992933 0.0000589244
215648946.5374790430 0.0000555679
215157248.1618714631 0.0000577895
214579940.1565681696 0.0000550834
215338719.2559821904 0.0000578289
214363429.7876392305 0.0000561241
216038139.4224072993 0.0000550518
214549221.1100195646 0.0000557947
215721005.7819369435 0.0000521863
214329270.8911388218 0.0000552994
215632627.9649424255 0.0000556282
214417797.6109773219 0.0000565546
214436354.0958651304 0.0000544523
215899486.3211031556 0.0000553441
215234148.5984145701 0.0000630807
215808979.2623820007 0.0000570972
214352934.6779663563 0.0000556732
214296849.5693645477 0.0000556325
214472626.4326257706 0.0000550619
215841765.5130109489 0.0000554205
214851412.7539373338 0.0000563669
214315630.8074286282 0.0000558199
214533945.8354469836 0.0000558996
214300128.0683485866 0.0000565192
214462911.8780638576 0.0000573668
214324295.3812707365 0.0000557139
215835768.6062943041 0.0000549931
214301378.9368900955 0.0000558068
215738740.2186819017 0.0000557981
215868119.1338368356 0.0000556574
215850811.7142001092 0.0000562730
215919346.0039858222 0.0000553264
214305260.9455962479 0.0000545538
214307014.6382729113 0.0000557487
215647745.5810633302 0.0000544027
214299753.9005795419 0.0000555392
214510315.8975864351 0.0000570772
214350719.0174021423 0.0000540115
214322489.3902377486 0.0000548864
215899195.4797921181 0.0000551610
214334410.0898707509 0.0000560998
215930443.4627886117 0.0000557286
214534927.2764966786 0.0000567947
215929380.2462935746 0.0000556253
214386040.0611706972 0.0000558498
215938986.9392591417 0.0000554393
215812586.7193661332 0.0000546075
215877007.3814879656 0.0000554522
214411574.8292177320 0.0000566337
214320593.5263296068 0.0000551665
214308725.0601422787 0.0000561090
215919967.2595870197 0.0000553465
214313831.0886825025 0.0000565780
214300460.5463396311 0.0000552536
215935957.4210573733 0.0000545028
214305312.2077986300 0.0000557347
215884827.4986777902 0.0000560415
215905623.5142800212 0.0000558379
214290426.1492947340 0.0000548600
214298427.0568079054 0.0000540847
214294962.4305316508 0.0000548395
214388484.5092961490 0.0000549469
214336358.7642028332 0.0000549002
214267114.1532235146 0.0000551762
214274121.7877437770 0.0000552663
215885070.6261798441 0.0000545405
214294798.0234099030 0.0000553461
215835963.7395229936 0.0000550396
214282619.3705583811 0.0000550859
214607872.2287635803 0.0000557245
214285040.6928452849 0.0000552146
215808108.4803465307 0.0000556595
214324116.9757757783 0.0000552630
214316068.2802834511 0.0000555307
214263844.4980128407 0.0000550689
215860230.0132216513 0.0000550073
215900155.5172061622 0.0000552007
215900739.4743688107 0.0000550260
214259519.3151835799 0.0000552779
215886924.2079502344 0.0000547786
214291557.5029550195 0.0000554018
214314097.3134264052 0.0000553474
215886396.0335925221 0.0000560965
214291680.8906908333 0.0000541843
215901186.4502580166 0.0000552556
215827823.2543406487 0.0000552695
214267749.2032395303 0.0000552509
214262315.1688546836 0.0000540747
214260114.7885578573 0.0000553904
214325552.1167328954 0.0000553626
215881347.6798094511 0.0000551207
214318817.2674841583 0.0000557420
215852738.5780580342 0.0000550402
214447584.8707055748 0.0000554628
214264603.0382889509 0.0000550485
214280269.5935741067 0.0000547864
215892799.1436335444 0.0000553676
214336247.2685275376 0.0000549697
215889469.3086077571 0.0000551689
214267537.2530553937 0.0000570771
214348378.5443055928 0.0000555256
214418063.2288298011 0.0000558383
214261171.3362840414 0.0000551448
214381915.7985118926 0.0000552121
214267690.7952298820 0.0000551431
215867485.7248119116 0.0000553530
214265640.0431398451 0.0000552662
215869436.0325388014 0.0000553491
215890354.1071191728 0.0000553136
215897053.8961871862 0.0000552693
215895163.2313111722 0.0000553553
214281378.6444834173 0.0000552963
214297914.0230465531 0.0000552432
214256965.6570262015 0.0000552932
214290467.7971723378 0.0000550395
214255541.4630428553 0.0000553481
214340673.2796822488 0.0000552360
215888294.5164637566 0.0000553300
214273122.8381941617 0.0000552954
214275892.9135704041 0.0000554513
214258832.7486437857 0.0000553482
215890012.3405411541 0.0000553401
214259561.1210350990 0.0000553814
214254521.7398448884 0.0000552919
214256061.0251445770 0.0000554578
215894130.3447437882 0.0000551971
215882013.8607255816 0.0000553099
214279335.5403585732 0.0000555463
215888252.6294762790 0.0000552561
214285934.5598198175 0.0000552371
215888769.8909889460 0.0000553451
215877794.8672962189 0.0000551456
214256297.8760657012 0.0000552774
214284072.0502999723 0.0000553348
215894198.9101136923 0.0000552965
214260008.4242068231 0.0000553592
214255472.6422354579 0.0000553180
214284979.5845847428 0.0000552148
215890773.8756081164 0.0000553354
214289476.9647192359 0.0000551750
215888229.1557259560 0.0000552811
214262731.6197798550 0.0000553778
215886868.2854087353 0.0000552915
215881736.1431107521 0.0000552924
214254546.8010626137 0.0000552831
214258402.1246040463 0.0000553584
215884006.9199870825 0.0000552955
215883199.3526907563 0.0000553700
214257365.2101697028 0.0000553312
214253721.3512209058 0.0000551241
214255379.0137343407 0.0000551267
214253974.9266381562 0.0000551407
214254364.0702235103 0.0000551166
214260095.5868513286 0.0000550448
215885845.1002595425 0.0000551242
214294039.0815398395 0.0000553441
215882661.8909408450 0.0000551374
214253972.4617668986 0.0000552429
214252454.0831989646 0.0000551291
215884197.8233312368 0.0000550851
214256976.9845178723 0.0000551025
214250418.2009269893 0.0000550950
214256595.6706853211 0.0000551601
215877647.5403428376 0.0000550486
214249906.3343351483 0.0000550667
214295863.7712324858 0.0000551650
214253976.5233190060 0.0000550668
214255809.2707615793 0.0000552240
214248989.7191379070 0.0000550495
215881018.3426035941 0.0000548732
215879822.3769072890 0.0000550618
214304913.9608194828 0.0000550057
215884621.5289564133 0.0000550703
215875760.1957859695 0.0000550516
214254029.3193801343 0.0000550483
215880640.3368937075 0.0000550146
215884082.7585109472 0.0000550204
214248880.0420530438 0.0000552424
214259638.2735819519 0.0000552597
214252035.8884404600 0.0000551673
214245738.4985192716 0.0000551786
214292674.0404360890 0.0000552405
215881544.0947874784 0.0000551204
214268114.1808368266 0.0000553237
214247542.5998198390 0.0000551386
214272729.5822466314 0.0000553862
215881987.6311278045 0.0000551473
214271221.8797669709 0.0000553285
214246079.9747561514 0.0000551883
214272153.0063648820 0.0000552973
214246459.2940945029 0.0000551657
214245767.4696896672 0.0000551087
215882800.4466789961 0.0000552198
214276823.1062173843 0.0000550597
214250559.8433839679 0.0000552028
215775858.0099551380 0.0000550245
214255854.1522107422 0.0000551265
214273725.4363904893 0.0000551121
214252384.9349420369 0.0000552450
214273703.0098071694 0.0000553047
214249869.4783416390 0.0000551359
214275692.6420256495 0.0000551764
214266524.5612764060 0.0000551006
214247256.1095240712 0.0000551822
214262742.3775227368 0.0000551926
214251106.7772458196 0.0000551615
214260489.9735368490 0.0000552744
214246366.3910884559 0.0000552185
214262396.6125979125 0.0000552599
214245381.7733237743 0.0000551746
214258381.6786530316 0.0000552889
214247354.6171270609 0.0000551937
214257486.6401270330 0.0000552247
214245077.4397086799 0.0000552099
214249119.5316600800 0.0000551028
214250493.2169779539 0.0000552158
214249800.1047239304 0.0000551802
214247484.9410761297 0.0000552094
214248488.6092036963 0.0000551611
214248678.8120967448 0.0000552004
214247187.3207023144 0.0000552914
214248191.9113103747 0.0000551974
214251810.4432311952 0.0000552343
214249193.3967575133 0.0000551636
214262918.8032033741 0.0000552146
214245766.7388386130 0.0000551917
214252151.8478665054 0.0000553959
214244828.7849930525 0.0000551798
215839240.1448745131 0.0000551734
214245770.4549755752 0.0000551758
214266379.6607259512 0.0000551511
214250666.0623455942 0.0000551629
214244609.3870482445 0.0000551801
214253815.2888304591 0.0000551833
214251342.9623964727 0.0000551655
214256205.6640021205 0.0000551650
214245668.9379868209 0.0000551885
214251431.4428028762 0.0000552306
214251102.9984152615 0.0000551492
214252409.2239715755 0.0000552269
214246059.5443466604 0.0000551847
214254097.8775027096 0.0000552018
214251160.6224521101 0.0000551687
215879458.0403642058 0.0000552660
214244650.2168463171 0.0000551794
214247066.3050801754 0.0000551084
214251602.3956028223 0.0000551717
214243569.4834675789 0.0000550869
214247146.6807512641 0.0000550916
214243391.5890063345 0.0000550821
214248677.0281733572 0.0000550699
214243455.1152983904 0.0000550797
214243996.0529560149 0.0000550631
214250406.1922141910 0.0000550821
214247862.9431642294 0.0000551021
214243978.4001211822 0.0000550806
214246980.7037175894 0.0000550680
214243736.1333129406 0.0000550796
215881216.2488273978 0.0000550781
214249441.5291450918 0.0000550792
214243910.1990906596 0.0000550693
214244651.6713438034 0.0000550943
214247162.7847106457 0.0000550649
214250089.6454092264 0.0000550807
214249371.1437038779 0.0000550757
214243946.8505621850 0.0000550932
214246183.0868828297 0.0000551024
214243617.3237987459 0.0000550806
214251381.0485956073 0.0000550973
214250271.7911287546 0.0000550835
214247022.5501280427 0.0000551055
214249230.5108444393 0.0000550816
214245362.6270629466 0.0000550634
214249817.9259674549 0.0000550778
214243489.4031906724 0.0000550808
214250194.8332671821 0.0000550853
214247802.3554318547 0.0000551020
214250121.1907198131 0.0000550810
214243549.7920656204 0.0000550795
214249958.7955925465 0.0000550806
214243893.1109047234 0.0000550788
214243391.2513429821 0.0000550824
214243737.5116074681 0.0000550831
214243640.6596590877 0.0000550849
214245797.0362691283 0.0000551059
214244238.0625880957 0.0000550867
214246447.2914970219 0.0000550793
214243209.4346061349 0.0000550822
214248352.9524101019 0.0000550633
214244203.4843001068 0.0000550846
214248350.2467395365 0.0000551060
214243358.6369111538 0.0000550831
214249574.9017097056 0.0000550867
214244170.2469708622 0.0000550838
214245428.4871643484 0.0000550816
214249922.0753192902 0.0000550780
215881247.9460732341 0.0000550714
214249152.9061940014 0.0000550744
214249234.9222672880 0.0000550753
214250328.4810269177 0.0000550900
214251360.1201686263 0.0000551006
214243393.5302779377 0.0000550782
214246631.8762188852 0.0000550818
214249927.3044373989 0.0000550871
215881551.1819719970 0.0000550592
214249739.6391322017 0.0000550767
214249197.8894929886 0.0000550921
214243265.0690118372 0.0000550829
214246748.5990223289 0.0000551142
214243819.9957722127 0.0000550813
214246029.1507201493 0.0000550777
214247639.9468584657 0.0000550739
214250266.2542178929 0.0000550903
214248439.2693562508 0.0000550750
214243290.6863276362 0.0000550776
214244638.7888024747 0.0000550725
214250209.8201071024 0.0000550832
214245185.9486344755 0.0000550656
214243310.6090542972 0.0000550827
214244320.3408458233 0.0000550661
214250230.1676016748 0.0000550827
214243808.4565143883 0.0000550861
214243206.6643790007 0.0000550813
214250232.8899959624 0.0000550945
214243269.6065770090 0.0000550814
214243927.8949267566 0.0000550645
214243450.9646425247 0.0000550832
214249614.3468975127 0.0000550740
214243690.6582401693 0.0000550821
214245276.3871898353 0.0000550889
214249953.4046221077 0.0000550829
214246019.9152300656 0.0000550816
214249740.7514437437 0.0000550837
214249816.0284488797 0.0000550815
214244048.1159462035 0.0000550845
214243075.0071744323 0.0000550887
214243217.6883455813 0.0000550874
214247866.6892930865 0.0000550812
214243417.7420975268 0.0000550926
214242767.8166167438 0.0000550834
214249570.5697388947 0.0000550847
214246639.8992966115 0.0000550855
214249480.5641735494 0.0000550818
214243109.7035905719 0.0000550946
214249379.1196837425 0.0000550815
214243223.1144515574 0.0000550815
214242923.9778631330 0.0000550849
214248575.4375715554 0.0000550770
214242775.0704571009 0.0000550819
214247757.0340818465 0.0000550873
214248463.6293430030 0.0000550825
214242850.7095841765 0.0000550830
214243472.7346879542 0.0000550929
214242833.0560237169 0.0000550817
214243741.4367598593 0.0000550781
214242728.1934237778 0.0000550815
214243997.6690646410 0.0000550818
214242701.4571606815 0.0000550839
214243803.3581469059 0.0000550878
214242748.2118509710 0.0000550863
214243375.5238834023 0.0000550772
214242646.9932138622 0.0000550817
214243310.5347142220 0.0000550815
214242630.8122108579 0.0000550811
214242940.9589713514 0.0000550859
214242700.2540831566 0.0000550816
214242716.0609450042 0.0000550828
214242567.9410455525 0.0000550795
214243732.0203084052 0.0000550835
214249529.1732787490 0.0000550798
214249343.8432022035 0.0000550765
214242830.6118699908 0.0000550802
214244498.0727100670 0.0000550816
214249647.5953119993 0.0000550784
214249102.2440901697 0.0000550810
214242605.3198421299 0.0000550794
214249404.4169823527 0.0000550791
214242716.3511523008 0.0000550812
214242714.0727403462 0.0000550828
214249634.1805247366 0.0000550816
214242690.2371688485 0.0000550726
214242743.9175611138 0.0000550785
214249049.2782841027 0.0000550805
214242737.4247374833 0.0000550798
214243711.7449283898 0.0000550751
214249715.9812996686 0.0000550793
214244038.5898330510 0.0000550809
214242721.8159120083 0.0000550828
214248980.4254054725 0.0000550839
214249427.1491282582 0.0000550796
214242883.8137690425 0.0000550755
214249510.5250044763 0.0000550796
214249665.6930959523 0.0000550772
214242600.4172680676 0.0000550785
214242813.6651846170 0.0000550751
214249610.6545055807 0.0000550781
214242690.5380097926 0.0000550839
214242635.9965656996 0.0000550790
214249045.9879887402 0.0000550739
214242674.3344896734 0.0000550793
214249383.8054228425 0.0000550799
214249634.0317161977 0.0000550784
214249700.3819548488 0.0000550794
214243021.9840573370 0.0000550813
214242654.9309733510 0.0000550788
214249473.5086764693 0.0000550784
214249678.7884462476 0.0000550800
214242767.0531269312 0.0000550791
214249634.4397832453 0.0000550782
214242586.5570672452 0.0000550798
214243155.9176721275 0.0000550803
214249696.1267700791 0.0000550795
214242630.6200993359 0.0000550814
214249703.7040949464 0.0000550797
214242557.3047665656 0.0000550794
214242580.0421048105 0.0000550794
214242615.6675524116 0.0000550787
214242691.9707836509 0.0000550794
214249644.8626856804 0.0000550782
214242664.0671901107 0.0000550793
214242618.3875150383 0.0000550809
214242575.5837367475 0.0000550796
214242613.9887468815 0.0000550783
214249699.3450024426 0.0000550792
214249621.6658648551 0.0000550793
214249713.7518249154 0.0000550791
214242624.5298621058 0.0000550792
214242635.4089834690 0.0000550799
214249637.6925212443 0.0000550806
214249675.6601849794 0.0000550794
214242702.6031674445 0.0000550793
214242568.9476847649 0.0000550792
214242761.5804168284 0.0000550813
214249701.5087021887 0.0000550795
214242542.7716632783 0.0000550794
214249548.8227922916 0.0000550793
214243156.0085397363 0.0000550798
214242548.8656757474 0.0000550797
214242790.2706591785 0.0000550799
214242624.2701037228 0.0000550792
214249302.7820597291 0.0000550785
214249645.4386735559 0.0000550795
214242765.8316220343 0.0000550809
214249655.8830126822 0.0000550783
214242808.5016350448 0.0000550799
214242553.3567080200 0.0000550790
214242830.8036963642 0.0000550789
214242554.6986574829 0.0000550792
214242611.7695892453 0.0000550812
214249655.5991995931 0.0000550801
214242564.6765213311 0.0000550803
214249662.9712899923 0.0000550795
214242613.5946399570 0.0000550780
214242567.2337476313 0.0000550799
214242618.3519627154 0.0000550790
214242543.4023857415 0.0000550796
214249623.5371004939 0.0000550794
214249657.7860477865 0.0000550793
214242608.9197304249 0.0000550821
214242599.2721620798 0.0000550796
214249702.6056711972 0.0000550804
214242602.8138563037 0.0000550800
214242578.6096930802 0.0000550773
214242557.2848516107 0.0000550794
214242619.8472746909 0.0000550810
214249672.1229206622 0.0000550792
214242643.3967080116 0.0000550798
214242574.8264439106 0.0000550799
214242581.5836285055 0.0000550798
214242542.7923141122 0.0000550798
214249636.1053707004 0.0000550789
214242549.3510659039 0.0000550796
214242589.2284526527 0.0000550772
214242577.1153805554 0.0000550796
214242738.0513621271 0.0000550794
214242542.5061871409 0.0000550789
214242587.4362860620 0.0000550787
214249674.6289861798 0.0000550790
214242788.2047337294 0.0000550794
214249661.7544204891 0.0000550788
214242721.3260291219 0.0000550801
214249644.7345114946 0.0000550790
214242662.3851668537 0.0000550783
214249641.9156557620 0.0000550791
214242681.2319734693 0.0000550794
214249640.6778132915 0.0000550785
214242675.9814955294 0.0000550809
214242565.8714570701 0.0000550788
214242658.9825318158 0.0000550788
214249606.9855886996 0.0000550794
214242674.4130716324 0.0000550783
214242575.5567501485 0.0000550788
214242810.7933594584 0.0000550774
214249672.0495407283 0.0000550787
214242560.4689885974 0.0000550800
214242654.6638422310 0.0000550790
214242615.4857009649 0.0000550796
214249669.9211808741 0.0000550789
214242791.0351980925 0.0000550796
214249688.5645932257 0.0000550799
214242582.0081552565 0.0000550785
214242527.2545285821 0.0000550790
214242568.5737022161 0.0000550789
214249663.6864553690 0.0000550790
214242586.4502626657 0.0000550791
214242552.9008641243 0.0000550793
214242667.7379168868 0.0000550781
214242525.2197113931 0.0000550789
214249362.9177816510 0.0000550789
214242537.5465758443 0.0000550790
214242619.2018446028 0.0000550789
214242526.4774031639 0.0000550786
214242553.9049675763 0.0000550787
214242536.0178406537 0.0000550789
214249661.0969814360 0.0000550788
214242532.8856950700 0.0000550789
214249657.8496047258 0.0000550780
214242547.0322255790 0.0000550791
214242551.6423923671 0.0000550804
214242548.8338414729 0.0000550788
214242632.7086274028 0.0000550791
214242545.7620029449 0.0000550789
214242638.0438721478 0.0000550792
214242556.5619526207 0.0000550790
214242595.1089302301 0.0000550791
214249638.7770000398 0.0000550788
214242682.4466405213 0.0000550793
214249660.8174129128 0.0000550792
214242566.1886211932 0.0000550782
214249651.6057277918 0.0000550789
214242601.9362565875 0.0000550796
214242528.4405456483 0.0000550791
214242531.2619486153 0.0000550789
214242546.8506291211 0.0000550786
214249663.7989698052 0.0000550787
214242527.7573313415 0.0000550795
214242544.2021090984 0.0000550789
214242594.9644058347 0.0000550789
214242530.1489152014 0.0000550790
214242528.7163537741 0.0000550792
214242541.3054257929 0.0000550789
214249646.0698192418 0.0000550787
214242519.3217074871 0.0000550788
214249619.2737047374 0.0000550785
214242523.3070633709 0.0000550788
214242659.0905720294 0.0000550791
214249651.7456063032 0.0000550789
214242561.0874647498 0.0000550785
214249650.6512970328 0.0000550788
214242546.3510894477 0.0000550791
214242536.1669792533 0.0000550788
214249634.6161389649 0.0000550793
214249662.5651493669 0.0000550787
214242558.5166387856 0.0000550786
175861461.0000000000 0.0000550786 1 0 0 0 0 0 0 0 0 0 0 0 0 0 0 