1101425339.0493705273 0.0000229231
1101421583.3530755043 0.0000397195
1101420668.3330197334 0.0000021540
1036482249.5851867199 0.0000426927
1101338776.2004659176 0.0000229316
953096349.2186911106 0.0000583264
1166360468.9004085064 0.0000183424
1042458623.6448606253 0.0000415722
1101515250.5663266182 0.0000420489
939535796.9410037994 0.0000608688
950620854.0292134285 0.0000587905
942015384.3757721186 0.0000604039
940632345.8626508713 0.0000606632
939572091.1789889336 0.0000608620
1101453522.0119261742 0.0000530399
939889499.2021429539 0.0000608025
939505177.9333949089 0.0000608745
939572091.1789890528 0.0000608620
939526444.1668423414 0.0000608705
1101399327.0124199390 0.0000599138
939508295.6813038588 0.0000608739
939503688.7529660463 0.0000608748
939508295.6813036203 0.0000608739
108474399.0000000000 0.0000608739 1 0 0 0 0 0 0 0 0 0 0 0 0 0 0 