433240706.2751186490 0.0003696950
397589027.0276770592 0.0001328477
397878236.7565940022 0.0000190272
423817398.1691510677 0.0009115246
507551126.1661796570 0.0000339038
437931003.3432881832 0.0000064498
435413265.4599599242 0.0000005312
413395364.9544177651 0.0004686375
454389805.1380580664 0.0000005233
428917744.1236189008 0.0000000959
430198971.0780460835 0.0001861678
370457436.7774411440 0.0000149891
457678321.5345373154 0.0000228284
372016432.7083692551 0.0001699292
367868306.4231439233 0.0002655045
402487602.3932502270 0.0001415215
424050354.0758728385 0.0003078417
363669521.8661590815 0.0003642092
335334152.7704150677 0.0000572873
342560548.7426553965 0.0002092865
317201288.0667830706 0.0003687301
308243230.7721841335 0.0004177321
340671638.7854483128 0.0000500789
288795553.5022935867 0.0005363904
288036389.6702702045 0.0005313838
294172661.2677017450 0.0000532000
365447069.7156762481 0.0001192837
328998754.3140248060 0.0000920381
300554517.1347849965 0.0001021366
261750907.2210886478 0.0005425009
281020591.6038052440 0.0002891686
182798146.3812811375 0.0042673089
204570683.8383566141 0.0075610851
192608535.5308877826 0.0045636313
173553857.5833414197 0.0038128111
169282890.9614818692 0.0038518644
193540690.6615435183 0.0000822461
170539555.3053893447 0.0037269994
203822276.0172578692 0.0003331046
171145953.3662698567 0.0072527870
200477292.7759132683 0.0187085088
173654145.2911065817 0.0036001061
176074613.5214161575 0.0055401146
170944422.8571732640 0.0037774620
212728986.6048254073 0.0015242606
171004122.1720928848 0.0039034280
163927885.6117328703 0.0010837456
162495243.0849309862 0.0007575807
187916262.1763676703 0.0000864221
187001105.7981256247 0.0006590703
207958522.4502255619 0.0073128497
160759244.4255927503 0.0010628091
214245372.0015850961 0.0073380774
163202608.7323852777 0.0006802191
189824781.9101781845 0.0070623372
161748565.7936793268 0.0008353164
170593872.1690456271 0.0026347905
175020897.0201717019 0.0014773042
184667289.5921290517 0.0000215110
159928488.6828665435 0.0012222342
199129040.8870497346 0.0008119934
165878423.8729252815 0.0023129747
169019740.9262202978 0.0002520353
160722740.1754800975 0.0010579219
161063687.6296652853 0.0088728035
160396122.0554260314 0.0003933664
181401256.0578041375 0.0019812103
160253909.8363689780 0.0042790711
226413945.5412205160 0.0010452444
159724565.9468344748 0.0003736353
169081057.7848943770 0.0031220951
165002263.9670809507 0.0011069641
227203009.6637156308 0.0018033368
173134634.6834530830 0.0002686782
178011122.7597948015 0.0000252315
161096260.6780062020 0.0006662561
178338684.7457536459 0.0097600994
163665392.1958351135 0.0004520794
166426572.0516721904 0.0000033065
167164146.0936897993 0.0001924344
168989087.7807434499 0.0102724530
162018735.6420855224 0.0000002392
181616605.4679699540 0.0001672158
159743167.4974170327 0.0000663586
161254309.4810830653 0.0058105893
176782938.0037557483 0.0001776895
167716198.2056685984 0.0011461169
159535448.7779330015 0.0000372146
187232321.9181074798 0.0001696587
170546193.0689336061 0.0000803121
162922231.9546877146 0.0000867933
177271085.4014825821 0.0019712237
163330814.9452856779 0.0001070581
186677424.1488123238 0.0000623656
162777180.6204492748 0.0000258967
150422225.5313023627 0.0023309953
153492025.6286260486 0.0032188827
162868219.5145303905 0.0014759077
154583197.7008058727 0.0022087478
148740506.4829861820 0.0013089166
158213026.2015258074 0.0019672691
152063217.5648984313 0.0011068895
156000644.7275940776 0.0009125565
166589314.2569351196 0.0000054832
150954326.2661637366 0.0009836724
148550258.4961876273 0.0001582945
154398647.7924621999 0.0000132506
174676481.5905389488 0.0009794344
152277828.4374440610 0.0002231669
160425718.3774888813 0.0000884105
146702986.9599421024 0.0000000930
144651152.3517036140 0.0000694984
147473432.9449384809 0.0001189165
150359077.4847373068 0.0000194731
155348486.5083727241 0.0000918103
177369901.2466366589 0.0002922998
145652852.0075169802 0.0000406264
139426704.2118983269 0.0004569398
148580723.9539640248 0.0005206080
143407734.3188005388 0.0035875092
141194334.1106183529 0.0003005054
146043026.3181024194 0.0000583974
142685320.0134163797 0.0006084624
164321440.8878168464 0.0011236643
141407877.1937435865 0.0006081306
157666940.1720550060 0.0000372792
140474433.4082419574 0.0001075524
159378922.3149752915 0.0006714013
145615948.3577150702 0.0009922003
148481992.9308343828 0.0000971722
142615918.8220040202 0.0005047491
139591065.6760570109 0.0005084099
141000976.5891457498 0.0000430998
145221513.4764910340 0.0019511203
147552774.2508898079 0.0004478757
160904964.1111794710 0.0000388790
150024670.3422504365 0.0003128933
147947807.6064525247 0.0047782520
145967607.5416243374 0.0001711516
148765910.4388393760 0.0027830776
153288620.2496238649 0.0005011377
138758626.6332601011 0.0017106632
150560141.9525299966 0.0018253450
137127949.1873319149 0.0003139726
150717621.4837322831 0.0006009079
136851699.8369444609 0.0000451120
143208359.7714344859 0.0000133927
144880246.3678575754 0.0001985583
142260367.1539810598 0.0000251212
143194703.0923077166 0.0004067450
148598572.8283364475 0.0000658394
146985908.3378290534 0.0002358235
139667187.4151295424 0.0000017067
177044029.0892991126 0.0008357529
138271869.2952423096 0.0000403170
140423011.2496976554 0.0021043826
134628070.8657480776 0.0001096261
147009920.5152442157 0.0006392323
135490713.1670113802 0.0000617429
148812473.2607344985 0.0004528238
135383310.1828873754 0.0001686278
136445501.7739853263 0.0002164814
138255653.7154009938 0.0000000397
150474890.1651565135 0.0001392326
137752043.7816024423 0.0000817978
147714580.4883809984 0.0000836871
143343839.9889013171 0.0000972809
147649572.6303339601 0.0001365490
132999395.0071776062 0.0000705707
142916186.6759522259 0.0002579043
136761912.6206845045 0.0000741075
145486267.9655121267 0.0018087093
133415688.5288197547 0.0000109280
139790655.6096912026 0.0002431435
137438664.8792851269 0.0000833646
142582378.6748507023 0.0005311519
134380958.2040320635 0.0000021210
157936761.2704287171 0.0007516417
132286519.8976276666 0.0000130837
135050391.1699784398 0.0035422912
137985985.6045164168 0.0001576195
139360245.5792014897 0.0024587202
135715053.2729902267 0.0001743962
143273206.7706955373 0.0011088422
134363682.7478121817 0.0000013386
146398982.8911973536 0.0003881718
138181293.1923608482 0.0000002192
134031749.5360954851 0.0000219078
154726352.1103894114 0.0000405597
137312247.1881594956 0.0000262733
150477772.8628688455 0.0001101817
138572994.3117690980 0.0000088474
142919487.8091097176 0.0000449167
132642899.3553016633 0.0000016870
135412269.9014225602 0.0000292049
133100361.8419794440 0.0000028767
133487008.3271872848 0.0002717675
140588303.0928258598 0.0000076305
137230140.9969845414 0.0001784491
135071229.4780781865 0.0000685330
151334432.4372781217 0.0000114009
137641610.8511184454 0.0001139995
135666861.5572243929 0.0000340493
135309429.6820703447 0.0000273481
139804371.6973390281 0.0002849566
138133721.7203235328 0.0000203290
140234414.3201374710 0.0000060554
132539191.7452806383 0.0000139529
142670184.2644896805 0.0000868461
137394142.7082935870 0.0000058892
142146961.6170438826 0.0002559081
133147305.3062115759 0.0000021579
144196631.2811837494 0.0000359482
137774682.3073073626 0.0000016173
143286548.2386649549 0.0002073929
139403135.3637189865 0.0000335189
151396275.1783197224 0.0000006187
146783931.7853922248 0.0000672455
134308422.2978107631 0.0000101879
137134175.7809005678 0.0002558487
133544154.6922238022 0.0000343845
138971579.0590485930 0.0000420390
139695749.1931205690 0.0000003513
139444563.1437507570 0.0002972043
138598098.4865647256 0.0000055721
140170628.5320972502 0.0000190768
139308695.2279672921 0.0000022643
148977723.0155355930 0.0000029969
139415527.1390143037 0.0000161295
136598592.1811591685 0.0000435202
133928759.4045864940 0.0000216842
135651616.0943649411 0.0000049727
138432106.7309831977 0.0000143869
149902010.5401198566 0.0000815210
133099426.1058585793 0.0000175370
136235665.6906698942 0.0000690691
138537458.6672872007 0.0000189737
136519695.9159015715 0.0000390639
135267721.0632675886 0.0000000499
140486265.3892863095 0.0000139372
136800476.7106467783 0.0000284524
139561262.7220745385 0.0000139927
137816970.1126160026 0.0000000071
132314041.9036047161 0.0000157237
133862134.9117236584 0.0000376977
140030962.6380237341 0.0000051011
140413848.4480589628 0.0000322996
132363418.0482023656 0.0000133082
139580552.3553514779 0.0000000964
132862434.7509462088 0.0000093492
138779136.9983169138 0.0000873096
139735251.0549573004 0.0000102623
133041581.2562488317 0.0000352578
132019127.0721190870 0.0000125561
132102606.6161386371 0.0000153996
138034928.9775846303 0.0000250206
139498098.9245764017 0.0000094841
134472930.1508281231 0.0000072894
132498386.2894838452 0.0000178601
133916938.0945194066 0.0000357290
132303059.3677846342 0.0000070104
132825422.5172163248 0.0000294550
140265064.4566185176 0.0000140860
139173271.9522978365 0.0000240860
132014651.3107866347 0.0000124710
134489292.0580855906 0.0000032736
132185579.7645789236 0.0000068666
132248093.7061106563 0.0000235518
140596093.7067680657 0.0000169207
140543402.9229827523 0.0000144935
132755459.9758363962 0.0000093853
133127073.1297103912 0.0000425329
132286251.1087464839 0.0000126567
139802438.6934261620 0.0000012022
131955008.6994157135 0.0000122220
133626401.9192667603 0.0000149655
140147660.6616793275 0.0000104006
133985798.3613001406 0.0000161556
132710444.6522789299 0.0000099408
133816482.1359175742 0.0000053094
140094397.6908196211 0.0000127392
132563329.6791861653 0.0000097757
132045769.6662112772 0.0000116018
132078806.6801694632 0.0000000453
140040668.8638839424 0.0000122768
132382807.1719887108 0.0000167771
140279079.2481445074 0.0000153820
138870561.0379932821 0.0000280618
140243490.5711625516 0.0000128908
131987027.3640219420 0.0000132178
132083454.9788917005 0.0000114285
140453197.6502252519 0.0000083521
132196809.4762892723 0.0000066107
133319896.0871671289 0.0000193028
131907848.5110210925 0.0000123041
132454555.7967416048 0.0000312548
139566202.5275799334 0.0000166186
134068810.0463428944 0.0000049120
140025825.0292793810 0.0000104795
134490708.0693619251 0.0000058491
132353475.4515137970 0.0000164809
132504636.9530235082 0.0000160342
132326727.8511894643 0.0000081957
138827862.5757958591 0.0000155278
132241515.1441905051 0.0000164470
138007890.1023245752 0.0000067400
140190287.8711491227 0.0000152729
139360470.3500985801 0.0000018528
139388947.4598611891 0.0000147391
132069356.5064957142 0.0000121638
133133724.9385677129 0.0000064456
132029896.1675742269 0.0000165389
132616767.7445848435 0.0000117308
131978269.7400280088 0.0000118004
132165795.8166939020 0.0000258887
131914284.5127398521 0.0000119425
132790348.9297687113 0.0000086612
131939416.6654605567 0.0000127201
139460216.9335598648 0.0000145395
131908729.4787324965 0.0000136827
132096423.3901660144 0.0000130616
132112985.0687983185 0.0000126580
139722408.8009329736 0.0000167382
132243479.7301125675 0.0000124876
132860803.7826403230 0.0000087853
132248461.2588271648 0.0000128989
139698197.1728304625 0.0000158408
139987346.0017241538 0.0000117204
132528227.6462634802 0.0000161659
131965811.9817173481 0.0000113897
139085315.5660553575 0.0000062377
132104086.1861339658 0.0000132954
133342719.1244200170 0.0000076413
131992584.3444495201 0.0000141424
139892373.5276485682 0.0000170267
140206001.5857447982 0.0000129250
131781094.6601580083 0.0000174872
131873496.7709532827 0.0000172736
132211072.8885018229 0.0000188722
131882669.8635363877 0.0000178070
139631826.1850629151 0.0000108900
131726430.7438717633 0.0000117739
133391560.3627369702 0.0000161172
140025974.3601494133 0.0000129140
131970145.8839474618 0.0000086056
131772011.3436561674 0.0000082339
138969501.7056612074 0.0000170039
139526610.4074667692 0.0000142820
131680966.0777412057 0.0000116929
139673059.8063019216 0.0000100859
140056620.3392786086 0.0000133359
132405477.2745265812 0.0000109963
140016518.6696922183 0.0000127067
132099182.0587628037 0.0000071995
139974224.4613153636 0.0000117206
131881669.6413515657 0.0000093404
131757801.7370553911 0.0000118567
131862472.5720456541 0.0000103031
131678409.5328375250 0.0000119550
132037103.7318200320 0.0000078885
140048114.0335418582 0.0000126242
131827036.6741406918 0.0000150448
140068708.8433483541 0.0000118362
131780060.6307975799 0.0000128378
131714914.0049506128 0.0000117032
140287499.2097354829 0.0000094467
139986562.7872509956 0.0000101542
131853285.5398345888 0.0000128172
131744000.9085532129 0.0000130603
131853597.9755100012 0.0000120709
139898108.2160473466 0.0000117988
131806517.9811081886 0.0000129544
131695457.8716338575 0.0000133681
140239359.4246463776 0.0000128763
131708132.2312806845 0.0000123513
131855781.2197035104 0.0000099984
131833940.3177539706 0.0000118617
131799056.5900237113 0.0000153318
131730504.9575577080 0.0000140666
131793530.9222196937 0.0000143346
131834281.4493416399 0.0000116913
131619079.4695667177 0.0000098689
131627932.6409377307 0.0000091785
132222879.4790486991 0.0000122017
131697177.9645207226 0.0000091676
139707134.4414121211 0.0000141019
131604339.7503766268 0.0000104986
131781040.1963288337 0.0000136071
139917615.6725324392 0.0000103506
140305860.5130517185 0.0000112317
131839858.3776354939 0.0000109936
132008503.3380244672 0.0000101585
139887189.1645833850 0.0000125285
139690095.8616855145 0.0000078028
131713524.3882483989 0.0000093487
139968993.7556238174 0.0000119560
131640833.2407480329 0.0000099968
139701711.0132957399 0.0000128066
131628451.6830317676 0.0000115349
139988219.7747812569 0.0000081073
139927635.1880109012 0.0000113900
131712508.0037849098 0.0000075618
131619254.0596131086 0.0000090561
139819054.3623424768 0.0000101003
139844339.9087618291 0.0000120814
131983072.7091923356 0.0000136402
139865160.7883914411 0.0000093289
131816245.3360972553 0.0000125374
131657351.8177823424 0.0000120506
131804482.7227280438 0.0000050072
131632538.8052973300 0.0000102352
139668623.7929317951 0.0000128009
139898457.5807155669 0.0000101329
139885601.8189696372 0.0000129426
139917562.6638766229 0.0000117384
139606476.6265291274 0.0000081855
131567005.6020989120 0.0000106467
139915393.2741062939 0.0000110468
131806973.7204339355 0.0000103672
131578602.8192745745 0.0000105621
131784592.0161709189 0.0000092194
139907133.7346273661 0.0000112559
131664963.1923334897 0.0000101218
139946406.8411213458 0.0000111280
139871103.0707335174 0.0000111609
139940837.4191946387 0.0000114819
139786610.2115020156 0.0000108083
131670365.8654770255 0.0000113343
131770208.2012555450 0.0000079872
131591286.9643626511 0.0000107696
131568014.6002004445 0.0000090557
139909391.7573840916 0.0000108772
139912353.3564453423 0.0000087064
131602071.7884276062 0.0000104589
139890846.4061804414 0.0000101186
139930705.4768894017 0.0000107865
139791612.7795106173 0.0000087906
139939176.1386184394 0.0000100283
139830746.9079447985 0.0000127030
131595284.0094200671 0.0000111484
139939797.9310068488 0.0000106019
139974832.5858323574 0.0000110702
131767033.3414079547 0.0000100289
139926592.8652424216 0.0000102203
131716318.1076682210 0.0000131813
139913937.6646309197 0.0000109140
131770567.8091205209 0.0000089670
131588792.1760640293 0.0000104841
131635989.5504672378 0.0000119590
131605831.2905522287 0.0000107429
131649869.0334138274 0.0000126062
131572012.3600249738 0.0000109597
131768216.7982433885 0.0000106813
139893028.7269141674 0.0000104830
131796060.1009468436 0.0000113535
131577031.3093982935 0.0000108199
131568877.3085543811 0.0000092403
139874088.8456589282 0.0000106607
132045501.4926457405 0.0000108821
139779449.8007563353 0.0000114222
131616454.8819184899 0.0000115640
139952430.5104781985 0.0000105142
131567694.4865135103 0.0000108329
139932550.4496771097 0.0000106673
139972878.8378753364 0.0000104948
139941194.8994201422 0.0000105486
131609717.9180255383 0.0000115088
131594092.2529513985 0.0000104433
131575149.0697081387 0.0000110518
131571123.0057996362 0.0000104664
131672181.1740046591 0.0000107358
139940426.2891387641 0.0000106884
131583903.4653275758 0.0000105266
131605158.2547048628 0.0000104263
139980500.0416258574 0.0000108856
139945189.3285337687 0.0000108294
131628112.6307512224 0.0000103009
139937295.1645183563 0.0000105202
131581109.1015464216 0.0000099134
139950367.5904037058 0.0000108146
131608393.3109710366 0.0000112839
139946265.4844835103 0.0000103616
131590097.7188278437 0.0000118892
139923787.8597055972 0.0000108674
131590230.9041469544 0.0000095595
139903886.9272339046 0.0000103953
139953418.2999753952 0.0000107749
131624353.6789919585 0.0000102579
139954197.9779717326 0.0000105798
131568028.7638730854 0.0000111382
131582517.2838596702 0.0000106540
139921874.8739104867 0.0000110179
131571572.8567182571 0.0000107081
139849805.9354912639 0.0000110545
131565595.0252677202 0.0000105963
131622511.3954107016 0.0000098256
139944232.1114113629 0.0000104590
131669720.2246821523 0.0000106967
131580828.5507344157 0.0000105706
139961939.8320539594 0.0000109161
139950901.3593837917 0.0000105201
131619324.7721723765 0.0000106123
139948537.9850510955 0.0000107756
131598853.8327407390 0.0000100217
131566752.0900935084 0.0000105150
131593942.7755826414 0.0000099656
131621434.0197697729 0.0000105770
131593521.9827278852 0.0000105866
139951390.4293327630 0.0000106365
131572403.1440637559 0.0000105388
131563804.2800114751 0.0000105795
139937280.6653522551 0.0000105227
131567080.9731399417 0.0000105692
139925295.3303315341 0.0000103153
139949602.3696410358 0.0000106483
139945609.6628155708 0.0000104786
131568176.7136848420 0.0000106712
131578202.2821881175 0.0000106773
139950225.0575818121 0.0000105764
139940383.1199916303 0.0000104950
131579232.9012155384 0.0000105934
139945988.6847687066 0.0000104461
131564026.5205373764 0.0000105377
131565346.5440486372 0.0000109034
131568383.3343971521 0.0000105249
131599829.2907620966 0.0000103527
131564641.4425452203 0.0000105758
131568825.7407058775 0.0000109021
131567181.0552487224 0.0000105878
131567033.1603460312 0.0000108654
139948069.7062174678 0.0000106480
131579721.0299378783 0.0000106951
131562337.2142859399 0.0000105228
131573517.4826851636 0.0000104184
131577678.1483208686 0.0000106112
131584132.1073965281 0.0000105080
131566144.4968694150 0.0000105428
139946769.8617353141 0.0000105969
131565649.0332165658 0.0000105292
139945188.1608322263 0.0000105219
131592042.3544137031 0.0000105071
131564983.0781104416 0.0000104930
139942523.0230312049 0.0000104928
131564121.9718246311 0.0000105179
131573559.1222670525 0.0000104276
131562630.0584445298 0.0000105764
139949368.7973119318 0.0000103653
131562796.2304714173 0.0000105387
139945781.3058715165 0.0000105330
131566736.4196384102 0.0000105277
131560360.3441341668 0.0000104162
131557938.1308891922 0.0000104398
131562543.3376176357 0.0000103107
139944482.1287336051 0.0000104453
139931608.8451681435 0.0000104470
131560747.6763657033 0.0000104203
131568722.7946259826 0.0000104454
131563040.8872111291 0.0000104114
139940969.4582151771 0.0000103253
131561529.0612382144 0.0000104394
131563915.6266681701 0.0000103805
131559449.9909541607 0.0000103889
131576364.5237423778 0.0000104628
139947332.4432554841 0.0000103995
139943245.9882815182 0.0000105895
131559518.2938044816 0.0000104034
131568098.5775369555 0.0000104377
139946271.0479863286 0.0000104687
131563416.0757432431 0.0000103646
131558161.5475666225 0.0000104265
139951967.1997499168 0.0000104721
131558929.0138716102 0.0000105067
131559668.0169005394 0.0000103740
131561114.9229541719 0.0000105647
139942132.9410810173 0.0000104832
139946631.9160162807 0.0000104422
131560082.8492262065 0.0000104130
131559496.9988092482 0.0000104357
139947617.6728552878 0.0000104778
139946496.2136824727 0.0000104398
131570446.7173090577 0.0000103957
131560613.4379201978 0.0000104405
131559944.0586575717 0.0000104334
131559184.2553948313 0.0000104597
131558844.7135317624 0.0000104244
131558920.8085423708 0.0000104592
139941227.1549745202 0.0000103894
139945780.0490644276 0.0000104680
139941535.7749080062 0.0000104305
139947041.0785901845 0.0000104444
131559205.7781400681 0.0000104552
131559399.7415693849 0.0000104550
131564636.5452859551 0.0000104177
131558040.0614715070 0.0000104408
131564332.1412279606 0.0000103684
131560445.8961254209 0.0000104636
131558650.2376334816 0.0000104638
139945400.5654659569 0.0000104189
131565930.7238060832 0.0000104967
139946133.7793423831 0.0000104439
131559034.2010958642 0.0000104330
139944921.6050756574 0.0000104346
139949105.7739413977 0.0000104649
139943685.6485352516 0.0000104334
139945336.1314916611 0.0000104393
131563100.7961867452 0.0000104569
131558230.1903138459 0.0000104227
131559828.1248702407 0.0000104463
131558275.4116352946 0.0000104405
131558495.7877202481 0.0000104096
131558630.4446619004 0.0000104424
131559256.4857965112 0.0000104430
131557799.1178342849 0.0000104339
131558047.9985921979 0.0000104046
131558491.7576341778 0.0000104361
131564375.6000592709 0.0000104142
139946360.2113476694 0.0000104157
131558145.5273564011 0.0000104489
131558319.3238085806 0.0000104348
139947626.2903656662 0.0000104317
139946149.2782927155 0.0000104315
131560092.9108716249 0.0000104480
139946071.5709088445 0.0000104354
131558517.4057359099 0.0000104170
131558251.0869249701 0.0000104369
139944921.6524955928 0.0000104133
139945657.8222126663 0.0000104301
131560039.2148190439 0.0000104654
131557855.5639343858 0.0000104437
131557827.3888656497 0.0000104388
139946558.3984847367 0.0000104355
131558108.4577284455 0.0000104291
139946348.3735873997 0.0000104358
131558965.9839392304 0.0000104176
139946586.4226787090 0.0000104334
131561102.6290173829 0.0000104257
131557680.9450539649 0.0000104339
139945088.0933356285 0.0000104377
131558561.6680015028 0.0000104332
131558908.1938160211 0.0000104291
139946433.1864268780 0.0000104338
131558424.0134323239 0.0000104322
139946194.2867566347 0.0000104320
139944190.9178012908 0.0000104454
131557742.8826979995 0.0000104350
131557360.2329337150 0.0000104553
131557755.8986072093 0.0000104516
139944699.1311158240 0.0000104382
139946141.9152080417 0.0000104524
131557840.7578986883 0.0000104536
139946132.8263287246 0.0000104566
131558144.1880573332 0.0000104702
139945898.3727171719 0.0000104610
131557985.3543324023 0.0000104720
131557718.6080513448 0.0000104620
131559506.1388879567 0.0000104552
139946215.0356011391 0.0000104528
131559124.7060383111 0.0000104490
139946131.1753924787 0.0000104578
131557804.2372897416 0.0000104490
131557480.1668975204 0.0000104546
131558875.6374090612 0.0000104679
139945840.2928988934 0.0000104608
131559033.4145130515 0.0000104574
139945823.4261884689 0.0000104557
131560247.9196874797 0.0000104497
131557614.0324359685 0.0000104542
131557822.8933010697 0.0000104527
139946312.7148511112 0.0000104559
131557238.0359686762 0.0000104637
139944754.0859043598 0.0000104665
131561887.4682336152 0.0000104610
131557494.4629808217 0.0000104613
131557675.3195011318 0.0000104742
131557212.4761402607 0.0000104652
139944947.5603769422 0.0000104909
131557353.7821517587 0.0000104656
131557195.2674624920 0.0000104601
131557328.1274315417 0.0000104613
139944221.4571656585 0.0000104381
131557658.7360322326 0.0000104602
131557365.6993343532 0.0000104871
131557525.1174259186 0.0000104593
131557831.3258346021 0.0000104662
131557034.7557808757 0.0000104578
131557025.0800577998 0.0000104556
139945148.3066569865 0.0000104550
139944941.4924112260 0.0000104727
139945332.0632856488 0.0000104577
131558094.4275529683 0.0000104556
131557013.7095028311 0.0000104551
131558262.7880394012 0.0000104294
139944855.2977079749 0.0000104559
131558043.8932566643 0.0000104650
131557187.5123245567 0.0000104544
131557815.5264960229 0.0000104530
131557676.9519422948 0.0000104548
139944498.2123087049 0.0000104638
139944758.7611971200 0.0000104539
131558076.8105671257 0.0000104399
131557232.3711062074 0.0000104562
131557338.5826531500 0.0000104540
139944928.6960650086 0.0000104574
139944440.2101557255 0.0000104411
139944927.5003710687 0.0000104545
131558255.1963941008 0.0000104537
139944520.8895604610 0.0000104590
131560137.0027962625 0.0000104468
131557430.0472278148 0.0000104587
139943729.0076185465 0.0000104526
139944616.6020497680 0.0000104564
131558632.0922049582 0.0000104562
139943925.2890521288 0.0000104534
139944926.2696501613 0.0000104565
131557987.7065678686 0.0000104548
139944822.0188613832 0.0000104555
131557891.4089217186 0.0000104457
131556991.7545734048 0.0000104545
131557887.2199414223 0.0000104556
139945152.5763165057 0.0000104540
131556974.8272659779 0.0000104491
131556940.1428523213 0.0000104482
139944495.0240886211 0.0000104404
131556996.4596217126 0.0000104456
131557150.6642584652 0.0000104551
131556924.9687227458 0.0000104463
131557209.2857266068 0.0000104505
139944525.7770010531 0.0000104476
131557247.9210971147 0.0000104580
131556873.9128725082 0.0000104466
131557105.3024927229 0.0000104519
139944594.2556046546 0.0000104463
131557376.8187635839 0.0000104458
131556843.4419050515 0.0000104444
131557767.3406247944 0.0000104478
131557062.9660791457 0.0000104424
131556992.7684046924 0.0000104385
131557434.6648851037 0.0000104432
131557348.8990871161 0.0000104454
131556865.1956186146 0.0000104454
131556796.1441774219 0.0000104406
131556979.8752087653 0.0000104384
131557275.5302112997 0.0000104400
131556916.5891513973 0.0000104402
131557042.7187817693 0.0000104494
131556797.3920107186 0.0000104398
131557505.5158265084 0.0000104413
139944455.9849676192 0.0000104393
131557716.1890011728 0.0000104391
139944381.2997183502 0.0000104404
131557746.9922495037 0.0000104405
131556913.7634696215 0.0000104383
131557718.6786092073 0.0000104445
131556944.5088063329 0.0000104412
131557819.8976693749 0.0000104427
131556811.7683364302 0.0000104381
139943919.2753400207 0.0000104452
131556879.0166963637 0.0000104396
131557419.0772485882 0.0000104297
139944650.3538111448 0.0000104439
131557463.1062465459 0.0000104309
131556835.4010514915 0.0000104404
131557300.2408156395 0.0000104454
139944364.4730821848 0.0000104407
131558267.4743369967 0.0000104374
131556803.9836825132 0.0000104387
131556646.9961990118 0.0000104301
139944219.1124913096 0.0000104311
139944251.1808396280 0.0000104265
131556714.3418242186 0.0000104290
131557887.3618807346 0.0000104302
131556709.0618683100 0.0000104316
131556771.7577121705 0.0000104325
139944243.4551045001 0.0000104336
131557889.8491699994 0.0000104169
131556708.8119110912 0.0000104303
139941167.3090960085 0.0000104320
139944456.2267321646 0.0000104319
131557432.4660133421 0.0000104249
131556662.4577026814 0.0000104310
131557827.1087055206 0.0000104303
131556786.9843873978 0.0000104302
139941167.3092921674 0.0000104320
131556646.3439041376 0.0000104305
131557641.8382071853 0.0000104345
131556735.3473277837 0.0000104305
131557773.8605696261 0.0000104374
131556686.3508192897 0.0000104303
131557573.8020288795 0.0000104308
131556952.4615661800 0.0000104315
139941211.4340794384 0.0000104324
131556660.1994752735 0.0000104300
131557862.5262906849 0.0000104332
131556741.0928776711 0.0000104308
139941211.4329962730 0.0000104324
131556624.4241905063 0.0000104325
139941189.7998846173 0.0000104345
131556644.7879538983 0.0000104300
131558037.8534450978 0.0000104358
131556594.2024022490 0.0000104290
131557564.9107012898 0.0000104265
139944510.6373044252 0.0000104300
131556843.7011858821 0.0000104239
131556705.9132437855 0.0000104265
139944418.5032638013 0.0000104296
131556644.3372173160 0.0000104246
131556633.6744048297 0.0000104286
131556591.5588122010 0.0000104244
139944488.7717269361 0.0000104239
131556666.6356355846 0.0000104217
131556583.9984302968 0.0000104241
131556628.5353383422 0.0000104267
131556583.8920473009 0.0000104239
131556748.8200251609 0.0000104278
131556637.4346433878 0.0000104220
131556623.2901754528 0.0000104232
131556634.0833075941 0.0000104240
131556672.7174977958 0.0000104291
131556594.0412194878 0.0000104239
139944426.1944684684 0.0000104217
131556610.0477709025 0.0000104237
139944570.3056025505 0.0000104271
131556909.8681697100 0.0000104231
139943708.5076216459 0.0000104224
139944394.5781706572 0.0000104223
131556758.6421913207 0.0000104269
131556647.3312588483 0.0000104232
131557105.6997020096 0.0000104231
139944461.2050836384 0.0000104238
131556813.1058149636 0.0000104233
131556644.1764390618 0.0000104230
131556727.4534897506 0.0000104235
139944587.1309033334 0.0000104246
131556893.2546421885 0.0000104265
131556593.4917219430 0.0000104257
139944324.7040406168 0.0000104255
139944504.8281009793 0.0000104239
139944346.7584670484 0.0000104200
139944377.6365848780 0.0000104244
131556840.2070775926 0.0000104262
131557001.2237495631 0.0000104226
131556693.2436702549 0.0000104251
139944520.3383285403 0.0000104240
131556746.1250329763 0.0000104236
131556588.6221811771 0.0000104234
139944328.9280529618 0.0000104242
139944493.8320930600 0.0000104238
139944384.7256927192 0.0000104233
131556605.2907801569 0.0000104236
139944482.7974382937 0.0000104239
139944535.3033520281 0.0000104229
131556610.2860051841 0.0000104261
131556576.4475052804 0.0000104238
131556593.1387342364 0.0000104245
131556588.4292085320 0.0000104243
131556938.9140709341 0.0000104242
131556596.3220950514 0.0000104242
131556742.0953480601 0.0000104225
139944464.9207079113 0.0000104233
131556632.2407106608 0.0000104257
139944485.8363714218 0.0000104233
131556787.5556835234 0.0000104244
131556559.8586526811 0.0000104241
131556533.7450008094 0.0000104212
139944450.3016242385 0.0000104210
139944475.7291448414 0.0000104203
139944447.7335999906 0.0000104216
139944336.3808795810 0.0000104203
131556547.3437683731 0.0000104211
139944297.6474052370 0.0000104197
131556597.0308881700 0.0000104212
131556750.7423320562 0.0000104208
139944456.9703180194 0.0000104213
131556838.7466810048 0.0000104224
131556518.6340017915 0.0000104210
139944392.9078221619 0.0000104211
131556529.8244424015 0.0000104208
131556659.2749224007 0.0000104209
131556520.8257503062 0.0000104208
139944401.8036164939 0.0000104216
131556568.2562775761 0.0000104209
139944385.6557665765 0.0000104203
131556589.8837356418 0.0000104209
131556586.4904138595 0.0000104232
139944417.5366770625 0.0000104210
131556624.7411349118 0.0000104215
131556530.0310553163 0.0000104210
131556581.0407008380 0.0000104214
131556532.1052332968 0.0000104211
131556631.4144881815 0.0000104215
131556548.3760205209 0.0000104210
131556628.6110514849 0.0000104215
131556503.0484812558 0.0000104209
131556609.9713647366 0.0000104214
131556620.3521819860 0.0000104218
103213627.0000000000 0.0000104218 0 0 0 0 0 0 0 0 0 0 0 0 1 0 0 