500931691.9590966105
470860669.6646501422
473460685.3696017861
514839574.6075530648
515929667.9045162201
492135652.7734364867
528609503.0491042733
475989223.0391169190
510175377.2243072987
488324712.5023987889
470161153.0857956409
454188119.6803698540
489046906.1829218268
455535280.5334596634
445327184.6543114185
460809561.0498425961
512808542.3761730790
396220821.4726145267
361932478.3095783591
365059823.6412621140
358130846.0705631375
350352581.1043153405
368148520.5171735883
339277552.3782962561
332159922.9731357694
324760598.1465735435
403697367.8571028113
350581276.2264118791
351128232.7768607140
301460726.5349771380
316598485.9767363071
248118444.4830803871
250580440.1394197643
266062807.6172870398
268277738.2461891174
252032715.0137135088
290588019.0786918998
248638223.5504739583
263934550.8215841353
255986556.3113660514
241087479.8608330786
234672775.5718142092
275899390.4161004424
238321559.6129075587
302149559.9408899546
234764867.5123935044
227804400.5997211635
228625566.4321478605
284255664.0203847289
231639041.5694523156
201838910.1809347868
192902519.0452451408
171895388.6026156247
170516286.3325811327
184933824.7163322270
170293912.9025363326
171512123.9713046551
173081074.4061574042
185138490.2666766644
169273100.4107412994
164501879.7877843678
164824215.5462544858
197896034.9086356163
172206142.6865933537
192151214.5148809850
174312639.7579992115
178382745.2889289856
171759936.6664504707
198762847.9622478187
167428276.7162971199
180032518.7883515060
173220356.5549196303
179878311.0824112594
164246259.2991753519
171630338.2905418873
169535409.5022110045
209019939.6281628907
168186854.7694679201
157372056.6231897175
156549071.8576141298
159180710.9129771888
165496236.6293587685
166862370.2246589959
159616491.1983799636
184995385.5757894516
157723841.3624591827
250407412.8762459457
149024501.3439735472
169405478.0991087258
175597896.7797497511
144634068.8447689116
151415405.9099872708
179931697.4172973931
148392940.2497766912
160285090.4980175793
137223285.1552578509
164730152.0686329901
135579190.5151838362
151729033.2252692282
136983919.4119580090
148905737.3767747581
141346289.3772238195
156097589.3263831437
136523577.7599560618
137727900.5895060003
144223044.4514931738
175643775.0164041519
144943499.6413055956
165300916.5178282559
139316269.1721218526
158859574.9336307049
190712287.0774422586
139986827.0477983654
135688315.8389408886
146905900.3444696963
136440837.4976525307
139653349.5261376202
139837669.7983264625
151841089.0297336280
136255776.2927832305
156420457.9083684385
136656473.6874783933
141358220.9763151109
139246411.5725875795
148406083.4216535985
137185247.1623769999
142711208.2506676018
139857994.6253781617
140219075.4223549664
135050352.4262613356
150822003.4059773684
138276053.7997505367
130430105.8498869985
132253463.3964678794
153771744.6159013808
133687841.5538987517
149302441.9490498006
131662005.1373545676
130963196.1630668193
132672240.4199141860
135889807.5036873519
133859035.6059080362
139976392.5571747720
131690202.0088449866
150402059.2020283043
129825248.9819082171
138180211.4902100861
132872506.3221177608
137889017.8387198448
135193841.6232325137
130469675.8955061585
130676469.2340859175
138229901.2124236226
129756735.5597345233
148975486.0390740335
133273956.8881823570
147649069.1930476129
131484725.0030766129
148948799.2676809728
134055369.2150477916
156554163.7402686775
130220217.3960893601
137392935.2829660773
130055595.2625805140
137666099.7722186148
132512087.6468787193
139111540.4486598372
131662193.8787918240
138191386.7236183584
130517677.1468822807
135069563.2448972762
132133881.7926039845
133071984.5512955636
134255833.0773491859
153884651.2286329567
134906572.3970442116
150650472.5201327503
129986688.6791337281
134411044.8449657261
132794961.6215233207
139941759.0510623753
134595046.1730151176
152980721.8556870818
137425936.9966374636
133797232.2766063064
132164247.2780042440
134646160.8799013793
130436611.3725232333
132339171.6821237952
131657610.4597947001
137390966.8857266307
132534755.4446608871
154000227.5471543372
133733669.6709930152
136785019.8007565737
134402888.2150411010
129000042.3871554136
128548948.6670057923
131847945.1005988717
131358497.2958185077
126656147.6812329143
128452110.0106576830
128817549.7861120850
130403636.0210930705
131595627.4250531197
127262044.2151035517
128252177.6859529763
130518115.2623267323
123313446.1936691403
125434086.2873603255
130139748.6533220857
126015737.0143267065
124668854.7880531102
126616348.8065719157
132196050.4082426280
125315581.2273729295
125332917.5842988491
123099829.5849957615
127147696.8237649351
125425218.6499241441
125010651.0513117164
126575037.2978361398
124763342.6242577881
122598036.5838634521
120859096.9530998468
120748380.9428317994
124881215.5622645020
121360941.0487252921
126734529.9709417373
121247291.2574071884
129880845.0766313225
121106721.6012016088
127260250.8481063843
120499731.1776582748
154406907.5420044959
122145491.4601526856
127876116.3989256769
122799883.4259422868
123988792.3504843265
121314989.5844312459
122361096.5440936238
124404301.8621790409
120490733.6978101134
122977814.0301282406
120302486.2151932567
121382625.8352606893
121037058.5812390447
125286468.5515064597
120011888.3842971176
123540372.8231214285
120428524.7012062073
123529631.5495012254
121215063.2862767577
121072204.9693920761
120518762.4575073570
123337207.0923923403
121971196.1462220103
122420927.5781349987
120182379.8333019018
123225571.3023264408
120363872.9242580384
152810113.7033105791
121023796.1596038342
125732620.2297238559
120539415.5345837921
124742710.3618450910
121464124.9950165600
119845718.4136602432
120184492.5132827014
123260823.1987170726
120745584.4283969402
118944519.6993399113
120484740.2412608862
122113574.9606631994
119129600.3655472994
119894123.5317309648
119079364.4522221535
120115633.5155566484
119959972.5142962933
119191249.8421292752
120389705.0267757028
123107017.3245777488
118960635.5355563313
122121784.6808542758
119967290.5589395911
119129550.0967029780
118884076.8577490002
121838371.4114313126
120683994.4544555992
121740267.9848365039
118884825.4655144960
121309649.9072205573
118600065.9464825839
121789987.5057725161
119008147.1077118665
119970736.4226699620
119599566.8943957835
122111900.3578926921
120480691.2219871730
119712855.1016036421
119853781.1813576221
122867852.9103176743
120198632.4924574345
119178172.7737388611
118915342.2347629219
119018894.3026186079
118464745.2313595265
122957403.2908164263
118381834.9113889337
118315414.5044322014
118087942.0361818224
121886244.1718850583
118340191.6277571470
121457638.4125615358
117979104.2215356231
118552542.7398404479
120500682.6687225252
120814356.4325219244
120405887.8713625222
120339148.7719359249
118525445.8344780654
121900112.0324304551
118380164.4237267822
121152351.4458301067
120286556.0482986420
121002554.1701370627
118430494.4569117278
122573611.5435066968
117897642.1355263442
119091309.2793428749
119711116.9316471219
119013043.5372194797
118095305.3699450642
117950919.8090586662
117871337.4329291731
120882916.8032805771
118356283.2707832605
118183731.4973353744
118742740.0367213935
117772721.2601696253
118592484.3282429576
118075614.3323214650
120796715.7235008627
118177149.2672018409
118940701.5549067110
118218877.3157734126
121370346.7983833551
118100982.3014836758
120047992.3859985620
118003297.6824973226
119268774.2362214178
118023449.0264888853
119335319.1357019395
120362589.2983134985
117545907.3265120834
117569430.9394947737
117930470.2269135565
117483666.7222795337
118047370.3046000600
117838026.1909492463
120189473.3596682698
117719120.8831336498
119398916.3273099065
117481196.0002083927
119193387.4636434764
117491109.6794098020
117750842.0824439377
117318866.0059215277
118357560.3442685157
117626301.7460712194
119647020.1244165301
117009157.6894238442
119064401.1311692148
117281015.0295993090
117625423.0444835871
117017607.3998516798
118045542.6307359189
117439632.9554164857
117422106.6061670780
116935169.8906536251
118280255.2260615677
117351485.8762967736
118916965.4128787518
117378916.5266751796
116978462.1697629243
116819102.1367804259
118763605.6062813252
117018384.2725031227
119529278.2111421227
117214692.0609765202
116883955.0610093921
117172368.5074192882
117027073.8192139268
117273599.0360406190
117552833.8252033144
117411617.6146156192
117603052.9727078676
117494047.9650120884
117031954.9589693546
118895931.3359971046
117254774.8588316590
117150023.4268288463
116822196.3313941360
117574748.7513400465
117560150.2846158296
119075204.1485606432
116898072.9724724144
117218577.5064699501
116779695.0755797178
116786367.5531215072
117353772.8969610780
118581747.2835272551
117081873.7292513251
119408968.9110115916
117262181.9815523475
118363649.2764478177
117570927.1206275672
117039042.6822352856
116851737.7083017677
117489870.6611217856
116920459.7502379417
118717021.0999222994
117745709.3931823373
116694833.0851361603
116979572.3681787699
116734839.2225268632
116943757.5267157704
117526026.8796303719
116910852.5495570898
116741694.3144330382
116815225.1038894057
116791199.2208799869
116883898.3336987495
117575426.9929562807
117442316.1361375004
116804318.3410969824
117564397.2257115990
116890015.8237866908
116702925.7729304284
117369552.6831824929
116693319.7223266512
117558330.7985466272
117579315.9860526919
116797367.7944562286
116794519.3389793187
117426911.6471995711
116711172.8990108520
117207692.4349723458
116703389.3887677193
116660577.1421239525
116701023.7783085108
117363546.1975508481
116620876.4311204553
116746411.5052024871
116666092.8608203381
116961773.0268305093
116621054.4423452169
117488513.6487988681
116614207.3948580623
116939158.2704087347
117506137.7265873551
117521565.0477994084
117512284.3850435764
117542406.9323542565
116619949.4192298055
116823348.4511695951
116781251.9806703180
116618838.5262800902
117520864.1533391327
116615342.3004996032
116665039.1262174994
117142656.1149431318
116610966.5006813556
117407539.8355028182
116618138.5479075462
116978873.0687526464
116674936.8313639313
116818663.0383124948
116658053.6558151990
116715500.2970506400
116688032.4578051418
116879282.3461364359
116705620.0280192941
116642438.7722940594
116659464.1135675460
117434447.6356405467
116620099.1400021464
117501303.9319983870
117485979.6796818823
116711818.6982491463
117503265.5545731634
117458702.1932711005
117449176.2580547482
117527335.4055423290
116678609.2810884714
116605431.1729669720
116670611.3707973808
117505338.3338064700
117486586.2215434313
116612075.8890119642
116624225.4776121974
116595074.0177546293
117422427.9789468199
116602453.0670953840
116752485.2652880102
117476653.2137460560
116820808.4146158695
117517736.6906561702
116654542.5012509823
116597028.3371689171
117514478.5818476230
117491138.7139337659
117435719.9682727605
116640908.7975556850
116630130.4478034377
116593411.7314811200
116618228.0716259927
117516710.3138894886
116769910.3011637479
117504403.2783419639
116660060.2770933956
116612974.2361833453
117458616.9871637821
117503327.9343176484
116632663.0182502121
116598487.5625033975
116681390.2111316174
116606469.9864978939
116707902.3436823934
117483127.1327858716
117519957.8712224811
116599816.7918840200
117483356.6015737206
116625881.4347631484
117475415.4938152432
117485644.7177483588
116667614.5800246000
116609077.1761929244
117373694.0064718127
116638030.2490391880
117500985.6233972907
116611076.0960355997
116598174.8690405339
116621791.2690167427
116595109.2449147254
117509915.8160435706
116598006.8592474610
116637956.4578697234
117504127.4799080491
116683267.8997395635
116591973.5385484546
116630372.3263797611
117495743.9250436872
117519211.9079804868
116598746.7816526294
116708358.9213781953
116591353.6683770418
117467313.3346475512
117509187.9547245055
116653212.7576379776
117511361.9374297112
117512887.9037863165
116584312.5871810764
116595873.0306025147
116590100.5369332582
116586139.3019567132
116625689.0355363488
117491101.9792472869
116582073.4892183393
116585362.5822030455
117476621.1181536466
116586332.8566724509
116592789.9736911803
116584293.0558021665
117463120.6598793119
116578643.6647763848
116604145.8982770294
117487465.6009500176
116583826.0083095580
116592865.5859726220
117470286.9706706256
116584679.8955233097
116609284.8659007549
116583043.8405273408
116594702.3558198214
116579520.5544602722
116584158.8770386130
117486956.1193308681
116623192.3965019435
117489041.0513876081
116623525.9269182235
116582624.0942666680
116603189.4671790153
116584096.1898438781
116595066.4652862698
116579460.9130767584
116607485.0836767554
116588161.1581413001
117485317.9244441539
116577910.3158677965
116581120.9664600343
116585730.5617076308
117489793.4582538456
116588874.8599960953
116578511.9917316288
116587731.9607710093
117490459.8145989925
116584718.6877555102
116579294.4593269974
116576908.2059281021
117487730.9309761971
116578127.6711845547
116579331.1937572956
116604817.0794162601
116581334.2595032454
116572115.0029617548
117485312.7501986474
116587593.0291048437
117488580.9277833104
117490785.4936665893
117487848.2377710938
116589615.4745894074
117484713.9494813532
116579990.5901535153
116572471.1296032220
117484735.3089852184
116572352.8907354027
116592990.2999667972
116578580.3418136686
116584418.2745489329
116574226.9951123744
116576939.7185446024
116571273.2245462388
117483116.6842987984
116577330.4870157242
116590114.7715806514
117477107.2138659209
116597292.6201648861
117481335.7049262524
116571088.7497256845
117487565.2124558538
116571219.2529518604
116573068.2411367893
117485752.2188912481
116578632.1095376015
116571210.0519447327
116576854.5731620938
116571839.5762475729
117483088.4134004563
116571104.5740771443
116570944.9140727967
116571769.0262347460
116576567.4311507195
116570211.9671881795
116572210.6725671291
116571086.1167550534
116571177.6898001879
116570414.7158869654
116570333.1361019611
116570129.4966037720
116581354.7785774469
116569824.3846115321
116583155.0824452639
116570769.2144338936
117484483.7345807701
117483520.8105191588
116572420.3573899269
116569041.9367117286
116576451.4562069774
116569575.1822229624
116574884.5742496699
116569044.0003896803
116573049.1217672974
116569028.7857503295
117482392.8263039440
116568575.6926569790
116581231.0682712942
117482603.7617632747
116571380.3633770496
116568977.7200763822
117483765.1579302996
116568699.3775273561
116567966.0866619200
117483066.6508866102
116573589.1056746393
117482019.7965947241
116574793.7557237297
117453826.6678004712
116572400.6757289022
116568307.9960566163
116570482.3328688592
116568288.6451390833
116571825.6101598740
116568023.0045414120
116573093.2000177354
116568194.5746267587
116571106.9403383136
116568077.3032319099
116569187.5055192113
116568020.8035598397
116573690.4685664922
117483979.0921000838
116569734.2348024845
116567896.1957060546
116568464.2353991419
116568132.5315207690
116568163.2865249068
117483072.0674301237
116568079.3337960839
116568115.0039347857
116568030.8915102631
116567867.7933895141
117483472.9689188153
117483736.9244810343
116568292.1924866438
117483700.3963776976
116568162.5754667073
116568192.4950337857
116568181.5378061384
116568065.0116143376
116569225.3029863387
116568297.9889547378
116569460.4919189960
116573181.0519289970
117479332.5197913051
117483132.8171297163
116570769.3454368562
117483137.0001636297
116569997.3639821857
117483093.3712233901
116570517.9246899486
116568432.1787906736
116569115.0942988396
116567944.7141723186
117482188.0829482824
116568404.5864884853
116568887.3181458265
117482918.9859880954
116569233.8825479299
117483559.9268991500
116570789.6994739324
116567860.7390850037
116570151.7969774157
116568331.1693835109
116568731.0145786405
116568728.6304403692
116570925.6225697249
116568157.7281577736
116570943.2348051220
116567934.5130325556
116570689.2859677523
117483146.3990045190
116570247.9350168109
116568274.4410558492
116570149.9420144558
116568397.6933295876
117482861.9315984994
116568150.3257485181
116567795.9730858058
117479870.0051856786
117483443.1525390744
116568359.5210691541
116567902.4932612181
116567981.3352985978
116567742.9203285575
116567906.0142386705
117483483.3167475462
116567845.6731481999
116568052.9981706291
116567904.0567573905
116567858.9638923407
116567795.1064186841
117483338.9694392532
116567757.6705840081
116567743.1735264510
116568588.2925565094
116567760.6280204803
116568657.4337251931
116567904.9491365403
116570527.8238717765
117483427.4759957939
116568340.4920652062
116567857.1668995470
116568492.7938701510
116567787.8689659685
117479810.5369718075
117483429.3802246004
116567867.0657050610
117481681.4420957714
117483487.4044519514
116568262.1673447639
116567751.4808455855
116569134.2801235467
116567777.5366623551
116568152.2882930189
116567757.8379557133
116567851.9299019426
117483495.4871266037
116567813.6088088155
116567777.6973805428
116567731.8881036639
116567693.6172439456
117481585.3457224816
116567687.2161414176
116569063.5345404148
117483386.8832928389
116567926.9792864323
116567633.8741917461
116567828.1237658262
117483350.3431752920
116567725.6898978502
117483313.5000948310
116567664.9990259558
117483364.7559664100
116567658.2371098399
116567710.5371739119
116567860.5831961185
117483307.7510520816
116567767.5662438124
116567666.7532672137
116567818.9881955832
116567714.7696116716
116567841.5663140267
116567693.4532199353
116567790.7313013822
116567625.7264599800
116568534.4749232680
116567636.5680292845
116568339.9783287644
116567688.6474495679
116567974.1108324379
116567632.1990920752
117481494.8917013556
116567637.2360849828
117481494.8917512894
117483300.4728034288
116567760.2005939484
116567668.5684109479
117481494.8918188363
117483288.6130949855
116567873.2351057380
117482430.3550145775
116567661.4476620108
116568275.5920554250
117483377.6247691363
116567790.4924367666
116567635.9658252448
116567714.1573546976
116567635.1202303618
116567653.0235637575
116567644.1462993771
116567642.2442811280
117483334.7690903544
116567701.2489400059
117483363.4441333413
116567649.4591999501
116567628.9521834999
116567715.8407275677
116567623.6279603988
116567752.7084528953
116567651.3813656121
116567743.9487504959
116567637.0074739456
116567852.6219187230
116567650.4188040495
117482427.2457522601
116567637.0838390142
116567969.0825808644
116567650.1341352612
117482427.2457545549
116567612.9329296350
116568072.2518569678
116567587.0595375448
116567755.0680068582
117483281.5758278966
116567762.0079297274
117483253.3907304406
116567827.2077826411
116568248.4133655578
117482842.9927616566
116567587.6413888931
116567810.7736030370
116567601.5908503681
116567664.2311495990
116567603.7346485108
116567623.6315768510
116567582.5135364980
116567621.0079650879
117483268.5608526468
116567654.2193713933
116567574.4129172713
116567601.3486194611
116567572.4597353935
116567616.1685337573
116567577.8640927225
116567578.0910934210
116567585.3463756889
116567707.4339741915
116567558.4906420112
116567897.1948977709
117483260.5295764953
116567668.3099098206
116567555.5883620232
116567643.7710293680
116567570.2022959590
116567670.3704513907
116567568.8802103996
116567791.7137753963
117483267.9793865830
116567646.4307497889
116567543.2190611959
117482794.2680369765
116567551.6946906894
116567630.6183482409
116567551.6660626680
117482794.2680000663
116567560.2684877068
117482794.2680073828
117483028.1346726269
116567538.3991387039
116567698.8830047995
117483250.7531893849
116567579.1096271127
116567544.4858340472
116567550.9641887099
116567541.9278519303
116567545.2672390491
116567535.6061689407
116567547.7742655426
116567540.0203481317
117483275.3998593539
117483248.7617970854
116567563.4929177612
116567534.0611908883
116567549.4466965050
116567534.1163235158
116567550.3018450737
117483247.0480992794
116567555.6885014027
116567548.0437505990
116567550.2991073281
116567541.3623834252
116567556.7079336494
116567545.2282398492
116567535.6933376640
117483235.2429439873
116567547.7962926626
116567539.8236647844
116567636.9695203751
117483205.4510430247
116567531.2154335976
116567577.7964197993
117483247.3796458095
116567538.8109430820
116567534.6496423930
117483132.4059510827
117483246.0870327502
116567556.7839707285
116567528.7972899228
116567539.4284229726
116567530.3293716162
116567533.9024602026
117483241.0321593732
116567531.6584322602
116567528.8198660612
116567530.4403578788
116567529.6885352731
116567563.7492703199
116567535.2672145516
116567619.5062299967
117483241.0939015001
116567535.6268689483
116567532.3109983951
117483129.2400423884
117483187.7067920119
117483242.7657689899
116567542.8921891302
116567528.8127778769
116567534.0716554523
116567529.8841029555
116567531.7053245902
116567529.4833090156
116567530.7117284536
117483244.7072719932
116567530.7014167160
117483244.8091932684
116567530.4502935559
116567529.0970224738
116567530.2191358656
116567530.0593140274
116567538.9821317643
116567529.1970090121
116567544.5625078678
116567530.3207522482
116567573.9416909367
117483246.2816890627
116567539.1608396322
116567530.2462558895
116567543.1005577296
116567530.8187708706
117483187.7067955136
116567528.1902126670
117483187.4054625630
116567548.9378488660
116567533.3887357116
117483244.3497169018
116567529.7045569271
116567528.5210399479
117483247.0905065387
117483244.5942959189
116567529.4497955292
116567529.1700910181
116567530.6860178858
117483245.4139897674
116567531.4410051852
117483243.7619427443
116567531.3684953004
117483244.8861734867
116567531.5497698933
104509551.0000000000 0.0030343557 1 0 0 0 0 0 0 0 0 0 0 0 0 0 0 