585661810.6197932959 0.0000094942
655747685.7915267944 0.0000000744
586023718.1732958555 0.0000319876
620050681.6632447243 0.0000000006
583128666.0650106668 0.0000018797
606754896.0715895891 0.0000003109
575288241.5862413645 0.0000138357
695967716.5062683821 0.0000011180
582334007.7683725357 0.0000036811
568861532.4505608082 0.0000038187
629505131.8181290627 0.0000046455
580936727.6493322849 0.0000206126
579567481.9097114801 0.0000103890
562771569.6255735159 0.0000109795
685213415.1018948555 0.0000017104
549224658.7687305212 0.0000035244
530104087.3053219318 0.0000072938
510573437.0662153363 0.0000082023
508028606.4981852174 0.0000018594
512870058.5064440966 0.0000028644
483670047.8171858191 0.0000000578
476957688.5504021645 0.0000001576
479640796.5020638108 0.0000000029
455529497.0421068072 0.0000002063
456119213.0664354563 0.0000000079
451234809.6535612941 0.0000007820
459880089.2823051214 0.0000005901
509077232.7774489522 0.0000002879
533547909.1055274606 0.0000000113
438105480.8347615004 0.0000010559
439444789.0001430511 0.0000008546
440902391.0643300414 0.0000004077
427920475.4907753468 0.0000012070
419831631.1535928845 0.0000008094
458434574.6091760397 0.0000001057
419456966.6441869140 0.0000011490
419974197.0599008799 0.0000002958
404564939.3185363412 0.0000016718
367718374.8980190158 0.0000043945
355505284.7573299408 0.0000027788
353230089.5711618066 0.0000504106
303023967.8694106340 0.0000427870
341104274.4294362664 0.0001190350
303418980.0067276359 0.0000351253
327966156.5481589437 0.0001604882
302588828.6754115820 0.0002248193
289047243.1436020732 0.0004906989
284882231.4434819221 0.0002812370
329405376.1325585842 0.0002228123
288667145.6527417302 0.0001790877
324871791.3267117739 0.0000271191
282419529.6595820785 0.0003329110
296780493.9891646504 0.0003437937
279363094.4968638420 0.0003120212
335073006.6480442882 0.0001510400
275607516.6888686419 0.0003588608
346302491.8675171137 0.0001118757
283042204.7621358037 0.0003812141
287882863.1821107864 0.0001103950
281102757.4630666375 0.0002192056
283969126.6248547435 0.0000335922
280863037.4342132211 0.0003663416
279485653.2787725329 0.0000483398
286751078.7327038050 0.0003415933
321691139.4764328599 0.0000000220
261297636.1758022606 0.0006598603
279794895.9142202139 0.0003747315
239752925.8454111218 0.0005456743
236650490.5340362489 0.0010937603
247844165.2086795866 0.0006272012
270816925.8606395125 0.0016249413
259833064.9752551615 0.0000542411
253736692.0269335806 0.0010179032
235836830.1224254370 0.0010919713
231495208.6998726130 0.0013563251
234068669.8485251367 0.0013875122
227374715.0251943469 0.0002823923
219369667.3627351224 0.0007533949
225566076.9240331948 0.0003115292
216815834.6790753901 0.0006742569
222148624.6922303140 0.0025222095
220000754.6032530069 0.0004198055
211931706.9600153267 0.0063110785
219334804.2173725963 0.0063095019
204965440.4785009325 0.0113278824
212653336.2472995520 0.0098374245
159353379.1375041008 0.0478688833
146594899.6340249181 0.0740649165
136334774.7625499964 0.0843841752
129014951.3909047693 0.1088868489
125843667.6904007345 0.0994194301
167322222.1361171603 0.0604711207
143743915.4996484816 0.0825451580
120800516.5400868803 0.1261163736
121179652.4874155968 0.1265139592
120023423.3894877136 0.1453228536
117518259.9501737952 0.1447897638
112613026.5613243580 0.1753894176
117592502.7183907330 0.1564492453
123077533.3511412591 0.1323055766
118634133.7806403190 0.1206858194
126662922.9402456135 0.1327664834
113151245.2084044069 0.1671484598
143692380.1091614068 0.1052343826
115610421.1017727405 0.1560827498
124079738.5588003546 0.1608551165
115044611.5375021547 0.1538330522
153496061.3324512839 0.0807777401
118496605.2023240030 0.1662301522
150694471.9837556183 0.0731087065
126438804.7862640917 0.1237215305
159356657.9883452356 0.0447020491
116410825.2188834399 0.1578220080
254664834.3356139958 0.0704596523
122503891.4980406910 0.1592812566
124897870.9854358286 0.1294700627
128749930.6042974144 0.1375065477
125333719.2721520811 0.1373243007
146763490.0455448925 0.1312709748
263504831.3614280522 0.0684752390
119274986.4625660032 0.1656695423
148077348.8425548375 0.1005318878
116755386.8676071465 0.1579330166
130948252.6356808543 0.1046393827
116631974.4004080147 0.1738670783
153476225.6086726189 0.0868112319
113825414.3374122530 0.1776858639
117181283.4050467610 0.1339393903
115520666.4270627052 0.1598955955
148267915.4231248796 0.2493787431
119994157.4699898809 0.1626214560
118889741.3457318991 0.1874209393
119062161.5476406217 0.1597128858
129749989.0628360063 0.2091410141
114116980.4666976482 0.1685482369
148519446.4491403401 0.0731565522
121068138.3037389964 0.1916820731
309763497.1862791777 0.0576961870
115820956.1826565564 0.1814939886
130386067.0292935520 0.1143157733
114244934.9622150511 0.1784834959
112831509.2932353318 0.1758022971
118454560.2135733068 0.1505518742
122380857.5923993438 0.1239008940
118121061.8821876794 0.1574904101
165761832.9322485626 0.0718950013
133108603.5371583253 0.1379159825
140101386.3687872589 0.0871968484
117446271.4085129797 0.1470890606
180217468.4417234957 0.0745111880
114453661.0334419310 0.1702826875
171369318.8778763115 0.0716795910
117719536.6735387295 0.1477396386
114270760.6228039265 0.1785326460
119936034.3286011219 0.1395377300
117688470.0780482143 0.1544769283
117537183.6611511111 0.1515093955
120465355.3060940206 0.1904984211
117863905.1020622849 0.1648247755
118444967.9663320333 0.1865564993
118320900.4601653516 0.1863156884
118179545.7328329235 0.1860415225
146291402.2485147417 0.1337647247
117621793.8624261022 0.1849614967
119161264.8755588979 0.1417128918
113977561.5336004198 0.1779749586
122287311.1288448274 0.1187339016
113417998.1928726435 0.1769127250
119255312.1052820086 0.1506246829
116769981.9434629232 0.1594849090
163752790.0515306890 0.1088012012
116750332.9615742266 0.1832797851
116340650.0988887697 0.1824916043
118984304.0070891678 0.1629423270
130656698.3671105653 0.1204482137
118942150.1942882538 0.1631862127
115914814.9105795473 0.1508663990
112464299.9089662433 0.1743939213
113314996.2139574140 0.1767174846
115840185.6103280187 0.1815308669
118608466.1800435781 0.1737211488
115747135.6481516659 0.1813524809
117898893.5611485988 0.1720625188
131212061.7222806960 0.2121610793
118070013.9708197117 0.1721340266
122856597.4343834519 0.1952150655
118472013.9032199681 0.1728914464
116901562.3438079357 0.1571147890
116043740.9748422801 0.1693407958
116616984.1282728910 0.1830230575
114210926.0595607609 0.1784187718
116642441.1314627081 0.1535522932
117773820.6739138216 0.1724506680
121278397.2108486295 0.1634996954
118359320.5846353024 0.1728462151
121344153.2975705415 0.1577120250
112590236.1247663945 0.1745578298
119547936.4089894295 0.1743013682
118924409.0485057831 0.1718154704
121813035.8837236315 0.1931497427
114798523.9846730679 0.1795384174
115679986.8848569691 0.1812238011
112559939.9078820944 0.1752891536
119328370.4170288593 0.1519829720
118234897.4119488597 0.1727801163
117207659.0484147072 0.1733937944
115817275.9516277909 0.1693201927
118363293.8869718313 0.1605338677
113886357.7438124418 0.1778016292
119729377.4448441416 0.1492921951
118728974.5089004189 0.1724386418
119368653.3143144697 0.1597114377
118283433.9917790294 0.1710422084
117608507.5953267515 0.1429990388
113802403.6482925713 0.1776421498
117852970.4763384461 0.1623231124
116882683.6141133606 0.1710245348
121882286.7997794300 0.1680280598
114290483.4676074088 0.1673388769
116386935.9267513752 0.1454816351
113932006.2056106031 0.1778883719
116639614.2161403745 0.1694702231
118725925.7373199463 0.1732810469
114974264.8290590197 0.1656971528
113674032.0534576625 0.1773984132
119972516.2563281208 0.1561090413
112824918.6007644683 0.1748875476
122560310.2877422571 0.1431459296
117216209.0159742385 0.1719106842
115713026.8146081269 0.1522573356
119057573.8739231974 0.1729610752
130480156.9879041612 0.2106462228
112696148.8371144235 0.1755464522
120300503.6842189282 0.1686842336
112475227.5164371729 0.1751292123
131004803.9359833449 0.2117314871
122113084.5029952228 0.1937424476
118966189.1255147606 0.1738093348
123114451.6376723051 0.1638641250
118980684.1485356092 0.1737273543
112498577.1485812813 0.1745630092
118766379.6690558046 0.1734227336
114162469.4563479424 0.1665800615
112444966.4771757573 0.1744692118
113549527.2343525141 0.1771621531
112440347.6847267747 0.1750633778
114174436.3377412260 0.1783493445
113521442.6759986877 0.1771088827
120056381.5149432272 0.1896973166
117977484.7113540769 0.1716620098
118063129.0218528509 0.1713825862
113330630.8233518153 0.1767471178
112844629.8032145351 0.1758271170
114756411.8019601405 0.1794580724
112874552.4350781143 0.1758837010
116076945.1532562822 0.1692473313
112673460.4601445943 0.1755035840
119498539.1048807800 0.1735525397
112482536.7553430945 0.1742791429
112594655.2523177117 0.1753547172
113660184.9928564578 0.1773721332
118139268.8308178186 0.1722034722
112790237.8235850334 0.1747732647
117966113.1573725939 0.1715678755
113734603.8301830292 0.1775134027
117917525.3433066308 0.1717383957
119387961.1000566632 0.1740973777
112606283.2605778575 0.1746178239
112936474.9359555244 0.1760008208
113471080.0685594976 0.1770133665
112759288.2419421971 0.1746980024
118125976.5341169536 0.1859376494
112716888.2287150621 0.1745984745
118542784.8314680755 0.1724557724
118780200.1737502813 0.1732726982
119308090.3845880032 0.1742011433
112602483.2906160057 0.1744728128
112608702.0914602429 0.1753812473
112728863.7519722730 0.1756082763
116151745.7396452725 0.1821286980
112657624.9019439071 0.1754736657
112540845.6691897362 0.1752530993
119211513.1512896717 0.1739518253
112651886.5568892062 0.1754628249
112847781.3071947098 0.1748776747
118547527.2894717157 0.1729488962
112900782.5432182401 0.1749874649
115951903.4186201245 0.1694490191
112723140.3603954762 0.1746755090
115185352.7342623323 0.1802771897
119123006.4178388566 0.1738493849
112437032.3143492490 0.1741909410
119463708.6536886841 0.1738697233
113167006.3697768003 0.1764371435
112482384.2407142222 0.1741346945
113754908.7039041519 0.1775519576
112621441.3989399672 0.1744863966
113486286.7324377894 0.1770422061
112627897.7282098383 0.1745278583
115503357.2933166176 0.1674420419
112864136.4140754938 0.1758640036
117733161.4619211704 0.1712373154
119518063.7425986528 0.1738696814
116324580.3788053691 0.1824607221
118964586.2740550637 0.1729968508
113904130.1979524493 0.1778354001
112548690.3084110469 0.1743362477
115940844.7183640748 0.1690556519
112644094.2723837346 0.1745314053
114928250.1288516372 0.1661154607
112749737.3052780479 0.1746973727
113524341.2167833149 0.1771143821
119060621.3518600762 0.1731854720
115065546.7208161652 0.1800482382
112946611.7781545520 0.1749806774
118142352.7361180484 0.1719166963
112436592.0880625844 0.1741135630
118278649.6683663130 0.1718693010
118910166.3883266896 0.1731064073
113730856.9622057378 0.1775062887
118458593.0507274717 0.1725130836
117355902.4843053222 0.1705787917
112916385.6051819026 0.1759628215
114187437.2169373482 0.1660295276
112459453.9688541144 0.1750994403
114492816.0096389055 0.1789555276
119161101.4207818359 0.1734277971
113490916.3152858615 0.1770509852
119495028.8226718605 0.1739157781
119501131.4305614829 0.1740454625
112852582.0161989331 0.1748575998
118303183.9092418104 0.1720364820
112776277.0805992931 0.1747453089
117487033.7098491639 0.1711589150
119425262.7350214273 0.1738435946
112452353.1938150376 0.1743138550
112618599.0945991874 0.1745462251
115190212.3908571452 0.1802864801
118533717.0504422039 0.1725944687
112799157.1303528696 0.1757411448
119307398.6063577831 0.1736784470
114020028.2978416234 0.1780556839
112747753.3084160388 0.1747143836
112579649.2304189205 0.1753263748
112560922.1910573244 0.1744018957
119432256.0421827137 0.1737814381
119009014.5161964446 0.1731566027
112650031.7752479166 0.1745448752
119776960.6345382333 0.1736771686
119426858.6851320863 0.1739242168
118886350.4765911400 0.1731294586
119287033.3876217157 0.1737315951
118412939.7570816875 0.1723147165
119208459.6436636597 0.1735794940
118678268.1252228916 0.1724438826
119220843.4836041331 0.1735686135
114907673.3117057532 0.1797467391
119419871.5312840044 0.1738880984
112811916.6491722614 0.1747972988
119331479.4114793092 0.1738654629
113094772.8631934673 0.1763003792
119260802.7571255267 0.1736260536
112555391.4934720248 0.1752805660
112654044.1003412455 0.1745555896
113426157.3493938595 0.1769281873
112450525.5882062465 0.1741542966
112531285.7138972580 0.1752350490
112443948.8892954141 0.1742254373
119019236.2777620852 0.1734822052
119465371.9272693396 0.1739921750
118782888.1634012461 0.1728869119
119535822.5226284415 0.1740895324
112518061.4254099131 0.1752100801
112638536.5188100636 0.1745419142
112939029.8231954873 0.1760056547
119424835.4254288822 0.1739360915
118974669.1990033090 0.1731076207
119356045.9882955253 0.1737393491
112600039.2815931588 0.1746025255
112596995.9325860590 0.1744747167
118890491.3567972332 0.1731531766
112901291.6236927658 0.1749360948
112635091.4829353988 0.1745227827
112519276.6319069564 0.1743268195
113019113.6883815080 0.1761571772
112473534.6313643903 0.1751260194
112960370.6517600864 0.1760460291
119523778.9651701450 0.1739943106
118583816.5523213744 0.1726450456
112568354.1926425844 0.1744370380
118596928.9236752391 0.1724321476
119387597.2529247701 0.1738371744
118882675.7830959857 0.1731330328
112726824.5710101575 0.1746748957
118665567.5566646010 0.1727575768
119060578.2394322157 0.1732192210
113093489.8742351979 0.1762979501
119535712.6847232282 0.1740678718
117710533.3452230692 0.1707564086
112570418.8114937097 0.1744658552
119341785.1649639308 0.1737926226
112463685.4066307843 0.1741738938
119341504.5959002972 0.1738074328
112445935.1425348520 0.1742893979
112670072.1165402085 0.1745883998
118801817.8968554884 0.1729649127
112712076.0717343986 0.1755765509
112522662.3149919063 0.1743674949
119443801.0995315313 0.1738966458
119443319.6254587919 0.1739918496
119489207.9890728742 0.1740211373
112460712.2678749263 0.1751018157
112455105.2250324935 0.1742487981
112499404.6314571202 0.1743423127
119437440.6495430917 0.1739007555
112635006.6583313346 0.1745432862
119545521.8634541631 0.1740883968
112755657.0087156743 0.1756589152
119513931.8922207057 0.1740631314
112470256.0930195153 0.1742631395
119506797.4313946515 0.1740227715
119473050.3055601120 0.1739966558
112450735.0090971440 0.1741384139
112815756.5957295895 0.1748254055
119509480.8569672257 0.1740116726
112442121.3079806864 0.1741294618
112482448.6235893369 0.1742917477
112704950.4936998934 0.1746426067
112463606.0757115781 0.1742686575
112483301.6275095791 0.1741772892
112475007.6189413071 0.1741754111
112754849.7663806379 0.1747141966
119516346.8596615046 0.1740499345
112560196.3115649074 0.1744228953
112438197.6589940041 0.1741121054
119432996.1243947297 0.1739315657
112549302.6068473756 0.1743946183
112449301.5977693945 0.1741396245
112465173.3405970633 0.1741559179
112510964.4223680049 0.1743326194
119504068.6867910177 0.1740449546
119491996.9247883260 0.1739433169
119539473.6873947680 0.1740892547
112649591.6371106207 0.1745533125
119544902.1696331352 0.1740795788
119605736.3070744276 0.1740639469
112492346.9439446777 0.1741956712
112534257.0560451448 0.1743699584
112484086.0969514698 0.1741857769
112444659.7946099788 0.1741447421
119509169.0133040547 0.1740392965
112501424.8447853774 0.1743651945
119538028.1245453954 0.1740751056
119400359.0542686135 0.1737857062
119475126.7443945110 0.1739851023
112491044.8017373979 0.1742006757
119539861.3403546959 0.1740529804
112436220.9530149549 0.1742214790
112480604.0740091950 0.1741857656
112473014.9863166362 0.1741723457
112665663.4578574002 0.1745833410
112432602.6202158928 0.1742171220
112630037.6332114488 0.1745235468
112461919.2892750949 0.1741569508
112801786.9825773388 0.1747990027
112444880.3207075298 0.1742355375
112480126.2888714224 0.1742937538
112439295.1562771201 0.1742264230
119381860.0626099855 0.1738009069
112481248.6960765123 0.1741856904
112507434.3135856539 0.1743445063
112468044.4203035682 0.1742786702
112436742.1721468121 0.1742249417
112428840.3789722919 0.1742118624
112467394.5817605108 0.1741674308
112428307.7456420809 0.1742101421
112457287.4201850742 0.1741503251
112492945.8181525469 0.1743120797
112482160.9313601404 0.1741902359
112442060.7853136361 0.1742191023
112437497.9253530949 0.1741214410
112526632.8310082704 0.1743568420
112450570.7597556263 0.1742452624
112523675.8323233426 0.1743584327
112433141.1799823940 0.1742174999
119431578.8155550212 0.1739293147
112435835.1116298884 0.1742193356
112543870.7437519580 0.1743973999
112433338.1064897776 0.1742181902
112468489.9098651558 0.1741679475
112432312.0492475331 0.1742176008
112477480.3076386452 0.1742847022
112487588.6305694878 0.1741981928
112550618.7181882262 0.1744030195
112442212.9497676343 0.1742326820
112631245.7072906494 0.1745256126
112482753.4404727072 0.1741889290
112468559.6653828323 0.1741688015
112434617.0763771683 0.1742208484
112480730.8903117180 0.1741885462
112480694.6827795655 0.1741856067
112475015.9865663648 0.1742857533
112484812.8658797890 0.1741933789
119470043.0826749653 0.1740383062
112433268.3095880151 0.1742184667
112447030.6492527127 0.1742412997
112441480.2284505665 0.1742303740
112516028.8884595782 0.1743469842
112475041.6691930294 0.1741769015
119466105.5321062505 0.1740315063
112437099.6566500962 0.1742240469
112470280.2130867392 0.1741694585
112480409.1198511124 0.1741865964
112463274.1905501783 0.1741560776
112483689.0053747743 0.1741930284
112435284.8030285239 0.1741156437
112434486.3035392910 0.1742191686
119440533.4947683364 0.1739726703
112484036.2051692754 0.1741950681
112479782.0261306465 0.1742965517
112429568.9366779923 0.1742122706
119501654.3817401379 0.1740818574
112440547.3949035555 0.1742294942
112493281.8394501209 0.1743129913
112430455.6401996464 0.1742140454
112491612.2417405844 0.1743103133
112486651.7945604026 0.1741973026
119424354.0011011511 0.1739453696
112438541.9245504588 0.1742248030
119515252.0186470449 0.1741104721
112481965.5095876455 0.1741912431
112477490.6707119942 0.1742828808
112479890.6606852114 0.1741887916
119426638.6395342797 0.1739504378
112477138.2217001468 0.1741829320
119517319.8936169595 0.1741147876
112488804.2327696830 0.1741998485
112475762.0511610806 0.1742755510
112435130.2533227801 0.1742209781
119408717.8736202419 0.1739341640
112426662.9313540012 0.1742060533
112460772.0913091600 0.1741539774
112438162.3651973903 0.1742228959
112462362.1930123717 0.1742602061
119446711.3379940391 0.1739955950
112433168.5453655422 0.1742165524
112491144.3779638559 0.1743074724
112430899.4500536025 0.1742127614
112481313.3056820035 0.1741856031
112426540.3314584643 0.1742066622
112477554.0499174446 0.1742857070
112491022.1173611134 0.1742029231
112490317.3382707387 0.1742016101
112430922.7914752066 0.1742133793
112432809.7507270426 0.1742172820
112482721.7915164977 0.1741902202
112472564.8677365184 0.1742802947
112490102.2065815479 0.1742019252
112460499.7220467478 0.1742586755
112487583.4469454288 0.1741971970
112469974.1414221972 0.1742744306
112426501.8073353171 0.1742057497
112452141.7698267847 0.1742445507
112438382.8577950597 0.1742240603
112469843.5576979071 0.1742765816
112425484.8430512398 0.1742045877
112426515.1810293794 0.1742042726
112428240.5085104257 0.1742089096
112478841.8740444183 0.1741802050
112436121.9332913458 0.1742205245
112481453.2137128711 0.1742971141
112491200.5901789218 0.1742015081
112465073.7833490521 0.1742645878
112433819.6725048423 0.1742179179
112527094.4589160979 0.1743628547
112438692.4385369718 0.1742224365
112491093.4644555897 0.1742016459
112432820.1210359931 0.1742156890
112427131.8270972371 0.1742072281
112479639.2800102085 0.1741835475
112426881.9870251715 0.1742066681
112487480.1570570469 0.1741963987
112430134.5015233457 0.1742119431
112483904.5481442809 0.1741894964
112431430.3755058199 0.1742138729
112478984.4755592197 0.1741821120
112488473.4059217125 0.1741976404
112489256.7369689792 0.1741979023
112487229.0166918933 0.1741958486
112448690.5119964182 0.1742421266
112428308.8893651068 0.1742087424
112428153.0026326180 0.1742080435
112433700.3140954673 0.1742173018
112482490.9096452743 0.1741879410
112433655.4926788658 0.1742172668
112461842.2802492678 0.1742606082
112484686.0599275380 0.1741917408
112460955.3297078311 0.1742591176
112487203.4196601957 0.1741955546
112444460.8585453182 0.1742354956
112483836.0602156967 0.1741906886
112474285.5625002831 0.1741749947
112439011.6407121122 0.1742270624
112491977.5265893638 0.1742033551
112439652.6128045470 0.1742264711
112489844.9043565840 0.1741999411
112431595.0481338054 0.1742139846
112430207.8581286669 0.1742120891
112484979.2442872971 0.1741918524
112492302.5389265567 0.1742034470
112437373.4867912084 0.1742233337
112427100.0109841526 0.1742070334
112441216.3208500445 0.1742284835
112428648.4135553837 0.1742097268
112488658.2452144921 0.1741985044
112490435.8782996237 0.1742005422
112433888.4799390137 0.1742181127
112429007.8984276205 0.1742097777
112490559.5050332844 0.1742010003
112492099.4697887003 0.1742036162
112483270.6046209931 0.1741883937
112429923.9536628276 0.1742113587
112435951.4440176189 0.1742208464
112427316.1751314253 0.1742073663
112489413.8981496245 0.1741995655
112489933.5604877174 0.1741999974
112432059.0267189890 0.1742146844
112428373.8369495720 0.1742090149
112427707.6319384426 0.1742077650
112428425.2022773176 0.1742092033
112491449.8948413432 0.1742027781
112432347.3172868788 0.1742152533
112426088.5220251977 0.1742052083
112488610.0193735808 0.1741979877
112442528.1950209290 0.1742318910
112492068.4684997499 0.1742032964
112480419.3564689010 0.1741851062
112491373.4337989390 0.1742022952
112481331.7214543223 0.1741861459
112428860.8618221283 0.1742099483
112490387.3066733032 0.1742005207
112486262.5787837654 0.1741942528
112432605.5296884030 0.1742157921
112427891.6098680794 0.1742081439
112425493.8264428228 0.1742044978
112428079.0115715265 0.1742085907
112426254.2940508872 0.1742056870
112490064.0680792183 0.1742006684
112491776.0976181030 0.1742029150
112425351.7366759479 0.1742042067
112492288.4760631472 0.1742035671
112432223.0853817016 0.1742147891
112492043.1848148555 0.1742031618
112429731.3828290403 0.1742109810
112425751.4412341714 0.1742047649
112425905.9016865939 0.1742050508
112492177.3473632336 0.1742033592
112491745.3253435194 0.1742024954
112426103.0792777836 0.1742053195
112491103.6148348451 0.1742011203
112489555.6030609608 0.1741991694
112425731.7854308188 0.1742043137
112492081.1339626461 0.1742031775
112435803.8714511096 0.1742206676
112427731.6488786787 0.1742079629
112491166.5509498864 0.1742017451
112425561.9945723861 0.1742044904
112428613.7168158889 0.1742093544
112426610.1003485024 0.1742061691
112432967.3300427049 0.1742161595
112492145.5054977536 0.1742034468
112490989.9321113527 0.1742021126
112425208.8324698955 0.1742040206
112427302.0968276560 0.1742070051
112426369.0520081520 0.1742057905
112432233.9549297839 0.1742145097
112490589.1500816345 0.1742009877
112439348.6446033269 0.1742259485
112491475.0059176981 0.1742021785
112426758.9477493167 0.1742068962
112426406.0281009972 0.1742058877
112427364.5140428245 0.1742069707
112490521.6148458123 0.1742008797
112492331.2828393728 0.1742037223
112425665.1070713848 0.1742047540
112433787.9673536718 0.1742173068
112491431.6929317713 0.1742022059
112428345.1674958616 0.1742092752
112426054.7227492332 0.1742054407
112426456.4228441566 0.1742060933
112425440.8529894054 0.1742042793
112488731.2073242664 0.1741982359
112492201.8911101371 0.1742035624
112491172.5864898413 0.1742015242
112491870.0032524019 0.1742029201
112490705.6837837547 0.1742012377
112486195.6538960040 0.1741940904
112490931.3280798495 0.1742015696
112492167.7424682528 0.1742033669
112425762.7481793910 0.1742048043
112492189.1044850647 0.1742034310
112426775.7515002638 0.1742065066
112492356.6924266964 0.1742037300
112491027.4903956354 0.1742018976
112492417.1948036551 0.1742037696
112426952.0817570537 0.1742067839
112492092.2303631157 0.1742032840
112427956.6566829234 0.1742082573
112425199.2216562778 0.1742039914
112426846.0152139813 0.1742065328
112425695.8044384569 0.1742047424
112425760.6374992132 0.1742048714
112425441.9324016273 0.1742043823
112428716.8077139109 0.1742094021
112426152.6827558577 0.1742055610
112426833.9356752336 0.1742066006
112425861.5114056021 0.1742050509
112491079.6710953414 0.1742016989
112425482.1581246704 0.1742044092
112490677.3791259825 0.1742010835
112491953.9424641281 0.1742030219
112426940.0943941623 0.1742066359
112491886.9952928424 0.1742029840
112427421.5187059194 0.1742071699
112425277.3958126158 0.1742039856
112491693.3982585073 0.1742025985
112492250.5807309151 0.1742035282
112425556.9388852865 0.1742046038
112427030.8116659671 0.1742068222
112425712.6093579680 0.1742047848
112492327.2742888480 0.1742036312
112425928.4681594968 0.1742050259
112490502.2034797817 0.1742006717
112427664.7585015595 0.1742078036
112425272.0677052587 0.1742038771
112427172.6805226356 0.1742071104
112425253.3968134373 0.1742038927
112428772.2681788355 0.1742096036
112425409.6951615214 0.1742043339
112492303.0837926865 0.1742035246
112425577.1446089149 0.1742046022
112426726.4550598264 0.1742062388
112425226.3170779645 0.1742038266
112491042.2138404101 0.1742016802
112492408.0812134594 0.1742037782
112425882.8504084647 0.1742049857
112425332.0376911610 0.1742042024
112425741.7117984295 0.1742049076
112492364.6718447357 0.1742036977
112425221.9908758551 0.1742040944
112425225.1043763310 0.1742040242
112425645.6777550131 0.1742047065
112425234.8639451265 0.1742040595
112492095.2152222395 0.1742032246
112425186.7859934717 0.1742037950
112425591.6220918447 0.1742045607
112425183.4078986198 0.1742039723
112428338.0394206792 0.1742088474
112425260.1257479191 0.1742041085
112425371.5137338489 0.1742042258
112425222.3274326175 0.1742040259
112426534.5465551764 0.1742060544
112492377.7554767132 0.1742037317
112492252.8925054371 0.1742035453
112425444.6740811318 0.1742043857
112491629.6382227391 0.1742026339
112425285.6712100953 0.1742040736
112425200.9554404169 0.1742038151
112492169.6896447688 0.1742034186
112492265.1929960102 0.1742035565
112425924.7459752709 0.1742051014
112492416.4449348301 0.1742037811
112425251.4051741064 0.1742038925
112492419.9791903794 0.1742037970
112425485.6650287658 0.1742044238
112425331.7946928740 0.1742042046
112492135.1694773883 0.1742033652
112492348.6975008696 0.1742036918
112425330.6626868546 0.1742041566
112425244.5833926499 0.1742040716
112425201.8495709002 0.1742039956
112492332.3986987472 0.1742036510
112425386.5887996703 0.1742042829
112425264.7554621845 0.1742039001
112425415.7996868342 0.1742043396
112425222.3001385182 0.1742038569
112425577.3670415878 0.1742046219
112425343.3970085233 0.1742042188
112491908.7663828880 0.1742029603
112425209.0814820528 0.1742039985
112426844.7014719546 0.1742065838
112425273.3475836217 0.1742041043
112425569.0793101341 0.1742046018
112425343.6095942557 0.1742042138
112425762.8364661932 0.1742048286
112425385.1453393847 0.1742042838
112425689.0532233566 0.1742047170
112492307.4588439614 0.1742036079
112425349.0555324107 0.1742042739
112425247.4287969917 0.1742040685
112425264.9201467782 0.1742039054
112425247.0401889831 0.1742040651
112425245.8855881542 0.1742038787
112425195.3515467346 0.1742039866
112425246.8875072747 0.1742038803
112425342.4292262197 0.1742042162
112425190.6405669004 0.1742037964
112425245.0469481051 0.1742038844
112425202.9810248315 0.1742040042
112425232.7164800763 0.1742040732
112425277.5674290657 0.1742039382
112492364.2626631260 0.1742036838
112492355.2532125264 0.1742036906
112425965.7423010767 0.1742051799
112425203.4773774594 0.1742038259
112425901.6383052617 0.1742050991
112425197.7048576176 0.1742039937
112492191.4018838704 0.1742033981
112425205.1600238234 0.1742040058
112425322.9708462209 0.1742041672
112425286.9550096095 0.1742039511
112425427.1005722284 0.1742043766
112425209.6493767798 0.1742040138
112425558.0503029227 0.1742045660
112425248.0984106511 0.1742040750
112425248.8950810730 0.1742041079
112425303.2210812420 0.1742041576
112425281.4653419256 0.1742041408
112425268.9098002613 0.1742039198
112425230.8155397028 0.1742038622
112425181.0266828537 0.1742039667
112425241.6084268540 0.1742040930
112425251.4495419115 0.1742038900
112425553.9372293353 0.1742045522
112425210.8405970633 0.1742040290
112425198.8258105665 0.1742039938
112425325.1802874953 0.1742041971
112425180.6817009300 0.1742039670
112425264.0362283438 0.1742041009
112425242.5102411956 0.1742038877
112491774.7644017041 0.1742027769
112425268.0015490502 0.1742039243
112425678.2764983326 0.1742047460
112425255.3522108346 0.1742038976
112425314.5388837308 0.1742041705
112425213.5701052845 0.1742040172
112425257.3277754188 0.1742040926
112425252.3206259310 0.1742038958
112425193.7613991350 0.1742039870
112425185.3683302402 0.1742039743
112425286.5433146060 0.1742041310
112425186.3682247996 0.1742039753
112425548.9312252551 0.1742045470
112425195.5381882042 0.1742039899
112425534.7424564511 0.1742045151
112425187.4409900159 0.1742039776
112425351.0442703068 0.1742042364
112425189.9271121323 0.1742039757
112492005.4057583511 0.1742031393
112425275.5111942589 0.1742039383
112425261.1633089334 0.1742039112
112425281.9155784696 0.1742039438
112425190.2522660941 0.1742037896
112425233.0415569842 0.1742040470
112425288.6027225852 0.1742041299
112425219.7205058336 0.1742040287
112491893.3742917776 0.1742029593
112425256.1311729401 0.1742039032
112425248.4670970291 0.1742040705
112425256.2049407959 0.1742039049
112491998.7007911056 0.1742031204
112425190.2119299173 0.1742039814
112491998.6637205929 0.1742031204
112425197.5118401498 0.1742040015
112491998.2088828981 0.1742031187
112492266.1404861212 0.1742035429
112425180.9582005590 0.1742039665
112425364.0318320692 0.1742042504
112425291.1797211468 0.1742039583
112425252.7466624826 0.1742040826
112425291.2288797349 0.1742039585
112425190.2530193627 0.1742039871
112425284.9037434161 0.1742039489
112425285.7517355382 0.1742039510
112425282.6116350889 0.1742039440
112425185.9397671223 0.1742039708
112425186.1140723526 0.1742039766
112425278.8403976858 0.1742039493
112425284.1280661225 0.1742039473
112425219.7500330657 0.1742038459
112425222.9656654298 0.1742040335
112425271.7249177545 0.1742041083
112425229.4025237858 0.1742040434
112425188.3145570159 0.1742039777
112425184.9053089619 0.1742039742
112492369.7857710868 0.1742037030
112425269.5651698261 0.1742039245
112425338.8572033048 0.1742042165
112425248.7441568375 0.1742038919
112425275.7684127390 0.1742039372
112425189.1741641909 0.1742039802
112425205.7980133593 0.1742040010
112425287.9864592999 0.1742039535
112492301.3417764455 0.1742035997
112425202.5739326179 0.1742040019
112425343.8551035523 0.1742042215
112425217.0823787600 0.1742040242
112425282.4091393650 0.1742039464
112425215.6887321919 0.1742040230
112425187.3688748032 0.1742039780
112425210.7303081900 0.1742040139
112425197.6588429809 0.1742039931
112425243.5400383472 0.1742040641
112425282.5188075453 0.1742039442
112425227.6264315397 0.1742040414
112425291.7244518399 0.1742039593
112425250.1561347395 0.1742038955
112425182.8816893548 0.1742039705
112425182.1689950675 0.1742039699
112425177.6108408272 0.1742039623
112425284.2608890086 0.1742039454
112425191.7671237141 0.1742039836
112425280.6601767391 0.1742041229
112406749.0000000000 0.1742041229 0 0 0 0 0 0 0 0 0 1 0 0 0 0 0 0 0 0 0 0 