420799133.2421333194
400050878.4355797172
400949354.9058866501
431968254.0330705643
412358978.2453182936
466945138.6382259130
448684436.8480370045
405496971.9482571483
401370441.1891734600
445695218.8420085311
453495735.3452261090
381632780.8266676664
404295300.0381225944
382595679.7834265828
382874755.8402249217
394650575.8760026693
421579878.3518299460
328445192.0750190616
307013813.3934440017
305306574.8998494744
282989419.4792734385
272074472.8673240542
303731045.6381849647
263902144.4802335203
258690589.5343202949
331231730.1359132528
311698713.1267115474
265149941.0033100247
272105905.7587389946
272765544.5856758356
276393222.3509753942
225135662.9369229376
204749551.5220918357
209545566.4842807651
210920627.7276076674
205627797.2448686361
219065669.8677201867
204726739.3911941648
253081366.5696135461
201336996.0797928572
230247127.7092207372
202917336.8702667952
217972063.4856295586
205210940.3335404694
200903366.7136836350
201544778.1796776652
211532939.5896438062
198205591.7385034561
184547835.7843402028
193636295.9431397021
170836744.3670934439
175251034.4142741561
211146904.5862241983
156034365.5873132348
153565644.8003303111
153781724.3552933633
152698731.1008377075
159537469.4339330792
170475569.8787622154
150973946.8634527624
178496575.9608323276
161132898.7450770736
161050015.9004584551
155124360.4538700879
205385718.4050697088
169105644.1251795292
160439203.9325045347
150498879.3358332515
161610942.7691133618
154100764.7781153917
168862969.5275803804
150982024.7272324264
190688488.3777207136
153492136.7683629394
177331382.6636368930
150688849.4420660734
173336814.3684030473
151835103.1153938770
171207033.7709065676
153263186.0040692687
160376078.2980444431
157921399.8050889671
195811223.2871493697
155085080.0300673246
158304617.3951459229
150958839.6480927765
174998662.7741420865
154380497.3653600216
169869364.9662514925
156163562.1754467189
165448227.1396819949
153264364.3167314231
219451495.9636113346
151341856.6426017284
167317394.1671899259
153520240.7358030081
180415799.0367114544
154057393.2624002397
173339442.7589033544
152233263.8245523274
178788460.0863969922
152744429.1347477734
168403719.0304368734
155584883.3242259026
176969415.6527228653
176968285.5028703213
160432078.8013710976
155898273.5255702734
150349523.3299763501
147068696.1475782096
186244279.6798194945
148785510.3477530181
174164471.4436957538
147398669.5367673039
150872558.6735360622
151151039.9687367082
150886674.7385902107
147629031.1004562676
142595517.3887419701
144834929.4900167584
151076896.6107516587
144883216.0244533420
147620657.1905383468
144288311.4472718835
149584003.9957975149
147377301.6445966661
140967545.7843684852
146822501.7729035020
147851224.9991096854
141295668.7759695947
140675309.6471887231
141505607.0179119110
167379046.3721436262
143552526.9827002287
158358657.0406537056
143853034.8005229533
186536540.0772337615
141510550.1142944396
140888341.1195698678
140008789.9906148314
156615920.3929134309
147684961.9592419863
148501441.3227779269
149900238.4581027627
158559143.6345217526
145079146.1828579009
143124213.9779818654
142575422.0719037056
141103716.8217658401
143543532.6249575019
150484987.6733056903
150421005.5011302233
140704661.2994478643
142301703.6115598679
143218960.2428800762
144343889.0308018923
165984966.2480304241
142431880.5880029202
145722510.2247632444
143846053.2889238298
147193359.2828771472
145242667.6084236205
153713143.0254555643
142807548.2271377742
151166515.6874848008
146791901.1883654594
150942598.5017136931
141935171.9854077399
172790201.2197637558
142751042.2861777246
165428462.9462869167
142536190.7340094149
169564151.7432685494
144097199.1924288273
157795115.1633788645
143102332.4923047125
150432510.5289631784
179232451.8467164636
156386563.1162740588
141303477.0714166164
145288069.5104698837
143022193.9312934875
156688992.4574420750
146257427.2190307975
179529515.6939483285
138898357.8491800427
161918731.0743457675
142735184.2783331573
154238842.7960626185
147085779.3340314925
147285547.7344792187
155582656.1604396403
155605300.2709650993
141552149.9527420998
153057023.3050201535
149727961.6807341576
156675384.2440289259
143675772.7689445019
138857133.6687549651
140349833.5732679367
139563968.1934024394
143449021.4779488146
156218657.7210499942
142897304.1642483473
139758707.8348688781
145408660.8935874701
154486834.7924936414
138394135.7227282822
140813177.0037485063
162730857.6236785352
150890392.4688491821
143351648.8816932738
151052474.0369834900
158041520.4188645780
151911476.3937806189
145292510.8793941736
150323147.6963438392
149484408.9208949208
149493563.6130222976
148412271.1694147289
139235027.6157879233
144798747.9125463665
143040317.5013173521
141582374.6121584773
152696795.0318762362
144201183.5014825165
142602427.5045429468
154787196.7007995844
140014397.6596402228
140617680.3866680264
150573019.0847397149
141187782.6943987906
141423031.7292598784
148001672.2312677801
152708629.4067688882
151255769.1514635086
154004017.5351268649
143047838.9137435853
151906992.5149147511
146586731.5265167654
153735374.2636345327
141587022.0143567920
149785947.4360735118
142354892.8392277062
143251257.7853421867
147094685.9686584175
151353188.4916735888
145689548.8591336310
151843491.0651583374
143795816.1334382296
153644431.9808750749
142995900.8908478022
139958826.1285597682
142411889.5142239034
138962304.9420632422
142586418.0848612785
140055896.9899722934
148593358.2051243484
153151468.1307285726
149115766.6474901140
148817429.3337105811
140494282.9664959610
142098811.0438925326
155639221.8452788591
146192333.2939514220
148110191.8291977644
140668874.9032498300
138796421.9889670014
142299561.5454175770
141364268.9784175456
152393371.3432793021
138829945.7500225902
146787516.6032333076
153372275.7484660149
140805774.2795862854
138346994.8378643990
138142940.3121671677
154861727.7368926108
142730971.8453817368
138225066.4540348649
138776173.4037777185
138001748.1559555233
141579102.7071214318
155265884.2335223258
153238647.9066109955
138156532.9450832903
154247870.8634970486
138340138.7244365215
140229266.4127809405
154819594.3906858265
152498057.0684161782
154480860.2105634809
154412495.4924607873
154958323.5413762033
152371565.5991732478
138291882.1990647614
139090552.9525328875
154928027.2419321537
138123159.5639096200
138460764.0064553022
141032176.0563369989
153166828.6345157027
143450356.0099864602
138981420.7455119491
139918570.4020275176
138055914.6752227843
139996352.0123978555
139653824.8682862818
150947984.8546901941
154543392.6999735236
140134810.9554217160
154939784.8997638822
138718531.6044961512
139050031.6233784258
153231363.6653318703
154718666.3496361673
139283027.5098238885
154462761.1683390439
155461020.7424842715
139137466.6318898201
154748462.7390223444
138768391.3086207807
138135501.5031640828
140885147.0940876305
138396175.2762862146
139154154.9750841856
138131746.9715229273
153640669.1332075894
138450184.4962766171
139084624.6197553873
137923478.1496176124
139911718.6579512060
155284182.3989244103
141360378.4088599980
137936211.8744826913
138053926.5507556796
155249450.1413039863
137990912.6255429983
139012852.3166921437
138049583.6276359856
138056672.2600474954
137915800.5966512859
154509024.9699755907
138106271.4787608385
155421246.5883055329
137921004.7587744594
155160517.9839063585
155563170.9143830240
139351048.2667131126
137977851.1897073090
139300988.6555876434
155475230.4223466814
138374897.7207097411
138075176.6594493985
155817701.5429560840
138100904.9149478972
139377449.8987755775
138011694.3507845700
154922347.8459108770
137889860.6874732375
155207772.3962514997
155531231.2211897075
139450411.2436251938
138037296.2718473375
138606881.5311927497
155388042.6192080379
138240513.2142161727
137925264.3889485896
137823671.7922731042
137901559.3258836269
137941327.0474894941
155264332.0905843973
138167038.9252023399
155199495.7374654114
139060556.0320185721
137882798.8674103320
138338819.0427087843
137986999.3579937518
155152408.8411442041
137939351.6354193985
154669208.2978220880
137875327.0038261414
138664582.6591196358
137952538.1107396781
153783929.7963117957
138107032.9707430303
138984214.4743280411
137962067.8747318089
139125962.0570695400
155414898.9706102014
138241485.5432532728
155382912.7927438319
137817505.4970569909
137877748.0097604692
155620231.3860831559
155571667.9402087033
155554193.8122399747
155390394.5843991637
137810452.4060588181
138908070.9018603861
155508120.2332665026
138003625.7382562459
137803770.2924279869
138130226.4567668140
137823316.4427347779
138003341.1610960662
155489515.4535388649
137791965.7887983918
155385145.4987816215
155061454.8267268240
137805651.1730789542
155071366.6874503493
137887526.9849868119
138417294.6225110590
155330086.9645356536
138631831.5225417912
137917338.1790228188
155134835.1544826627
155339951.2604752779
138098397.0093245208
137777496.7060500681
138104948.3488014340
155302688.0011045039
138245306.6965249181
137787642.3772928715
138118581.6578927934
137786060.6268242598
138172423.3875108957
137871733.6364266574
137792217.6598383486
155375620.4121578634
155474420.5601423085
137825245.6208530962
138158066.8369885981
155374955.1356110573
137930350.6732739508
137766510.5468597114
137793508.1594263315
155394159.0957327485
138255326.8837888241
155318216.2801936269
138217894.0821311772
155381301.8497190773
138270277.2604404986
137834970.5591870546
138258716.0778825879
137783264.7152280509
155178431.2060159147
155339913.8301006258
138291066.5803028941
137738531.2361542881
137975183.1770159304
155186588.1501844525
138549084.7568109930
155229274.7495648861
155237187.5432448387
137794541.4202260375
155273404.0969894230
137868860.8121384084
137751861.5387739837
137813543.2667257190
137748453.9212583601
137882189.1667564511
155345332.8573218286
138173098.7652966976
137739836.0884205103
137915440.3796471059
155303924.9805145860
137998076.0659066737
155358003.2643394768
137839857.9478764832
137811634.2200918198
137874542.0505930781
155348235.1914220154
137851730.3707133830
155351773.9589031637
137735435.1533189714
155294353.1402904391
137973052.6671856046
155298517.9722727835
155372022.0660366714
137800795.9788788259
137816286.9666910172
137744127.4800783992
138102244.2400787175
155250050.8221562505
137734322.2951030433
155226494.9971469641
137767673.0029298961
155258880.4255137742
138236219.3729052544
155238864.2295891643
137979248.0236953497
137777075.4870436788
138015834.9186738133
137783971.5907297432
137892474.7889128923
137736853.9152329862
137899278.3859540224
155260495.9906879365
137862045.0593011975
155259014.5617941618
155209102.8326096833
137769231.6711190939
155147232.6985825300
155210036.7910830379
138015884.7218674123
155280561.9969800711
138027146.4134103060
155229031.8628303111
137856798.1337450743
155264809.7051957548
137816861.6601022482
155264000.3936102986
155220624.1338367462
137754337.1692399979
155238926.0900319219
155293380.4033415318
155129258.9300990701
155258710.6573113203
155282255.2266215086
137753641.4028197825
155230887.8829102814
137763705.3147599101
155128953.6685604751
137775410.9101001918
155150690.1564894617
137726408.6601370871
155138420.9635839164
137736603.0453375876
138116285.7585648596
155204680.7952462435
137820714.2219599485
137757380.5228106081
137922261.0419241488
137786337.2159270346
137823800.5737511814
137749993.9836006761
137772927.9293588996
137830958.9512039125
137831787.2354307473
137839317.5303423703
137727737.0090805590
155169284.8747492135
155217162.6049209535
137797319.7394252717
155256845.4367446601
137808771.8452131450
137727714.5667612255
137773503.1359119117
155227649.0798357129
137785864.3863082230
137757141.2264165878
137804072.3913561404
137723754.1603523791
155236823.0158769190
137739078.6872769892
137758160.4691544771
137749652.2297618687
137951532.0324787498
137733977.1912807822
155244601.2564614415
137743633.9723169208
137752809.6966181993
137738866.8024395406
137782339.7091897726
137737829.5202373862
155262437.5046397150
137728583.7062766254
155251721.6362918019
137754708.2091654539
137724817.6443220675
155210955.6916537881
137724883.8825949728
155259604.5224833488
155240799.7071828246
137781715.1086106896
137748689.7261234224
137774307.1159738600
155248362.1229613721
137769745.7599854171
155262429.7029834986
137753616.9026574492
137731364.0581431091
137792727.7634362876
155251364.7164964080
137742797.9225543141
137722641.2317359447
155216558.2025014758
155239439.0144627988
137853398.7373204827
137720542.7057194412
137766494.1272587478
155249739.7362550199
137772539.0763021410
137721950.4954264462
155239665.9399730563
137727068.4318231046
137735580.0846889019
155259206.1272992194
137787597.0456635356
155276636.1472016275
155255350.6532579064
137724472.1227958500
155268188.2325864434
155242269.3149860799
137769460.5065732598
137728788.6303702593
155216049.8855740726
155256991.6722510457
137727445.7074963152
137722254.2903160453
137726030.2033630610
137722148.6947432160
155221559.2111203074
155250708.9216191471
137721503.3545523882
155257455.7711373866
155237414.0853969157
155252008.6011055112
137783916.8242924213
155256250.8439208269
155251176.5322313607
137725008.8818799555
137736349.9171302617
137725597.2268156409
137747550.4478205740
137721753.1200899780
137745771.5716893375
137719911.4706817865
137734282.3379890919
137720407.9219921231
137785461.1415334642
137727025.4005854428
137722112.9738988280
155248628.4261417091
155256012.8273044825
137734698.1036517918
137723442.6598283648
137722640.6806056201
155255316.4056535959
137736083.0299776196
137720274.8315841556
155252387.0696123540
137723125.2810907364
155243600.2553917468
155252687.3744555414
137735418.0042914450
137729392.9201803207
137723479.4735189974
137720638.7264080048
137731988.7085807025
155252018.5163041055
137737384.7687115371
155256436.5589793921
137719728.5590591431
137723557.7466998100
137720197.8463236094
137722438.4720437229
137718962.8432367444
137718904.2590847611
137719597.2228302360
137733338.6114259958
137719024.7776198983
137721025.8795092404
155252177.4691557586
137722903.6650401354
137719074.6836703420
137718708.0559890568
137722793.6353506446
155247509.2536156178
137721667.6788669825
137720033.2693684101
137718664.1562114358
155243977.9511019588
155250092.8194920719
137723282.6994978786
137718445.2659980357
137727575.0913474262
155249945.7974779606
137723369.0962348282
137718232.1476150155
137721928.3186399937
137717986.0745822787
137719570.0266345739
137719459.0465353727
137731089.4997890294
155250745.8050660789
137726163.0813328028
137718204.2033816278
137719466.8133666217
155250535.9595373273
137722221.6027922928
155250984.0294009447
137730450.8793892562
137717978.3236394823
137718266.0063761473
137719977.1477565169
137729547.4510775506
155251480.6231819987
137728214.4241430461
155250165.5191651583
137721361.6164941192
137719884.8539463282
137722312.4782215953
155252367.9610966444
137719157.9018008709
155251203.7006366551
155249615.0303941965
155251390.3020200133
137720913.3965867162
155252163.7220911086
155250193.1151458025
137718837.1921586394
137718649.4546380639
137718415.4353959262
155250104.5448709130
155249624.9323061407
137720534.5332244039
137720062.8780274987
137718209.8474270999
155251677.1658197939
155250706.0403893590
137724496.9137145281
137718488.9504016340
137719036.8578670919
155250465.0176512003
137718279.7920451462
155251395.1045037806
137721746.3554131687
137717853.8945669532
137724031.6110686958
155251692.1070557535
137721206.3102461994
137718022.9888395369
137718483.0584391356
137718633.3598850369
137720507.0954802632
137718907.3005683124
137719909.5814638734
137718618.9563087225
137718244.8192601502
137717634.8539791405
137719335.5474618673
155250257.3887746930
137721448.6027311981
155251697.6879781187
137720682.5060837269
155250874.2045973837
137718747.4638897479
137717966.7679396570
155249937.2993529439
137718124.1813172102
137717723.6830265820
155244129.1167310774
155251207.2746423781
137719156.8038578331
155251709.6874328256
137718359.8494892716
155251161.7245981097
137717875.5559466183
137717761.0419917703
137718626.4805711806
137717855.5618717670
137718645.2514891028
155251151.9022050798
137719330.5827132761
155251334.8066908121
137718885.2039625645
155251188.5563113391
137719382.4740780890
137717769.7811129093
137722795.4226974249
155251254.2947555184
137719074.8967844546
155251345.9886405766
137718802.2911786139
137717895.4280075133
155250781.3535206616
137717881.3814057112
137718247.0116153657
137717647.5488911271
155244129.1228260994
155251345.5992297232
137717716.9242838621
137717633.7916181982
155244123.4979388714
155251138.5907446146
137718871.4661818147
137717649.9327940643
137721414.6947952807
137718160.5564936399
155251308.0943849087
137717848.1303624809
137717679.4788606763
137718020.1394082606
155251335.2137016356
137717801.2382011712
155251461.3356276453
137717685.9722166955
137717726.0924386978
137717879.3807477951
137717696.0597776473
137718034.0870859921
137717664.4848616421
137720159.8987194300
155251372.3964449763
137717988.8853936195
155251259.9167457223
137718091.2690957487
137717743.2434344888
137717690.2791181803
137717671.4279033840
137717633.3345154822
137717651.0704476237
137717634.3656179905
155250234.6817588806
155251428.8343929648
137717874.5592407882
137717702.2019147277
137717979.9514638186
137717652.6422857642
155251439.3533790112
155251403.5925764441
137718297.8292791843
137717664.0343236327
137717851.1077691019
155251365.4501279294
137717767.1297567189
137717639.1037237644
137718069.0825825632
155251490.8538083136
137717677.1052457094
137717678.7314182222
137718116.2611269653
137717874.7985987365
155251319.4773691893
137718192.1351894438
137717655.0588575006
137718013.8545456529
137717678.7664954364
137717682.3811923862
137717701.3619413376
137717683.7130807936
137717637.3311678469
137717636.9752250016
155251461.9266512096
137717693.3054155111
155251464.7172965705
155251437.8858646750
155251424.6868254244
155251401.1820839345
137717680.6717443466
155251444.3287695646
155251444.2534314990
155251460.7404951155
137717652.4622640610
155251407.3395765424
155251464.0174940228
137717941.8838550150
137717664.7832731009
137717643.7230603099
137717681.9564931989
137717643.6997419000
122277620.0000000000 0.0132853250 1 0 0 0 0 0 0 0 0 0 0 0 0 0 0 