578510251.4657802582
564085675.2851665020
567920582.0971587896
564386726.6832598448
651021462.7448519468
575234684.8111021519
641984544.0908480883
573459112.6240346432
586471328.8096871376
651901347.3676825762
590574762.1517455578
537265561.0230188370
696358245.5520520210
538323790.3450987339
538044684.4621535540
571941145.8245533705
556764479.1990778446
500257627.1234047413
495175876.5116450787
485976653.8137697577
484889878.8225864768
468159612.8191989064
516809859.0775746703
446665309.1301184297
440666908.6147629619
486262449.8496150374
559095419.6547802687
584403687.3802886009
462690713.6206021309
470729438.8542387486
473101917.1720905304
330560115.9964048266
374725729.4200786352
350430007.4753688574
381543762.2820885181
327103823.5615887642
314977666.4121155739
317267854.8822270632
401913433.5423966646
313837701.5135934353
324662939.2730821371
321519493.9482113719
375367518.2142085433
314657118.4925770760
307674750.7955177426
334088108.4801556468
354949520.8832544088
313873069.3532280922
309865498.8613042235
307943754.8070113063
305989461.7371718287
303038732.9507958889
291228403.8895604610
278541408.9097474813
218051804.4936756492
286530761.5441520214
226706788.5698307157
266200962.7977955937
225770956.4378505647
301282777.5447996855
262879853.6243106425
277701404.7436164618
224600882.5163944364
173608141.8207450807
169100012.5700493157
180108839.4196425974
193725478.1811615229
166431083.5886133015
174091174.5762038529
167904036.6800410151
194493255.6230242550
166781246.1130390167
207369477.1345624924
171637334.9522404969
207636072.2019361854
180991727.6247709990
187166861.8097598255
170280648.5710284114
200532140.1957759559
172748535.5833393633
203120710.0085909665
187274349.1491973400
254836434.4093992710
179007916.2609884739
213204456.9224233031
172562413.6398809254
209558709.3414663672
174704559.7448945642
208908012.2680365443
165453086.7065762877
174705113.4194396138
177651780.7268511951
209806865.2009002566
169506750.2129874229
185075105.3583962023
167325814.6270804703
208482116.9675787985
168720540.4676256180
218739897.0253193974
169287924.0160752833
178008780.6097227335
174937461.7628020942
199314514.4141743779
180024984.7186194062
188370721.0317408144
172432194.2212015390
242726297.7688555121
179131878.5043466091
193248901.9482930005
219040688.1532940269
174664521.2377035618
175558423.7752872705
172835188.1539390385
174761524.3889590800
166122138.2637438476
178856611.1428961754
168297071.8097988367
165736347.4219196439
179550297.8857554495
174258709.2216244936
166239791.6977197230
165614998.0132411122
177922500.8507057130
165801485.2606866062
179358608.3497406244
177624833.3970536888
178951670.9084500372
176639090.2294440269
165462481.2123147249
169001266.9409462214
178787527.7477806807
171645284.7519893646
178383634.9660090208
174321088.9954389036
178717249.0453746617
166045589.7138365209
165578119.9267689586
169564942.5594456196
168852266.8923654258
174780533.8726751208
178232717.4063620567
180157937.3665181696
176798039.5152496397
169889814.5585146248
179122907.2258378267
175165394.5802406371
178153398.5414691269
180291229.5702332854
170807416.1032879055
171037369.1985844672
178342383.3153528571
170647925.0523337126
165767058.7484072149
173003374.2980300486
180492703.6880505383
172648586.2455108464
167645417.2060109675
178411527.5700580776
166051362.8979886472
166982996.5038210750
177956850.3582471013
170281737.7956245840
173513735.0755129755
179066839.4934858978
180854231.9241062999
167586479.3172331154
177466236.9333032370
167077989.8336791396
173040415.4220580161
177937433.2140277922
171013760.9961605370
170099649.7337907553
177829476.1408940852
165856583.3069967330
179986325.3918657005
166686146.4147720337
165557625.4254054129
166198587.8429383636
179692974.6546325088
165909338.0030257106
166002007.6908923090
167066514.3401649892
179314238.1260022223
168592902.8346492946
165540085.3348321617
170456475.6905143559
165381443.9514817297
178928936.5196156502
180372878.2288879454
178194962.7950319052
179288129.7507984638
165115220.7235192657
165247674.3418272734
177006517.4840068519
179283881.1887620389
167078932.9275294840
165422258.0439223349
166818314.8484922051
179320402.0679178238
168133683.4910213947
165853867.4616885185
180170726.1062861383
165973136.9080607295
166238212.3533079326
179006529.0283920467
179470780.9206002355
167209739.4143812954
167525136.4436183572
178907855.1858648360
166841082.1615115702
179211443.3369943202
165994654.5236995816
165192042.6935033202
168860683.9887388945
179292239.1251162589
166348903.7882169485
165273113.6672349274
178439081.2890851498
178681755.9782293737
178399661.9177250266
179293122.7543470562
177350192.8347857893
165090798.9220607579
177320737.1493110955
165275972.2857862711
169023141.0381588638
166703661.5477886796
179324344.3892755210
177928733.6465643048
166633703.0588395894
167069714.3638273478
165333401.3091040850
165616276.5044399202
179274848.3015505075
165449421.9761431813
179240226.7671859860
166858978.1890628934
179432072.0683986247
166023917.9105702639
165380444.7763302028
178348940.6978968680
165287781.8873864114
178556229.5807221532
179334254.9045880139
166239085.1358768344
179486622.1788192391
165245716.7811676264
165574643.6400878429
165666274.0649545491
165110629.1143462360
165895117.1742939055
165150726.8688235879
166253863.1075380147
165152621.0404560268
178404768.3495999873
165583848.2565011978
177997386.3349544108
179501873.9057368338
178124885.6907079816
179474059.4322995245
179340738.9120154977
178935366.0406556129
165192434.3046585023
178695743.0112919509
165171029.0277446508
166331178.2211252749
179442426.8003174067
165660686.9112795591
165142626.3523131013
165404260.6799794436
165101816.4981791079
179544879.6343624592
165141335.7580640614
179053541.5936056674
165117520.5173825324
178910627.9652056098
165088555.1813893020
165252599.1720708311
165146894.9283147156
166469291.1855166554
165186157.6423352957
165473034.3836457431
165223598.7615822256
179408743.7724475265
165106655.9459836185
165109347.5330883265
179307422.8666538298
165322328.6112669110
179130659.0545962155
179417363.5098635852
165465765.5726925731
165101543.1366848052
179243055.7411459684
165086335.0980721116
165075932.9282167554
165172759.7705972195
165204843.6223562658
165052440.6179423332
165204502.3390449286
165256310.3849033415
179545617.6375280321
165078858.9780899286
165080451.7261027694
165055797.1767800450
165193864.1897064149
165189601.4509514868
179376622.8496064842
179416153.6274293363
179263974.2405882180
165034586.8309682012
165134537.9377012551
165061771.9046124816
165047729.2526360452
165034726.3624736667
165938496.7295597494
179461026.1434417963
165258250.7640270889
165078558.7564025819
165748808.3534317911
165029142.7264515162
179350501.7526282072
179481078.1213499308
165410773.8790039420
179476560.6708314419
165248617.8233706653
165029481.6776555181
165065107.3583846390
165048746.7766802013
165033718.8673203290
165043155.9152498841
165006692.4767395854
179397351.8582621813
165665863.9051673412
165009802.0319065750
179447216.7151640058
179451342.3739449084
179473155.5428574383
165137389.6823382080
165004798.8321181536
179468792.0248503685
165033416.6395063698
165030160.2531952262
165030026.4338310659
165387422.0900923610
165029581.7490869164
165022350.4728491306
165038572.8538823128
165073588.2473326921
165015908.3411097527
165015252.5045091212
165032870.4919069409
165035232.9983990490
165054390.0288284719
165289613.3236794174
165032159.7790590823
165226516.5942457020
165046202.4739211202
165150700.4244716465
165020218.8178579211
165129600.1202810407
165014226.5158372223
165290861.9014204144
165038763.9260184169
165045900.0384322405
165056974.4147119224
179459289.9188302159
165021592.0558982193
165004113.9653578103
179508729.7363696694
165066743.3977195323
179517248.4932482541
165024440.3612857759
165010898.6556294262
178899731.3444951177
165001704.4285685122
165413560.6790493429
164997676.3564976156
165215903.5198006630
165029562.1437309086
165302905.9702073634
165031700.4476822913
178892182.8697383702
165026018.8043093681
165286718.2766671181
165002121.5694383085
165189322.4834571779
164996389.8227627277
165114751.3501768708
165009295.0888253152
165145390.2839634120
165041371.7486838698
178851005.7605254650
164993543.1530345082
178856487.8022405803
165014100.2742066979
165383860.9992918670
164995006.0002609789
165194956.3880093098
165004789.3862572908
178849912.3982698619
179192882.5780603588
164992535.2681007683
165084761.0052721202
164994802.9699837267
165053138.2040306628
164992001.9372791052
165015893.7169373035
164992055.8483673036
165004606.8150096238
164991742.9032513499
165015769.3323296905
164994940.7065450847
165065798.2810145020
164992581.9467169046
164991274.2180043459
165004432.3792952001
165066929.2727428377
165002052.2109262347
165058320.0842358768
165000348.4429879189
165166662.5691899359
164992411.7630686760
165246277.8053669631
164986938.4018530846
165115277.9230617583
164975241.5370793045
165095198.4980733395
165001832.1934773028
179200995.9414536059
164981018.4960232675
165153071.4620170295
165017789.2297967970
164991182.9113531709
164979692.3388259709
165068152.5403161943
164984666.1988382936
179172890.7003445029
164974918.0217883885
179179731.4466178715
164998317.2253807783
165135044.1455836594
165002052.1227019429
179189190.1610379815
165097636.1470716298
165002969.8107804358
165017027.7404576838
164979263.1578751802
164989059.8497862220
164975632.0392029583
164981364.3553921580
164977570.4083847702
164975856.2922539711
164998562.7647787929
164982753.5535375476
164978184.4419516325
164989111.3674904108
164976741.1078363657
164996121.4374521971
164975041.0648525953
165011207.0770813525
165001648.4345274568
165044332.7548743784
164982060.1917908192
165055667.9623336494
164978483.3899089992
179420204.2921763361
164980950.1479036212
164985446.5709963739
164975985.5157851279
164989416.6942082345
179372521.5294298828
179455446.6165032089
164979200.4130361974
165010576.6636097729
164974918.0395885706
165001331.3494460881
164975438.9190253615
164987143.4559472501
164977727.1889830232
179461334.1180150211
164976535.5021826327
165010922.7365855575
164975313.8035862148
165002386.1283270419
164977310.8457472920
179460962.7087023854
164978478.7501235902
165033747.3515213728
164984476.3362201452
164976618.0889066756
164981133.1195182800
164975113.2690743208
164978003.1334498823
164981844.9594737589
164979255.1682537496
164976615.0616385043
164983124.5380890071
164982061.3995838165
164977379.8385149837
164985010.9162223041
164994825.2328189611
164975757.1525822282
164986956.6830742061
164976001.7547969520
164983204.1297948062
164981955.2572822869
164982525.2108345628
164982328.2917917967
164975439.4739104211
164976546.6712723076
164981912.4782806337
164975392.3955738544
164975690.2466943562
164976232.4229539037
165002435.4732793272
164975050.5426537395
165004147.5208837092
164977423.4403038025
164975713.4760401249
164976006.6313678026
164977984.3240485787
164975727.1993222535
164976341.3744288087
164982483.5883958042
164980708.0108525753
164976104.8574299514
165001841.8749936819
164982234.6673919857
164981599.6805459559
164975906.4732953310
165004763.3542606533
164975189.5008683205
164977998.5278213322
164982287.2091588974
164975812.6081237793
164975067.0129922926
165004383.8765869141
164982586.2689429522
165004801.5923562646
164981738.9066740572
164979242.0419678688
164975171.5815682113
164981821.1921551824
164982090.8792323172
164982056.5478926897
164982606.6549699903
164979941.9204251468
164981621.1089327633
164975338.1668958366
164982100.5445201099
164982563.3205724657
164981276.8373841345
164975289.4732072949
164982060.1550347507
164975063.4316797554
164981953.5315833092
164975481.4538210928
164977957.9336103797
164975686.8577054143
164982174.4839269221
164974890.2193522751
164982044.5617548823
164975918.7615578771
164981705.8708101213
164976106.7143728435
164975010.9194035828
164982341.2963433564
164974790.4609333873
164975667.5584756434
164974860.8876035511
164974989.7884476781
164975193.0330277979
164975196.0453275144
164975150.5965558589
164974933.2043781877
164982660.2761761546
164975595.0262927413
164974793.6705475152
164975420.7489742339
164982211.7113155723
164977397.0355816185
164975208.6704850495
164976495.8927311003
164975458.3059016764
164982405.2184838355
164975113.3686808050
164975906.5582538545
164979956.9687712789
164981501.8286803365
164975192.4908986986
164975107.7534426451
164975137.8125005364
164975650.8750374317
164974840.5397859216
164975277.4435195327
164974862.4699213505
164975151.1252532899
164974849.4124388695
164975471.0235321820
164975045.6232220829
164981612.2638835013
164974803.4274851978
164982387.5517544150
164975039.1903069913
164975485.6125541925
164974970.4808974266
164975221.2719213963
164975000.0235184729
164981761.9721426666
164975198.1186836958
164976241.3406279385
164975023.8416944444
164982285.9044930339
164974836.0996545553
164975425.6733078063
164974826.4564373195
164982335.0495076180
164975177.9885571301
164982360.1173551381
164975212.4252621233
164982373.9193320274
164974900.9153930247
164975196.6715802252
164975448.3778533340
164975207.4455783367
164975188.8620766997
164974835.9447451532
164974947.2960164547
164974794.5091370046
164975013.1771711111
164982122.9428218305
130816365.0000000000 0.0000302355 1 0 0 0 0 0 0 0 0 0 0 0 0 0 0 