389453760.7505655289
372600284.8406256437
376119044.2724058032
387903030.0483998656
384459482.3063860536
397563016.0476194620
390751718.6940246820
373703577.3116378784
376334005.9331665635
411422453.6537503004
437878507.5449360013
364458677.7444908619
401715293.8153887987
363000232.5344516039
363929002.2164865136
401360937.9086135030
400500111.8685496449
318004894.1274154782
305151620.1639767885
308139480.9464795589
302346484.2518737912
297328303.2760484815
321680524.1382820606
290377237.2452562451
288820083.2144844532
374231365.0663098693
324257528.8032348752
325924829.4183751345
331721609.8494933248
309574605.7919344306
327027451.0972771049
236411986.1520748138
256056427.2531999648
238389447.8556967378
256138075.4851423502
238288478.9342961013
255119921.4750020504
232593134.0330556631
259649179.9061346948
232130748.5987297595
264515955.4240036607
235211937.1060101986
216986521.4664488137
215766496.6716165841
267611144.5596404374
218753078.3002949357
204562446.6066718102
196509801.9897065163
234589541.6280040443
199531541.6921213865
196694013.9440311790
199454676.7366913259
226356508.7939308584
188578118.1573256254
164862953.3440108001
163978157.0236898065
168079407.2560441494
165833940.4022272825
189743788.6717826724
168035730.8794612288
204641700.1652061045
173199286.0036869645
192141965.7769988775
166283885.8930067122
167423633.5352370143
165583951.2805806398
159445687.6111824811
158840291.7416877747
178958516.9922878742
159280406.7084791362
166979499.1686052680
158892605.7396631539
186774436.4196301401
160190371.1994463801
197938721.3173297346
166330360.0144920349
164314093.9859508574
170633303.3569781482
188694561.6412427127
175144053.2557740211
213366187.8970537186
166085957.3328160048
202138794.0381197631
161280448.1575224996
190116039.7310571969
161509483.3964289427
162525778.0750834346
153661909.0581525266
202734831.7571661472
166673608.4438644946
180604641.3723244369
155061488.7837732434
156284062.2558281422
153200461.2255850434
179845001.9686730504
151459730.5754918158
191830496.7509530485
151927658.8513267934
170317130.9615551233
152788445.1432868838
160513145.6908794343
157619012.0019920766
164349953.0343922675
157432327.2232665718
185948880.3377440572
156404100.0748890638
154297133.6624859571
141631134.1490475833
166184323.6066320539
140338486.6020219624
160149032.7285008132
142601307.9080519974
176346259.5008676350
146760095.0260910392
160769522.6919741035
152826959.6974693835
209130887.9809854031
153887360.3243276477
152561400.9463168681
151856070.1143408418
142079814.7505669594
169302629.2013723254
137787545.0576300323
135287975.4068813324
134890946.6841126084
138505250.9946403503
135078141.3649231791
136060224.0310327411
134682307.6187131107
132761191.2486556619
134955317.0251080990
136119582.9134977162
131931669.7869511247
133491648.3760828525
134961298.1974816322
132929671.1978015751
136405618.7844476998
137791684.3810682595
132171768.5206504464
144339065.2503877282
132360417.7093193680
136946753.5417850316
131587829.3025336117
130493696.5406395495
136012485.0196301937
138657760.3606043756
131058814.1360908151
133422043.8481281996
134139103.6075046062
130320881.2553942502
130183425.8488130718
131919350.6566245407
132487865.8634017110
138778245.9992184639
132426258.2813414633
129896801.2527953386
128555486.6279645711
137439642.9491983950
130413952.2337257415
130729496.4617711455
130718112.0136630982
141980119.6173541546
128529819.2854893655
128533676.1977373362
129182546.0219458491
130497880.0459320545
132741817.4883426428
140122875.2953253686
129716661.6077264547
133514425.3159407675
129206224.3564367443
149750190.3931872547
130188767.3134403676
126960948.9932250381
123719484.3887106627
145067040.4055795670
126327866.1943788528
123950075.8518007696
123305526.3101473004
122379107.4909375161
122985910.2051743418
123517409.0096075535
124865539.2848867476
129761898.0020754933
123850957.2234657854
139171725.7451598644
125033470.0484036058
142892492.1453867257
124222202.4006515443
130098845.3526915759
123203428.2281032950
121675111.6618022621
123393832.8647498488
138176144.5451169610
126005028.8474282920
122375267.2902270406
123867559.2673331499
123050446.7476103157
122963097.2277544141
146225367.9393464327
127685037.6261454821
130829381.8262884319
123286905.1318069249
122390057.8161577880
123751592.2024253011
154972205.5575782657
120224007.2644989938
130101403.0980333090
121523029.8516477793
118574089.5066139400
120040508.5801474899
125325060.7741452008
120544498.2526629120
135346156.8566361666
118980163.7861768603
123955140.0768313706
120220462.1294139624
126178999.3877180219
119823431.1454484016
123919637.1061767191
121367916.2718263716
130280125.9975926280
117978143.5589006245
150068140.7732190192
121108653.5820172131
121418862.1776214689
131441651.7587374151
124536006.8969457000
118780514.6477634460
120323125.6836488247
121567484.2405043840
135362675.2368039787
117584525.0746515095
140738302.4016739130
116346208.3453202397
121781186.5547101945
116272848.1059165299
119928901.6755761951
118661452.6792386174
126389709.1418948025
120375055.9596487284
121547992.8207749128
117220190.9111156464
123408786.6365283281
116374475.3858700395
128917129.7248872817
119839536.5943591297
126767889.7293477505
118670210.3898508400
135375079.7849342525
121861529.5059500635
122991378.1110982299
117024388.6669092029
116203113.0404654443
122253717.9554795027
114189553.1946859211
113650434.6179006547
146122653.1608949602
114145407.2347293943
118835599.9547479004
118527242.7698343396
113141910.4142077267
116450590.4425842464
135630674.7990223765
115208666.5006883144
118104206.4555115700
115351430.7713687122
114017622.9367130250
120705983.7815799713
114451337.9921582639
115348277.5170786828
109226202.5999871939
108100077.6839078218
108519575.2669046968
109310069.8279330283
121438280.5171791762
111690053.0508337617
111021865.7039491981
116241727.3497995436
108369055.7255013436
109943802.9852415323
116436150.5516065359
111375744.6100606024
109444109.5256681293
110001904.2984864861
104770920.3677576482
104404650.2659589499
108532238.0773644298
110486420.1645756811
104479635.3425333053
105565336.5205886513
109734334.3806059808
106163129.5330581814
104508553.5633300245
104807261.5127936304
105103510.3763454556
105387395.4234375507
110855157.6343354285
105301564.9297590703
118761930.5305663794
105178099.4848486483
116511129.2870926410
107798108.2897563577
106924996.4995173067
106627415.1361790299
110233501.4473587424
104676169.3945390135
109070870.7045631111
105926616.0685040504
110824401.7157286406
106212847.4767220318
115203803.6063794941
105169244.7110866755
111079564.9152658582
105514084.8305248022
113600802.5784719884
108154930.8891683072
121485943.1524725705
106357487.3041932285
105224792.8178077489
104373457.6498620510
125768791.2069569230
104389776.5326587111
107223008.1971257180
105697215.6864970326
105911406.8860650212
109752491.6081251949
108728283.1014522910
104619309.5206765085
118311543.9964817166
104374482.9885256737
110243822.0174724609
109088682.0559318662
108647026.8548217565
109462846.2920157015
114436672.2946913093
105130693.2157314718
114549823.3262104243
105267188.9859891981
114608901.5179002285
104404630.8551770002
106004032.0864255279
105729427.5055618286
111871770.1995167881
109245119.1716550738
113278642.6731060743
111383788.0759467632
117084895.7430412918
105057485.0617788732
109649577.0307894945
112167186.5913031399
105064199.4338427782
109144999.1813315004
104476284.3744325340
109820393.6692686826
105304164.4217281044
104384269.5786949247
104881015.4784643352
104613658.5785590410
105672027.8126016706
107389016.7244722098
104825374.0946656913
111073633.7275477201
108807190.7062817663
104327103.7268451303
104808672.8483935744
104979988.1322892010
104510680.1965944618
105033576.1200675815
106554249.6806227863
104995482.9963906854
105849303.7905857414
104293625.8597642630
109317840.6150321364
104818655.1727279574
105359684.2122782022
105186829.2004138678
105100044.8456962109
105134963.2884261161
105774275.1411170065
105655109.9457474351
104978313.4382380992
104418114.6922330111
109390316.1269919276
104434352.1327026635
104178304.4918980896
105088537.9040390998
109669763.8845545948
104258561.9337189198
108533152.4409253150
104426143.5537486523
104808750.3595643789
104080795.6284155101
104218450.8588085771
104341242.3743027747
109924659.7703698575
104672440.6068886220
111077627.0450548977
105060450.0094764084
105294740.1146471053
105672473.1406804472
104363678.6306567937
105345096.9941087216
104350968.5581878126
104056911.1821929514
104891573.4331110865
104289079.3332269341
104230928.5144452155
104979042.8133233786
104275692.5742702633
104498633.9730072170
104005779.2789099813
108058772.6567081362
104461353.3958910704
105195014.4209037274
103944817.3134287447
104040069.2581602335
104218137.6764151156
104360700.2137119472
104019975.9639214277
104635601.1746706367
105122196.9784317613
105092322.0508745462
104717562.7188828588
105790627.8508650213
105115172.2745436132
104685683.6170799583
105293198.0432390869
105404952.9134386182
104848812.1047730297
105291195.3080244064
104900289.1001121402
104369456.4307183474
105107141.7811931968
103946507.7883914411
104892897.8176535368
105419252.2838304937
104738341.7243467420
104569506.8583350927
104047304.7761711031
105954894.8209737688
104064092.8162360936
107154849.2742096931
103954866.0136043280
104059063.3734477013
104356011.9790153652
104618213.6522737294
104391582.2754179984
105228380.2501270175
104725344.9798949212
103998221.7886254340
104690129.2415279895
105127525.0243304372
104721710.3501335084
104521175.5215975940
104457910.2387497574
105072518.2360569090
104238595.0447384268
104010290.1907635629
105155958.6076503247
104713854.1962609887
104011544.2553839833
104102362.2707081139
104020752.0559359491
103951272.2162881196
105035763.1309144497
104519191.8196348995
103960719.9141917378
104107085.9642340541
104047272.5672909766
104453405.5795380026
105112072.8760501891
105046695.2008185238
104011450.9501285851
104223212.9251560569
104018527.0456170291
104199296.6702821255
104035414.2466585785
104207636.1907979250
103967634.9589334875
104607610.8780175894
104079972.3993500024
104324585.6209080219
103949012.5160004944
104500306.1167715490
105215275.9906889498
104764184.9539365917
103983411.2902976573
104881262.2603670210
104060396.6701301634
104875997.6139127910
105214262.4512545019
104470532.7921137363
104051347.2812117189
104268282.7226928025
105148488.2769402415
104294488.1486877948
104035524.0951384008
104800906.2552946061
104812843.2932973653
105070301.8499505520
103947271.4838259667
104131734.4347995222
103962652.7909080386
105104035.4071509540
104082062.8325515389
103937355.1474595070
105076212.3743042648
105215535.8044267446
105191630.8252396882
105203674.3171839118
104112755.2851734757
105212410.2618523836
104153018.7254491597
105162315.4872850329
105145744.3554637134
105189971.8388578296
103962320.8360096812
105185480.6057053357
104025609.5081354082
103947738.3627858013
103936005.7540777475
105185483.9135850519
104090433.7817733884
103954131.2659626603
103986253.6391209215
105157203.4147326797
104096047.1615821421
105208858.3987800032
104073747.9334319830
103948726.5958617181
103941934.1840626001
105197999.7045854032
104021102.7641035616
103958037.6150939763
104092211.5185857564
103939040.1783072501
103963205.8444889039
105188447.4200493395
104037768.7095237225
105205975.1590721458
103970689.0296806544
103953741.0546688437
104115218.3921184093
103977038.4146222472
105123568.3544880599
105196358.9694404602
103990965.8129256666
103961327.2800779343
105160502.8413747698
105202970.3007880151
103996510.2783077210
103933770.3818951547
105047618.5693908632
105121523.4984687269
104203946.8032638133
103971044.5151553750
105196618.8611352891
103997014.0277848840
105193216.5586348176
104002816.6637457907
103947884.5705257356
105196326.0004925132
103958253.4914818406
103972264.8452537507
103937387.1630218923
105184971.7961573303
103946074.5362176150
103955835.0486223698
105176995.1193420887
105191763.7936362922
105200545.3433002830
103942710.6342080235
103942989.0884518921
105144118.8758305758
103955781.8436812907
104003759.6695194840
105197260.6291459948
104000775.2724736184
103953226.0503199100
104050422.6185213327
103945748.1088696420
103965593.8612478673
105190634.7381987125
104010990.0788704604
105187459.1274646372
103933704.1921354532
103949292.6555540711
103985857.8474574536
105182629.8114356697
103984637.0192069709
105181573.1423541158
104080925.3993772864
105175720.7345565856
104001875.0459949970
105184730.4159014225
103997603.8556170166
105190792.6612713933
103936530.6309139878
105180395.9378496706
103948732.2667994499
103938669.7625939697
105187756.4536220878
105193397.6113785505
103952218.2946093678
103943726.6092885286
105136497.8258978873
105177034.9017242491
103982969.7643461525
105183385.5983996540
103978871.0846049786
103938233.2478468120
105124748.9449881464
105191521.6482141614
103941756.8329867125
105178202.7044314146
105186066.5467453450
103985359.5676773787
103933613.6683310866
104015106.1780039370
103929805.8844503462
103957673.0195117444
103929197.6002936959
103952512.2039713413
105186738.6921992451
103938714.5164118856
103931643.9524101913
103942659.3417301774
105190672.2431007177
103934789.7724423707
105183520.1342031062
103941680.4408567548
103932398.8509216309
103951999.2328725904
103928550.4948528856
103961959.2874387950
103936369.3652216494
103943286.6582823098
103933704.6605720073
103968196.6749889851
105182338.9377749711
103930656.5489912033
103934460.6992868483
103947704.1616502702
103936655.6495240033
103953615.4391249567
105175742.7228328288
103961582.3527637422
105167710.6845119745
103937845.9067326337
105190281.0478574485
103935563.9679004550
103938213.4305279106
103953800.4473099262
103935848.3784930855
103930629.8063339591
105189713.0607053190
103929876.3558503538
103927499.2191123962
105184233.9075119346
105190194.8936199695
103927981.4034017473
105186847.6992503256
103972504.8181941062
105189609.7494541854
103933078.7284790725
103928352.5979094207
105185472.5641451776
103928871.1991937160
105179797.5334549844
103929388.8610832095
103942585.0983406603
105185517.0344825834
103940302.6906917691
105174621.2833368182
103937536.1590581685
105190013.5600111634
103935333.3790015131
103929350.5727221370
103927634.4449688792
103927337.0899610370
105188834.5837280899
105190811.1886019409
103934144.4828093350
105190422.6592128128
105187370.6667168587
105188877.5423723459
103931830.4263445139
103927399.1844750345
103937236.6073467582
105191055.3280391693
103931738.5456622690
105191517.5334832817
103939354.2791638076
105191597.6590232998
103934328.9489122778
105191436.6469742656
103930813.7049798220
103927553.6019829959
105190747.7008287609
103929230.1394881308
103928790.0434580743
103929911.9852208048
103927675.7217085660
103928893.0308883935
105191298.6742819101
103927278.9685646445
103930057.9035887122
103927677.5102844983
103934734.3244561702
105191964.7078035772
103932432.1205606312
103928954.2925034165
103927359.4646977335
105191849.4939399809
103929131.5631585717
105187710.5305549055
105191642.3119347095
105192268.5716354549
105192338.8037556559
105191158.3569634259
105191655.4361465722
105185760.0520862043
105190396.5653991103
103934293.7263664156
103927225.6794327646
103930170.1575718522
103927227.4467547238
103927304.4058749229
103928197.8930037171
103927681.0359125584
103927697.3393400908
103936164.7027393579
105191106.7102009505
105189564.0083638281
103928030.6271279156
105187323.0488095134
103927668.0900368840
103927546.2544288933
105191532.7549335361
103930135.4983756095
105190957.3378608078
103931322.3983037025
105192227.7876274437
103928396.4180941135
105191922.8221178055
103928406.0059383661
103927553.8184681237
103929872.3334022313
103927358.6994212270
105191173.2844203115
103928074.2724930644
105191546.9451386034
105192000.0040093511
103927847.2617497444
103928229.7890409380
105188647.2463417500
103928767.9381470829
105189070.1251959056
105190632.6769147217
103928365.3150549531
105191024.4713895470
105188505.0879876465
105190930.3339367062
103934063.3697894365
103929527.1640262008
105190380.0654408485
105191275.8139074743
103928313.7216887921
105189434.9399017990
103929598.5382619649
105192165.5796030313
103927272.7504618615
105192051.8464306891
103929685.0079364032
105191461.3748554587
105191509.5529885888
103928159.4104248285
103927505.3096496612
105191822.7974251062
103928933.5396504551
105191775.3647045046
103927896.8809428513
103927319.2277711332
103927263.7991000414
103927193.1852267236
103928041.5089697540
105191793.8342799246
103930466.7344084382
105191610.9164144993
103927464.5327037126
103927135.6639244556
105187847.2347773015
103927291.1009686738
103929466.9809806347
105192090.2424338460
103928145.3840568066
103927200.2345261872
103927428.8345829844
103927160.8346451372
103927320.0329650640
103927266.0760178119
103927223.1123178452
105192183.0334824622
103927256.0441067517
103927204.2888029665
103927296.5529379249
103927293.6536111981
103927328.1031946391
105192041.3710665405
103927298.7606009543
103927265.3932698518
103927330.6230438054
105192025.4991363883
103927612.1827277541
103927365.5847419798
103927593.2403803021
105192227.9320123494
103927800.3058449924
103927165.8392466605
103929520.7729812264
103927129.5175917000
103928907.6803829819
103927311.3825146854
103928434.9021502733
105191843.4495094419
103927599.0078552216
103927179.8302501589
105187807.1829290837
103927096.3373903185
105187754.1468450427
103927202.5181084126
103929396.2550995499
103927620.2737788260
103927172.3872561455
103927273.9052528888
105192113.9016194344
103927227.5917528719
103927193.1056084782
103927183.0307676941
105192071.4954655766
103927150.8480819613
103927153.7238360196
103927137.5792604089
105192137.9842759073
103927195.9273843169
105192135.3876334429
103927141.0274881274
105192109.3168438375
103927177.2357378900
105192126.8615105897
103927175.6400261968
105192077.1436513364
103927221.9141239673
105192124.8444648385
103927253.2880317420
103927287.6374720186
103927134.4822542071
103927119.2624667585
103927112.2673061937
105192137.7777179331
105192153.7298105359
103927220.0220986009
105191337.5122207701
105192082.3762156516
103927096.8645072281
103927134.9360455871
103927123.1909123808
105192128.8410887122
103927595.5637732595
103927115.8892012686
103927257.2951459289
103927142.8326023072
103927341.2051978260
103927128.7697916627
103927306.2193663716
103927152.1824985147
103927500.5547852963
103927121.1568386853
103927497.3040973842
103927119.9559604079
103927472.9497763962
105192076.3199060410
103927454.8970852196
103927140.6050699502
103927323.4799686819
105192112.2443600297
103927400.5896146148
103927332.2673334926
105192134.6509556919
103927152.8825749457
103927101.2732596695
105191598.3111372143
105192146.7184617072
103927214.6013271958
103927113.2828502506
103927127.0024105161
103927110.0030332804
103927123.2606196404
105192140.9792804122
103927117.1322606653
105192134.1043951660
103927116.6475743502
103927103.2127403021
103927109.7823182791
105192132.1880270988
103927163.0653128773
103927096.6995597184
103927162.6091554910
103927099.6579977274
103927196.8481716812
103927096.9360751361
103927441.5973098576
103927098.6548392177
103927217.4102229327
103927123.3623786569
105191598.3107843399
105192107.5355497301
103927114.1016360819
105192111.2138193846
103927122.7276646346
103927099.8998226672
105191598.3108014315
105192114.2908784449
103927163.3295580298
105192129.4429673404
103927129.3828784674
95423641.0000000000 0.0003849027 1 0 0 0 0 0 0 0 0 0 0 0 0 0 0 