499573289.1499742270
482765826.5607198477
486591986.1274067760
516278004.3863319159
531881337.4805297256
543520193.8179252148
537756532.2582505941
489544258.6969547868
498064990.2342301011
600087198.2091633081
514210848.1334046721
459108207.6906431317
485636873.9839242697
457417693.5494363904
448482903.0454964042
494252292.6142315269
475701053.4117193222
423790952.8368797302
408629994.9155256748
399666475.3534641266
361552649.3889614344
348130036.9933074117
423269144.1555447578
336401181.6249911785
328335333.4150276184
384559300.9047441483
436743358.2884780765
357322938.4183874130
385197513.8279319406
314008273.3694236875
348345676.2587931156
212222745.2690022290
193369757.8020961285
197308408.7199348807
181952655.6079268456
186606078.7217324674
212053266.8400385678
182417099.1839264035
236251494.4633612037
170291742.6872747242
216007493.1932189763
185558791.6603581309
198253129.1308156550
171070178.2530083954
163434465.1738907099
162909818.9915879369
169755273.4342421889
163985683.4399699569
220352718.6330734789
159527588.4882909656
173450237.2768225372
159006689.2512751818
210770630.4819894731
159742105.6962995827
169937533.1912904084
164223956.6831099987
186180819.3351257741
158807006.9441840947
181526202.6306871772
173998995.5895158648
169758457.2772388458
166564186.9169409275
195773365.4796380997
163193396.6900815964
184605855.5364358723
160844491.1724291444
191872475.6566893160
160941391.8462432325
164564279.6605136395
158331725.8739980459
164289546.8052189350
161088983.7839797735
174581866.4824472964
160191479.9089867771
180605378.6590608060
161872437.2332655787
170744628.0278611779
174624632.4861459136
166466330.2106500268
158402196.0894084871
223137583.0681410730
158799172.1376122236
229697523.7577984929
161879018.6248277128
209931393.8889489770
175696309.2383785844
201236083.3128891587
157901311.8958475888
171013503.4390811324
158353207.9737875760
160872736.4139472842
158770091.1559793651
183332670.7250425518
162938866.3043985665
188245229.6543791294
160076547.0661447346
173185071.6202123165
174338872.5456036329
160164460.7896595001
163317270.7866525054
185015401.7438854873
174339041.7650769651
157852307.7100368738
160782584.8713468611
158020525.9794831276
164996794.2219750285
159956812.7811444998
164011094.7256046534
156438115.8518918753
159388432.1706351936
157158460.9399410486
170167290.6785916984
162850554.4337768555
166827256.1663845778
156425936.7756812871
157187194.3759981990
159866467.7035374045
157984562.2739459276
161318145.7820951939
176498341.9901244342
160085897.5873100162
171382687.7835873067
157628241.2549909651
158092219.5407313704
158945884.9915379286
160428967.0675513744
160797926.8980948329
157831424.2361766696
166160647.4139901400
158846999.1487168372
159743978.6578171551
159651256.3573991656
164306282.5781696141
158568498.6820024848
162563792.8185209930
157025598.6830511391
158878302.8454245329
162464521.9130779803
158983438.7999969125
158679801.8511375189
156482195.8580200672
158246539.5100447834
157415983.4920821488
158826104.9911970794
156361564.2747179866
163125039.1629046500
159520906.3397720158
158009352.9725264609
158974463.0025408864
157880299.1225442588
159389588.8354414105
157299782.3027364314
158074931.5511214435
156395929.9323731363
159463746.9799447954
157602684.4905250967
159086396.1447751522
158522373.9494324625
158423202.1262629330
157128653.6267025173
158464176.4660370648
161067872.0900921226
156384224.5704951286
160410513.9350455403
156331948.8942109942
157646502.3877278268
156056585.2018129528
160201720.5671543479
156175529.3461917043
158711965.5977938175
157249972.3065278530
156918397.8675354421
159114468.6116648018
161505715.3127423525
158438979.5382153988
159962709.8315560222
157431126.7213947773
158115124.1472957432
159295070.4310162067
158635637.1035961807
159421565.7048610449
158088914.3707060218
159363432.5712097585
157611505.4769524038
159365666.5302770734
159531299.3574052453
156128609.2567936182
156444362.8072423339
156402827.9736396968
161926992.1786354184
158306920.3512818515
162551217.5843350291
159226837.2645140886
159206084.5718780458
159411370.2667434514
156389688.0310143828
157105400.4702537656
155976875.6178034544
156523350.2708227038
155929043.6672164798
159094424.3843284547
156109180.5803386867
157953291.0466686487
156118822.5850297213
160070937.1778967679
158321195.0790479481
157286991.2694168985
159181798.5490190685
159015998.7724507153
156076407.0132793188
158652897.3514498174
159363282.9423084855
158122304.7778026164
156097075.4061537087
156096064.0774466991
156068755.5827376544
155867479.0655458272
156014900.4602946043
155995857.0427319109
155967740.5705212951
158076265.0737661719
155841891.2889619172
156023766.4757147729
156259345.8150011599
157703367.4589716196
156042554.3916257024
158701104.7490856946
156145151.8292449713
155837178.7251262069
155875486.2943443954
158233764.3461928666
156161241.9564873278
158547428.6337696612
158820785.9740387797
159051499.0772041976
155889422.3655724823
157333043.8129408062
156142631.0560876429
159255196.8075964153
159685507.9836073518
159229437.2837032080
159696637.3936956525
157189387.4595599771
159515446.0815910697
159208699.9305093288
159587781.1467303634
158396045.0411446989
156376149.1596966088
159220185.2183215618
159788573.6709838212
159686633.1318135560
156046619.2069810033
157985352.1012942195
155840610.8550418019
157617400.7444033325
159379408.3408648968
159269393.2818646431
155896782.8791450858
157789622.3633664250
155915393.0676535070
155897530.3067287207
155983108.6353434324
155849669.9650907815
155851995.4784510434
155940544.1794121861
159660110.7187371254
155980494.3325427473
155939413.5551391840
155953107.3725219369
159540041.7087621987
155926437.2617831528
156052722.8394265175
159723404.7833467722
155908302.9196445942
159725459.8630683124
155961170.7136140168
156140586.5674067438
156083264.6088871360
156126079.2290113568
159754333.8984872103
156095222.7246831656
155755321.6915963888
159406991.2253883779
159680201.6509076357
156088919.6791085601
155795789.6745805144
155822960.4416958094
159785340.1650280356
156248025.4887554944
155857611.4939361215
159581424.3060375452
159678154.9168428183
155967411.3228027821
159753284.1540392637
155817846.8178181350
159729303.9403638840
159717799.5236434639
159739721.6581856608
156037426.7067548037
159674368.1548279822
155749836.3430358469
155788473.0523082316
155770964.8597342968
155813130.3416099250
155782086.9625024199
156133244.7567812502
159777847.3600364923
155787367.7495607138
159776424.8878241181
155766441.1362101436
159778524.5682280660
155877642.3994640708
159736577.4156146944
155809141.8137742281
159769391.7164853513
155851521.7324238420
159736344.5507383645
155966834.7353658080
159773102.5773319006
155823712.5943530500
155762230.6602633893
155758974.4206500351
159763386.0578314960
159779492.7692832947
155813961.7751530409
155808855.2295381725
159650557.4868507385
155756529.4774909616
155757101.9725209475
155753507.4326595366
155763531.6526785195
155748287.8634638488
159745909.4841633439
159775533.0246415138
155937508.4906796813
159751676.1510718167
155781134.9980739951
159786452.5682570040
155810219.0891730487
159779403.4839010537
155879115.8190502226
155751773.5092485249
155764366.2932125628
155764377.0166389942
155862875.0311564207
159782350.4110257924
155769459.6252223551
159777792.4603256583
159785219.5092818737
159786635.2728718817
155771379.3206948340
159787709.8263778985
159760099.4292873442
155746626.9379818439
155748044.8107382357
155746001.6983323395
155755883.5426214635
155772566.6455845535
159769166.5448942184
159758272.9664747119
155763369.7451090217
155748312.3080137670
155756209.6180642843
155747957.4863519669
155761211.6927000582
159776459.6830448806
155835716.8993740678
155756000.1593100429
155797982.9496623874
159785166.8411526382
159787960.8751870394
155748906.4146685600
159776218.5230701566
155747201.9008757472
159736878.5221273601
159785183.5915470421
155763451.5420700312
159780992.0959220529
155765950.1467888653
155751000.5763965547
159792398.1910440326
155748894.2636753023
155766340.7915716767
155756857.5783792436
155764398.0489707291
155755213.1678397655
159785842.4584616423
155757812.5976298749
155757259.1333593130
155777211.2125082314
159785506.0852497220
159763168.1114627421
159786361.3267881870
159788951.7474765778
155750188.1648680568
155754833.4219014347
159785060.5229088068
155759729.7025120556
159783785.6354457438
155749752.6981815100
155750939.3300817609
155769667.6700820327
155751426.7164970636
155745790.1698672473
155747402.6506435275
155763344.8450976312
155750331.2710554898
155760272.3478798270
159779033.2484966516
155782065.5058936775
159779029.7035807669
155788691.9477558434
159784660.9541578889
155770078.6076335311
155746827.6329440773
159684759.5191242695
155744755.8175619543
155774817.9510826170
155743452.8950088918
155755697.0236808658
155746564.7604260445
155751243.1161352396
155742730.4543626606
155794865.8365100622
155746599.8789753020
155774024.5885396898
155744903.5055989623
155757104.6936157644
155745179.2057874799
155759864.8380231559
155746240.6615273356
159683467.4722755551
155743128.4263531268
155779681.8288868070
155748322.7649998069
159683467.6182025075
155743835.6858427227
155778025.6283039153
159786890.5023704767
159772944.8147034943
159780138.0547171235
155758294.3206599355
155741935.2020407617
155746973.6327248216
159780244.8190122545
155774057.8561274409
159682979.1524301171
155760387.5114189088
155742427.2760640979
155747888.1136834621
155742280.4434508383
155744828.1123159230
155743514.3150041103
155750622.1325823963
159785829.3384621441
155744953.2805663943
159785622.0822683275
155746000.3840553164
155741885.1031995714
155743094.8014283776
159786046.5881964266
155742368.5232319236
155741479.5142622590
155742406.9461057782
155743673.2746800184
155741549.7978993654
155748823.9018789530
155763331.2243085504
155745788.3057241440
155744236.4883550406
159786245.4381958842
159785948.0177942812
159786756.3743096590
159785168.2570261061
159784199.9011725187
155748767.5196449757
155741420.8169083297
155741020.2472980320
159782064.3464553654
155766774.8652432561
155742222.2591642737
155746312.1750878990
155742554.6697467566
155740372.9618774354
155741750.7431039214
155753092.3702659309
155750491.1627970338
155756217.9440350533
159786313.1154623628
155740751.4368585944
155740368.0029822886
159736389.7783783376
159787384.7559741139
155754079.1681546867
155740781.1762787104
155768716.6928635538
159785566.5991461873
155751733.0051717460
155740980.8836084008
155767247.3044608533
155742101.6338486075
155758364.4890310168
155740067.8728814125
159736033.1789846420
155740012.0142063797
155762964.4366232753
155742699.7439299822
155748341.2830037773
155740347.9079087079
155756379.9550631940
155740937.1045906246
155761964.3593598604
155741890.3629762828
159735969.2170860171
155740263.0818133950
159735969.1343343556
159787245.7384515703
155748433.7878088355
155741271.7652564347
159735969.1672900319
159762163.2966619134
159787805.1347414851
155744794.2232581973
155740354.7304744422
155741374.1526861489
155741281.1396084726
155740942.0885760486
159787487.9699137807
155740308.9165637195
159787527.2415362000
155740677.8643260300
159788124.8021259308
155740999.0786213875
155739865.9888717234
155740501.5821030140
159787682.0726790130
155740419.7048842013
155740327.5173684359
155742502.3116116822
155740162.9231284261
155740712.5933643579
155741250.7102518976
155740409.1287420392
155740719.4329290688
155739711.6093579531
155739602.8746909201
155742208.6704042554
155739854.2436324656
155740527.4043273926
155745725.9412167966
155747205.3481728435
159786291.7239348292
159785236.7336879075
159788009.4697179794
155743076.8157591224
159787511.1802712977
155747228.6226203442
155739730.7861812115
155741930.3480201960
155740631.2489766181
159787751.1716788709
155739734.1663129032
155741096.0806545913
159788153.1168603003
159786542.4573137462
155739910.0106582344
155740885.3855646849
155740254.4565310180
155745547.4865507483
159787228.1334272027
155740148.1743254662
155739677.8679648340
155740394.7702350020
159787491.1703679264
159786650.6822685599
155739888.2411839664
155740908.8024470806
159787925.3240116537
155740802.2903336287
155740120.7180030346
155740292.0103342533
155739960.3544087112
159788237.4263858199
155739668.1152930856
155739795.0952711701
155739899.1843062639
155739947.5027046800
155740210.3613189757
155740288.2097564936
155739942.3748397231
159788077.7953873277
159787099.7389967740
155740116.3504265249
155740935.4419396222
155739349.7967679799
155739462.8608545363
155739345.1636306345
155740352.1613546610
159787616.9754981399
155743705.3284224868
159787385.8120265603
155742860.0418131948
159786323.2211405337
155742206.6719362438
155739868.7528124154
155742523.7304580808
155739851.2758569121
155742626.0626856685
159787994.5926126540
159787982.4096759856
155739214.9022170007
159787779.3601613641
155739429.2886552513
155739559.4097698629
155739765.7478023469
155739369.9335708916
155739721.6022268236
159786817.9020198286
159787312.0083858669
155743300.4551840723
159787330.2396600544
159787411.1699601710
159787918.5998553336
155741577.8702611923
159787538.5560744703
155741930.9593480229
155739792.7150232494
159787245.7710499167
155739418.3983835876
159787272.2281558812
91082152.0000000000 0.0000167297 1 0 0 0 0 0 0 0 0 0 0 0 0 0 0 